25 24
618 67 2 385 4 351 117 37 71 65 323 523 90 38 507 567 307 285 584 106 334 193 814 186
251 90 347 525 208 482 11 62 446 460 570 303 273 159 25 201 33 6 168 301 113 192 130 52
67 372 420 46 165 101 358 821 433 228 114 1 451 284 222 238 170 201 12 622 276 236 47 492
52 399 6 126 606 339 391 605 44 48 509 38 376 4 516 138 362 111 217 15 493 517 469 25
8 721 79 233 509 40 92 67 345 227 139 19 533 456 301 120 46 47 101 32 531 121 530 422
652 927 3 68 68 16 440 70 120 270 92 192 628 322 486 591 59 105 69 623 14 51 313 427
257 93 506 155 24 18 59 180 136 9 108 30 224 396 211 260 175 11 45 387 417 134 217 596
520 12 468 245 396 303 149 476 34 11 941 321 314 166 221 39 219 137 11 170 86 852 182 174
123 649 859 554 228 168 936 44 307 502 34 3 371 480 541 371 688 194 211 484 45 89 259 42
532 306 411 279 556 226 328 34 185 92 514 46 75 309 209 208 45 500 315 188 294 1 889 69
350 733 318 113 674 171 181 66 66 357 103 126 103 77 293 30 314 90 94 311 106 368 479 7
295 322 30 26 261 139 595 82 134 751 30 611 47 115 363 302 204 377 208 458 49 363 20 229
37 394 131 386 288 242 106 201 10 6 350 270 279 12 97 827 373 526 490 290 192 510 89 8
368 858 169 879 530 86 537 106 138 545 15 91 10 225 55 163 292 193 104 156 42 45 18 362
62 16 290 14 243 8 217 39 17 142 301 809 2 135 231 251 523 193 33 314 215 558 293 367
203 534 522 483 3 405 212 390 176 65 29 313 293 20 13 264 341 336 449 69 3 366 309 5
539 430 886 391 145 47 345 82 19 57 45 498 300 161 154 327 484 88 0 642 234 194 361 33
115 214 410 445 256 330 1 234 212 562 50 552 66 237 976 107 60 870 128 48 52 187 759 188
13 346 56 460 83 250 26 35 400 436 382 7 177 18 612 300 293 303 754 3 147 404 746 394
110 467 75 589 445 122 256 197 260 201 330 131 160 365 86 78 521 190 250 504 127 53 19 436
283 181 338 60 419 201 36 420 256 269 495 70 93 339 258 22 18 38 303 96 20 533 180 106
816 102 137 269 83 266 367 60 1 252 398 38 520 41 84 0 108 184 774 296 609 415 39 93
20 36 17 236 285 149 119 52 222 241 175 384 103 391 60 0 95 43 76 551 106 148 488 756
145 193 842 189 360 430 38 75 115 534 22 335 74 98 122 590 434 139 17 322 37 115 359 124
445 1 381 264 25 128 268 127 256 117 27 433 96 175 419 397 459 102 41 436 271 101 12 292
