104 103
6579 5810 1591 312 381 8003 1848 3646 191 419 3564 2004 676 7235 163 456 2451 647 23 2134 969 153 1205 1393 2041 2618 745 8268 1922 2042 901 2006 1346 942 3602 6347 7478 6416 2396 1654 967 498 134 5438 4408 2215 29 8464 4216 234 3087 409 1677 316 4278 1946 845 201 5902 105 1072 2351 4507 719 836 1217 1182 5580 547 2991 3092 1072 6624 1538 7 505 288 820 358 4320 1443 1961 6728 390 6233 1475 116 299 2299 9005 776 147 4163 2435 297 22 3658 697 8362 48 2315 995 2958
2190 8360 4794 471 6367 877 3192 6854 1234 669 1927 1280 468 1878 3427 4346 829 1373 620 4610 3103 3847 9064 2450 188 5463 1044 6642 1518 395 5391 2575 3539 215 696 1381 5446 108 1151 744 539 62 5070 612 2168 3066 8636 377 3075 295 4526 152 2022 3191 4052 521 512 5712 165 223 184 1661 7416 1114 230 5580 4285 164 2223 7189 43 2657 5689 845 44 1260 901 347 2034 1578 148 191 4666 2745 198 2127 1779 527 247 1723 6206 706 5687 341 501 8662 4678 872 1568 1107 3988 2410 830
5791 2551 296 3 4090 228 102 1772 6394 650 2159 1507 3893 6154 4202 3712 71 6050 1226 3609 2457 341 2837 401 4174 1311 3074 3757 2921 8 1991 4835 604 9276 778 7952 2269 2093 7510 6224 1012 404 11 2792 4302 326 912 1390 4460 4487 2608 873 3174 1453 3592 1676 978 1376 7083 3644 4796 238 29 3071 5481 21 2530 119 5399 3429 4715 1770 3906 400 144 2376 729 896 394 1709 6827 5218 5268 3235 8021 572 697 2326 245 1259 4743 4303 1304 942 3245 944 2872 1564 8071 3239 7443 2404 7842
814 7385 2704 873 2448 1687 2250 3275 1433 1663 292 191 613 598 2526 3471 4104 1161 6671 212 255 7301 4011 1061 15 2673 905 15 721 619 581 3940 6776 1056 1970 2808 1166 68 754 5759 5412 6569 1664 5370 1661 260 6020 6605 822 1943 1368 5933 2138 393 1527 522 4045 1104 2594 908 8134 5327 261 390 8294 937 5482 702 5202 2933 2661 4874 3435 1936 125 1023 614 1913 76 4227 2905 3120 612 411 246 5464 3199 2722 2023 4831 533 4577 1863 1561 457 4616 2238 1119 3297 8642 2373 3274 3099
519 813 248 876 4295 4232 5977 972 1975 639 2582 716 2751 5285 1629 4154 5430 2339 353 266 7027 120 1409 6734 1495 2591 948 6210 7890 5028 1314 4774 615 2492 3245 1130 6305 1023 8247 124 514 826 1529 8843 3191 6460 2633 2988 4710 266 83 6994 4101 45 29 9600 6153 279 484 406 780 3689 571 5048 3624 81 2272 8976 4066 3058 4 277 1150 1052 4768 4229 2009 184 2661 471 1690 6 2784 547 1896 4154 761 1899 7406 5382 646 522 157 6484 3659 56 6542 3529 6098 1166 3900 346 8231
3757 1846 1827 6709 132 1121 822 201 2751 5673 672 854 4365 4761 5871 16 1049 685 269 41 230 1220 476 4188 671 4902 955 2464 1757 3365 778 726 4560 1897 4041 6736 1368 1715 3341 2660 3237 2489 5629 2131 2569 100 4425 5567 961 4365 507 2494 2371 139 434 1842 520 7225 561 1912 5360 1674 3507 1266 1485 178 1477 3 438 508 102 2818 281 3488 1677 6390 1014 1772 1079 4027 1555 523 5769 3363 6515 4848 1980 2228 2154 1192 1772 4390 5253 53 1111 1096 333 4428 1508 1594 181 942 144
10 6374 1786 4352 1319 3852 58 437 1276 125 441 186 200 3832 1207 2503 5121 746 392 3749 427 857 1655 406 220 815 1357 8844 3591 3565 6197 4279 3114 1351 5107 2758 1939 74 1462 4026 453 299 2866 36 1182 3973 7210 4282 145 110 2711 6417 1349 1124 2282 6353 6604 1403 4859 1998 5505 4450 2234 6814 2431 2146 4867 1495 426 1780 2841 3405 94 923 5156 2915 338 2500 90 3486 1303 463 421 878 4334 1934 4511 1391 6067 8393 253 1110 7763 3164 149 4835 6840 168 5366 284 1334 3216 1348
7128 3366 132 4076 1737 2623 907 5346 747 5932 243 551 164 2002 265 212 596 996 79 900 2445 2958 3421 139 3312 945 7836 2831 130 847 410 287 944 1246 6788 5196 2010 1092 5306 2516 930 665 1403 1133 5123 829 5172 1044 2219 2300 684 2321 9 4684 2572 4304 670 978 25 27 2009 1526 1868 826 3816 1442 8712 851 7683 2907 7940 7909 1371 1176 1249 902 5077 3850 8547 5069 3155 327 1054 1098 3539 4594 456 964 2640 2666 4094 392 1052 394 1865 2390 193 3774 3236 4489 2682 963 1235
1538 265 858 2137 129 5205 6285 157 951 2161 2545 4055 6645 1798 5874 7344 8044 1529 4094 699 2318 2807 3920 8693 45 1909 67 2953 614 3787 1414 159 1501 1174 3307 931 2252 826 950 14 7696 4486 2030 2862 2358 3986 22 236 677 3920 7460 654 432 646 1738 3017 3716 3690 4857 39 2030 4297 369 5086 5632 2571 1562 490 5806 8386 5666 247 7355 5279 889 1947 690 5921 2544 7954 1148 721 2265 3691 722 2408 549 1273 2472 2535 3955 7304 8500 4157 1142 6886 704 3397 5224 123 704 3082 1534
5164 2446 1026 807 1005 4322 1736 3713 389 4520 4555 55 1587 2050 1599 542 7796 256 1206 6819 4433 2087 5158 1983 5151 2518 895 6575 1449 1887 6130 600 451 577 4999 6627 504 4931 4475 1283 62 431 1000 4905 4739 2206 7320 1457 1467 4596 6823 5096 4309 945 1569 5520 2851 332 1505 840 2058 8234 1450 2123 312 3290 3893 510 138 1513 2239 1823 8689 4305 3022 208 458 2042 3412 1138 1779 6232 2077 1435 782 2200 458 8 1227 1302 3779 287 8384 1763 902 2318 2720 1001 1982 1627 383 34 421
894 1142 1653 1172 1090 4915 9183 4511 1525 1514 251 4874 4997 7372 5453 1096 653 7046 402 1468 2018 3163 1140 2056 2130 42 1615 565 2622 187 13 474 2135 714 5493 6255 212 2220 2069 1899 234 6207 1695 5921 6175 4654 6114 522 2694 91 739 1569 73 5955 7744 312 4884 3 2163 1597 9853 2422 2337 850 6090 3742 3272 5260 6933 1033 5072 624 7055 2161 9241 780 841 1397 361 545 314 3062 2788 3965 4717 2099 240 2989 3131 52 4504 4543 1936 213 6106 601 2680 2962 4342 7849 36 246 2902
5153 3774 3346 1959 6126 198 143 2371 494 817 2621 679 3060 791 725 282 6657 3600 8422 10 2285 1852 1153 1361 1953 1075 272 3904 7287 2888 492 7253 446 4304 7489 778 3422 972 5795 3347 2284 1153 779 6313 5597 1270 2995 3944 670 6155 46 2987 2849 2280 6599 4167 715 4144 1942 4327 3219 472 3925 48 6736 4943 534 6058 3000 2426 4720 757 3857 3353 182 1462 1363 2018 1057 1243 7081 2318 1209 92 1137 3872 4703 1960 6856 960 2700 5325 906 447 2046 275 2905 1293 4263 7314 880 1615 241
5846 662 5695 3679 39 1251 3754 1070 7814 2011 2339 1565 616 1733 3401 2312 3035 5044 163 662 900 2597 1483 251 2496 1492 815 2660 1419 4797 202 289 227 2393 147 969 2845 1613 1066 3482 45 121 2711 797 7833 1431 1899 357 8692 2859 2275 390 1382 1553 4379 7527 970 774 6997 963 2485 6616 923 4258 3725 3060 1354 3696 1598 6243 4667 378 4804 3226 248 3327 3737 2826 2847 278 1291 1527 3222 188 3223 654 139 41 1037 1561 6514 2264 2329 181 1551 18 1269 438 6512 3232 4262 2017 48
16 251 4387 8609 132 1721 9333 480 3561 2723 54 3747 7572 55 7503 1338 2444 3878 300 9781 3703 560 2092 1558 198 1472 4692 1020 364 2665 2369 5804 3085 5565 5879 4806 1003 7635 307 4466 2096 569 7481 823 152 7646 8112 212 771 3245 4040 162 318 249 1271 65 392 130 4567 2147 1454 464 1660 146 3530 417 599 152 2405 3324 216 1522 891 5810 4059 2820 2930 4715 571 148 2099 771 6244 2023 1420 3548 828 1083 445 2071 5655 1872 1640 490 32 860 3681 1258 280 1712 1754 4777 59
4554 2070 581 6010 2201 3488 3544 314 3092 1294 3676 924 173 459 1270 118 4286 1549 1224 2835 2655 3389 464 1373 3320 1958 2474 7830 6494 5655 79 5626 852 1029 3136 2933 4548 285 2543 3521 1146 3578 5256 1267 1380 5188 1281 2158 234 4501 1768 7831 5865 1869 992 179 1070 4619 2142 732 1723 1349 3052 2868 970 1451 4292 3688 4291 1109 3692 523 1111 3575 858 4944 374 7980 2795 2461 1711 2922 2428 6207 12 709 106 4861 4945 333 2704 4580 2219 762 6775 1588 358 7117 7958 195 1317 571 954
2437 1697 263 6902 488 3699 686 8249 7442 1910 1309 2233 6375 6606 8307 677 1271 4074 51 285 574 2365 2731 999 1528 638 1576 1698 5134 7773 5106 7045 2050 1057 136 1195 4795 3371 2759 5289 2576 7024 5741 5247 2806 1764 9101 333 386 333 7082 337 789 2457 1222 855 6 1159 448 437 5725 3932 2962 5700 661 1730 9281 69 1302 2067 5605 4444 36 2472 63 4539 2931 1522 7452 146 1968 231 1749 573 158 5451 1517 949 3876 211 284 2243 7209 29 2706 530 477 1286 655 332 571 3829 502
339 5411 1338 4127 4039 5201 1472 3032 1149 4278 49 1906 2503 2073 442 860 3527 218 5053 2433 963 1371 3308 111 3324 9213 4962 5613 5299 4207 4006 6892 2951 3494 2571 376 622 9355 259 1502 907 5691 584 1063 143 897 3386 1378 2697 865 2212 2135 400 1148 773 1511 1706 663 5313 883 3739 8312 7533 2902 3426 4268 7120 786 1215 907 883 1214 477 5096 1392 4190 6057 2159 1176 6380 8091 7023 8723 2209 544 3274 3055 4733 1213 2510 5056 294 3561 3097 1154 918 6180 855 1433 5731 945 1674 7134
1894 2761 844 3657 503 2431 3996 3764 1065 906 7685 1105 3091 215 1338 5270 1970 4150 4347 1960 4341 8543 361 6 1644 565 1195 5526 3541 4126 483 4114 504 2242 1087 557 4512 623 376 3945 935 2054 546 3443 1009 3233 969 748 1069 560 5113 2607 293 2690 1892 5378 3089 1549 6524 954 726 1133 5838 370 2593 912 1329 14 6076 1254 67 2600 935 793 3989 605 1386 3280 991 718 458 930 6546 8764 2190 1583 1725 2273 245 2360 973 1194 4050 3891 1853 1140 4237 4614 2110 3747 301 183 864
1677 344 2679 271 1048 34 5600 280 7563 2671 173 6420 4904 464 6527 2272 54 7994 5051 5395 1320 2059 4641 3287 4993 457 3030 7151 2995 7618 4959 195 3591 33 5240 4281 1563 1921 2466 494 8011 2779 513 72 602 1102 4893 918 7503 1853 331 128 994 3247 498 432 679 5439 3580 7005 7218 321 6886 4409 1614 814 258 301 5754 5284 2052 114 3493 5409 1451 1750 136 2263 3701 2636 475 6220 2682 5202 2447 2368 710 1778 4522 2285 292 2004 3304 583 148 5388 5302 120 1509 805 7181 3687 500
4406 2452 231 84 2884 2903 1322 4701 16 334 265 4870 2231 20 134 676 521 1496 4845 2577 3516 2496 908 4220 46 568 3712 976 421 4057 825 383 64 5295 538 3055 405 6614 1196 4381 1900 2128 5108 8600 71 1263 423 16 520 3604 65 7091 3427 4545 4727 3331 1841 488 1255 938 3839 1681 1145 1858 2963 7612 809 104 31 1707 623 2481 659 396 398 5224 2506 1892 1024 258 1180 885 1227 13 2393 2168 45 3116 2643 3210 923 3192 4535 2999 4014 7251 2339 93 2934 2121 1487 5637 3795
226 2877 395 820 1234 1244 2331 8088 4890 674 7617 7398 15 1746 264 5139 973 5889 1552 6117 7888 7831 5638 299 8636 4128 415 1277 4591 208 343 571 3111 2819 1564 7367 654 1731 32 5567 7128 3040 448 2459 4628 1339 5979 1289 8588 579 5261 583 5425 4519 4341 238 795 2084 4387 1719 7142 4708 36 4531 22 5568 4496 2945 3441 584 2823 2659 2412 7643 220 6193 701 1934 5628 8942 1081 2207 2121 268 6379 501 2752 2655 1250 7927 6291 6824 3578 6752 39 3524 2506 1286 885 5696 676 8145 79
416 1611 4694 8070 2690 2246 2471 5734 2810 2467 2916 1 586 272 3016 263 2899 2712 1042 619 345 2996 167 5726 4466 147 836 4090 3411 1453 9621 1449 2648 114 22 21 7819 581 3711 409 1421 2123 2097 6938 101 2214 659 2209 6844 4933 3147 874 2426 1415 3597 1517 3043 1443 44 2023 763 117 2387 4566 9130 3409 198 15 2607 70 3332 5709 4474 7050 1189 3420 319 290 885 1617 3474 732 3936 6096 2854 696 3590 345 983 3049 3935 2468 2126 308 1857 7515 6074 5867 2457 4716 1808 178 1791
1541 3997 5916 1145 1671 7134 3592 2690 2193 2364 4587 1674 71 364 605 1202 186 992 21 272 608 1982 1472 2739 2959 6313 359 5432 253 1467 4726 581 117 113 4226 332 5588 2872 3366 7931 3413 3072 5738 8156 18 91 317 159 8391 2912 1389 5529 1406 3185 4306 267 230 1460 591 1882 261 2596 79 3633 2140 5718 1000 1864 9440 4809 1656 2344 1508 1197 82 1335 5862 2425 3095 358 1508 762 1997 7205 2743 3662 261 3356 948 1537 4118 1336 75 914 4189 1606 3146 4936 3356 3218 6634 1583 3332
7438 9460 579 7 1168 6686 2130 199 83 3571 8540 550 4345 739 2709 557 536 2369 305 140 1417 1139 2291 1022 2816 781 4597 4987 4285 1635 6156 889 6055 2 1750 2832 7777 2791 375 46 4530 3498 4776 526 625 2691 1376 607 7058 544 1802 174 5340 5271 1751 4003 2547 5341 138 6052 719 8173 3829 2258 7561 1201 1909 1274 2206 792 52 2447 2544 1414 4359 854 2062 8821 1150 555 250 796 15 2351 3908 3160 6869 4244 8172 4736 4592 1129 2246 1283 1630 5485 2358 7275 395 2735 979 2169 9689
1280 626 908 3694 4999 3072 5724 2669 1646 2893 74 1950 4156 176 3097 5810 1413 1022 280 3888 308 3118 8360 2507 2979 666 1761 3195 36 500 4554 1470 4316 8372 1984 0 7179 83 1574 357 1151 32 1544 4097 5 0 1474 787 3306 2052 601 1281 2895 6413 247 1582 6204 3140 3372 1345 5548 895 854 3847 3598 4005 3459 1919 1961 1171 4822 5742 6846 2983 860 1179 4106 2738 311 4718 2296 2101 1929 801 5625 832 722 1150 4796 2471 58 484 1055 1659 910 2104 858 1169 1310 1303 355 1315 5775
991 6362 2915 17 3124 1187 2521 6169 1099 15 1279 596 2567 656 34 3717 1259 1123 1103 3117 650 8504 6623 442 3411 481 842 1460 3084 1253 1137 2326 2139 965 5563 5748 1397 6444 3323 96 3860 4197 4243 8845 1527 30 91 5093 1335 1070 1444 105 3469 1 207 1041 2057 1690 5204 5915 4921 2881 2007 5164 2079 5289 1144 2603 1568 4241 897 305 760 585 6036 739 122 7008 6237 78 648 3720 1337 4952 2612 225 230 1064 2274 2604 6421 1695 4981 2828 381 6174 2152 2189 601 38 3120 2979 9521
3811 3735 241 559 5399 5682 6318 6815 4 1095 1816 3454 1483 1120 5671 3045 1558 1811 3430 4564 1021 1276 4008 38 3093 6866 2650 5573 4930 358 4472 3355 2735 450 4019 8599 4177 4559 2278 3255 5048 996 218 1968 2733 11 34 2442 8079 4781 1349 1607 490 2993 2894 1399 986 3071 20 4805 2397 1820 433 436 779 6669 4164 7205 642 9345 6423 806 4260 4917 1811 1811 1790 5277 4039 4379 1029 1523 4599 1185 4776 2182 1008 859 48 2813 4869 3 1605 2243 85 4804 1798 2507 5788 9204 421 490 90
1514 249 5154 6205 4481 2123 4550 3444 5146 1162 297 1434 3216 397 1215 552 2412 213 5149 1531 296 1194 336 2279 1026 825 6300 2819 14 8115 357 181 2796 2503 1525 687 9040 6402 422 3988 6524 1063 1820 3418 115 2754 2966 897 875 3379 1201 3138 2850 1655 2563 927 768 2795 94 2333 7393 5508 7025 1899 4234 201 1081 535 1392 2182 1985 1845 2465 2077 128 550 114 224 101 62 2558 44 229 2613 1457 997 3452 3188 57 3884 1501 3545 945 2011 1590 4476 3101 2970 1252 1146 292 2241 1576
1601 912 4058 1526 4552 5204 4341 1493 20 2189 2900 275 706 1430 403 3750 1092 1150 231 8002 224 594 836 2297 2481 611 46 241 618 1889 4456 2307 4775 697 656 4468 6069 251 139 805 514 179 2886 1215 3856 4815 245 2790 441 2489 537 106 6636 4119 819 5857 119 1183 1316 527 4933 4315 3607 1616 7456 5527 2226 8723 3188 1719 3988 60 4433 2706 165 836 7155 1955 535 382 33 650 3326 1466 2551 7452 110 298 1233 4077 411 1148 699 2620 2795 561 265 1347 1364 5260 520 2648 930
584 1181 225 1783 372 1017 32 4581 778 465 2900 3107 4523 1143 1047 2933 1050 2277 2152 585 86 3456 4621 9254 5630 4309 820 2115 3733 7121 429 556 999 711 1907 333 3987 4870 4998 2876 6176 4264 1616 2281 5836 354 619 544 4754 1061 871 2971 9 4120 1437 3435 3340 770 2847 1749 7772 307 328 4582 408 206 2202 6495 586 7157 4142 230 1970 3759 3140 3667 104 1506 239 6274 269 3827 441 61 5595 2024 86 5551 92 6951 3977 118 653 6555 90 3922 1005 2031 2546 2963 118 710 4977
3606 554 2752 163 4421 9448 1493 426 581 104 3002 15 791 260 4780 3003 3249 880 5201 3330 5391 4577 1146 5089 352 62 1926 889 989 97 4060 2448 8146 5643 1764 2557 6659 926 1506 3506 6218 179 472 5468 3749 6141 2223 4380 1447 404 1999 3927 1277 4609 333 173 7398 1255 308 3572 774 808 4227 606 3604 155 699 4901 194 7621 511 1764 1430 4886 4527 549 9719 4216 424 8179 1494 6063 2272 1200 5017 1814 6339 35 3187 2135 468 2149 760 4686 1756 1701 1225 8758 825 4449 2594 6109 1100
6361 1568 4735 226 2215 2903 1659 4243 3633 1341 6400 143 395 3 942 2428 1213 813 2019 7 1578 5101 1331 2440 916 6968 5799 4336 58 139 1000 4157 775 6045 1448 2910 166 3254 3681 1160 243 4701 364 491 473 593 3149 8491 1154 252 449 147 614 1384 609 786 3475 4609 283 1279 1596 306 2554 2652 1866 1870 2879 5502 1575 3668 1596 686 1358 3538 1173 3681 1964 2712 1492 493 3094 562 52 4084 5505 1789 1171 1215 1873 444 447 892 3009 8531 2948 4686 640 6219 7874 2559 2107 2446 2138
9 620 172 4104 111 1753 2462 4659 2250 111 870 3566 5013 321 839 175 4299 8139 798 9199 1027 61 205 3966 5131 1672 2730 3789 3112 2564 1663 3704 289 2654 2033 5448 1987 289 2774 2289 1203 2167 608 17 1928 6311 2272 59 8135 1802 1943 1592 1169 376 1479 58 3971 508 817 726 477 2488 513 1072 5625 536 308 903 6019 5651 583 816 8295 2310 1889 2680 990 1119 2507 2626 2777 2318 186 2365 2357 1708 1268 7089 1218 50 3060 4279 315 684 4129 2329 3905 4992 83 3569 2697 4585 2393
1477 56 6925 4542 2915 2427 1883 4570 1535 1401 2872 7784 8018 691 6010 4983 500 7930 1576 55 1793 87 2335 229 2938 1589 2358 1115 131 2170 3260 164 1567 4496 2689 7290 401 31 1387 368 4879 433 1320 6121 6477 754 3412 3223 1384 84 5321 2461 1519 2346 6409 2458 579 4762 4031 269 1013 324 1099 243 3630 486 1565 6922 2857 2566 3149 1439 2037 3514 1723 2792 1836 3057 4811 1889 15 3169 148 2629 7461 3533 1527 6896 936 2425 1929 73 264 6296 542 1815 1246 8787 4161 1261 1874 3994 567
389 2870 995 2021 1810 5621 708 3401 3629 4301 2769 1630 725 899 7035 67 1042 119 775 650 2234 3137 4960 3035 4899 2570 5394 285 446 8087 145 2955 2756 2362 71 49 2297 684 1422 771 4669 480 448 461 3973 331 250 5108 694 5957 2473 1940 6707 73 928 29 161 181 3975 4993 678 5677 2070 88 5237 815 514 1798 975 6263 829 4819 7043 219 11 1523 965 3186 1901 3881 233 1218 1537 4506 5236 15 116 128 1557 2515 2647 3158 1204 617 1161 2102 2527 6813 5960 1300 2672 238 1476
1670 845 1378 1166 598 269 3239 193 886 5513 5220 719 901 562 2291 6994 7398 3603 1979 3736 533 52 265 3252 63 6212 8150 5583 5647 5277 3991 3718 2503 5932 786 761 1915 1354 997 1991 1610 991 5576 2917 1890 795 5651 201 272 798 1951 5391 824 1896 5267 4556 378 1663 4609 129 674 502 7168 255 1163 6026 4623 574 2205 6579 2050 588 323 3544 659 3004 3593 134 1314 5977 2274 2240 814 1561 1123 396 2227 107 686 162 265 2983 3977 36 58 5343 5136 3329 1177 7194 6092 7080 766
447 248 602 6251 6498 1239 1365 2615 4630 2069 1694 890 4057 312 1904 3355 112 2013 435 628 1116 1761 290 3915 924 1028 1827 1057 98 6 860 7 2 438 147 8462 486 685 5094 948 1067 2235 90 902 19 3650 278 6368 1263 8075 1476 1851 2667 3045 5602 1708 71 1553 12 4842 1109 1185 273 1753 1693 2729 1004 3016 1294 1302 2895 3968 1477 706 7315 8779 926 252 107 1538 4951 3492 9504 7493 3280 906 1681 2530 353 2223 220 192 3371 401 1571 5491 1100 2780 5632 3030 88 3295 2581
1564 816 6796 90 192 1808 704 1862 2484 5938 3286 4583 377 1006 46 1322 2685 906 867 754 7171 368 2043 5337 4671 200 2913 5405 1395 2958 6345 148 460 1257 128 3096 1250 1041 6270 1026 2221 5380 3049 8537 4334 37 1729 3892 2876 3270 3780 6651 2164 5025 884 2989 578 2948 1150 45 1597 918 246 1920 3181 207 4656 716 4390 88 573 2921 4597 1129 308 1331 234 39 650 4713 1947 1596 3452 5251 2435 6057 6576 17 4764 1467 4132 969 1095 1152 2462 597 563 1573 2170 1112 1062 5553 3602
349 823 1822 83 5735 2120 424 3733 1142 2089 825 2152 4632 1644 6970 810 5325 3826 727 3175 1473 7971 259 1543 234 2592 1054 7028 1091 1794 363 3707 351 2942 3686 858 945 374 153 2242 2784 888 166 1263 3933 1730 2939 710 824 475 87 1759 4514 2512 2324 452 7581 7032 1279 1114 382 932 3769 418 1121 7696 1007 1652 4829 426 8211 104 8 42 1013 1105 2272 525 4014 1837 611 919 3032 1423 821 449 1975 16 936 2473 2174 527 1506 1782 163 6332 7819 427 4792 4488 5190 2403 818
688 471 4189 1211 2690 5192 85 4308 5877 6237 1299 995 5987 40 2092 289 533 312 1650 4845 589 510 982 610 2759 6962 1924 2563 682 2749 2880 1529 5030 2345 4148 1895 814 765 2912 1716 9 550 322 1946 323 4672 1205 2804 87 552 2455 1890 1729 738 2603 301 1071 5155 5446 1438 3027 715 1566 215 1351 3815 1483 2754 6092 2161 6604 8910 4415 2095 5356 18 1274 100 830 1427 5527 280 3356 1374 8777 3672 1079 3152 438 873 335 4773 2573 68 1190 1976 270 5999 15 1240 3142 2033 390
4996 1093 3021 745 3124 4878 1174 6662 2805 75 4597 248 3489 2058 3434 386 797 908 4260 92 258 847 6247 3218 1761 817 91 2755 72 2753 2114 399 945 4930 4667 3430 5288 7009 5919 4507 8441 1247 3930 2928 5944 8840 6075 3497 1493 7583 7300 3811 1156 1989 1323 2132 4027 1050 643 2083 967 191 957 3156 508 5855 7291 3283 1565 1568 620 131 413 5223 1356 2423 694 2603 4523 1840 1336 6231 4626 1244 4155 1003 7541 201 2161 5863 3765 5189 149 785 1 311 1528 285 3073 813 1444 5864 4356
640 3210 1737 514 768 2553 5137 6454 3152 34 5801 1280 6248 2662 3547 537 2282 259 808 1007 4777 3955 4834 3448 4214 175 269 65 1356 5131 2779 510 4080 521 73 6 1559 5240 7320 859 719 462 7606 180 6 1780 4253 3766 1563 360 614 3839 1518 376 4820 4055 428 1162 4005 3850 974 2878 974 254 4700 6796 705 4336 923 6989 254 373 9743 1306 2396 187 3509 5955 2698 115 1658 442 6962 1504 5304 6353 915 574 298 207 1171 3886 582 3609 4307 205 2206 1804 2186 3290 692 2536 1456
1253 59 144 611 3883 303 3243 2838 4768 1281 1564 4416 1612 2288 1084 59 520 2598 275 2460 5956 5026 2016 5875 384 5839 471 650 4044 342 5370 1116 5078 883 198 3759 5 79 66 2341 4544 248 898 1065 1061 214 2577 453 2738 491 1334 125 1028 1122 113 2536 1224 2025 1219 144 871 350 1598 1684 3160 2519 9619 1444 209 4634 571 244 2781 7351 920 2618 3409 1 6849 150 83 129 3475 4939 124 1613 1519 1371 844 384 7067 1227 5108 2091 2594 188 3319 4917 369 2976 3940 7541 983
129 1663 330 2099 772 665 119 299 7189 1293 5334 1737 8 3984 2686 28 29 811 28 1761 1123 982 554 2165 1838 292 107 154 2411 3538 4720 51 359 2868 2214 3572 2540 1035 2517 1145 5893 692 5231 5280 583 1338 1718 28 2233 1329 8626 6167 1043 118 502 1865 3228 6830 1536 671 1490 1148 329 1276 1434 1265 3363 772 403 1385 3358 1276 6239 815 2526 5762 6202 4083 5848 3618 8074 171 6 1962 1291 9212 6024 356 54 27 2018 256 4873 2462 1558 3599 5473 827 1095 1935 4344 1633 1528
3188 1519 5291 143 4838 801 4346 183 3758 3989 1339 2319 2243 4300 5497 1494 1693 2495 6317 436 5961 789 88 1468 611 360 1294 6456 1813 3827 798 1112 91 22 949 3306 514 158 3094 1311 216 240 1044 1866 3767 1712 192 321 6792 6628 686 814 72 7921 36 5779 274 288 1072 8023 299 2412 676 6042 4617 1904 4339 359 3881 3745 3016 5855 3144 2334 70 784 6876 183 7196 2001 969 992 2108 4010 184 5408 5274 2540 640 2167 3392 1234 187 3767 137 7083 136 4081 139 2632 1395 2090 747
1456 1078 4168 3300 2344 370 442 3023 6413 2463 413 977 1350 470 1085 1171 57 7960 5528 1757 3339 1505 338 1865 1610 4481 4740 3160 3200 2389 2607 1316 1948 710 1077 3241 8212 2215 346 1580 8411 879 1794 6184 5799 335 1212 3093 4411 518 2180 1169 1740 6777 2961 674 3842 553 4836 801 5682 2582 3345 3635 487 407 4445 2764 5329 6841 2353 4763 1751 1012 396 3718 638 3429 242 6652 2022 4426 6360 2824 784 575 326 2010 4596 1589 4187 476 3391 488 1692 183 293 5386 2389 2639 6343 3345 1152
745 3448 3948 1241 1498 25 1223 7119 759 4444 3174 8610 1956 301 4922 9157 123 2397 3958 5347 4783 467 2603 1146 4346 579 2120 353 984 135 3796 3972 323 339 215 2165 64 3076 5930 3406 2 361 440 1869 521 4661 2881 162 99 2454 5614 1652 529 1301 2748 706 767 3438 588 3503 5046 1107 5798 3485 5199 300 215 4943 650 1292 689 519 261 989 2851 188 3552 2582 841 2141 2287 3144 1128 5859 1609 1188 60 2437 473 677 1929 443 3631 3657 2556 5727 4329 1610 1862 2871 4283 3637 5018
1130 6755 134 4857 2935 502 992 1938 655 3181 39 186 789 7198 880 2851 4305 1454 1380 850 1940 196 923 3530 2570 1178 1711 1334 1020 3810 2974 3618 902 1328 462 1389 2108 1005 335 405 3910 696 838 1737 88 6890 89 3529 4318 5167 3578 5495 267 3408 365 2255 4015 1268 3545 3269 525 7036 985 2025 6943 174 2708 1545 506 3569 5044 1002 1082 2246 1566 1155 5931 369 316 9268 5324 117 830 1580 1520 952 2086 3024 363 1164 987 7879 114 6690 1014 563 1569 389 2024 3876 8622 8928 3523
4341 2037 1796 1602 60 59 4713 3126 143 1299 6461 3295 3038 4915 2224 471 3647 455 2799 2206 842 3701 331 530 5251 828 910 6459 506 203 285 4164 3235 1 6499 5111 232 27 2838 3322 1149 471 5542 504 7569 792 1282 3406 1962 1711 553 1090 639 2906 300 2529 863 1773 2605 3522 1161 7343 2823 2917 182 602 1444 5201 5931 3517 232 2086 5180 4389 1107 385 1314 84 1810 4530 2851 1497 3151 1273 3769 278 707 174 6494 236 587 6190 688 660 1932 296 869 332 1793 1342 2943 1952 384
199 1061 3020 3504 730 371 2992 512 4204 396 816 7282 1056 275 8065 1868 1878 5808 5712 5420 3145 2076 635 7154 2190 827 8211 7499 1035 7183 2578 3584 1273 733 1288 964 4765 8410 5663 358 801 1335 2193 3150 208 837 516 3108 2022 3223 4562 1487 474 3136 279 906 1811 1975 703 1357 1231 427 302 6205 4680 5145 3639 3062 3678 2910 236 3914 1552 415 166 797 6012 2667 588 1611 327 8075 1353 5318 2916 87 2199 5505 2903 830 1787 414 935 2272 211 1267 1595 661 2538 3675 660 4731 1400
422 2332 479 4628 5520 2544 2271 2380 4209 3647 793 4 4525 615 486 317 686 3119 3194 1014 1758 1573 33 1855 942 1861 9345 1203 1922 451 250 991 1900 3189 157 5631 1193 5351 285 803 577 4606 1027 32 406 2157 643 4332 4472 4696 343 12 2327 6860 6726 21 466 148 2610 1860 1898 3917 5120 4097 1862 2327 683 2476 2700 6199 8112 155 243 662 5662 424 2205 2219 88 4801 3393 1839 5998 236 1989 3938 3851 6214 4337 3321 429 2254 3881 27 1801 959 1758 2447 3056 7388 3256 2452 3737
2557 7360 7977 6598 1437 3804 1722 6666 4485 1440 6828 603 1267 1182 4113 261 108 98 1879 2929 636 2711 2070 775 1660 3283 2585 25 7585 2534 788 6673 2118 7 722 1950 2945 5273 2085 955 128 609 118 55 324 4736 316 4891 5055 2497 296 97 251 965 21 407 4009 3231 917 5276 1598 676 791 3315 5688 2387 23 2200 4028 2447 565 4925 4641 7725 1701 3 572 746 1812 6580 6309 4100 3826 3726 1454 586 3978 6476 1100 201 299 489 3137 1449 4035 1556 7801 2 230 1664 257 2446 809
96 615 2432 1468 1944 5162 8098 802 3425 824 6455 1404 690 1310 124 6528 2751 2793 292 2504 83 6171 306 5587 178 4 1838 2047 6279 3762 5911 677 6097 5855 1032 7884 6589 8238 2875 209 6209 5757 901 1832 1941 243 932 1006 20 334 721 5590 1952 714 3051 379 4628 1397 1376 7244 414 849 1833 1518 5094 7159 3918 704 329 3939 36 6352 841 195 2944 2715 1127 350 516 121 57 3245 1685 3142 4849 13 791 1779 3338 3029 4830 8404 2064 7412 1541 1091 1542 4659 4581 179 3131 4957 1545
3162 2633 1473 2034 3795 114 284 3075 2059 169 45 7243 404 5860 34 4085 435 4750 2217 1576 1154 6715 3466 1055 4239 244 137 1305 7559 2799 3089 6195 655 837 5007 2455 1952 2286 149 2112 2274 3408 7684 4742 1971 1458 593 1062 7852 531 1085 1307 2920 3175 841 234 818 354 2655 6152 5141 194 2012 898 935 4085 851 631 1974 5832 1993 2247 198 524 333 5301 1396 167 1228 574 3456 1147 226 4634 1015 3305 785 6082 2422 232 44 2647 159 699 6052 776 7586 1279 4193 4340 942 4243 5712
1734 1247 1013 80 2239 96 2859 2234 89 8213 4033 1002 343 2905 5540 2192 2408 2573 33 810 2406 7112 2966 2214 4549 2261 5468 1176 6851 1701 4485 520 5688 792 3871 3232 970 2036 736 1121 1090 5478 1755 5210 5306 137 335 20 4561 3080 2104 2007 1454 184 1046 1479 423 803 42 9285 698 6889 320 5974 6645 907 272 8348 6010 415 6634 3685 4797 2437 3303 208 7473 216 5714 3929 2307 853 645 4158 3479 199 412 615 946 2570 1750 245 116 1242 798 2381 4840 1809 2855 227 1894 4396 6218
3841 2402 979 4616 593 4087 566 4207 6022 1245 7664 395 1683 435 385 113 2946 93 299 2313 5520 5615 994 4563 3482 699 4804 5293 2397 4507 2551 5006 1342 2952 312 7145 644 5618 2011 1238 1529 837 1553 1079 87 592 335 1675 1248 316 548 4393 7380 1432 3715 548 637 3730 7968 92 1653 1073 1160 1540 521 885 1966 1207 979 132 7252 1507 2074 640 1495 133 97 2778 8834 7194 432 1845 1591 1886 718 7835 2298 1323 2439 2958 1585 3 692 7 300 119 4487 4699 7520 322 6435 3335 2940
8088 334 632 789 5665 3153 402 1613 283 899 275 29 1386 3514 1336 91 2412 1341 1307 8095 1477 655 407 869 8299 314 2901 1481 3818 2345 6000 5852 5726 934 2738 2126 4966 2738 607 621 7528 280 679 2206 1084 1198 129 635 71 7385 951 1381 1412 3294 1261 210 3634 2278 858 391 948 722 64 629 599 6837 636 180 1976 1830 545 1890 918 1108 9201 660 7541 5858 827 2180 670 7981 1223 5459 2760 494 433 1706 52 520 5274 7071 4012 5654 340 1510 9079 3092 4970 433 3474 4338 738
16 14 956 366 1162 2435 805 4099 4512 13 290 9325 262 1674 3235 4403 8988 831 217 6340 3888 3662 2513 878 3934 2546 6652 4281 5764 104 3514 5772 1746 925 3410 1935 1058 8669 3860 7441 2023 185 77 262 304 4794 933 3643 4641 4671 1834 1187 2345 75 7604 422 609 1851 1199 1059 3468 3000 2823 1279 3394 4 7227 4210 3093 2697 1262 1163 6127 9705 729 3386 4647 3531 6 593 2232 969 6205 3058 4024 2617 4200 4325 75 394 889 342 1736 6924 135 315 3095 3885 5649 4150 4846 356 86
1467 2859 1503 1655 846 5650 511 5794 1808 4197 2254 8592 425 1650 1715 2448 36 930 2554 5418 1606 22 3468 222 298 186 3336 3921 6008 798 2744 5166 1876 509 343 1478 7680 5503 2287 7348 9787 3411 1713 2183 4543 5348 478 263 677 658 8032 5751 2 44 205 3256 5324 1915 590 63 5306 361 235 1190 1839 1278 484 544 6519 5400 2238 1251 5757 7441 1781 1591 546 5627 1756 732 1547 385 1632 521 135 570 1151 2011 4407 923 2075 2090 347 156 1747 8282 293 753 119 1910 1334 4119 676
106 7195 213 88 2726 11 654 1262 8421 2549 6462 2595 352 2551 1751 6950 2897 7681 1504 9358 2904 186 71 1891 2338 3821 296 3026 272 4320 2911 1289 668 2068 6212 1164 3285 7636 7764 1014 1078 446 1652 649 1357 2179 76 4263 4729 812 4569 3422 4641 16 6774 4135 5175 4650 6949 4521 78 1416 7511 738 1376 4235 1031 1754 1679 25 218 3332 2725 2666 802 2979 4891 7237 6709 1596 34 1513 2732 8 1701 1388 159 4729 2464 2432 1955 2539 2457 4060 705 289 1620 3307 1675 1666 280 403 82
3432 1023 1122 436 249 884 6 1612 2215 217 4779 106 2498 1384 3603 700 2056 7093 3131 1925 451 646 5089 1757 2049 2049 1794 192 1597 4835 1180 129 26 2716 698 4872 276 2442 2163 2456 4007 449 5206 129 1886 2150 271 3310 336 5774 751 292 825 2037 1675 4801 23 669 6735 3367 4833 5110 7 6857 925 1013 605 3217 1379 639 3079 1103 2655 1163 1761 3832 1729 2231 342 3328 3208 283 1278 5136 5791 5978 5485 6027 954 22 3076 4876 62 450 3333 6808 879 3001 7694 948 379 3988 3652
3166 56 578 565 1241 278 5813 5692 2867 1628 621 2697 2314 4516 1541 3146 2111 284 309 737 2836 432 775 599 1360 266 7247 3052 5164 6676 4630 4625 5085 107 73 1337 5275 2079 791 1193 7506 2751 995 509 707 1984 2285 387 3314 412 137 5166 1321 7211 625 932 2007 986 2231 4295 2879 489 139 2539 3279 182 1400 2295 353 601 5355 263 1540 2822 4388 547 6615 123 1391 5 793 2067 5179 387 1810 4664 444 5472 3741 4281 1114 1676 2732 5486 1783 373 111 7460 1475 3841 5316 1242 47
2976 545 3405 4543 1278 2636 4700 4399 1606 1734 743 3455 998 454 2615 5782 564 470 3735 192 4455 36 3957 4779 331 2528 6128 6559 924 598 252 208 6055 690 5552 7046 4555 256 1639 3097 8040 1011 8056 8064 318 4071 3527 762 623 1043 7887 2517 2099 1543 586 598 4474 4203 722 6712 4491 1986 2467 2876 2119 47 1437 271 4523 303 150 2454 8035 3690 1350 42 2464 5647 8339 2443 2592 852 13 736 265 1071 4884 111 5850 8949 2246 1260 576 3130 269 168 569 390 898 1247 1416 897 1633
251 4508 1357 1123 2437 1295 337 3638 421 2516 991 5686 242 3505 3213 4157 5423 141 3181 1000 592 3579 3525 224 66 6229 2461 2012 6621 3826 6460 242 1346 1866 1 1848 1039 1263 844 17 5025 4 1097 2793 8020 5678 1337 3713 4853 837 18 7843 164 6621 200 4343 1839 6243 3050 2828 6411 1585 3682 377 2022 3463 802 461 4035 2490 7094 1684 6097 132 255 8 1965 2129 544 5211 1692 2531 1664 36 1315 1807 232 53 60 2192 3036 1302 1382 3156 1885 628 1587 2019 109 543 2650 282 167
224 31 4363 198 171 1371 641 289 4105 24 2988 2 975 4450 64 176 49 1672 349 149 1456 3998 667 3547 4213 55 701 2395 1323 6942 2610 9375 1061 1578 616 4293 437 715 4398 3247 245 1841 2313 4332 246 167 2539 1426 1718 1174 2810 408 7900 6593 343 3768 379 34 399 7100 5979 563 2654 712 2911 4688 1227 1683 70 2480 5755 1 2857 153 6970 98 459 4489 157 3720 252 6618 146 772 5172 2950 1884 3788 3392 353 3738 1826 2140 235 976 1847 1586 5874 1252 1991 2374 6936 7625
746 2347 7165 124 2463 5772 1225 2565 945 46 4494 1703 2604 4949 0 3082 434 854 1543 2525 236 386 98 4899 1551 2034 8932 9108 5447 5437 3737 1818 1515 2427 234 212 4747 1845 1560 376 741 6003 1801 820 6108 3125 845 8895 2613 1012 4050 7092 391 492 6701 49 5500 2198 2342 77 2163 1110 1696 3141 896 2028 653 443 386 2766 5519 2070 733 496 1249 8509 5802 7058 61 857 1147 66 1750 5770 463 1536 2654 691 1218 690 2339 7288 1988 9189 2813 1919 6449 37 6725 3478 923 807 13
1245 465 4676 3920 1826 63 6059 592 552 6492 1837 8955 4315 2315 3697 1915 4270 1539 3688 4283 258 374 3887 3081 7087 941 90 6076 4829 994 3231 3711 5991 4742 4140 2678 2464 10 1372 3784 4656 3811 14 814 1904 4565 707 4487 9 5697 3305 412 7091 487 647 365 329 2302 3486 1801 1409 2088 5209 4612 613 340 1171 9513 2669 6357 276 3176 698 303 6063 839 292 1493 1130 5058 2178 4126 1639 3020 444 5175 1863 179 324 177 3474 2819 1415 3457 1870 269 7512 2010 209 294 743 7218 832
327 4165 4333 868 4192 1228 3673 7025 3925 3561 74 8384 223 973 1454 1407 708 9700 7080 305 173 3066 6479 413 3229 543 2399 56 3634 3393 4472 1936 234 2713 875 2278 2928 4036 1163 275 3165 747 2726 7066 7797 818 1230 327 3208 4283 759 791 105 5683 1134 153 7444 8971 1654 1761 607 4094 962 732 202 2691 119 172 1079 104 1888 1921 5007 8157 681 5039 2641 744 410 2934 899 1958 1199 176 2485 992 6871 7932 2338 3305 3438 2579 4826 2319 378 510 3928 974 5505 6539 806 234 457
84 2031 2481 1843 2930 5579 5378 1847 7353 2341 4868 1753 1057 2021 162 888 3285 1057 2376 1236 138 6782 4023 3404 1571 5166 4832 1535 2763 828 1342 1179 1062 2575 3619 1226 799 432 1720 2566 26 2747 1648 1880 3303 600 2191 1075 1927 3043 6589 122 5166 8491 2172 1004 2211 9012 5169 3914 4393 611 2537 3508 685 4106 1027 3062 4103 651 4032 4452 5753 680 1955 7306 473 5836 3714 4020 2134 1429 197 808 4872 5513 400 4319 8296 1091 4220 4611 4783 903 538 1255 403 1479 622 5677 1708 141 213
1204 1 993 829 3837 673 227 157 4250 3622 272 4357 5314 2945 2223 108 2348 905 89 710 487 499 3068 1487 1758 2282 3054 3990 1502 7943 2311 1929 2853 960 8517 1671 608 5002 353 7776 1964 399 1313 1580 380 690 5671 1032 1120 2257 844 3873 2577 2462 5121 6955 89 46 4013 673 6914 292 2055 750 5919 4579 6050 3568 420 5272 372 5878 292 2348 88 112 1643 3023 2218 2723 888 639 87 1702 5499 1320 9249 1225 5463 4244 1372 785 5187 3516 604 251 932 1775 683 7417 1416 9238 922
666 551 1771 3 1058 1876 2219 3340 3357 1172 164 5421 406 1768 3909 2501 2546 2695 3355 1510 2655 305 455 1624 3099 7992 2457 2081 1329 2950 68 394 1606 4285 4987 401 3475 3104 4575 2562 319 986 1116 6110 131 3586 526 4242 1763 3500 6408 583 83 4968 5655 720 700 7228 330 1425 4760 91 610 336 2280 145 38 2580 2108 4037 3240 1663 128 157 2563 6370 4817 4393 3183 4837 5991 996 3678 2967 4286 2473 3135 2445 317 1512 2625 3405 2680 175 1075 5239 5970 2782 2110 4058 4098 116 15
8853 664 2094 6607 7498 3241 1397 6272 538 2985 1730 1444 2992 262 1897 38 3616 2519 3398 6354 3874 2014 5310 1186 2260 1601 3513 138 7393 219 422 3932 6027 47 305 1399 5710 5257 4746 4593 1751 754 2495 735 5815 21 116 4494 2392 374 4519 456 142 4004 136 1690 4965 125 744 858 54 2778 702 2746 1398 7205 2240 1634 4695 12 6776 2109 1571 287 110 4937 1929 213 548 0 1076 2830 2026 3789 1341 1511 2270 202 1618 4760 4096 413 6784 4369 1074 1065 647 933 1530 856 743 2740 1692
752 3117 6659 6675 2810 5564 2795 335 6456 730 1504 4231 428 1483 11 7210 1442 623 1611 757 288 2954 4123 262 1321 111 1906 4096 4494 3292 691 1177 2802 8232 1163 1129 416 1285 3532 4699 394 4327 807 1117 1678 1910 2577 1395 1747 1591 5433 1341 4808 6741 96 1378 4222 6419 3092 2640 917 4926 833 168 4297 2087 7448 1665 650 196 5937 2210 3468 2062 8529 3771 6070 19 2707 6001 4867 30 64 2413 1275 3591 261 117 2508 2960 301 3692 118 5116 647 7812 1685 123 1228 927 7610 1126 196
6609 3230 269 493 1329 1526 2021 993 1916 2412 3281 1648 6537 35 2226 3131 3015 3424 506 3318 2639 2387 1780 755 6013 1065 2641 1552 439 2978 4060 318 1733 26 8098 1628 1872 6662 7002 3488 5752 1504 254 550 676 1173 540 4426 155 188 8784 728 1428 899 3874 596 261 4634 1625 2735 1229 2560 407 550 507 1009 1919 3885 4008 2330 68 1570 5337 2032 259 4956 3713 2226 3038 1988 3056 919 2060 518 7229 3508 2697 844 1897 3198 181 8997 4980 2201 2877 432 1068 1500 3840 336 326 2873 2401
5533 3995 5108 248 2337 98 1417 36 2784 5015 25 1287 1733 406 3867 536 858 6660 3503 2712 1843 1041 177 401 2678 766 5048 5962 3507 1202 8008 2205 6890 679 2792 8538 3296 2189 1431 465 5331 1448 293 4436 4485 1018 98 2904 1881 1273 1610 125 4185 3379 8916 1025 2707 1259 1522 2192 3295 1640 5969 2651 103 1311 4334 3128 7762 205 4598 1802 2477 3742 48 933 4806 3685 386 3011 59 883 2645 6175 1777 88 15 3256 449 416 1356 605 943 1881 233 2133 496 1851 5867 806 915 3441 4106
1695 7495 501 136 71 4961 2915 3605 1997 19 4116 1637 6 694 6359 1766 3826 2109 8736 298 535 6399 3012 486 3210 7350 2981 0 982 7451 2032 6107 621 7560 49 3450 735 5073 5552 6500 1095 3942 282 2600 9398 1354 6638 2790 2151 208 50 24 940 1835 2418 272 8762 583 1085 7363 1347 4999 111 5054 4544 5432 942 129 4559 450 405 4854 3944 2852 1445 7121 518 964 7516 6608 6216 7489 429 98 3469 2149 4867 3841 7650 861 981 632 474 4274 926 648 4030 3059 849 495 3448 636 2545
1602 4521 398 2283 2492 30 2374 522 90 1257 144 5160 21 415 1496 30 1153 977 893 1450 568 5313 343 17 1979 4347 384 706 655 781 1653 4012 214 3247 2165 227 1323 5233 2787 1544 2081 6708 772 1190 1378 3568 6816 26 82 76 2919 5732 5712 3253 1619 9 1568 1581 401 3196 4920 1726 492 3420 4366 1079 144 4222 4291 158 4623 4778 3785 187 64 87 3540 554 747 8970 2858 563 4027 276 296 349 39 3056 1358 1084 795 478 4934 468 1061 1022 1289 223 2824 2132 2101 3733 1008
3364 31 2083 4128 4839 3039 1976 3670 187 4565 1167 3938 2539 8340 4339 542 7348 199 4914 3756 64 603 1215 73 2606 1010 315 1100 2759 2138 3607 1054 6584 1458 164 6157 3852 8846 1093 980 2640 5392 1268 2788 7616 7034 614 64 4322 3544 679 2640 431 339 1448 3071 139 142 2899 2586 1329 2174 3184 2810 1469 6632 1292 453 217 3234 3453 8058 6197 1412 3776 4621 5650 303 2553 3058 1905 1386 6756 5004 5332 5789 2556 1287 4098 1500 6527 842 8110 638 5748 486 1397 1258 929 6385 569 5784 184
4309 2224 5832 1746 4636 2989 992 2443 186 3756 279 5122 174 578 1713 3401 3714 71 4880 1844 694 3121 77 4153 3271 5172 4612 8492 6215 468 21 243 1212 35 1307 6635 4523 8131 1418 4690 7431 7380 5263 418 884 2178 1121 6140 6735 8495 1697 2802 6034 4088 1767 1689 3261 1720 2248 8493 700 335 796 5127 1359 727 4508 5872 2070 226 410 3742 97 7764 2187 885 5322 210 2444 6068 2240 662 485 6342 47 2147 6 2284 4322 460 6094 3884 3067 785 2256 7361 339 48 1766 6249 433 1803 7
4730 7643 6463 944 1435 2717 5358 2866 1026 2783 2397 4457 1631 2861 4816 2947 869 3289 755 1116 1797 80 44 6682 1960 99 8360 7079 4143 595 1867 1960 563 7289 82 5329 667 7987 1697 4679 354 533 2878 566 2005 2736 3271 1665 1546 636 568 2653 2321 1478 3501 98 2838 6549 2376 630 2354 1040 8611 342 78 2200 2697 275 2546 7913 1539 304 5230 822 938 2289 4962 1019 760 5915 3752 5658 422 139 852 283 360 4820 1624 4882 295 2783 687 3129 5250 2962 4712 513 204 4313 550 6760 1313
1224 4772 1264 2720 1237 4142 80 2561 1029 134 448 1112 6301 5667 6457 2476 2061 543 144 3807 106 4342 6062 6301 2872 50 520 189 130 6542 1754 404 2768 2643 2310 5206 1829 1520 6382 2594 1606 4152 663 597 4649 3189 2523 1700 1832 6045 3504 374 2098 1416 161 1848 449 3609 3862 4303 1477 1037 4391 6670 101 338 585 321 117 771 5227 3615 704 6603 2270 5015 2811 4864 3388 778 897 1476 3163 2145 2164 897 573 339 1267 2601 2454 4642 6908 2231 1769 3165 7208 5065 65 780 577 2332 7336
3790 2389 8117 1414 325 6493 4384 3163 2702 504 678 5928 742 174 567 4711 238 1046 5692 127 1507 3102 2164 2420 487 6930 83 7650 2854 2364 4152 2220 6105 5207 5999 454 105 419 336 3948 729 2641 2124 3717 1099 178 7873 64 208 1193 1674 73 3396 2312 424 3585 249 169 4107 616 3308 863 2613 5940 4849 8313 357 5181 1644 446 219 156 3572 8266 1008 1049 947 3838 25 147 507 1195 2128 2367 2641 610 1122 5357 185 2622 202 1502 474 8434 594 2015 1283 1806 5537 2679 1101 3912 1198
3844 1844 5 4931 3651 5487 666 3161 3446 5522 968 1458 2062 1298 2991 2409 698 3428 266 2200 411 1283 1550 1161 3577 4109 829 878 874 228 1708 2466 1307 271 5 2463 2647 2746 1203 3227 1265 4814 684 5093 5742 4170 2957 1164 4131 124 2 1864 6158 1455 462 446 2708 146 110 1040 3806 6901 1861 784 1655 1967 2539 861 1563 1757 831 2541 272 1843 5601 1060 3372 3479 694 76 191 1198 609 4476 165 3774 2009 1095 6532 1897 2562 2836 829 4030 1583 215 3644 6127 971 4132 2306 1155 1079
3356 3680 761 3171 279 1799 1898 1590 5616 281 758 3265 4243 6320 2134 2428 1837 198 1085 1296 754 5028 2725 612 766 381 96 416 4877 227 3031 5818 1457 28 1078 1233 822 2132 3028 554 5597 211 904 3214 5947 4188 2363 4341 176 5144 1444 2431 782 1003 1805 1243 2465 1699 933 1352 2251 50 2270 133 4593 8948 820 4394 386 8716 3450 288 1377 581 147 12 2719 8397 2078 3839 4964 1493 4622 1865 3834 4608 3362 886 6218 2761 2081 4347 411 1595 8384 100 420 1299 1576 316 3623 1153 6341
16 4640 2262 3833 1593 177 6655 5722 3093 1424 8005 2773 2911 2440 5006 251 2318 6116 6396 466 3912 20 5666 2676 2031 466 2036 254 7 476 353 329 2332 1034 629 8434 1391 4534 1357 1413 5181 25 257 55 670 450 2012 867 1282 7780 1737 4194 5331 1131 2973 1651 1705 4789 3045 712 6690 392 268 444 1639 213 2096 8460 6605 4227 1941 2598 2661 7038 4011 2831 187 8139 1775 273 3279 1326 6724 1191 2102 2713 7099 4043 1203 341 2126 2869 2299 802 2025 1590 132 6766 2141 2159 1040 1887 124
1902 4552 77 1683 1565 2057 2025 8062 6832 121 252 848 657 7415 2677 5902 428 314 1302 4563 5044 2067 6761 1216 4020 3575 4904 2114 6670 1148 8815 657 1495 5243 1511 1822 1805 3561 312 49 832 5876 3642 3422 4160 4991 449 71 4940 2785 4628 6284 219 579 828 1277 1392 6728 5056 1466 59 4610 4838 2167 155 8518 856 6225 2430 5191 3703 1060 93 473 6645 375 515 1752 4553 340 9 146 4720 1 2740 2859 5982 7854 6586 486 880 4497 2374 1286 2911 2039 1777 4974 4713 4710 2616 296 25
3110 5272 7731 1028 205 306 408 981 6740 914 1257 1732 1827 336 51 6505 45 19 411 4668 1609 4666 4871 151 7712 4946 6974 321 897 1256 238 2924 0 407 111 8813 204 1979 5165 791 6100 3 270 544 5610 3606 1708 997 900 5730 2590 3140 845 437 3118 7017 225 1965 772 2806 612 3629 2095 2306 429 1676 3489 489 1194 2354 5023 2606 4295 7562 2247 1381 6141 8769 2528 1595 6134 3019 1731 4528 2589 940 869 606 1476 834 2878 2808 1232 1370 352 959 2429 3875 206 156 1845 846 2862
668 0 1995 275 3530 1635 1096 617 2933 1815 129 274 2204 490 4497 1443 5537 5870 603 246 1612 6989 2906 2555 1682 187 4729 1087 1116 3689 5838 2900 5046 6944 455 3347 5563 2177 1656 528 502 47 2983 72 680 2686 2943 289 7867 1150 2083 2561 155 4809 1546 1690 487 2621 2971 1082 3024 224 5503 63 1210 3363 5180 472 3185 1104 497 1795 2720 1473 57 2056 741 768 233 620 440 179 2949 7422 1688 262 3681 1154 4218 792 1320 2877 5425 1597 7187 792 77 675 5534 1888 555 4786 799
2595 2876 1090 6357 2627 1603 9361 1344 1093 2709 132 4983 191 1372 3859 525 1408 8957 750 3698 656 125 7855 848 732 6996 4501 881 1107 5056 937 2800 9629 7522 580 5342 560 4324 41 66 2921 459 205 625 7958 567 488 14 5670 786 4355 538 5036 8406 180 197 7 1841 3232 951 4938 108 2312 1843 293 1214 4642 6926 20 4925 1223 13 2441 8909 3023 127 796 3542 2715 630 1218 2400 3318 2645 444 450 1061 4567 532 1183 515 5355 822 1068 6847 417 1683 2464 1280 2183 2756 1092 2527
734 5755 792 6804 5032 5809 5258 195 568 4759 6761 3892 3088 359 4907 2653 1187 0 3227 665 5399 3778 209 5136 1217 4864 1070 5822 3336 2696 4 1037 294 2538 2494 1910 8468 7656 13 377 2655 927 4160 5702 1701 3279 4419 3693 7675 3509 1076 411 72 17 2810 657 342 1196 2333 603 215 1421 9627 2814 8788 360 968 537 744 3171 929 1033 2135 259 179 1934 4487 1044 651 267 7993 4019 215 1976 2953 6605 2539 2271 380 220 7604 105 2639 1818 4696 3159 3145 4016 690 9595 3360 3656 317
512 2285 1442 859 266 26 5242 1840 2329 115 6087 6990 396 2230 5018 195 204 3647 4859 4599 2633 9860 2188 221 4091 1412 2674 4224 35 6189 4993 102 2874 3371 2926 9389 2734 126 8395 4333 1058 5325 861 1407 1044 166 1331 1008 1768 1040 944 292 4759 4914 2700 3534 4009 6507 4947 2108 2826 6466 5660 1350 4019 670 213 7365 394 4465 487 73 1126 717 2329 6296 6232 4713 92 2771 1811 204 1664 77 6882 2345 5591 4275 824 2248 3534 845 79 2104 657 3201 7046 2576 2275 7298 682 5 5453
5439 1574 80 2009 1787 1967 1598 2781 3951 2828 5726 4970 4213 3166 6265 2319 5343 6517 3001 160 98 4600 1285 5272 2574 3112 39 1024 3468 834 74 3209 6127 4054 1144 100 1366 1836 5505 5538 2701 1376 1788 576 6796 1304 261 3260 6783 2349 3193 2017 3892 331 30 4768 1162 1039 630 847 2081 820 7557 299 647 4440 1040 2614 2425 104 3 2920 5266 4351 4535 1908 3190 1624 3267 687 948 3837 1422 215 324 1095 1135 4549 101 4311 1286 8258 3409 3447 4633 818 948 5711 7554 2187 75 764 2636
1231 923 423 237 504 836 896 6379 415 6237 464 7931 3096 5828 4323 2806 384 3551 2115 2380 10 4997 2060 7697 4309 447 1570 4752 2851 1089 2682 457 1444 221 1314 3415 3745 6556 6722 6427 505 6877 870 333 447 1757 2365 3824 5363 1201 457 1838 749 4345 5637 54 1477 28 6749 4427 1730 90 2290 3052 4948 4570 4446 3064 2030 3421 1259 8409 3024 3 4131 765 2482 4449 59 2227 4806 1034 2946 2132 584 174 528 508 1147 1932 255 969 4528 4335 282 730 2341 5358 770 1176 2891 5218 3124
5136 548 5240 5188 319 2192 1984 5431 725 2033 5509 2429 2876 463 4108 136 1016 582 116 858 2060 1563 3567 2849 8312 8792 3474 2510 663 277 2633 435 281 1648 2390 3524 2881 3534 678 8605 2332 2774 7873 8463 7138 3182 5615 672 130 1648 112 1923 3377 876 835 119 1579 4368 47 615 1010 100 476 2778 2049 459 4820 427 2212 5629 5435 4501 465 853 4029 246 953 992 1437 1 2211 3070 7261 5025 2545 2292 494 3613 268 4176 347 1715 7864 1945 236 3802 5393 446 5803 161 373 3988 7658
125 7671 3088 6393 3329 6317 3455 915 299 5691 8372 867 756 1507 4367 970 6346 2813 2997 5427 4762 340 3754 3283 2727 2335 842 8383 1643 6785 3191 4488 4767 1536 2457 4964 234 6523 8245 1424 2889 5295 1006 830 5612 1212 276 5719 3255 4925 321 2083 165 1045 2974 1207 67 16 285 634 7981 1608 2172 55 776 1372 2444 8811 8598 6379 2082 1662 1837 6320 2125 803 560 566 6762 10 4014 702 2344 6572 1105 65 8046 2222 837 1541 1625 1070 5465 6270 4055 39 4976 911 627 2059 2639 1104 17
951 2644 809 2759 2508 653 2112 6077 466 3858 817 23 2926 1814 4207 1255 54 3137 1897 124 1381 393 5317 184 2188 3367 5498 1451 3408 877 3897 728 2574 1163 3788 564 8471 3984 4662 6077 1625 1938 1055 1720 4891 4345 4880 565 813 1607 672 402 145 6519 1233 2700 3607 7708 1285 5030 10 2907 3394 802 2460 6932 1063 1607 2154 374 2920 2045 843 42 8219 5729 2320 1875 5834 4133 472 2973 6818 4162 203 8254 4621 4694 813 6847 3008 1317 69 3962 2038 3000 32 433 3450 5210 938 5384 5167
8269 281 6781 3696 6509 3102 117 1231 5595 568 4220 3055 3393 1704 1527 106 8565 4269 4492 941 2343 2202 350 7954 144 1410 1378 860 4136 8024 4496 295 37 3013 1418 191 2243 3266 2744 4294 5891 4117 2673 7313 971 6023 1845 2043 618 608 9079 268 122 656 1601 258 1269 1634 3791 133 7942 210 2896 182 94 1236 3531 370 489 4272 6363 3719 877 3667 1312 1322 1264 4558 4240 3956 591 4804 360 2530 90 2339 2183 5085 292 423 313 6080 628 753 7602 2603 6094 1358 1910 1959 334 88 965
1471 3270 2420 3340 56 2495 3110 2326 2757 927 3798 1576 1619 704 1348 445 5721 1598 7144 6574 1496 55 3592 457 210 111 757 2033 1552 2789 2870 996 775 637 5328 1769 7998 4560 5244 260 1949 5593 1047 6052 193 553 2624 1114 4174 8196 1883 3551 9183 94 2838 322 5996 197 847 2632 3271 1100 2485 4609 1524 686 8177 4001 3102 497 986 816 969 1848 1240 3635 3072 1846 1238 35 361 155 78 951 2497 3412 398 5294 6961 4278 220 6261 843 37 122 1697 2681 2922 168 59 5791 227 2009
1234 2370 1915 1132 7510 2306 672 4062 6935 1424 7769 162 258 309 4140 3607 8 2178 5611 21 2998 737 108 4585 1697 4894 361 8478 1202 6776 4252 352 3767 708 21 1215 252 178 8354 395 6277 471 6192 1711 1525 2700 342 984 530 3334 1933 127 4099 5119 6487 1977 2943 65 3192 6 1179 1690 2000 598 5325 2940 842 595 1886 8957 477 1084 182 295 1272 1229 85 2999 4129 1359 5093 684 7511 716 1380 322 5940 163 1637 100 21 5671 0 1515 2965 3476 2320 588 1597 3800 4700 1488 1017
1158 68 1186 5302 3160 681 6308 176 265 6689 1246 6836 1499 3799 2820 4879 2924 322 2078 1429 2011 2639 4667 68 1852 2844 3505 196 1546 2175 171 2860 670 1425 1436 679 8031 2956 2141 2980 5808 5695 3741 4771 551 1598 749 109 22 376 432 2893 4051 1120 130 6230 596 4460 79 4684 7897 5250 2393 5915 366 107 197 1898 3614 520 3514 343 3384 44 1631 7430 2590 6856 794 4699 5390 2470 582 7343 5161 808 5355 6418 8024 8736 200 6445 5492 2712 7218 74 6332 456 92 3596 6649 6385 1039
279 3874 2383 964 2018 178 1670 210 628 3637 1873 1022 1181 8869 7757 343 2903 1416 429 38 5017 2464 2304 101 239 3651 66 7543 5457 4805 2099 260 9145 7845 1226 3120 535 7585 4243 2185 2304 432 30 1721 2358 1298 6667 705 2000 2079 5897 4374 227 394 554 2843 645 1050 204 800 2088 7130 1555 77 2047 24 4939 955 4352 1500 795 5331 849 563 4719 1710 257 4471 1247 418 1124 9774 3338 100 5232 121 1276 3082 3681 3684 2036 1193 619 451 656 667 323 6050 394 3854 845 4934 4087
2052 226 569 1298 2245 439 2425 50 4146 240 3404 5386 9080 2304 1627 811 774 821 3593 1912 257 1450 1310 713 82 535 336 6285 355 3812 2048 2988 1430 1224 192 582 1318 3941 295 4988 207 6555 1560 4409 4549 1768 1763 464 802 479 1585 4 8333 547 552 682 650 3755 4403 2189 1140 6457 2205 314 8196 1264 7450 4263 210 1676 434 388 9035 1341 998 4241 148 647 1805 2644 1467 695 1199 1203 3383 758 19 144 987 501 1235 463 3458 1598 4176 8523 6972 973 6655 2937 1444 159 1532
574 65 1125 155 2176 6035 4881 125 2734 164 3230 4071 4537 1182 3271 1876 8737 578 3559 5572 4211 4774 5893 471 1697 1649 1694 1063 4878 3892 3316 519 1234 3814 583 3267 320 191 6627 2874 7537 555 1179 22 1135 5086 18 1603 20 1935 288 1683 3469 1930 476 4567 451 2069 858 751 1303 853 454 701 503 4937 2176 1849 546 692 2 2828 3051 3366 2153 2201 2289 53 4066 2238 4395 7131 267 8091 3812 1355 306 1073 43 424 416 1633 1069 5210 3985 6254 3207 3169 404 3 5816 86 237
1733 463 6302 1902 8368 276 3570 985 4434 6537 1912 2258 724 472 3260 16 2365 953 475 1728 2382 2655 281 1130 5917 1110 87 2309 894 78 7332 2775 2338 78 4843 728 540 1417 6154 310 4996 2436 4798 520 112 241 2227 1770 1551 3257 1220 4400 3750 3521 4152 724 1432 688 1288 2378 2502 288 70 2497 660 538 4498 4606 347 1403 3395 549 4818 166 2807 1056 6795 367 1317 2064 3028 4596 2009 1954 2342 1303 1289 5039 85 2938 2605 157 30 2866 4464 217 5015 5086 1582 74 413 297 3165
