21
76 77
26 73 18 94 67 9 87 96 99 39 31 48 61 58 78 1 60 90 63 91 46 86 6 88 22 79 88 42 20 96 41 1 27 17 55 71 90 2 89 28 6 34 71 84 50 1 18 87 29 33 85 54 72 51 70 96 74 24 10 44 81 36 23 61 87 44 20 83 17 30 77 76 41 33 34 17 28
48 65 79 51 60 20 95 58 11 30 34 14 86 56 60 30 87 41 91 20 19 39 24 87 92 81 26 66 54 68 68 26 81 53 28 81 9 11 79 95 69 88 85 84 47 13 83 50 16 75 6 42 82 91 49 96 96 47 63 70 66 43 86 44 56 47 52 56 7 24 37 13 60 27 65 95 5
55 98 66 92 75 78 11 23 80 79 13 67 56 7 33 96 68 97 49 73 80 14 48 6 87 10 7 36 84 47 81 99 25 32 63 48 93 16 28 99 26 51 67 42 51 61 30 93 96 84 100 14 1 31 99 31 1 55 71 34 76 96 97 77 64 86 66 17 43 96 40 78 22 72 25 95 13
49 79 49 16 1 87 21 67 84 87 4 18 96 24 6 17 65 57 68 5 44 56 88 37 41 25 97 5 28 88 16 18 50 84 66 96 72 97 99 46 28 93 58 76 11 52 95 80 91 96 70 14 92 54 46 45 62 99 68 25 15 26 78 47 13 84 71 31 69 10 56 89 7 93 44 10 11
7 19 87 36 55 49 82 68 66 67 31 21 46 6 88 99 89 20 40 16 70 1 17 31 29 1 73 50 50 69 59 95 35 33 82 68 36 32 24 39 7 34 82 10 31 99 69 85 10 99 93 98 40 91 41 73 33 53 77 19 81 36 66 91 95 56 58 11 32 27 28 87 27 99 30 91 2
27 35 78 88 72 35 3 59 44 84 40 97 93 66 16 59 70 54 99 10 74 64 46 9 64 4 76 32 2 40 98 86 98 92 33 38 18 79 60 16 77 13 22 15 51 36 53 25 48 14 57 39 45 89 71 58 85 30 50 83 50 22 78 72 23 56 42 88 45 91 81 22 2 54 64 51 65
52 90 97 87 69 38 63 27 32 44 81 21 39 83 3 23 99 39 71 31 26 1 54 13 43 77 74 67 73 80 2 29 81 15 86 99 29 40 64 82 15 75 85 29 75 66 72 90 31 20 96 18 40 10 75 94 3 79 92 63 18 68 84 62 41 95 7 10 36 11 80 67 99 5 10 42 71
52 95 3 73 50 52 69 53 98 50 17 33 2 45 89 33 83 23 8 49 58 19 27 64 5 51 63 91 42 94 47 15 16 34 40 60 43 38 2 52 2 44 29 80 28 98 42 62 80 57 97 19 73 14 49 29 61 52 9 67 34 32 97 32 8 74 47 71 19 79 4 89 32 86 83 67 15
13 6 59 98 14 76 62 14 9 56 19 30 67 96 10 96 29 75 73 17 95 28 61 69 83 59 47 49 34 70 39 35 69 86 40 1 3 46 71 20 45 57 26 13 27 5 95 25 83 23 77 59 62 52 47 34 4 14 39 1 25 75 25 31 79 2 30 99 43 91 5 23 37 4 45 41 2
41 22 33 81 51 6 82 31 24 9 86 5 1 1 22 59 24 62 28 5 55 1 64 92 10 17 88 46 21 77 40 91 53 65 35 69 89 3 93 11 87 46 37 42 77 16 74 1 10 79 2 4 11 94 20 73 38 60 1 76 33 42 50 48 37 78 33 83 80 17 84 38 19 7 22 11 49
77 81 47 52 37 83 44 37 99 66 64 5 84 61 75 80 20 51 41 55 59 15 96 56 97 87 72 95 70 70 99 79 98 58 34 64 62 48 26 77 24 75 15 36 86 4 11 31 38 88 16 49 59 67 84 5 30 95 96 27 54 5 45 95 53 48 5 63 82 93 34 38 62 57 45 87 15
3 22 12 9 48 65 32 39 91 2 82 23 38 59 3 97 42 56 61 73 17 40 77 76 14 8 36 32 27 74 65 67 71 51 10 76 21 57 46 92 40 6 29 91 2 59 28 99 33 49 93 53 54 79 67 38 14 61 40 8 53 21 60 13 5 30 32 43 31 21 62 7 81 11 36 72 83
99 95 94 9 58 65 32 31 5 99 27 36 72 78 6 30 75 29 73 74 49 61 89 96 31 31 41 99 43 24 19 99 69 75 13 79 1 24 3 82 92 58 11 79 27 61 59 90 87 58 7 34 72 69 30 44 15 33 11 49 19 43 12 52 11 79 76 68 74 60 31 73 93 23 77 16 44
36 89 39 99 62 18 11 86 96 51 75 63 38 65 4 49 75 95 4 11 29 25 54 44 81 54 59 99 48 83 82 91 49 33 41 20 97 76 47 56 19 27 18 39 46 55 40 18 87 10 80 87 44 78 84 71 76 82 27 40 85 28 63 94 88 85 84 24 98 16 28 81 14 79 23 33 60
33 82 82 41 27 1 11 13 69 51 18 72 68 5 10 67 61 66 34 33 60 85 93 86 98 79 79 99 82 92 43 47 91 2 97 23 71 42 33 50 5 86 15 69 76 16 81 35 70 72 82 44 16 17 43 31 46 39 99 38 47 99 46 8 58 23 28 0 86 38 53 98 78 19 62 67 66
59 25 55 33 49 41 68 42 26 94 65 91 62 92 11 87 72 59 59 5 51 64 74 61 95 35 91 60 16 4 18 37 37 16 98 46 93 61 48 72 72 6 15 28 17 27 84 70 1 32 42 87 67 88 69 86 22 61 74 73 80 18 76 21 35 67 58 94 82 33 35 63 64 61 34 38 84
33 65 27 45 96 18 42 44 24 99 62 82 36 26 93 51 68 16 30 60 48 75 75 41 69 94 39 92 43 4 21 41 45 36 78 54 93 54 40 29 83 56 19 44 63 49 63 36 8 31 15 80 50 73 10 61 99 1 10 2 20 81 51 60 57 95 25 84 74 88 80 51 3 77 73 47 55
86 20 38 84 11 90 49 7 22 58 4 9 64 14 62 83 37 99 51 59 3 37 48 99 95 8 54 46 7 70 89 37 92 70 99 99 66 61 17 56 99 1 1 36 53 96 78 37 31 75 98 38 82 16 91 42 16 85 77 19 73 64 1 97 27 46 80 13 3 23 82 19 50 4 14 91 4
72 36 85 57 87 63 23 21 68 45 85 30 12 96 38 96 39 15 97 45 73 55 30 87 76 40 60 62 98 50 70 68 36 7 87 91 97 24 67 54 76 71 69 43 55 87 95 67 80 83 62 45 73 64 36 51 48 47 81 86 7 30 60 15 38 4 12 84 68 55 87 19 32 12 69 92 64
51 70 11 63 33 21 31 50 81 34 44 63 99 62 3 19 88 49 96 75 6 45 41 23 76 30 12 17 23 84 62 40 80 39 26 11 57 25 96 70 81 53 46 52 78 64 50 18 83 62 87 45 85 87 97 54 72 67 40 76 51 7 86 25 17 35 75 19 97 44 68 94 88 38 21 15 39
45 9 93 90 52 54 4 83 81 19 97 67 39 83 53 9 83 17 69 30 2 29 25 4 14 81 71 76 83 95 88 88 21 79 62 7 83 84 44 98 57 85 6 12 5 35 95 27 14 44 21 25 16 41 19 3 90 94 99 32 94 67 98 59 5 36 59 53 9 88 29 63 20 63 69 55 12
1 95 3 97 36 25 24 86 9 69 68 75 43 75 41 34 30 40 90 81 94 64 61 38 81 52 11 70 64 68 38 93 92 43 55 53 7 99 44 94 44 36 30 74 19 95 12 57 8 1 95 74 56 22 78 42 32 83 30 71 83 64 53 93 67 94 2 28 83 68 2 22 6 53 52 50 33
10 14 48 56 81 31 82 99 78 77 72 48 47 49 20 5 52 54 43 87 44 99 39 13 79 49 84 71 11 93 86 76 63 19 54 92 41 71 71 53 23 57 79 8 63 24 32 58 76 90 75 86 42 23 18 84 89 77 81 47 63 59 50 67 9 44 71 88 73 28 18 88 33 51 64 75 95
66 92 9 90 74 16 7 83 21 47 41 42 31 6 13 19 47 95 54 41 60 44 33 38 72 66 34 31 83 47 32 56 7 46 4 46 19 8 61 14 51 25 41 76 35 23 99 22 71 72 70 29 16 84 11 71 37 1 56 8 66 38 39 96 62 27 99 22 86 9 69 69 98 16 27 20 86
75 80 86 47 62 94 73 62 76 61 75 15 69 37 31 18 43 52 51 19 56 21 74 60 85 11 45 19 86 61 99 30 49 48 93 22 54 21 28 38 73 81 62 9 79 15 29 88 9 57 99 54 51 83 36 81 12 68 65 74 14 59 93 86 46 94 57 15 50 42 61 34 97 85 99 20 28
5 49 15 24 38 45 46 21 59 78 34 13 75 67 54 14 89 18 39 20 8 43 22 69 18 13 72 44 96 98 88 91 70 82 9 15 14 21 91 31 46 23 44 66 98 59 19 87 92 6 96 62 11 74 16 36 28 79 85 50 18 96 96 6 43 99 58 48 26 17 62 53 32 70 50 99 22
18 92 6 27 65 28 82 87 71 86 43 63 48 82 61 9 35 14 36 68 26 1 7 85 75 84 11 24 51 18 90 1 75 41 99 24 85 16 20 56 93 60 68 66 67 35 49 75 5 80 97 11 11 41 45 99 63 73 96 51 53 93 10 67 96 4 88 43 45 4 11 92 88 64 1 37 35
70 2 13 98 78 96 75 79 19 36 59 51 46 99 31 49 99 35 72 62 68 41 18 13 8 9 85 64 7 63 23 71 99 24 82 70 9 89 79 55 57 62 64 2 52 93 95 7 39 69 28 76 63 96 34 8 89 34 58 27 35 66 64 97 73 29 26 74 19 45 16 94 3 70 78 55 74
69 59 56 55 11 20 53 62 62 77 75 72 15 65 99 67 68 43 55 6 50 72 76 53 47 49 49 32 75 85 25 23 86 21 9 56 97 15 3 55 94 36 66 74 24 52 55 97 34 29 45 14 43 66 1 87 35 6 37 26 55 25 90 68 51 31 13 83 6 69 32 65 31 80 47 32 59
61 75 25 44 70 77 23 73 96 31 15 78 42 72 40 43 64 92 41 32 24 39 1 37 75 73 41 50 4 81 28 50 45 97 35 1 3 37 43 56 10 44 29 98 50 81 78 47 64 63 97 56 29 60 35 75 75 16 26 40 19 59 79 53 20 16 3 41 6 41 40 72 33 21 19 56 66
20 7 60 96 45 54 6 26 94 92 21 63 41 22 7 54 89 57 60 98 16 32 40 70 31 68 10 82 45 53 12 31 90 78 99 68 7 17 59 93 31 54 11 15 96 29 60 38 50 60 4 39 35 98 30 45 97 96 19 81 99 81 56 26 38 20 81 6 4 71 99 46 5 14 92 20 14
36 89 51 17 27 35 15 81 66 48 89 91 8 83 84 68 18 70 84 88 54 89 83 48 95 31 20 14 31 18 48 74 91 3 9 50 77 56 99 96 91 54 39 44 23 64 89 94 52 80 30 44 29 65 52 86 37 3 20 28 3 27 5 48 75 18 20 86 74 94 25 79 84 82 26 59 88
9 6 6 60 77 51 4 68 2 64 47 17 31 68 7 73 87 71 58 2 2 2 36 88 37 79 69 5 18 15 17 20 24 58 61 2 19 35 51 50 85 40 63 63 58 74 66 62 34 54 70 11 35 95 96 73 28 65 75 86 44 86 74 52 62 52 16 82 3 53 13 52 47 17 98 62 25
99 72 85 61 6 94 32 6 50 86 97 46 82 65 54 3 50 98 31 66 72 88 63 48 80 64 64 80 83 95 98 88 35 62 50 3 60 6 6 14 42 38 58 24 31 76 63 55 91 28 78 48 73 85 37 36 7 25 49 83 27 65 54 81 96 28 19 50 75 81 12 20 15 51 95 71 65
43 59 87 65 88 62 95 77 61 14 95 99 55 58 71 47 65 75 90 68 60 27 89 90 52 44 16 81 22 99 24 60 46 33 41 55 58 88 1 71 79 31 94 75 43 2 37 98 4 57 85 79 38 66 85 58 28 8 48 30 17 6 56 12 71 92 25 60 34 11 65 2 92 7 71 35 33
17 59 15 62 12 97 10 78 1 68 59 75 99 92 59 86 47 48 2 54 18 29 19 66 25 33 47 92 58 64 53 42 32 68 44 18 68 7 28 1 8 18 62 91 43 26 29 7 40 17 22 71 25 19 14 93 58 18 84 45 76 73 30 94 4 84 46 70 84 57 82 84 93 46 6 42 37
46 87 89 21 38 39 92 45 44 80 39 16 19 49 76 86 17 85 75 94 75 61 7 78 52 60 98 60 92 28 40 7 48 31 43 48 42 35 6 6 74 30 9 65 83 29 19 83 81 1 49 26 77 27 50 84 65 81 29 88 11 13 86 2 87 74 38 92 15 39 13 22 70 56 64 42 93
42 22 75 35 92 28 57 70 81 64 27 60 45 21 45 93 78 27 40 95 93 38 69 37 32 93 99 87 38 4 68 59 53 42 86 13 86 38 39 45 87 34 71 30 39 54 42 56 74 46 27 99 12 97 24 96 81 55 91 19 58 47 87 37 4 47 24 25 48 22 94 5 4 82 73 65 33
41 57 59 52 54 5 50 50 94 90 72 95 10 93 44 34 83 36 31 37 73 99 38 76 62 59 55 77 64 96 44 4 31 75 88 32 73 94 72 99 27 39 97 48 1 27 69 85 99 21 25 14 93 97 66 78 7 28 4 23 73 42 82 73 47 7 80 88 8 69 80 75 83 28 79 42 51
51 52 69 56 11 65 67 86 24 78 99 36 59 55 15 26 80 39 57 48 53 94 90 30 44 71 33 99 22 81 78 16 87 59 25 39 22 97 59 61 32 24 22 2 35 57 45 65 25 66 90 22 86 12 20 38 8 70 63 33 12 71 58 30 92 96 81 82 25 15 13 38 22 50 97 74 76
21 76 90 1 12 8 78 72 44 86 49 56 81 15 65 63 91 32 21 87 94 38 94 54 91 82 79 16 16 40 79 23 99 87 39 12 92 63 89 20 98 77 17 93 57 61 63 82 23 35 82 38 97 32 9 86 97 11 92 8 45 8 30 71 44 66 43 61 94 92 12 52 75 51 43 47 99
18 90 96 9 50 7 45 64 45 41 81 89 19 71 89 71 11 11 56 68 37 14 85 73 39 63 54 14 21 40 8 81 96 7 95 83 38 43 99 10 88 25 18 49 80 76 9 54 72 87 12 98 81 28 82 74 70 11 77 69 96 91 53 19 77 23 28 9 18 76 91 98 52 41 81 57 72
64 11 1 71 23 54 25 8 76 6 33 28 66 84 6 9 24 25 28 97 60 33 24 38 67 85 61 97 40 68 76 45 23 77 43 70 48 10 14 99 10 6 99 64 62 14 52 98 73 75 81 25 55 59 36 18 27 98 71 12 59 75 2 47 42 14 30 93 81 4 69 90 45 94 78 61 57
33 1 19 84 2 68 12 87 99 33 82 59 58 26 98 77 92 5 7 77 65 73 69 22 50 39 44 25 57 8 20 91 39 31 14 3 88 99 70 10 87 71 11 94 60 66 48 20 73 73 32 72 18 56 36 41 97 38 33 21 5 84 12 96 87 81 93 99 74 87 82 33 51 12 57 50 56
39 12 42 14 34 74 12 48 83 51 15 62 91 41 2 66 87 47 74 44 16 76 69 45 11 67 41 38 10 20 78 87 32 12 94 69 29 63 67 12 87 28 38 47 41 69 1 99 85 94 65 37 75 45 29 27 23 52 40 37 89 30 68 30 36 1 62 91 14 70 68 6 84 59 25 76 12
8 65 37 40 99 47 5 71 33 51 93 28 55 22 57 12 29 63 22 39 69 99 62 79 65 40 88 76 97 54 32 42 32 86 67 74 52 2 58 32 41 61 72 14 96 31 23 63 24 67 80 32 94 98 30 91 32 37 99 96 91 63 3 37 11 34 73 37 82 6 61 71 8 18 41 67 66
68 56 18 92 6 33 86 46 87 8 75 18 74 66 15 66 73 57 44 4 52 9 57 74 59 32 43 8 2 94 20 95 80 16 29 24 62 27 23 15 21 91 63 40 65 5 66 74 47 88 31 66 75 82 14 67 9 9 15 25 45 52 8 13 30 49 19 57 8 75 92 90 42 17 80 49 1
62 46 97 33 33 27 68 89 94 56 77 51 82 1 53 67 38 38 20 27 63 90 76 43 56 54 22 44 76 45 73 56 34 58 34 58 81 70 80 6 59 67 75 82 77 91 23 9 63 97 96 13 16 57 76 10 82 21 4 27 60 76 34 51 3 83 6 26 51 93 99 79 99 28 20 57 4
8 87 40 29 55 81 12 82 64 75 49 14 4 39 91 35 24 39 7 19 11 98 83 50 48 10 81 54 69 91 87 55 36 25 53 67 40 9 7 48 71 41 28 13 77 97 11 9 30 35 20 31 42 65 46 57 83 97 65 78 31 12 4 88 74 20 44 59 82 57 61 97 28 25 54 91 15
39 49 53 77 58 71 49 59 42 28 13 75 46 90 82 77 86 55 42 61 20 47 20 43 50 32 19 27 20 27 98 3 94 17 12 16 52 19 19 43 21 88 2 25 19 50 72 78 29 28 65 54 45 90 42 24 99 9 80 51 25 43 82 61 19 19 99 94 17 14 71 26 45 76 15 82 91
47 23 13 27 29 40 96 77 81 13 28 41 26 3 77 72 46 97 91 6 86 89 55 31 76 48 19 27 80 15 81 49 51 8 16 18 66 79 7 73 8 94 13 91 73 24 77 61 17 73 96 62 34 11 63 55 18 91 54 79 26 83 89 36 73 73 61 40 51 13 38 33 9 29 46 90 52
87 76 50 31 73 72 48 63 18 40 56 71 23 27 26 22 78 56 46 22 66 99 86 80 18 47 69 22 98 52 54 57 12 1 75 35 14 55 19 66 39 59 19 26 76 99 66 59 78 80 68 62 7 72 83 22 56 14 20 38 70 63 43 16 4 25 32 13 64 74 4 38 50 36 47 48 36
16 61 17 58 62 6 1 35 21 44 58 49 40 85 18 41 2 62 89 14 45 63 13 10 68 57 1 23 37 23 68 90 88 62 88 3 75 51 69 73 63 57 67 25 98 79 71 14 19 73 99 21 98 68 23 89 23 79 36 47 69 20 25 60 91 21 16 19 79 66 79 1 96 42 4 74 22
7 74 85 91 51 33 16 11 53 46 41 88 1 67 21 19 99 85 91 7 72 99 37 13 55 7 10 74 37 37 37 14 79 18 84 84 21 81 63 45 62 22 12 28 59 40 35 39 19 55 29 62 79 29 76 81 56 8 78 68 68 38 50 61 85 9 91 1 65 76 25 2 56 91 34 8 60
93 56 68 62 68 52 41 14 63 5 67 75 46 95 75 93 61 62 64 3 37 97 76 44 14 3 75 77 47 54 16 12 14 75 28 99 97 88 84 81 40 26 11 50 41 78 17 38 89 58 18 15 47 24 37 94 47 93 53 97 64 41 32 86 95 11 16 13 74 41 3 23 12 41 19 86 82
80 37 45 68 19 40 42 76 21 17 24 42 70 16 3 22 53 52 56 54 70 45 94 83 73 12 15 90 8 21 83 91 10 86 88 83 54 67 12 72 1 27 55 2 32 19 16 73 43 22 66 28 92 6 48 53 73 62 46 12 39 39 31 68 80 69 87 83 1 65 32 42 45 16 84 33 90
21 42 55 50 29 42 23 83 25 99 92 65 32 99 34 96 26 38 18 40 70 21 75 45 18 98 71 35 95 12 41 84 2 91 12 2 40 53 46 73 67 40 91 55 26 78 8 87 68 78 49 69 61 45 96 74 84 46 41 4 40 26 85 95 90 57 21 98 42 89 15 10 48 34 12 24 69
16 85 8 63 64 84 28 18 53 18 89 14 54 99 24 18 52 13 1 27 71 43 22 87 25 34 15 74 76 49 26 99 63 18 99 99 47 28 23 77 56 65 93 96 63 35 10 17 28 82 12 75 4 38 49 38 98 11 86 68 67 83 70 99 84 80 66 44 85 56 18 17 38 12 89 42 94
97 63 70 12 29 17 11 59 51 38 62 73 53 40 96 59 58 80 66 40 5 81 93 84 5 59 36 49 72 37 13 97 85 4 29 2 22 83 89 74 45 21 83 84 14 42 66 64 81 77 77 18 42 34 51 38 32 62 14 4 61 81 57 85 27 77 60 52 86 48 85 98 44 23 44 48 43
64 25 43 50 64 12 48 1 79 38 12 50 79 91 29 1 30 97 42 70 86 4 5 54 67 70 75 63 34 82 93 68 83 18 22 1 95 76 1 41 8 2 17 75 23 93 25 31 87 73 22 16 99 96 12 33 45 67 72 78 82 96 94 54 77 61 62 42 73 37 92 84 15 53 2 25 83
85 38 69 14 24 37 17 19 97 63 16 91 62 31 63 5 80 88 75 10 88 85 66 19 48 74 92 22 57 12 66 62 77 92 6 13 55 27 81 53 29 91 60 47 38 67 76 81 89 43 97 75 87 68 66 27 22 27 26 69 9 76 24 92 48 36 7 64 20 71 82 72 8 54 90 73 17
50 95 86 6 17 5 1 27 29 24 91 45 75 21 53 21 61 42 9 75 99 52 57 14 35 68 44 23 38 95 75 92 63 51 2 44 44 4 97 51 34 1 48 44 64 76 60 59 83 16 36 4 19 75 51 15 46 67 6 42 99 10 10 22 56 69 96 77 60 60 17 2 78 88 13 5 5
57 22 55 51 10 11 2 36 88 4 53 4 84 24 76 10 36 1 4 3 83 67 13 85 83 73 96 60 99 82 26 60 83 13 11 37 14 84 41 93 31 16 43 78 14 57 44 63 52 65 89 16 1 41 69 31 78 29 66 75 23 84 80 23 24 34 65 20 52 45 91 87 48 58 24 78 43
78 25 47 9 27 66 35 1 31 72 73 41 29 60 99 54 87 95 22 68 87 74 72 54 27 36 80 70 77 61 98 78 84 9 55 56 33 35 61 80 90 21 94 45 39 99 75 51 72 11 1 89 13 43 99 19 45 24 83 88 14 88 59 7 24 81 6 82 50 97 63 76 98 94 60 48 53
74 41 60 88 92 2 45 69 39 8 23 79 42 84 15 91 63 87 72 64 60 23 16 40 84 88 64 1 12 20 28 86 55 86 41 21 68 24 99 69 85 88 71 61 40 34 94 72 55 82 83 5 82 10 15 1 58 29 5 79 91 14 77 54 56 91 1 10 96 81 11 17 87 65 74 21 15
21 39 37 37 69 92 99 91 1 98 84 69 57 51 43 30 16 10 9 37 62 86 56 53 39 81 45 60 24 85 39 77 31 36 57 39 25 14 88 99 49 86 91 66 30 11 62 78 64 48 92 19 70 54 75 38 68 78 6 79 15 58 75 64 16 88 53 18 92 1 87 41 97 22 65 52 19
64 78 64 70 67 71 44 42 90 8 44 83 23 31 26 67 99 28 27 69 2 72 50 51 95 61 77 84 69 99 23 89 31 34 53 8 51 95 21 40 17 79 49 30 32 19 80 99 41 34 66 77 90 65 29 82 79 79 88 62 18 72 99 24 7 63 42 76 55 69 10 19 36 92 46 9 26
11 47 39 13 24 30 55 46 11 94 51 2 44 55 29 51 93 35 1 86 75 33 71 90 81 87 77 70 4 45 78 49 8 6 54 36 99 1 95 71 87 87 56 90 75 62 54 40 40 44 81 10 42 42 32 54 15 25 90 48 84 35 41 4 80 65 71 61 12 41 40 40 59 90 22 17 61
76 84 87 1 5 57 99 48 29 16 32 29 76 59 20 22 24 69 83 61 63 86 69 6 76 49 64 62 58 55 84 40 75 12 73 68 53 83 50 13 48 58 90 53 57 10 70 16 75 54 1 90 96 48 28 71 94 76 96 56 4 34 92 71 83 12 21 83 81 95 51 26 2 63 65 74 13
18 2 64 21 72 21 83 57 56 39 46 70 66 75 8 66 6 41 10 34 83 34 86 17 4 39 23 58 22 13 10 33 1 11 69 57 90 20 60 15 74 67 99 45 65 60 92 48 16 36 11 47 35 9 17 67 39 54 10 99 20 22 8 98 79 3 28 49 27 93 13 5 50 51 11 91 24
69 99 63 13 89 83 88 60 58 10 87 27 43 43 86 62 67 5 8 44 32 74 13 83 16 12 92 46 62 79 39 38 55 45 92 35 10 48 86 71 79 58 67 63 39 82 81 29 91 25 65 39 33 47 47 4 69 90 6 5 25 27 42 12 54 10 81 98 22 12 20 32 11 43 22 90 55
83 12 6 58 1 48 57 87 39 51 59 99 27 14 36 14 31 73 63 44 67 67 16 19 4 34 19 41 91 46 67 22 11 37 29 25 5 97 39 5 65 99 81 82 17 81 4 11 55 19 29 63 16 37 42 41 22 81 49 46 6 65 29 77 38 27 92 64 67 75 69 8 14 14 93 79 3
27 94 99 69 73 82 24 50 13 66 13 67 96 26 92 27 41 62 81 51 50 76 36 70 46 78 40 51 8 17 16 47 71 24 92 83 34 31 53 68 10 18 47 2 56 54 97 49 21 94 58 87 17 1 15 97 13 86 58 72 80 21 36 6 85 52 2 54 60 42 23 2 73 47 98 25 90
20 68 17 68 78 7 3 39 56 64 53 34 77 7 45 25 89 65 26 89 77 86 59 42 38 35 5 90 14 71 68 99 8 15 75 76 35 33 66 10 91 86 12 59 42 99 76 77 41 67 93 92 46 4 74 22 9 63 33 87 99 11 11 38 6 45 80 47 3 19 79 28 19 39 32 57 58
22 13 51 9 36 8 22 23 36 27 29 75 10 17 60 81 45 8 91 2 98 14 28 11 63 3 21 13 57 47 82 56 36 21 83 59 49 86 54 41 34 7 60 47 43 28 49 99 58 14 50 5 80 77 58 27 39 19 76 80 36 46 19 99 9 64 89 5 93 14 23 11 1 5 54 83 66
12 52 95 76 43 31 50 74 22 66 20 99 58 98 4 47 70 36 95 21 19 80 94 57 52 27 56 75 62 13 99 92 92 78 5 34 45 30 14 67 92 86 96 18 7 98 98 40 38 42 54 55 46 88 51 94 23 60 31 99 85 82 73 26 46 95 44 40 40 15 25 80 70 41 67 21 58