947 1291
222 833
509 51
45 169
333 337
482 28
867 624
306 142
752 584
5 783
865 616
13 349
131 615
586 23
632 97
802 860
408 231
882 801
769 767
850 515
327 832
137 937
791 249
192 664
269 921
838 598
933 38
849 157
889 17
436 466
478 19
745 185
872 201
548 522
721 314
51 683
277 493
244 566
850 637
476 797
68 442
477 415
240 65
127 52
748 256
485 381
751 882
78 943
397 738
387 66
742 407
8 405
12 2
379 161
903 266
420 566
874 598
219 654
28 747
801 286
270 353
345 806
693 73
239 480
184 550
907 932
786 809
429 258
396 236
457 1
761 708
17 160
66 704
558 896
678 781
312 69
554 730
328 440
463 664
452 434
105 37
847 299
797 136
663 820
419 515
615 946
17 287
225 750
756 680
720 855
860 90
36 423
52 129
589 549
674 829
252 941
388 155
641 543
215 496
643 467
445 572
221 821
476 398
576 880
815 496
269 901
739 764
447 217
598 544
821 391
549 719
747 395
929 281
320 398
556 35
709 462
240 529
907 139
563 478
283 191
219 849
402 191
400 318
369 157
62 656
18 865
15 662
628 358
825 770
648 340
241 585
564 395
902 428
581 5
377 863
275 28
888 178
460 26
675 231
428 195
231 726
711 124
336 944
515 385
56 305
799 495
898 145
720 881
28 451
828 806
584 607
340 844
908 613
333 769
534 743
173 365
155 663
286 68
29 685
689 222
158 604
791 758
466 562
231 472
369 720
85 392
87 61
65 377
323 763
640 75
91 362
911 851
869 15
856 911
813 86
927 131
413 241
614 880
465 210
793 186
517 321
92 622
840 534
66 10
823 157
255 650
117 603
250 867
432 37
15 202
905 693
644 108
185 656
344 427
801 22
352 138
851 17
361 886
118 285
840 660
636 417
129 873
822 595
628 557
307 120
206 29
678 298
7 4
732 689
630 820
62 652
450 257
769 640
649 517
565 681
808 526
600 421
360 86
221 741
496 695
613 506
809 391
497 144
332 526
467 580
605 688
729 630
740 126
904 582
106 447
205 351
635 666
548 646
417 917
503 696
912 557
908 558
701 688
794 341
505 433
79 899
570 898
872 506
226 338
465 107
524 21
910 165
779 111
228 743
478 394
377 29
251 221
720 553
847 366
592 138
733 40
346 814
820 714
24 225
24 97
263 763
402 682
556 666
308 702
637 223
530 472
892 575
337 778
807 937
742 18
588 364
164 621
270 424
813 511
150 408
225 917
825 89
800 162
847 291
745 249
922 539
779 916
79 907
121 316
143 362
647 770
887 9
99 768
795 535
32 804
330 692
303 269
674 439
354 798
529 311
268 278
512 421
380 859
214 109
399 271
893 19
422 941
77 176
55 450
534 842
415 544
772 11
674 921
217 507
689 925
586 638
199 779
570 403
112 822
340 616
118 494
249 151
339 608
939 443
18 158
218 587
367 423
339 377
710 528
34 901
473 413
587 555
926 281
754 138
254 62
651 573
223 401
47 841
871 805
573 847
679 708
329 195
680 756
827 494
451 355
581 511
385 428
651 798
930 800
863 832
407 234
308 849
598 524
70 1
773 756
358 813
15 666
447 712
137 60
823 581
465 325
558 532
691 819
876 904
721 886
182 93
520 899
38 544
7 570
525 52
838 407
242 933
426 190
917 700
257 100
799 238
782 289
127 440
190 459
246 753
831 546
154 542
34 686
605 51
479 818
600 404
888 358
620 385
295 164
500 272
218 16
560 926
487 838
737 910
81 625
456 610
198 324
945 716
414 712
397 650
421 135
703 940
79 425
720 934
830 549
186 354
594 283
204 644
735 50
463 439
733 717
45 563
227 2
583 223
896 112
863 124
764 395
31 591
521 668
120 779
209 545
25 84
474 85
340 138
341 647
279 511
862 422
79 910
478 150
52 299
307 875
132 98
29 555
890 386
901 666
31 477
345 695
792 101
418 431
592 335
160 580
500 334
498 139
28 411
723 647
127 284
582 545
464 688
444 475
627 917
235 365
866 308
534 341
399 2
328 635
491 909
374 50
18 757
448 616
115 71
398 324
747 640
877 88
503 431
569 504
740 785
496 11
115 61
551 429
52 6
727 659
637 271
148 471
244 598
14 150
433 835
373 693
931 944
77 890
559 334
679 939
53 152
652 453
17 553
505 570
402 495
631 526
239 477
349 738
141 166
495 754
57 411
946 419
603 86
611 809
99 857
177 441
915 471
441 421
183 528
751 747
485 769
224 402
802 745
86 253
623 346
567 91
183 666
79 318
52 483
222 350
766 265
364 265
650 484
453 942
170 903
158 175
607 916
894 666
892 868
309 306
596 830
482 516
140 97
885 944
897 300
202 897
859 443
280 13
565 715
834 903
453 282
92 592
111 701
711 790
791 71
224 942
471 854
730 562
84 776
125 325
449 398
463 269
426 912
566 280
800 497
591 298
536 264
765 211
446 418
267 621
154 164
62 244
523 133
870 850
353 170
435 879
524 564
851 610
545 586
637 707
933 650
616 481
158 735
422 200
803 857
910 649
284 146
541 663
136 544
63 883
425 557
40 464
185 167
172 267
887 880
569 738
699 687
504 365
629 419
341 431
228 444
399 458
516 288
844 711
715 837
505 247
662 221
241 302
425 925
209 12
821 277
233 228
659 161
154 524
940 253
457 593
104 490
159 553
163 123
939 612
445 540
544 647
389 136
609 324
577 919
690 923
502 665
734 96
601 630
845 536
474 457
19 431
569 56
357 793
822 18
556 261
645 868
536 594
106 817
672 496
392 64
247 622
598 886
657 521
646 12
655 273
342 161
702 349
331 288
840 26
232 464
416 854
882 204
918 89
733 184
478 300
706 1
376 215
52 303
877 645
522 270
240 312
722 233
853 141
249 685
875 882
214 403
470 476
597 299
325 236
337 581
820 420
235 894
22 358
116 454
169 240
577 917
186 155
566 221
715 792
821 74
844 637
276 104
129 678
107 942
92 712
624 879
139 820
768 207
433 288
308 52
937 578
208 321
657 300
574 171
28 289
150 79
713 461
802 341
768 827
775 631
711 866
424 504
801 103
250 486
499 609
649 898
89 96
180 194
451 764
538 455
259 43
436 939
746 352
266 831
874 67
723 433
332 756
575 203
331 828
356 309
453 96
354 776
25 348
365 574
90 874
829 669
335 668
373 733
307 568
772 301
82 259
487 424
858 37
508 654
663 49
167 64
589 928
563 825
726 490
589 185
64 531
630 881
872 814
498 372
80 497
439 675
222 540
297 193
719 66
639 34
351 825
20 947
112 31
855 638
770 109
880 102
278 293
433 130
197 924
508 114
637 81
480 914
562 899
773 78
582 469
239 654
435 836
819 63
129 889
358 604
777 654
776 199
608 619
87 909
565 183
576 68
799 435
347 657
437 580
774 395
31 470
452 931
705 518
508 247
730 433
150 454
457 6
730 493
449 480
179 869
296 925
841 161
181 840
314 710
162 50
507 521
318 313
457 359
94 423
422 281
576 8
245 166
563 284
634 836
897 460
505 802
103 649
387 401
376 44
356 568
209 163
890 242
592 782
42 450
283 234
426 288
242 67
720 244
443 318
791 881
232 111
53 184
320 192
489 858
604 310
945 897
637 613
621 713
495 585
514 435
449 937
517 837
105 185
908 564
750 806
367 206
302 428
475 397
209 583
38 534
699 367
439 436
895 130
353 748
165 171
267 513
436 255
383 165
909 528
671 744
54 918
491 431
700 613
773 172
254 895
323 854
908 728
191 70
634 793
451 618
751 378
266 87
49 917
740 919
657 596
537 251
707 44
44 931
218 912
141 622
478 790
843 17
194 844
327 207
925 64
838 397
663 927
444 630
106 784
688 453
201 120
525 304
808 190
176 349
232 61
398 127
305 927
167 331
857 406
25 657
881 334
347 209
844 787
475 782
799 756
75 806
559 56
45 493
708 167
34 162
924 505
20 896
527 305
677 521
685 604
578 530
507 77
941 578
574 773
599 635
894 203
289 538
800 729
863 364
567 801
680 836
850 387
245 240
593 267
628 279
253 871
207 768
136 28
836 30
345 726
65 314
403 423
317 177
938 439
819 638
478 425
625 498
844 534
179 639
804 623
896 356
440 275
212 33
937 854
820 355
679 393
899 834
242 407
370 655
864 423
327 552
711 349
557 734
551 631
652 844
447 376
942 529
823 341
103 516
80 9
271 618
72 926
733 529
95 590
743 46
438 634
424 884
46 103
487 336
919 772
134 11
208 240
369 842
719 99
669 340
304 832
669 332
896 466
907 5
459 353
793 140
638 25
727 74
768 322
474 538
797 501
469 520
346 535
773 204
895 307
946 838
621 176
894 603
284 379
237 645
39 731
375 763
355 880
566 186
463 419
690 388
866 494
841 605
710 839
377 366
947 750
905 781
460 918
229 83
497 199
306 797
781 620
63 914
287 608
207 44
761 613
656 71
798 721
307 619
217 60
410 13
502 342
523 832
347 917
406 296
69 338
683 115
536 295
764 368
770 447
763 341
195 341
199 644
265 539
645 60
316 470
479 930
750 740
447 555
724 505
147 64
551 148
771 219
453 140
355 894
327 282
401 271
324 30
782 200
217 152
660 406
422 879
263 919
830 389
783 541
130 699
193 96
132 164
448 830
508 902
383 43
263 18
429 841
204 701
561 299
460 938
81 654
20 307
565 94
173 245
309 858
204 481
789 158
856 353
118 617
412 929
526 432
535 247
67 158
265 940
224 888
631 466
510 525
896 249
322 478
285 449
436 201
836 647
598 389
762 526
291 852
444 370
123 890
402 420
470 723
52 283
46 202
823 495
688 588
528 263
447 277
177 834
632 88
461 194
431 551
820 496
62 62
233 47
785 170
508 775
405 802
567 367
589 61
76 905
544 853
172 258
719 256
264 596
186 947
923 454
777 920
849 547
248 238
191 284
606 752
516 504
722 721
80 361
455 326
336 475
42 209
68 411
854 255
165 27
472 794
623 378
789 104
907 534
472 396
322 600
48 702
205 279
358 277
448 597
741 48
247 915
828 743
807 436
196 788
399 458
651 688
911 83
815 494
161 816
561 620
542 449
709 459
789 729
220 299
379 834
125 20
207 527
361 522
328 681
334 383
411 4
683 495
177 568
851 381
703 58
833 537
61 512
691 197
824 929
93 672
385 502
94 468
620 807
375 671
923 109
22 769
605 880
169 633
65 80
202 87
774 454
542 15
239 760
151 180
261 848
653 857
364 572
73 853
341 293
802 889
765 87
561 928
852 106
56 683
301 410
553 800
916 721
74 686
113 817
406 33
869 45
41 611
946 353
897 226
301 25
263 532
443 265
432 877
12 794
107 416
34 55
350 803
543 449
427 466
10 749
920 881
520 810
168 40
433 42
431 781
118 107
664 761
935 249
349 205
776 102
157 81
167 482
277 205
416 829
668 52
933 255
756 186
833 263
194 640
35 741
505 77
196 280
641 753
778 294
546 611
346 356
631 867
41 558
741 850
420 83
529 271
871 19
687 272
192 743
286 159
604 577
558 769
313 943
417 244
53 527
147 569
526 334
904 532
514 415
654 796
505 686
656 689
284 760
491 419
214 767
281 123
70 665
141 828
739 184
393 296
637 78
11 270
670 880
268 585
753 137
114 816
378 673
571 562
63 894
229 396
279 377
806 308
215 409
24 397
455 216
884 150
840 330
838 472
625 147
712 258
733 32
259 201
545 361
727 695
611 659
403 162
189 61
179 120
421 710
302 598
60 551
607 945
735 844
916 717
398 212
932 771
511 189
943 766
517 822
131 660
62 716
174 627
290 399
522 479
733 538
