80 40 100 68
6 9 31
46 29 60
74 10 51
60 77 9
32 65 38
13 76 2
73 47 9
34 5 63
48 34 40
3 42 28
62 29 83
20 6 94
80 60 55
52 28 79
19 46 0
15 77 79
39 49 46
30 28 45
70 55 8
54 29 41
53 4 26
40 14 24
60 21 63
15 28 13
32 3 52
51 52 27
56 6 10
64 57 44
44 26 49
67 50 15
77 56 98
11 17 98
61 39 93
35 54 99
38 43 58
36 74 91
38 65 8
80 52 98
79 73 50
54 63 82
1 2 78
2 3 86
3 4 35
4 5 35
5 6 76
6 7 79
7 8 7
8 9 90
9 10 3
10 11 36
11 12 14
12 13 43
13 14 87
14 15 12
15 16 57
16 17 9
17 18 87
18 19 5
19 20 97
20 21 17
21 22 66
22 23 16
23 24 63
24 25 0
25 26 22
26 27 68
27 28 4
28 29 27
29 30 19
30 31 74
31 32 67
32 33 100
33 34 35
34 35 49
35 36 99
36 37 47
37 38 8
38 39 54
39 40 37
40 41 49
41 42 18
42 43 22
43 44 28
44 45 99
45 46 13
46 47 59
47 48 93
48 49 16
49 50 36
50 51 67
51 52 32
52 53 52
53 54 72
54 55 84
55 56 76
56 57 84
57 58 6
58 59 76
59 60 73
60 61 47
61 62 72
62 63 77
63 64 91
64 65 44
65 66 65
66 67 0
67 68 66
68 69 65
69 70 5
70 71 76
71 72 67
72 73 79
73 74 35
74 75 35
75 76 22
76 77 80
77 78 78
78 79 95
79 80 31
80 1 60
36 29 11
66 59 99
9 42 66
27 73 68
47 77 71
39 31 58
43 20 90
52 45 74
18 21 42
47 46 33
79 21 49
50 48 80
35 64 39
61 10 59
34 23 4
27 40 97
65 69 11
24 5 65
33 34 24
70 36 77
17 11 9
73 73 1 36 72 29 72 24 42