1000
0 -1 -35
1 0 -35
2 0 -46
3 1 -40
9 1 -89
4 2 -70
7 2 -51
12 3 -86
228 3 -38
5 4 -62
49 4 -63
6 5 -69
139 5 -40
13 6 -56
21 6 -31
8 7 -56
52 7 -96
11 8 -40
151 8 -42
10 9 -51
39 9 -83
19 10 -62
42 10 -95
14 11 -97
33 11 -34
16 12 -73
66 12 -40
15 13 -77
29 13 -54
17 14 -74
36 14 -85
28 15 -53
88 15 -49
20 16 -67
93 16 -97
18 17 -46
26 17 -60
30 18 -38
103 18 -62
31 19 -42
622 19 -45
24 20 -84
94 20 -87
22 21 -97
108 21 -84
23 22 -35
64 22 -70
25 23 -44
181 23 -33
27 24 -59
43 24 -56
48 25 -62
168 25 -95
32 26 -55
34 26 -42
63 27 -69
97 27 -62
47 28 -93
77 28 -57
362 29 -99
497 29 -67
35 30 -91
82 30 -36
38 31 -60
40 31 -38
89 32 -90
329 32 -87
71 33 -53
102 33 -60
41 34 -88
50 34 -30
59 35 -59
213 35 -63
37 36 -49
67 36 -56
135 37 -47
564 37 -95
45 38 -100
83 38 -86
58 39 -100
342 39 -44
92 40 -87
256 40 -95
44 41 -83
629 41 -68
106 42 -40
227 42 -41
131 43 -98
450 43 -73
112 44 -32
46 45 -88
156 45 -47
53 46 -42
85 46 -42
54 47 -69
132 47 -83
55 48 -55
56 48 -70
100 49 -36
297 49 -92
51 50 -90
98 50 -64
57 51 -85
87 51 -93
65 52 -91
123 52 -84
113 53 -46
147 53 -68
445 54 -61
598 54 -55
118 55 -92
377 55 -50
60 56 -55
154 56 -58
128 57 -93
212 57 -39
68 58 -41
178 58 -91
69 59 -64
179 59 -86
61 60 -67
124 60 -79
62 61 -75
436 61 -57
70 62 -94
240 62 -42
281 63 -85
472 63 -84
78 64 -85
173 64 -57
127 65 -97
145 65 -99
73 66 -91
79 66 -54
81 67 -42
163 67 -49
72 68 -64
114 68 -93
74 69 -79
338 69 -47
101 70 -50
285 70 -31
96 71 -66
189 71 -41
117 72 -90
561 72 -96
76 73 -43
385 73 -87
75 74 -95
695 74 -79
104 75 -47
129 75 -79
80 76 -81
860 76 -86
86 77 -30
269 77 -38
354 78 -37
90 79 -89
426 79 -90
84 80 -83
119 80 -57
99 81 -74
122 81 -62
225 82 -57
263 82 -52
232 83 -61
271 83 -59
95 85 -96
107 85 -31
91 86 -89
121 87 -33
136 87 -60
125 88 -84
644 88 -50
116 89 -41
209 89 -43
142 90 -71
684 90 -62
111 91 -71
248 92 -37
735 92 -92
138 93 -92
723 93 -76
180 94 -49
280 94 -39
120 95 -54
264 95 -67
222 96 -54
295 96 -93
208 97 -30
236 97 -82
105 98 -79
454 98 -95
152 99 -83
286 99 -83
171 100 -33
314 100 -75
144 101 -38
166 101 -99
199 102 -78
239 102 -48
276 103 -85
186 104 -30
321 104 -82
164 105 -95
187 105 -74
110 106 -33
109 107 -37
326 107 -87
130 108 -66
134 109 -89
373 110 -83
563 110 -72
115 111 -59
190 111 -40
174 112 -56
176 112 -98
126 113 -33
211 113 -34
137 114 -74
229 115 -53
265 115 -68
140 116 -30
167 116 -99
146 117 -66
763 117 -68
148 118 -70
430 118 -68
215 119 -96
273 119 -47
157 120 -78
323 120 -85
141 121 -37
159 122 -40
205 122 -76
153 123 -42
252 123 -90
284 124 -96
665 124 -82
175 125 -92
427 125 -54
162 126 -76
376 126 -97
195 127 -32
303 127 -69
206 129 -77
366 129 -51
133 130 -94
143 130 -64
165 131 -56
691 131 -97
204 132 -31
509 132 -68
150 133 -57
274 133 -35
244 134 -90
433 134 -33
149 135 -89
196 135 -56
839 137 -83
316 138 -93
421 138 -73
812 139 -85
828 139 -89
220 140 -52
582 140 -46
299 142 -74
247 143 -92
559 143 -57
155 144 -49
223 144 -57
391 145 -34
367 146 -31
592 146 -36
158 147 -69
172 147 -48
353 148 -72
885 148 -43
217 149 -77
809 149 -90
161 150 -90
170 150 -90
191 151 -76
214 152 -53
705 152 -61
207 153 -99
310 153 -51
712 154 -36
728 154 -70
160 155 -77
704 155 -69
169 156 -90
201 156 -78
267 157 -83
715 157 -46
512 159 -75
188 160 -33
259 161 -49
698 161 -40
185 162 -81
184 163 -100
192 163 -52
242 164 -81
246 165 -57
379 166 -63
494 166 -35
210 167 -43
202 168 -67
255 168 -87
317 169 -61
375 169 -30
292 170 -97
387 170 -90
632 171 -64
840 171 -86
177 172 -62
183 172 -77
437 173 -39
203 174 -58
224 174 -61
194 175 -79
778 176 -71
319 177 -89
751 177 -41
336 178 -64
501 178 -93
250 179 -32
277 180 -37
688 180 -62
182 181 -86
197 181 -91
425 182 -61
666 182 -78
438 183 -42
463 183 -77
221 184 -45
689 184 -97
278 186 -72
442 186 -40
270 187 -57
309 187 -98
198 188 -56
683 188 -59
322 189 -64
846 189 -49
193 190 -45
268 190 -83
200 191 -40
489 191 -30
251 192 -44
216 193 -62
219 194 -37
621 194 -93
347 195 -88
552 195 -85
386 196 -97
396 196 -67
466 197 -77
609 197 -60
231 198 -94
384 198 -98
339 199 -55
249 200 -100
290 201 -98
420 201 -47
275 202 -67
241 203 -55
805 204 -55
515 205 -39
714 205 -82
243 206 -79
359 206 -73
266 207 -88
226 208 -50
409 208 -76
235 209 -67
238 210 -95
261 210 -53
482 211 -49
282 212 -45
493 213 -45
795 213 -54
403 214 -41
459 214 -63
233 215 -100
301 215 -63
245 216 -56
218 217 -50
262 217 -90
432 218 -61
535 219 -90
294 220 -72
549 220 -75
320 221 -33
479 221 -86
573 222 -84
230 223 -70
694 223 -84
260 224 -47
254 225 -42
490 225 -71
412 226 -83
257 227 -82
993 227 -37
258 228 -79
530 228 -62
306 229 -39
458 229 -40
352 230 -87
401 230 -51
311 231 -41
291 232 -98
315 232 -100
234 233 -40
914 233 -47
374 234 -71
446 234 -87
313 235 -98
471 235 -39
237 236 -89
287 236 -83
308 237 -44
624 237 -91
441 238 -95
539 238 -71
424 239 -73
304 240 -45
328 240 -48
467 242 -58
504 242 -64
324 243 -94
645 243 -69
492 244 -41
289 245 -94
544 245 -52
868 246 -72
327 247 -98
298 248 -60
337 248 -59
272 249 -58
460 249 -75
288 251 -43
312 251 -54
253 252 -53
475 252 -50
283 253 -50
350 254 -71
368 254 -76
302 255 -91
619 255 -77
662 256 -72
356 257 -56
866 257 -39
331 258 -97
413 258 -57
480 259 -47
830 259 -46
300 260 -69
895 261 -97
307 263 -63
411 263 -34
962 264 -57
330 266 -76
461 267 -61
660 267 -33
399 268 -79
849 268 -79
580 270 -56
661 270 -30
538 271 -42
370 272 -58
829 273 -96
397 274 -78
293 275 -92
756 275 -72
296 276 -73
597 276 -92
344 277 -32
279 278 -31
851 278 -36
325 279 -86
382 280 -68
462 281 -93
908 281 -56
345 282 -57
553 282 -66
819 283 -80
415 284 -51
943 284 -71
692 285 -54
526 286 -77
500 287 -87
630 288 -39
348 289 -40
351 290 -72
371 290 -72
335 291 -86
511 291 -34
648 292 -71
548 293 -88
655 293 -54
333 294 -82
357 295 -57
402 295 -60
477 296 -54
651 296 -49
305 297 -92
429 297 -74
334 298 -44
551 298 -52
595 299 -55
905 299 -37
318 300 -98
591 301 -77
470 302 -57
491 302 -56
926 303 -47
439 304 -45
487 304 -35
395 305 -49
428 305 -57
892 307 -33
381 308 -98
973 308 -41
523 309 -54
566 309 -96
372 310 -86
495 310 -43
435 311 -72
826 311 -49
365 312 -68
358 313 -75
909 314 -81
652 315 -90
670 316 -90
818 316 -65
343 317 -86
390 318 -39
410 318 -52
775 320 -96
332 321 -54
451 321 -78
434 322 -35
393 323 -73
520 323 -98
474 324 -86
389 325 -60
453 325 -35
364 326 -69
834 327 -58
341 328 -62
361 328 -36
340 329 -44
565 329 -43
355 330 -82
724 330 -93
405 331 -37
465 332 -62
380 333 -57
416 334 -37
628 335 -32
346 336 -53
360 336 -64
406 337 -86
378 338 -77
392 338 -66
886 339 -87
349 341 -57
601 342 -71
419 343 -100
586 344 -78
634 344 -90
510 345 -91
685 345 -90
760 346 -67
825 346 -81
527 347 -99
524 349 -97
363 351 -91
407 351 -35
464 352 -93
687 352 -37
945 353 -63
476 355 -76
616 356 -68
388 357 -100
550 358 -78
369 359 -35
928 359 -45
414 360 -100
784 361 -90
854 361 -96
444 362 -51
502 362 -35
408 363 -48
519 363 -47
398 364 -31
478 364 -84
440 365 -99
671 365 -83
383 366 -74
423 366 -30
514 367 -64
422 368 -31
782 368 -95
663 369 -53
540 370 -57
498 371 -41
845 371 -72
823 372 -96
640 373 -66
946 374 -93
517 375 -50
969 375 -50
488 377 -100
532 378 -52
394 379 -96
578 380 -83
525 381 -67
455 382 -44
729 383 -72
483 384 -98
417 385 -73
507 386 -99
485 387 -85
400 388 -65
404 388 -58
457 390 -61
637 390 -61
891 391 -82
913 391 -55
669 392 -81
528 393 -85
556 393 -49
431 394 -50
506 394 -82
739 395 -35
631 396 -81
499 397 -86
521 398 -48
697 400 -89
673 402 -41
496 403 -100
675 403 -71
646 404 -56
779 405 -86
918 405 -44
783 406 -59
418 407 -41
590 408 -43
855 409 -68
579 411 -64
452 415 -51
575 416 -62
755 416 -71
447 417 -50
611 417 -35
547 418 -63
806 419 -95
836 420 -34
958 422 -40
610 423 -57
867 423 -98
710 424 -97
531 425 -33
594 425 -57
668 429 -99
741 430 -70
876 430 -76
473 431 -40
518 431 -65
810 433 -85
469 434 -71
448 435 -46
576 435 -88
916 436 -73
879 437 -74
848 439 -81
443 440 -80
468 442 -95
681 442 -34
911 443 -66
516 445 -61
571 446 -79
923 446 -89
618 447 -91
772 447 -31
449 448 -57
560 449 -55
988 449 -58
558 450 -33
965 450 -100
484 451 -91
641 452 -52
456 453 -50
788 454 -50
545 455 -81
617 455 -81
577 456 -30
791 456 -43
659 457 -51
707 457 -58
797 458 -93
811 460 -62
989 460 -37
522 461 -93
639 462 -41
555 463 -30
481 465 -70
554 466 -85
593 467 -94
748 467 -75
589 469 -82
486 470 -97
721 470 -68
581 471 -98
650 471 -75
557 472 -35
793 473 -75
562 474 -42
602 474 -84
761 475 -41
614 477 -31
620 478 -57
985 479 -55
776 480 -35
543 481 -39
832 481 -45
505 482 -96
719 483 -100
534 484 -89
574 485 -69
754 485 -46
880 486 -85
635 487 -73
862 487 -73
713 488 -58
746 488 -74
889 489 -71
708 490 -83
643 491 -55
682 491 -45
884 492 -33
736 493 -37
603 494 -50
508 495 -56
503 496 -53
803 496 -56
608 497 -49
727 497 -53
569 498 -49
657 498 -64
604 499 -31
979 500 -71
513 501 -51
982 501 -77
529 502 -76
725 503 -75
612 504 -56
541 505 -89
815 506 -83
587 508 -43
915 509 -34
814 510 -76
599 513 -37
633 514 -32
919 514 -87
615 515 -37
642 517 -60
944 518 -74
583 520 -72
780 522 -96
957 522 -59
537 523 -69
607 524 -78
768 524 -41
536 528 -70
711 529 -42
831 529 -90
677 530 -79
930 531 -36
533 532 -38
702 532 -91
995 533 -49
542 534 -90
546 534 -57
568 535 -62
921 535 -76
777 536 -80
672 537 -100
759 539 -30
938 539 -71
898 541 -81
567 542 -32
613 544 -98
852 545 -42
638 546 -91
625 547 -56
941 549 -86
605 550 -65
981 551 -49
588 552 -49
716 552 -32
807 553 -58
585 555 -47
949 555 -44
626 557 -53
570 561 -94
572 561 -87
770 562 -76
596 563 -67
951 564 -86
693 566 -50
584 568 -75
722 568 -98
726 569 -95
816 569 -51
606 570 -93
935 570 -76
706 576 -58
690 577 -54
700 577 -44
907 578 -43
703 579 -57
733 579 -45
878 580 -34
901 580 -80
658 581 -85
861 582 -47
800 583 -93
843 584 -72
838 585 -79
701 586 -79
737 586 -55
968 587 -55
600 588 -89
752 590 -37
864 590 -52
749 591 -62
680 592 -39
649 594 -88
623 595 -71
948 595 -35
764 597 -87
796 601 -57
833 602 -70
887 602 -81
827 603 -60
653 604 -59
627 605 -46
824 605 -38
656 607 -41
789 610 -34
856 611 -68
929 613 -62
674 614 -67
636 617 -48
679 620 -57
781 621 -36
678 622 -48
850 625 -33
939 626 -50
699 627 -33
853 628 -36
647 629 -35
718 630 -82
983 631 -97
757 634 -33
952 634 -54
875 635 -75
882 635 -79
740 637 -72
841 638 -55
925 641 -98
676 642 -93
786 642 -61
654 643 -42
696 644 -98
920 644 -54
835 645 -33
730 646 -93
753 647 -51
847 648 -34
762 649 -46
964 650 -31
999 650 -81
792 651 -93
664 654 -59
774 656 -55
801 657 -96
987 657 -52
871 659 -51
667 664 -72
731 665 -48
771 665 -64
686 668 -68
822 669 -93
758 670 -36
709 672 -30
953 673 -53
717 680 -92
734 682 -56
936 683 -81
997 685 -83
872 686 -58
744 690 -62
808 691 -48
986 691 -67
732 692 -61
869 693 -92
767 697 -42
750 699 -70
837 699 -63
743 701 -73
873 702 -94
769 703 -90
924 704 -76
955 705 -40
877 706 -78
813 707 -95
738 708 -74
720 713 -97
802 717 -66
900 718 -95
904 720 -87
742 722 -81
975 723 -95
747 724 -41
790 724 -57
798 727 -70
859 727 -83
940 731 -42
745 733 -84
865 734 -30
870 734 -51
931 736 -70
787 741 -43
902 742 -99
765 745 -77
977 749 -46
794 751 -30
766 754 -65
773 754 -72
863 756 -57
799 760 -56
857 766 -47
897 766 -30
961 772 -43
785 775 -71
820 776 -42
821 777 -73
842 778 -76
804 780 -81
858 781 -52
991 783 -95
888 788 -61
942 790 -69
883 798 -41
890 809 -82
817 810 -78
893 811 -50
966 811 -32
874 817 -63
912 818 -37
970 826 -62
881 829 -62
960 830 -59
844 834 -97
992 834 -81
932 835 -36
917 837 -53
976 840 -70
972 843 -53
922 847 -68
956 848 -48
894 850 -45
984 851 -37
967 856 -81
903 861 -53
906 861 -78
896 890 -42
933 890 -83
910 891 -67
899 894 -98
994 895 -62
954 899 -52
937 901 -31
934 903 -83
990 905 -72
927 909 -81
978 910 -71
980 913 -74
947 915 -54
959 918 -43
963 921 -91
974 925 -76
998 929 -71
950 936 -44
971 938 -47
996 945 -93
