800
32 156
13 243
220 556
540 743
684 747
237 702
73 189
412 732
44 369
308 435
153 269
31 682
340 346
11 414
449 548
102 653
28 178
76 647
360 391
408 797
21 132
54 495
129 558
3 63
4 57
294 659
203 690
619 626
65 152
25 203
28 728
416 469
30 177
123 411
109 192
91 663
171 725
148 528
39 322
108 485
163 360
141 266
29 150
138 510
204 461
486 668
96 282
150 215
185 758
5 83
2 5
64 688
550 679
28 115
9 624
252 564
7 27
271 611
24 776
681 773
89 228
205 638
34 298
128 239
451 737
497 708
1 164
116 628
324 432
153 338
231 319
99 300
216 577
95 471
104 110
565 631
307 309
248 429
438 490
295 370
246 729
341 741
88 627
99 655
9 114
555 684
290 493
77 363
177 395
261 394
20 446
86 101
53 58
38 707
29 470
510 544
50 53
59 520
188 673
19 24
501 645
47 599
15 124
415 500
1 3
233 331
146 212
498 621
426 799
118 608
52 69
34 71
76 750
44 51
157 538
418 754
290 314
88 274
19 22
112 238
2 225
306 390
400 466
227 604
30 540
104 122
322 609
266 487
349 766
31 43
436 692
475 768
183 241
254 589
56 62
66 710
4 120
312 313
215 354
190 575
161 277
470 514
7 329
20 145
69 248
477 686
261 771
167 649
73 511
295 749
94 380
56 460
115 407
20 96
55 464
175 396
472 689
674 712
13 205
4 30
341 620
83 105
136 161
13 25
7 8
213 658
61 347
385 755
12 21
55 552
41 55
70 726
45 253
488 696
574 706
31 109
28 70
86 325
522 753
65 167
9 68
375 450
107 289
277 308
303 738
208 323
133 251
384 716
243 245
268 401
440 474
72 121
131 399
755 765
159 430
153 656
29 304
212 368
123 233
318 547
254 287
124 441
2 39
377 437
31 417
17 65
68 207
214 218
16 709
560 694
297 496
284 512
49 126
224 427
37 415
41 348
104 180
72 250
28 52
269 524
31 601
161 482
113 316
207 698
402 519
312 736
155 201
285 786
236 731
24 45
70 590
63 74
421 717
70 139
220 425
624 666
584 585
3 99
131 416
593 665
10 382
363 478
188 362
613 619
505 579
62 507
211 421
22 113
222 733
319 456
58 153
48 87
94 193
70 272
38 208
297 671
299 307
427 436
132 306
119 381
79 292
66 133
267 447
33 44
194 197
174 704
144 489
132 295
635 772
137 260
21 680
218 422
100 252
122 191
332 405
261 283
296 473
449 583
221 751
335 782
156 584
154 332
245 258
89 542
347 513
188 718
107 275
2 15
65 587
171 404
211 643
313 781
359 662
657 669
560 742
376 568
28 138
39 567
393 499
322 527
350 388
80 353
6 13
177 492
396 723
494 730
571 792
13 634
116 264
107 788
25 397
507 775
54 79
617 711
145 767
217 614
22 54
225 721
184 479
13 800
436 534
22 724
390 522
83 148
153 523
46 155
231 261
241 246
299 582
109 181
114 278
211 455
68 285
282 719
213 517
107 550
96 147
252 356
18 20
690 793
78 230
141 448
116 210
52 219
102 108
246 294
487 545
129 229
146 555
567 625
43 344
161 162
175 267
245 263
4 10
17 100
182 190
743 759
4 18
624 641
517 746
8 38
24 29
185 546
2 184
58 290
378 764
317 484
144 195
198 501
105 142
27 418
24 78
59 785
320 505
353 531
17 36
311 459
214 605
605 748
521 533
85 383
10 182
363 452
177 622
51 265
106 137
41 47
137 259
95 494
5 80
45 86
144 286
362 541
50 302
379 393
432 591
684 761
204 426
20 151
33 465
19 50
116 223
363 720
221 508
83 202
4 12
37 158
15 59
281 486
36 270
340 757
520 735
251 463
498 664
37 95
341 468
75 90
67 82
74 130
15 237
5 9
20 687
94 187
292 296
274 516
49 94
46 284
218 439
116 216
31 49
84 301
438 580
521 794
179 458
612 661
120 186
355 359
326 361
177 196
188 268
473 791
37 98
171 635
5 7
64 163
263 402
158 472
247 434
239 334
25 700
332 578
183 279
212 336
14 118
573 678
165 234
446 660
130 236
69 117
200 596
350 606
165 695
15 327
49 350
45 227
86 209
404 424
91 537
102 699
19 125
440 610
18 85
123 553
174 312
25 247
631 705
401 419
12 37
169 677
297 594
127 703
314 345
705 744
58 358
448 573
28 588
22 131
318 557
11 14
210 317
122 530
8 91
43 84
7 576
213 525
235 652
394 444
170 713
223 442
26 89
137 271
43 199
69 339
311 480
423 443
161 168
353 560
62 386
94 337
334 613
341 445
90 640
1 6
20 262
86 119
576 593
105 106
176 752
580 616
301 357
177 188
57 134
101 149
12 16
338 774
87 297
777 779
120 403
68 232
78 157
203 727
128 315
7 475
5 33
266 789
84 642
232 235
258 502
125 328
492 636
528 685
6 366
6 77
70 654
108 320
67 420
136 521
453 603
739 770
499 559
92 410
15 26
95 103
53 371
388 756
25 40
200 257
79 355
131 170
374 454
551 657
39 41
151 784
242 675
100 491
441 449
208 224
516 518
279 389
433 762
60 111
328 387
258 617
271 632
159 623
241 341
11 66
74 173
368 569
299 650
515 551
530 561
558 571
250 440
5 46
262 581
254 378
1 299
111 140
355 431
139 204
83 249
221 222
10 76
374 409
34 385
433 481
43 457
41 48
303 506
224 778
62 81
7 144
192 646
32 291
13 376
236 374
391 795
221 413
118 321
1 254
359 566
164 630
609 715
103 107
34 72
123 160
169 172
401 760
215 311
82 438
106 185
48 61
169 745
63 102
105 305
115 244
578 633
168 324
37 73
24 293
448 600
31 714
207 563
132 739
310 607
57 97
65 75
30 35
5 412
127 176
253 602
56 428
45 200
548 670
655 780
18 318
210 375
92 217
185 242
30 34
12 67
27 451
75 213
187 467
9 112
44 349
299 377
396 483
96 597
355 526
228 310
655 769
430 676
148 183
413 701
31 123
162 400
248 691
157 220
98 226
358 592
239 406
15 651
201 477
36 214
189 398
232 476
299 365
13 179
139 351
98 174
58 787
26 372
371 379
7 303
137 574
1 2
261 790
191 763
71 364
545 554
222 276
67 273
70 644
382 433
164 165
130 595
4 639
343 598
205 255
396 570
43 342
215 335
10 31
42 221
109 667
394 529
145 648
99 672
21 56
44 423
139 143
66 198
145 169
73 135
163 408
29 116
39 777
258 343
91 93
673 697
66 129
310 618
51 92
135 453
1 681
12 60
47 136
109 240
421 722
61 498
623 798
278 281
130 256
68 515
573 637
319 503
323 532
744 783
421 488
474 586
347 462
32 141
479 674
203 231
459 543
233 539
21 392
555 629
9 23
215 612
4 19
468 549
251 497
44 572
29 166
5 17
418 535
90 288
160 615
1 11
78 504
254 509
387 562
16 28
10 128
655 683
120 330
201 536
96 333
26 280
92 206
44 373
23 159
109 146
9 42
31 32
55 154
6 88
125 127
156 367
210 565
163 194
467 693
41 64
160 796
2 4
140 211
181 340
1 104
249 384
667 734
51 740
164 171
284 326
311 352
152 175
0 0 0 1 0 1 0 0 1 1 1 1 0 1 0 1 0 0 1 1 0 0 1 1 0 0 0 1 0 1 1 0 0 0 0 0 0 0 0 0 0 0 1 0 1 0 0 1 0 1 0 0 0 1 0 1 1 1 1 1 0 1 1 1 0 0 0 0 1 1 1 0 1 0 0 1 0 1 0 1 1 1 1 1 1 0 0 1 1 0 1 1 1 0 0 1 0 0 0 0 0 1 0 0 0 1 0 1 1 1 0 1 1 0 0 1 1 0 1 1 0 1 1 1 0 0 0 1 1 0 0 0 0 1 1 1 1 0 0 0 1 1 0 0 1 1 0 1 1 0 0 1 1 0 0 1 1 1 1 0 0 0 1 0 1 0 0 1 1 0 1 1 0 0 1 0 0 1 1 0 1 0 0 1 0 1 0 1 1 0 1 0 1 1 1 1 0 0 0 1 0 0 1 0 1 0 1 0 0 0 0 0 0 0 1 1 1 1 1 1 1 1 1 0 1 1 1 0 0 0 0 0 1 0 1 1 1 1 0 0 1 1 0 0 0 1 0 1 1 1 0 0 0 0 1 0 0 1 0 0 1 1 0 1 1 1 1 0 0 1 0 0 1 1 0 1 1 1 0 1 0 0 0 0 1 0 1 1 0 1 0 1 0 1 1 1 1 1 0 1 0 0 0 1 1 0 0 1 0 1 1 0 1 1 1 0 0 0 0 0 0 0 0 1 0 0 0 1 1 0 1 1 0 0 1 0 1 1 1 1 1 1 1 1 1 1 0 0 1 0 1 0 1 0 1 0 0 1 1 0 0 0 0 1 1 1 1 0 1 0 1 0 0 0 0 0 1 0 1 0 0 0 0 1 1 0 0 1 1 1 0 1 0 1 1 1 0 0 0 0 1 1 1 0 1 0 1 0 1 1 1 1 1 1 0 0 0 1 1 1 0 1 0 1 1 0 0 1 0 1 0 1 0 0 1 1 0 0 0 0 1 1 0 1 0 1 0 0 1 0 0 0 1 1 1 0 1 1 0 1 0 1 1 1 0 0 1 1 1 0 0 0 0 1 0 0 1 0 0 1 0 1 0 0 1 0 1 0 0 0 1 1 1 1 0 1 0 0 1 1 1 1 1 0 1 0 1 0 1 0 1 0 0 0 0 1 0 1 0 0 0 0 1 0 0 1 1 0 1 1 0 0 0 0 1 1 1 0 1 1 1 1 1 1 1 0 1 0 0 0 0 1 1 0 1 1 1 1 0 0 0 1 0 1 1 1 1 0 1 0 1 1 0 0 1 0 0 0 0 0 0 0 0 0 0 1 0 0 1 0 1 1 1 0 0 0 0 1 0 0 0 1 1 1 1 0 0 0 1 0 0 0 0 0 0 0 0 0 0 1 0 1 1 0 1 1 0 1 0 1 1 1 0 1 1 1 0 0 1 1 1 1 1 1 1 1 0 1 0 1 0 0 1 0 0 0 0 0 1 0 1 1 0 0 1 0 1 1 1 1 0 1 1 1 1 1 0 0 1 1 1 1 1 0 1 1 1 1 1 0 0 1 1 1 0 0 0 1 1 1 0 0 1 0 0 1 0 0 1 1 0 0 1 0 1 1 0 1 1 0 1 1 1 1 1 0 0 1 0 1 1 0 0 1 0 1 1 0 1 1 1 1 0 1 0 1 0 1 0 0 0 0 1 1 0 1 1 1 0 0 1 1 1 0 1 1 1 1 0 1 1 1 0 1 0 1 1 1 1 1 1 0 0 1 0 1 0 1 0 0 0 1 1 1 1 0 1 1 0 1
0 0 0 0 0 0 0 1 0 1 0 0 1 0 0 1 0 0 1 0 1 0 0 0 0 0 0 0 0 0 0 1 1 0 1 1 1 0 1 1 1 0 1 1 1 0 0 0 1 0 1 0 1 0 1 1 1 0 1 1 1 0 0 1 0 1 1 1 0 1 1 0 0 1 0 1 1 1 0 1 1 1 0 1 0 1 0 0 0 0 0 1 0 1 1 1 0 1 0 1 0 0 1 1 1 1 0 0 0 0 1 1 0 0 0 1 0 0 1 0 0 1 1 0 0 1 1 0 0 1 0 1 0 1 0 1 1 1 0 0 1 0 1 1 1 0 1 0 0 1 1 0 0 1 0 1 0 0 1 1 1 0 0 0 1 1 0 0 0 0 0 0 1 1 1 1 0 1 1 1 0 0 0 1 0 0 1 1 0 0 1 0 0 1 0 0 1 1 0 1 1 1 0 1 1 1 0 0 0 1 1 1 0 0 0 0 0 0 1 1 1 0 0 1 0 0 1 0 0 0 0 1 1 0 1 1 0 1 1 0 0 0 0 1 0 1 0 1 1 1 1 1 0 1 1 0 1 1 0 0 1 0 0 0 1 1 1 1 0 1 1 1 0 1 1 0 1 0 0 1 1 0 0 1 1 0 0 1 0 1 0 0 1 1 0 0 1 1 0 1 0 1 0 0 0 0 0 1 1 0 0 0 0 1 1 0 0 0 1 1 0 0 0 0 0 0 1 0 0 1 0 0 0 0 0 0 1 0 0 0 1 1 1 0 0 1 1 1 1 1 1 0 0 1 0 1 0 0 1 1 0 1 1 0 0 0 0 1 0 0 0 1 0 0 1 0 0 0 0 0 1 1 1 1 1 1 0 1 0 1 1 0 0 1 0 0 1 1 0 1 0 0 1 1 0 1 0 0 1 0 0 1 1 1 1 0 0 1 1 1 1 0 0 0 0 0 1 1 0 0 0 0 0 0 1 1 1 1 1 1 1 1 0 1 1 1 1 1 1 0 0 0 1 0 0 0 1 0 0 0 0 0 1 1 1 0 0 0 1 0 0 0 0 1 0 1 0 0 1 0 0 0 0 1 0 0 1 1 0 1 1 0 0 0 1 1 1 0 1 0 1 1 1 0 0 1 0 1 1 1 1 0 0 1 0 1 1 0 0 1 1 1 0 1 0 0 0 1 0 0 1 0 1 0 1 1 0 0 0 0 1 0 1 0 0 1 0 1 0 0 1 0 1 1 1 0 0 1 1 0 1 0 0 0 1 1 0 1 1 0 1 1 1 0 0 0 1 1 0 1 1 1 0 1 0 1 0 1 0 0 0 1 0 1 1 0 1 0 0 0 0 1 1 1 0 0 0 0 0 1 0 1 1 1 1 0 0 0 1 0 1 0 1 0 1 1 1 1 0 1 0 1 0 1 1 1 0 0 0 1 1 0 1 1 1 0 1 0 0 0 1 0 1 0 1 1 1 0 1 1 0 1 1 0 1 0 1 0 1 1 0 0 0 1 1 1 0 0 0 1 0 0 1 0 0 1 1 0 1 0 0 0 0 1 1 0 1 0 1 1 1 1 0 0 0 1 0 0 0 0 1 1 0 1 1 1 1 0 0 1 1 1 0 0 0 1 1 0 1 1 1 0 1 1 1 1 1 1 1 1 0 1 0 1 1 0 1 0 0 0 1 0 0 1 1 1 0 0 0 0 1 1 0 0 0 0 0 1 1 0 0 0 0 0 1 0 0 1 1 1 0 0 1 1 0 1 0 0 0 1 0 1 1 1 1 1 0 0 1 1