4
16 24 45 22
0.27 -1.07 0.63 -0.20 -0.43 1.14 0.62 -0.65 1.10 -1.67 -0.38 0.89 -0.07 -0.82 -1.10 0.97 -1.74 -0.92 1.83 1.70 1.61 0.98 1.60 -1.65
-1.76 -1.89 1.37 -1.51 -1.27 0.83 -1.54 1.90 0.39 -1.10 1.09 -0.72 0.76 -1.29 1.67 -0.76 1.10 1.91 -1.06 0.16 1.89 1.85 -1.16 -1.03
1.39 -1.64 0.23 1.59 1.45 1.05 1.91 -0.08 0.89 -1.01 -0.92 1.47 1.73 -1.67 -1.40 -1.10 0.18 -0.29 0.54 -0.59 0.20 -1.59 -1.45 -1.61
0.26 0.12 0.45 1.82 -1.66 0.21 0.35 0.94 1.68 -0.90 1.24 0.44 1.49 -0.88 -1.16 -0.13 -0.04 -1.55 -1.02 -0.45 1.52 1.67 -1.82 1.92
-0.21 -0.95 1.17 -1.75 1.07 0.91 0.82 1.93 -1.46 -0.51 1.97 -0.12 -1.72 1.72 -1.75 -0.86 -0.14 1.85 1.06 0.14 1.23 0.68 -1.07 0.07
-0.91 -0.36 -0.40 -0.45 -0.50 1.56 -1.67 -1.80 1.20 -0.81 -1.79 -0.42 -1.21 1.09 -1.04 0.55 0.86 -1.33 -0.06 -0.11 -0.10 -0.41 0.67 -1.64
-1.70 1.67 1.09 1.44 0.92 0.77 -0.46 0.89 -0.27 0.46 -1.55 -1.45 -0.49 0.05 1.48 1.84 -0.57 -1.83 1.70 1.64 -0.25 1.64 1.19 -1.39
-0.52 -1.84 0.30 0.66 0.53 1.79 0.86 -0.97 -0.81 -0.46 0.74 -1.50 0.85 0.46 -1.75 1.43 1.36 1.01 -1.52 1.22 1.50 -0.73 0.28 -0.25
-0.44 -0.27 -1.74 0.86 -1.66 -0.82 -0.71 0.51 -0.98 -0.55 -0.39 -1.82 -0.55 -0.70 -1.95 1.26 -1.57 1.93 -1.84 0.23 1.41 -0.23 0.29 1.18
0.91 -1.80 -0.24 1.18 0.55 1.09 -1.42 1.51 -1.11 -1.73 -1.98 1.83 1.04 -0.63 -1.15 1.78 1.10 0.69 0.11 -0.73 1.69 -1.43 -1.16 -0.22
0.75 -0.47 -0.05 0.31 -0.51 -1.16 -1.34 1.25 0.69 0.05 0.10 1.73 0.90 -0.12 -1.24 -1.99 -0.79 -1.66 -0.54 -0.51 -1.72 1.39 -1.38 -1.31
1.30 -0.66 1.91 -1.49 -0.22 -1.15 -0.32 -0.07 -1.82 1.86 -1.86 0.80 0.61 0.54 -0.57 0.34 1.84 -1.35 -0.67 1.40 1.55 -1.54 1.72 -1.11
1.16 -1.06 1.04 -0.81 0.59 -0.61 1.03 0.49 -1.79 -0.40 1.52 1.07 -1.33 -0.86 1.48 1.91 -1.82 -1.85 1.09 -1.64 1.35 1.35 -1.83 1.25
-1.11 0.95 0.67 0.83 1.42 -1.89 -0.66 -0.74 1.40 -1.02 -0.87 -0.34 1.22 -1.62 -1.74 0.60 0.92 1.01 -0.23 -1.58 0.22 -1.58 -0.41 -0.78
-1.04 1.44 1.21 1.65 -0.93 1.36 -0.55 -0.05 1.32 1.37 1.04 -1.73 -0.86 0.10 -0.26 1.92 -1.78 1.19 1.81 -1.62 -1.43 0.52 -0.14 1.04
0.39 0.86 -1.11 0.19 -0.10 0.44 -0.90 0.33 -1.56 -1.03 -0.51 -0.08 -1.33 -1.49 -0.36 1.80 0.43 -1.64 1.97 1.54 1.49 1.59 -0.61 -1.31
1.03 1.37 0.72 -1.81 -0.33 0.07 -0.15 1.38 -0.06 0.10 1.24 0.59 -0.38 1.68 -1.00 1.79 -0.32 0.49 -0.53 -0.51 0.74 -0.44 0.98 -1.28 -0.12 -0.13 0.82 1.60 1.59 -0.26 0.92 0.53 -0.23 1.67 -1.13 -0.31 -1.75 1.29 0.84 1.78 -1.20 0.58 -1.22 -0.01 -0.10
1.44 -1.11 0.77 1.39 -0.16 1.51 -1.57 1.02 -1.15 -0.42 1.67 -1.67 -1.95 1.59 -0.66 0.14 -0.56 1.06 0.44 -0.49 -0.38 0.45 0.84 0.18 1.04 0.51 1.18 -0.67 1.55 -0.70 1.37 0.77 0.30 -1.97 1.93 0.66 1.58 -0.14 1.81 0.62 1.62 -1.85 -1.14 -0.17 0.73
0.54 0.48 -0.80 0.44 0.49 -1.04 1.20 -1.86 -0.97 0.79 -1.78 -1.96 -0.65 -1.78 -1.04 -0.29 0.94 1.96 -1.95 -0.17 1.57 0.35 -0.61 0.75 0.39 -0.98 1.26 -1.14 1.80 1.98 0.90 1.44 -1.18 1.60 1.29 1.95 0.68 0.43 1.54 -0.20 0.88 1.23 -1.12 0.98 -1.75
-1.65 0.11 0.41 1.60 1.56 0.30 1.48 -1.06 -1.24 -1.57 -0.50 0.34 1.46 -0.71 1.39 -0.03 0.06 -0.42 -0.60 -0.70 0.45 -0.28 1.22 0.83 1.99 -0.81 1.19 -1.32 -0.03 1.36 1.64 -0.65 0.11 -0.00 0.05 -1.85 -1.85 -0.37 -1.70 -0.73 -1.76 1.69 -1.36 0.73 -0.35
0.63 -1.08 1.28 1.05 1.49 0.12 1.13 0.12 -1.67 1.38 0.18 -1.52 -1.91 0.02 -1.96 1.36 -0.20 -1.45 0.90 0.31 0.38 -1.18 -0.23 1.40 0.05 2.00 0.67 -1.95 -0.39 0.18 0.15 0.57 -1.19 1.86 -0.61 1.27 -1.48 -1.62 0.34 0.27 0.75 -0.49 -1.95 -1.09 1.81
-0.66 1.17 1.25 0.28 -0.79 -0.72 -0.48 0.18 -1.14 0.18 0.59 -0.59 0.62 0.53 -0.18 -0.88 1.05 -1.05 -0.50 1.57 0.03 -0.21 0.72 -0.59 0.15 -0.98 1.97 -0.96 -0.45 -0.88 -0.43 -0.68 1.39 -0.41 0.02 -1.02 -0.36 -1.58 -0.21 0.27 0.08 0.56 0.66 -0.26 2.00
0.64 -1.03 -0.34 -1.27 0.39 -1.22 -1.13 -0.85 -0.88 1.96 1.51 0.25 0.79 1.41 -0.26 0.88 -0.40 0.29 1.68 1.07 1.82 -1.37 -1.03 -1.52 -0.79 -1.04 1.74 -1.78 -0.42 0.29 -1.77 -1.92 0.94 -1.50 -1.11 0.54 0.93 -0.30 1.32 0.72 -1.96 -0.45 -0.73 -0.33 1.07
-1.66 0.88 -1.75 1.94 -1.47 1.93 1.16 1.81 -1.02 -1.90 0.30 0.48 -1.88 -0.31 0.28 0.99 1.49 0.54 0.40 0.07 -0.14 -1.82 1.89 0.54 -0.53 0.30 1.37 0.56 -0.04 0.99 -1.83 -0.40 -0.08 -1.45 0.55 1.66 -0.87 -1.34 1.60 -0.92 -1.28 -1.58 1.00 1.56 -1.34
1.08 -1.27 0.95 -1.24 1.34 -1.10 -0.94 -1.29 -0.50 -1.43 1.16 0.54 0.05 1.20 1.73 1.00 1.04 1.53 -0.49 -1.06 -1.06 0.43 -1.94 0.16 1.02 0.82 -0.56 0.81 1.60 -0.25 -0.25 0.84 -1.20 -1.44 -0.64 0.08 1.53 -1.52 1.10 -1.87 -1.77 -1.44 1.11 -1.27 1.35
-1.81 -1.68 1.36 1.92 -1.30 1.99 0.25 1.89 -2.00 -0.61 0.44 -0.47 -0.72 -1.45 -1.56 1.30 0.45 -1.45 -1.26 0.38 1.33 0.71 1.69 -1.19 0.85 -0.13 0.81 -1.26 -0.19 -1.78 -1.00 -1.00 1.97 -0.72 0.77 -1.86 -0.19 0.65 0.10 1.42 -0.10 -1.63 0.15 1.10 -1.09
1.88 -0.84 0.64 -1.90 1.27 -0.51 1.18 -1.03 1.12 1.96 0.32 0.88 -1.75 -1.92 1.82 -0.21 -1.49 -1.92 -1.89 -0.60 -1.49 -1.54 0.31 0.64 1.27 -0.67 -1.21 1.54 0.52 1.89 -0.57 -0.97 1.30 1.41 1.47 1.37 -1.71 1.77 -1.85 -1.19 -1.25 0.04 0.96 1.57 -0.70
-1.51 -1.53 0.59 -0.47 -1.06 -1.00 -1.09 -1.62 -0.82 1.34 1.69 1.42 0.28 -2.00 -1.93 0.90 1.05 -0.80 1.35 -1.11 -0.64 1.51 -0.03 -0.18 1.05 0.50 0.47 -0.05 -0.74 1.22 -0.06 0.30 1.97 1.16 -1.26 -1.61 0.98 -1.15 -1.68 0.71 -1.90 -1.90 -0.85 0.73 0.88
0.21 -1.25 -1.43 -1.17 -0.37 1.46 -1.27 1.24 0.13 0.21 1.78 -0.53 1.20 1.67 1.63 0.08 0.81 -1.72 -1.02 -1.97 0.31 -0.03 -1.16 -0.12 0.30 -1.12 1.04 -1.97 1.59 -1.51 -0.72 1.39 1.71 1.72 -0.04 -1.97 1.46 0.42 0.93 -0.93 -0.54 1.72 -1.77 -0.86 -1.13
1.91 1.07 0.90 1.10 0.09 0.42 1.97 1.33 0.03 -1.55 -1.83 -1.15 -1.36 -1.48 0.90 0.16 -1.38 -1.78 0.50 -0.50 -0.09 -1.21 0.41 0.62 0.68 -1.38 1.34 -1.59 1.70 -0.50 -1.35 0.26 -1.68 -0.35 1.72 -1.33 -1.59 1.31 1.32 0.39 -0.29 -1.36 -1.28 -1.81 -0.28
-2.00 1.72 -0.71 -0.37 -0.77 0.86 0.15 -0.96 -1.53 -1.66 -1.62 -1.77 -1.17 -1.60 0.70 0.72 -0.81 0.80 0.76 -1.91 -1.78 1.75 0.80 -0.85 -1.64 -1.43 1.84 1.35 -1.69 -1.47 -1.27 -0.33 0.48 -0.83 0.77 1.68 -0.95 -0.92 0.08 -0.97 1.74 1.20 0.31 1.36 -1.26
0.06 -1.70 -0.46 -0.71 -1.86 -1.06 0.78 0.30 -0.50 1.03 -0.72 1.19 -1.19 1.84 1.06 0.63 1.68 -1.17 1.57 -0.42 0.71 -0.67 -0.74 0.38 -0.59 -1.23 0.88 0.61 1.75 1.42 -1.61 1.06 1.10 0.58 -1.00 -0.55 1.44 -1.01 1.45 0.72 1.04 -1.36 -1.96 1.33 1.52
0.87 1.11 0.50 -0.80 1.01 -1.87 1.27 0.89 -0.65 0.19 1.10 -1.70 1.55 1.14 1.59 1.77 1.96 -0.25 0.55 -0.05 -1.04 -0.29 1.63 0.64 -0.83 -1.24 -0.40 1.95 -1.96 0.89 -1.74 -0.72 1.85 1.94 0.87 0.76 0.70 0.40 -0.93 0.38 -1.89 1.52 1.22 1.55 -1.05
0.83 1.44 -0.77 0.68 0.21 -1.94 1.39 -0.43 -0.72 -0.81 0.93 1.15 -0.68 -0.84 1.11 -0.70 -0.48 1.12 -0.02 -1.64 -1.07 -1.43 0.55 -1.58 -0.09 1.40 0.17 0.64 -1.65 -0.93 -1.46 0.59 -0.80 1.06 -0.87 0.36 0.02 1.24 1.26 0.17 0.56 -1.47 1.04 0.99 -1.54
0.22 -0.11 0.30 0.59 -0.30 -0.03 1.23 1.27 -0.34 -0.18 -1.48 0.46 -0.17 0.51 -0.95 1.07 0.74 -0.64 1.77 0.57 0.37 1.47 0.05 -1.64 0.77 -0.83 1.23 -0.11 -1.98 0.69 1.48 1.82 -1.08 1.72 1.02 -0.79 1.22 0.29 0.88 0.45 1.49 0.44 -1.04 0.10 -0.17
1.43 1.29 -0.44 -0.94 -1.78 -1.59 1.08 0.77 -1.85 1.95 -1.23 -0.47 -1.59 0.67 -1.66 0.77 -1.50 0.64 1.84 1.24 -1.65 1.94 -1.60 -1.49 1.44 -1.89 -1.29 -0.10 -1.28 1.00 1.59 -1.10 0.00 0.77 0.97 -1.85 -0.52 1.87 -0.92 1.77 1.15 -0.47 0.69 -0.59 -1.49
1.91 -0.85 -1.27 1.95 -1.99 0.61 -0.25 -1.88 -0.11 -0.47 -1.39 -1.73 -0.10 1.65 -0.07 -0.71 -0.74 1.09 -0.83 -1.43 0.85 1.12 -0.76 0.56 -1.46 -0.98 -0.73 -0.31 -0.25 -0.44 1.11 1.07 -1.15 0.79 -1.06 0.66 -0.86 -1.89 -1.41 1.61 -1.08 -0.93 -0.47 1.27 -0.70
-0.06 0.47 0.83 1.91 -1.48 -1.59 -1.42 0.12 -0.96 -0.17 1.33 -1.85 -1.24 -0.04 0.82 0.93 -0.88 -1.25 1.02 0.77 1.39 1.80 -1.46 1.98 -1.46 1.92 1.43 0.68 -0.24 0.34 0.92 0.03 -1.64 0.14 0.45 -0.57 -0.20 0.15 1.35 1.31 -1.78 -0.04 0.53 0.23 -1.50
-1.44 -0.30 0.30 0.14 1.21 -1.99 0.00 1.74 -0.81 -0.10 1.73 -1.99 1.14 -0.57 -0.03 -1.54 -1.30 -1.40 0.27 0.91 1.24 0.36 -1.59 -1.83 1.86 -0.85 -1.98 0.61 1.79 0.61 0.92 -0.35 0.79 -1.15 -1.13 1.72 1.28 -0.22 -0.32 -1.76 1.51 0.10 1.44 -0.30 0.90
0.44 1.70 -0.75 -0.73 -1.87 -0.20 -1.54 1.46 -1.64 1.45 -0.78 -1.18 -0.65 -1.31 0.07 1.58 0.82 -1.33 -0.87 -1.02 1.85 -0.77 -1.81 -1.02 0.10 -0.23 0.61 -1.38 -1.84 -0.22 0.74 -1.19 -0.01 -1.56 -0.87 -1.96 -0.51 -0.02 1.08 1.67 0.46 -0.98 -1.99 -1.07 -0.53
-1.21 0.45 -0.13 -1.64 0.74 -1.38 -1.59 0.93 0.42 -0.56 -1.96 0.42 -0.80 1.71 1.38 -0.16 -0.46 -1.59 -1.93 0.04 0.71 -1.82
1.01 0.14 1.69 1.54 -1.52 -1.14 0.41 0.66 1.84 -0.10 -0.01 0.93 1.04 0.99 -1.68 0.02 0.62 -0.20 -1.89 -0.14 -0.59 0.28
1.01 -1.61 -0.99 1.87 -0.98 0.77 -0.32 0.85 -1.11 1.59 -1.10 -1.74 1.71 0.49 -0.60 -1.84 0.08 -0.04 -0.35 -0.98 -1.76 0.71
-1.12 -1.67 -0.10 0.75 0.63 1.46 -1.91 -1.20 0.23 0.87 0.86 -1.84 0.18 -0.34 -0.96 -1.51 1.28 0.19 0.96 0.34 0.91 1.03
0.60 0.30 -1.53 0.21 0.77 -1.25 -0.73 0.31 -1.52 -1.16 0.12 1.92 1.97 0.57 -1.79 -1.17 0.37 -0.64 1.95 -0.78 -1.58 0.07
-1.04 -1.36 0.65 -0.90 1.92 0.87 -0.00 0.31 -1.25 0.16 1.59 -1.48 0.73 1.72 0.14 1.78 0.78 -0.69 0.92 1.66 0.44 -0.77
0.66 -0.67 -1.54 -1.52 1.48 1.60 1.61 -1.85 -1.58 -0.80 -0.64 1.16 0.22 -0.86 0.40 -1.72 0.96 -1.52 1.38 1.10 -1.18 0.27
-0.61 -0.58 0.90 1.57 -1.37 -0.50 -0.35 1.73 1.72 -0.67 -0.25 -0.78 0.19 1.16 -0.96 -0.58 1.68 1.77 -1.88 0.83 1.14 1.28
-0.00 -1.98 1.27 0.77 0.08 -0.45 1.28 0.94 1.75 0.18 -1.68 -1.90 -1.69 -1.77 0.83 1.59 -0.15 -1.91 0.89 0.56 -0.28 -1.83
-0.48 0.90 0.74 0.80 -0.51 0.87 1.75 -0.58 0.86 0.24 1.99 -1.85 1.16 0.24 0.96 1.17 1.26 -0.03 1.45 1.87 0.40 0.67
-1.73 -0.03 1.54 1.05 0.48 -0.16 0.52 -1.43 -1.08 -1.06 -0.67 -0.72 -1.51 -0.84 -0.86 -1.61 1.25 -1.86 0.14 1.89 -0.08 1.21
-1.53 -1.90 1.60 -0.00 0.24 -0.74 1.04 -1.70 -1.55 0.01 -1.19 0.15 -0.50 -1.36 -0.67 -1.24 0.58 -0.67 1.47 -1.01 -0.76 0.95
1.88 -0.13 1.13 -0.15 -0.44 1.50 -1.69 1.54 -0.21 -1.76 1.08 1.70 -0.14 1.21 -0.16 0.60 -1.46 0.15 1.71 -1.10 1.45 -1.85
0.50 0.63 1.21 0.54 -1.10 -0.66 -1.99 -1.59 0.67 1.53 -0.84 -0.47 -1.84 -1.00 -1.56 0.67 1.10 -1.13 -0.97 1.32 -1.47 -1.16
0.58 -0.24 -1.79 0.06 -0.64 0.10 -1.43 -1.66 -1.74 0.29 0.90 0.38 -0.59 -0.42 0.50 -0.54 -1.75 -1.73 -1.30 1.91 -0.76 -1.29
1.33 0.99 0.24 -1.72 -0.91 1.11 -0.64 -1.33 -0.21 1.85 -1.84 -0.72 -0.84 -1.06 -0.61 0.51 0.54 1.81 -1.40 1.90 0.05 1.43
1.19 -0.93 0.38 0.55 1.29 1.61 -0.57 -0.92 -0.43 0.90 -0.81 -1.83 0.30 -0.74 0.38 -1.25 1.06 0.45 0.82 -1.14 -0.34 0.77
-1.44 -1.36 -0.16 -1.39 -1.98 0.12 0.56 -0.77 -0.29 -0.43 -1.28 -0.66 0.07 1.61 0.81 -1.08 -1.05 -2.00 1.41 1.61 -1.22 1.00
-0.73 -1.79 -0.11 -1.10 1.88 -1.15 1.79 -1.46 1.25 -0.25 1.70 1.87 1.97 -0.16 -1.50 0.36 1.08 -0.21 -0.30 -1.95 -1.73 1.18
1.71 -0.87 -0.93 -1.91 -1.46 -0.08 -1.16 -0.73 -1.67 -0.07 -0.37 1.39 0.41 1.51 -0.74 0.69 1.41 1.32 0.92 -1.42 -1.24 1.44
-0.17 -0.46 1.25 -0.39 0.60 -0.44 -1.61 -1.26 0.29 1.62 0.32 1.76 -0.32 0.77 -1.77 -1.72 0.26 1.05 0.63 1.15 1.33 -1.38
0.33 -0.65 -0.65 1.03 1.25 -1.36 -0.97 0.42 -1.31 -0.85 -1.51 0.67 0.75 -0.99 1.90 -1.87 -1.29 0.26 -1.39 -0.96 -0.66 -0.88
-1.55 -0.00 0.23 -0.45 -0.61 -1.43 -1.34 -1.27 -0.45 -0.36 0.68 -1.39 -1.69 0.78 1.77 1.16 0.96 0.94 -0.84 -1.05 -1.47 1.49
-0.66 -1.06 1.62 -1.16 -0.76 0.18 1.69 -0.69 -0.06 0.34 0.72 -0.11 -0.93 1.57 0.71 1.05 -0.98 1.04 -1.98 -0.53 0.64 0.06
-1.16 0.63 -0.60 0.64 -0.92 -1.18 -0.78 -0.10 -0.23 0.72 -1.92 -0.84 -1.95 0.37 0.53 -0.47 -1.16 -0.73 0.82 0.45 1.23 0.24
-0.09 -0.13 -1.39 0.10 0.53 0.94 -0.79 -1.68 -1.83 1.60 -1.56 1.20 0.17 0.98 0.39 0.89 -1.02 -0.61 0.14 -0.38 -0.29 -0.97
-1.77 -0.32 0.40 -0.46 -0.03 0.32 0.22 -0.21 -0.43 -0.67 -1.26 1.52 -0.40 0.04 -0.74 -0.68 0.24 0.67 1.11 1.30 1.87 -1.45
-1.95 -1.64 -1.63 -1.32 0.43 -0.94 -1.93 1.61 0.35 -1.78 1.16 1.28 0.29 -1.15 -0.80 -0.39 -0.20 0.35 1.02 0.65 -0.63 -0.30
1.16 1.65 0.45 1.27 -1.66 -0.18 1.86 1.26 1.48 -0.87 -1.77 0.31 1.81 0.03 -1.31 -0.02 1.14 0.26 0.40 1.60 0.82 0.33
0.06 -0.71 -1.43 1.74 -0.49 0.68 -0.05 1.69 -0.70 -0.27 -1.24 -1.28 1.93 -0.67 -0.45 -1.35 -1.79 0.93 1.14 1.17 -0.49 1.77
-1.44 0.62 1.14 1.38 1.31 1.20 1.57 -1.91 -0.44 1.05 -1.68 0.21 -1.91 1.85 1.27 -1.07 -0.93 0.07 -1.62 -0.36 -0.02 -1.72
-1.20 -1.22 -0.04 -1.45 -0.63 -0.29 -0.73 -1.08 -1.90 0.71 0.65 1.05 -1.22 0.70 0.55 0.58 -1.18 0.33 1.54 1.66 -1.37 1.56
0.09 -0.18 -1.77 -1.05 1.71 1.78 -0.59 1.46 0.06 0.31 1.75 -0.82 1.43 0.76 1.18 0.43 -1.40 -1.01 -0.16 0.88 -1.61 -1.03
-1.49 -0.26 0.71 0.61 1.83 -1.25 -0.45 -0.28 0.58 1.31 0.68 1.55 1.80 1.10 -1.05 -1.72 -0.83 0.93 -1.85 0.22 -0.31 0.75
-1.70 -0.52 -0.94 0.92 -1.14 0.63 0.62 -0.14 -0.50 -1.74 -0.60 -0.91 0.01 -1.26 -0.74 0.37 -1.38 1.71 -0.38 -1.02 1.99 -1.28
-1.87 -1.85 -0.82 0.03 1.87 0.30 1.85 -1.82 -1.40 -0.54 0.93 -1.75 -0.44 -0.48 -0.18 0.81 -1.15 -1.15 0.23 0.12 -1.29 -0.44
0.15 -0.17 -1.67 -0.31 0.67 0.17 1.89 -1.58 1.02 1.41 1.66 -0.92 -1.97 0.07 -1.07 -0.70 0.71 -1.19 -1.19 -1.25 0.51 -1.81
1.62 -0.12 -1.17 0.10 0.06 0.39 -1.81 0.67 -1.80 -1.40 -1.06 1.96 -0.37 1.59 -0.22 -1.06 -0.75 -0.38 -0.20 -0.03 -0.42 0.47
-1.96 -0.90 0.34 0.63 0.30 -1.68 -0.34 1.69 -1.83 0.97 -0.34 -0.29 -1.98 0.20 -0.51 1.17 -0.37 -1.54 1.82 -1.61 -0.81 -1.37
-1.92 0.26 -0.06 -1.44 -0.67 -1.00 0.50 -0.28 0.04 0.93 -0.74 1.98 1.05 -1.85 0.81 0.59 0.93 -0.35 -0.60 -0.25 -1.28 1.33
0.02 1.48 1.39 1.46 -1.97 -0.76 0.57 -1.84 -0.94 -1.94 1.07 1.76 0.80 1.71 -1.92 -0.19 -0.15 -0.39 -0.18 -1.52 1.43 -1.48
-1.51 1.00 -1.62 0.10 -1.89 1.75 -0.53 -0.22 1.92 -0.94 -1.98 -1.85 0.09 -1.51 1.53 -1.84 -0.59 -0.00 -0.68 1.74 -1.56 1.02
-0.83 0.75 1.36 0.02 -0.83 -1.81 -1.54 0.60 0.60 0.71 -0.98 1.28 0.80 0.14 -1.41 1.41 -0.87 -1.33 1.33 1.26 0.45 0.07
0.26 0.07 -0.03 1.44 1.47 -0.35 1.18 -0.09 1.77 1.13 0.29 -0.79 0.82 0.63 -1.07 -1.85 0.43 -1.13 -0.93 0.75 -0.34 1.00
-1.32 0.81 1.46 1.21 1.82 0.54 1.66 0.70 0.90 -1.39 -1.88 1.54 0.87 0.18 -1.22 -0.48 -0.58 -1.67 1.72 -1.48 -1.81 0.18
-0.73 -1.47 1.71 -0.01 -1.71 -1.10 0.69 0.63 -1.25 -1.97
0.12 -1.72 -1.75 -0.78 1.37 1.67 0.28 -0.74 -0.82 -1.47
1.79 -0.07 -1.17 1.14 0.29 1.17 0.56 0.93 1.50 -1.68
1.60 -1.17 1.83 1.96 -1.02 -1.46 1.73 1.32 -0.06 -1.60
0.85 0.50 0.82 0.04 -1.84 -1.33 -0.84 -1.62 1.98 -0.64
1.06 1.70 -1.86 0.59 1.51 0.77 1.09 0.29 -1.38 0.60
-0.99 -1.14 -0.20 1.28 -1.73 -0.85 -1.17 1.49 1.54 -1.47
-1.31 -1.88 0.28 1.67 -1.13 -1.08 1.75 0.14 0.30 1.65
1.30 -0.92 -0.71 0.40 -1.06 -0.32 0.48 -0.52 0.33 0.12
1.14 0.28 1.22 0.42 -0.74 0.01 -0.73 1.64 -0.70 1.55
-0.39 -1.68 1.82 -1.80 0.60 -1.46 1.85 -1.39 -0.67 -0.09
1.20 1.94 1.38 -0.08 -0.77 -1.71 1.66 -1.09 1.63 1.71
1.63 0.97 -0.73 -0.30 -1.48 -1.99 -1.11 -0.41 1.82 0.58
1.61 -1.22 -0.57 -1.07 0.83 -1.83 -1.57 0.57 1.29 0.34
-0.10 -0.95 1.57 -1.49 1.20 -1.01 1.77 0.85 -0.99 1.24
1.46 1.97 -0.17 1.81 -1.98 0.10 0.10 -1.13 0.73 -0.95
1.43 -1.89 0.36 -0.83 1.30 -0.73 -1.24 -0.48 1.21 -1.85
-0.67 -0.38 -0.82 -1.85 -1.29 -1.44 -0.78 -0.34 -1.81 0.03
-0.13 0.61 -1.64 1.06 0.37 1.29 1.48 1.79 -0.34 -1.77
0.16 -1.60 0.34 -1.22 0.16 -1.20 1.13 1.79 0.43 0.97
-1.33 1.04 -1.21 -0.70 0.71 -0.21 1.69 0.38 -1.67 -0.54
-1.55 1.36 -0.31 0.05 1.96 0.54 -1.13 1.29 0.93 1.29
1.69 -1.66 -1.18 -1.92 -0.71 -1.95 0.60 -1.85 -1.48 -0.51 0.48 -1.68 -0.19 1.29 1.85 1.88 0.01 0.17 0.46 0.70 0.44 -1.61 -0.01 1.92
0.99 -0.67 -0.96 0.50 -1.29 -0.91 0.42 -0.95 1.80 1.77 0.99 1.03 -0.43 1.91 1.55 1.03 0.07 -1.07 -0.33 -1.99 1.01 -1.44 0.85 -0.82 0.22 -1.09 0.07 1.26 1.60 0.83 -1.14 -1.84 -1.69 -1.39 0.34 1.13 -1.60 -0.42 -0.55 1.18 0.96 -1.54 -1.29 0.62 -0.25
1.86 1.39 0.15 0.22 -1.74 -1.11 0.16 0.03 -0.05 -0.30 0.13 0.64 1.06 0.61 1.04 -1.59 -0.46 0.92 0.44 -1.36 -0.57 0.36
-0.79 -0.72 1.43 -1.93 -0.19 -0.22 -0.76 0.03 0.94 -0.24
69
1.18 0.13 1.95 0.66 0.41 -0.88 -1.09 1.29 1.19 -1.54 0.95 -1.79 1.36 -1.19 1.91 0.35
-0.80 -1.40 -0.19 -0.16 0.31 0.50 1.11 -1.03 -1.48 -0.05 -1.33 -0.36 1.35 1.62 -1.13 -0.36
0.48 -0.55 1.25 1.52 -0.54 0.86 -0.78 0.09 -0.62 0.44 -1.32 0.16 -1.15 -1.21 1.54 1.50
-1.20 0.98 -0.84 -1.24 -0.38 1.70 -0.77 0.04 1.73 1.75 0.61 0.39 -0.20 -1.79 -1.87 -0.84
-1.87 1.02 1.26 -0.44 0.66 -0.50 -0.14 1.37 1.79 -1.33 1.56 1.64 0.26 1.53 -0.78 -0.23
1.26 -1.14 -1.16 0.08 0.43 -1.26 0.03 1.66 -0.17 -0.03 1.84 0.73 0.67 1.98 -0.66 -1.92
0.62 1.09 0.98 1.78 -1.18 1.62 -0.54 0.90 1.45 -1.83 1.03 -1.06 -0.66 -1.30 1.39 0.33
-1.42 1.19 1.25 1.51 -0.52 1.06 2.00 1.71 -1.32 -1.28 -0.86 -0.72 1.93 0.26 0.34 -1.73
0.53 -0.76 0.81 0.90 1.76 -1.54 0.86 1.08 -0.56 -0.98 0.44 0.26 0.20 0.19 1.62 0.01
1.59 0.87 -1.01 1.45 -0.25 1.24 0.81 -1.34 1.23 -1.71 -1.88 -1.13 -1.21 1.34 -1.06 -0.12
1.63 1.03 -0.84 -1.88 0.89 0.21 1.17 -1.25 -1.54 1.41 -0.94 -0.04 -0.13 1.49 1.70 -1.82
0.97 1.73 -1.58 1.29 0.35 0.29 1.03 0.60 -1.59 1.26 1.98 -0.55 -1.93 -0.95 1.13 0.87
-1.54 -1.64 -0.33 1.70 0.04 -0.97 -0.55 0.43 1.32 -0.21 -1.05 -1.11 -1.13 -1.55 0.72 -0.39
-1.42 -1.92 -0.88 1.01 -0.32 0.89 1.15 -1.37 1.89 1.93 -1.87 -0.46 0.48 -0.63 -1.45 0.60
0.30 -0.30 -0.48 1.09 0.52 -1.95 1.28 -1.28 0.49 -1.80 0.34 -1.72 -1.82 1.34 -0.43 1.90
-0.09 0.61 0.43 -1.17 -1.15 0.74 -1.07 0.65 0.68 -0.77 -0.74 1.80 1.61 1.74 1.24 -1.82
0.75 1.59 -0.55 -1.10 1.80 1.85 0.34 0.33 -0.68 0.89 1.13 1.43 -0.42 1.79 0.64 1.82
0.46 0.20 1.50 0.26 -0.40 1.07 0.72 -0.13 -0.77 -1.46 -1.87 -1.28 -0.31 -1.63 0.33 0.01
1.89 1.59 1.66 -1.99 -1.06 1.59 -0.87 -1.28 1.25 0.06 1.01 0.25 1.33 1.06 0.16 1.62
-0.31 1.75 1.36 -0.01 -0.44 0.71 -0.37 -1.29 -0.64 -0.29 -0.02 -1.00 -1.14 0.82 1.46 -1.50
1.09 1.55 1.43 1.20 -0.83 0.21 1.41 -0.06 -1.56 -1.65 0.61 -0.90 1.52 1.24 -1.55 0.35
-0.11 0.42 -0.24 1.92 1.48 0.44 -0.00 0.82 -0.28 0.62 -1.59 1.81 1.39 0.42 -1.03 0.27
1.55 -0.20 0.32 -0.24 -0.85 1.83 1.96 -0.80 0.13 -1.84 -1.79 0.01 -1.04 1.35 -0.37 -1.89
1.22 -0.28 1.97 1.64 0.17 -0.68 0.47 -0.73 -1.75 0.93 -1.91 1.08 -1.16 1.50 -0.18 -0.86
1.42 -0.38 -0.72 -1.59 1.43 -0.36 1.87 1.69 0.34 1.02 1.96 -1.50 -0.91 0.77 1.56 -1.23
0.48 -1.48 -0.29 -0.86 1.88 -0.52 -1.50 0.01 -0.22 -0.64 1.34 0.10 -0.30 -0.63 1.13 -0.93
-0.94 0.53 -1.60 -0.81 -1.16 -0.93 -0.14 0.54 -0.67 0.89 -1.51 -1.93 0.92 -0.84 0.95 -1.37
-1.39 -1.42 -0.75 -0.13 -0.29 0.49 0.91 0.91 -0.63 -0.86 -1.21 -1.74 -1.59 0.72 -1.24 -0.70
-0.32 -0.96 -0.09 -0.79 1.49 -0.33 -1.57 1.47 -0.77 1.32 -1.03 0.43 0.92 0.71 0.79 1.56
-1.92 1.75 1.54 -1.67 1.37 1.50 1.79 -1.72 -0.08 -0.22 -0.11 -1.59 -1.85 -1.26 -1.17 0.30
1.68 0.60 -1.38 -0.01 0.65 -1.86 0.95 1.97 0.43 1.16 -1.24 1.14 -0.93 0.49 1.48 1.46
0.92 0.58 1.11 -1.38 -1.34 0.75 -1.01 0.45 -0.12 -0.72 0.69 -0.52 0.15 -1.14 -1.39 -0.61
-0.10 -0.26 1.36 -0.04 0.79 0.77 -1.75 0.37 1.39 0.31 0.43 -0.10 -1.26 -0.75 0.19 -0.91
0.69 0.14 -1.07 -1.09 0.46 0.28 1.86 -1.71 0.55 1.63 -1.66 -0.25 0.93 1.50 1.28 0.69
-0.05 -1.33 -1.15 0.24 -0.88 -1.00 0.47 0.72 -0.51 0.37 1.59 1.57 0.90 0.05 1.89 0.13
1.44 -0.60 1.94 1.83 -1.38 0.69 0.47 1.07 0.97 -0.84 -0.51 -0.38 1.95 -0.56 -1.17 -1.44
0.05 -1.91 0.81 -1.62 0.08 -0.85 0.39 1.96 -1.77 0.73 1.03 0.74 -0.22 0.08 -1.38 -1.34
-1.38 -0.79 1.37 0.03 0.40 0.05 1.79 -0.98 1.51 1.62 -1.34 1.01 -1.05 0.29 -1.62 0.11
1.34 -1.18 -1.50 0.96 -0.95 -0.31 -0.72 -0.74 1.62 1.67 -1.72 -1.80 -1.97 0.86 -0.82 -0.35
0.15 0.66 1.66 -1.67 1.49 -0.84 -1.72 -1.53 0.09 0.42 0.63 -1.99 -0.57 -1.22 1.63 0.34
-1.08 -1.51 1.54 -1.12 1.89 -0.06 -1.36 -1.14 1.53 -1.13 0.48 0.03 -0.56 -1.10 -0.37 1.10
-1.32 1.91 1.47 -1.00 0.68 -0.38 1.76 1.02 -0.05 0.76 -0.14 -1.97 -0.53 -1.34 -1.88 -1.72
-0.89 1.65 0.87 -0.36 0.00 1.20 1.40 -0.07 0.93 -1.75 0.96 1.45 1.41 -1.65 1.48 -1.25
1.07 1.04 -1.17 0.87 -0.31 0.46 1.59 -1.65 1.39 0.61 0.97 1.70 0.81 0.05 0.26 1.41
1.94 -0.08 -1.69 -1.64 0.07 1.04 0.92 -1.67 1.00 0.42 -1.29 1.85 -1.20 -0.31 -0.30 0.14
1.07 -0.19 1.65 0.08 1.26 0.22 1.28 1.51 0.93 -0.28 1.96 -1.60 -0.43 -1.46 -1.94 -0.68
0.43 0.41 -0.58 -0.14 1.47 -0.48 -1.84 -0.01 -1.63 -1.93 0.29 0.19 0.85 1.92 1.57 -0.69
0.43 1.66 1.44 -1.42 0.10 0.66 1.08 1.86 -0.21 -1.15 -0.03 1.49 -0.21 -1.15 1.87 1.15
-0.48 0.41 -0.44 0.01 1.18 1.15 1.91 -1.24 0.63 1.05 1.44 0.85 -1.00 0.34 -1.23 1.48
-1.61 1.07 -0.39 0.03 -1.17 -1.94 0.56 2.00 0.38 0.61 1.81 -0.57 1.97 0.73 -1.44 -1.53
-0.09 -1.57 -1.90 1.96 -0.44 -0.27 -1.70 -0.03 -1.60 -1.72 -1.04 -1.95 0.44 -1.92 -1.42 -1.91
-1.28 1.08 1.61 -1.04 -0.50 1.36 1.67 -1.90 -0.91 -1.95 -0.56 -1.65 1.61 -1.54 1.81 1.70
-1.96 0.60 1.68 -1.16 -1.92 1.04 1.95 -0.79 -1.67 1.18 -0.41 -1.62 -1.09 0.59 -1.80 0.77
-0.09 1.05 1.27 -1.59 -0.80 -0.14 0.72 0.90 -0.95 -0.28 1.75 -1.57 -1.67 -1.14 -1.46 -0.50
0.88 0.04 -1.94 -1.12 -0.12 0.19 1.50 1.28 1.19 0.61 1.09 0.71 -1.07 -1.30 -1.04 -0.78
-0.83 -0.47 0.87 -0.90 -0.16 1.44 1.19 -1.87 0.96 0.53 1.36 1.98 -1.78 1.02 0.57 -0.94
1.92 0.30 0.66 1.76 -0.23 -0.60 0.62 1.93 1.98 1.60 0.31 -0.75 -1.75 0.12 -1.90 1.96
1.54 0.43 0.89 0.98 0.59 -1.39 -0.66 -0.31 0.05 0.14 0.57 1.73 -0.83 1.60 -0.44 1.11
0.27 0.08 0.26 -1.09 -1.43 -0.43 -1.22 1.11 1.63 -0.74 0.55 1.02 -1.24 1.42 1.56 1.68
1.80 1.00 -0.33 -1.58 -0.70 -1.10 1.59 -1.24 -0.58 -1.30 1.09 0.88 0.51 1.22 -0.98 1.01
-1.64 -1.38 1.76 -0.08 -0.90 -1.60 1.69 0.45 -0.04 0.08 0.09 0.08 -0.66 -0.18 -0.65 -0.83
0.99 0.20 -0.47 0.23 1.11 -0.34 0.96 -1.46 1.20 -1.98 1.01 -0.01 -1.57 -1.10 0.24 1.81
-0.55 1.07 -1.40 -0.66 -0.93 0.27 -1.82 -1.53 -0.25 0.60 -0.26 -0.00 1.73 -0.41 0.68 -0.90
1.70 -1.42 -1.17 -0.02 -1.73 0.67 -1.11 0.07 0.67 -0.70 1.09 -0.16 -0.78 -0.88 0.37 1.04
-1.64 0.47 -1.03 0.09 -0.43 -0.09 -1.68 0.50 -1.60 -0.80 -0.87 1.49 1.98 0.09 0.44 1.77
1.70 0.29 1.98 0.24 1.04 0.49 0.43 1.11 1.83 1.78 1.60 -0.93 0.81 -0.80 0.43 -0.58
1.27 -1.59 -0.63 -0.10 -1.59 -1.95 0.67 -0.68 -1.67 -0.98 -0.40 0.42 -0.75 1.56 1.58 -0.84
-1.53 0.09 -1.48 -1.83 1.87 0.28 -1.19 -0.06 1.02 -0.08 -0.81 0.47 -0.13 -1.55 -0.76 1.21
-0.82 -1.31 1.21 1.11 -1.37 -0.29 0.17 -0.52 1.54 0.21 -1.73 1.99 0.69 -1.07 -0.39 -0.36
8
7
4
3
4
4
4
9
3
3
3
2
6
8
9
9
7
1
1
6
3
5
7
2
5
7
3
7
9
0
3
3
0
2
9
1
8
8
2
7
2
3
5
3
0
2
7
4
1
0
0
3
3
0
1
8
0
1
9
7
7
7
5
6
7
3
6
9
2