100
99
0 1
0 2
0 4
0 20
1 3
1 5
1 7
1 12
1 15
1 30
2 6
2 8
2 9
2 10
2 11
2 14
2 33
2 46
2 66
4 28
5 34
5 69
6 70
7 31
8 16
10 54
10 67
11 18
11 24
12 13
12 27
12 47
13 39
13 93
14 22
14 98
15 17
15 65
16 19
16 84
17 23
17 26
18 51
18 64
18 73
19 32
20 21
20 42
21 56
22 77
23 43
24 25
24 45
24 76
25 36
25 79
26 35
26 52
26 71
26 94
28 29
29 37
29 81
30 44
31 58
31 74
31 80
32 38
32 97
35 40
35 49
35 61
37 57
40 41
41 60
41 83
42 62
42 88
42 91
43 99
45 92
46 48
46 50
50 55
51 63
51 82
52 53
52 72
57 96
58 59
60 68
61 85
63 75
64 90
72 78
72 86
76 87
79 89
84 95
3
64
78
30

