100
99
0 1
0 2
0 5
0 9
0 32
1 27
1 30
2 3
2 4
2 7
2 14
3 6
3 8
3 19
3 97
4 18
5 24
5 25
5 64
5 86
6 21
7 16
7 42
9 10
9 48
10 11
10 12
10 20
10 23
11 17
11 40
11 71
11 80
12 13
12 15
12 61
14 56
14 98
16 54
16 81
16 92
17 33
17 57
17 69
18 35
18 39
18 43
19 22
21 26
21 29
21 38
22 28
22 34
22 59
22 74
24 45
24 50
24 99
26 46
28 31
28 47
29 89
30 72
31 36
31 68
31 79
32 41
34 37
35 62
35 77
36 51
37 55
37 66
40 65
41 44
41 58
41 60
42 63
43 49
46 67
49 70
50 52
51 82
52 53
54 91
56 76
57 85
62 93
63 87
63 95
67 73
67 75
67 83
67 96
73 88
76 78
81 94
82 84
86 90
90
21
39
72
69
41
60
39
45
76
44
33
59
98
34
37
23
11
97
95
43
30
37
93
42
71
77
94
48
2
70
82
71
14
9
17
12
94
48
43
49
62
71
81
17
18
89
47
46
99
46
84
60
45
94
89
58
40
11
95
74
80
8
64
89
55
86
94
43
91
1
43
44
11
39
55
37
92
25
42
27
51
71
86
26
94
79
54
82
32
13

