120 120 0.1
-6.77329 -20.371665 1
-29.971951 23.385495 1
7.408448 19.221197 1
-7.477183 10.345881 1
-0.570194 19.16724 1
20.961041 18.145834 1
-6.457607 -22.218012 1
-1.500094 4.929562 1
25.518024 -9.591392 1
1.610296 1.801179 1
18.490137 27.781792 1
-29.830217 19.169656 1
-20.830123 14.218485 1
-15.951332 14.323629 1
-9.134636 14.16059 1
6.277303 -11.966151 1
0.842349 26.41096 1
-20.571397 -2.634796 1
29.215885 -5.018435 1
-21.247732 18.703601 1
4.084635 -25.252316 1
-19.890474 -6.778598 1
-29.070524 22.622986 1
-13.20653 21.244189 1
-1.04106 -19.9435 1
12.974826 -29.210604 1
-15.427999 14.239878 1
-7.086684 21.106313 1
2.510563 21.664937 1
9.467504 0.754502 1
-27.861856 4.506266 1
29.208982 -15.373089 1
3.615355 -1.236629 1
-15.980898 22.494086 1
7.845909 8.462712 1
-14.213466 -5.211741 1
-1.189638 5.438516 1
-29.26981 -19.539219 1
-15.90656 21.822589 1
-17.832132 -18.635181 1
-20.59532 9.944564 1
13.258698 26.78254 1
-22.951315 21.958053 1
10.161416 -9.87043 1
16.697701 8.3505 1
20.44059 -8.405985 1
-9.128415 6.156347 1
29.116021 -2.74743 1
28.248028 4.038464 1
22.578772 -13.675734 1
-14.337623 10.304348 1
-26.767147 5.590434 1
-29.009437 22.550337 1
-26.113248 4.824797 1
22.462013 26.247225 1
17.659165 -4.728076 1
-4.259807 17.831049 1
-20.287743 -5.489145 1
-28.81492 2.168841 1
-7.915928 -7.698382 1
-0.428492 17.447073 1
-29.541405 4.492996 1
6.454896 -17.246156 1
24.344 29.971507 1
6.134518 -5.357781 1
-23.971077 -19.459979 1
26.935907 -8.314272 1
-28.933941 -19.828599 1
-11.997664 -14.970171 1
-10.106859 16.529707 1
-15.575113 -17.247948 1
8.426009 -11.469381 1
11.362319 4.905285 1
6.175536 -12.071972 1
2.841832 -21.262094 1
27.716411 1.722337 1
3.725487 -20.968366 1
-9.292269 22.668147 1
16.852367 14.280529 1
17.633274 5.596608 1
-11.499445 9.603963 1
-20.392794 9.706807 1
24.241879 -5.509265 1
22.991963 -28.325361 1
12.811092 -16.854331 1
-12.502868 -14.088174 1
-6.693116 -22.267915 1
-10.449449 23.121435 1
-12.294189 22.213317 1
8.092638 19.976492 1
-26.381208 -20.566068 1
-13.379006 -3.752228 1
-28.141359 8.304677 1
-17.955713 -24.732038 1
29.154961 -27.466643 1
7.35642 20.63103 1
-29.72741 1.701848 1
-2.684484 3.235158 1
1.277922 19.947808 1
-25.522462 -12.851991 1
16.324644 29.909869 1
1.737339 -0.336151 1
-16.967759 -9.307326 1
5.157765 21.144995 1
-3.199121 -12.356847 1
7.416416 3.425672 1
-6.686305 -9.891036 1
-4.919055 14.882556 1
-3.668726 5.305427 1
1.988578 13.274956 1
-4.380251 19.317401 1
-15.537752 2.88079 1
9.003147 21.525356 1
11.766767 23.454296 1
22.171152 24.131882 1
6.267574 -16.337004 1
-12.028836 -19.875806 1
-17.651178 9.375148 1
27.725108 -10.903889 1
-8.976505 28.79718 1
-25 18