824 776 189
403 1384
849 1290
834 426
642 190
724 1158
5 441
69 1128
143 1360
513 1303
585 1970
1593 674
389 1090
476 1300
1142 1522
992 37
649 464
115 384
1933 88
1723 1777
1261 1675
891 1999
1988 782
1884 644
1981 933
360 1395
1670 1121
378 1570
1112 122
1838 927
671 1870
796 327
1726 1772
1659 259
1527 680
1894 1836
174 421
1573 1392
264 771
1683 53
1190 374
1352 264
1900 102
1019 1793
1893 99
1210 84
1328 1251
529 558
299 113
1345 1174
1479 631
511 244
324 1751
1338 94
1063 648
520 920
632 1672
759 1839
802 687
1013 536
1965 195
1700 1293
127 415
121 494
1559 1211
1648 1723
1403 99
746 1801
1815 610
1807 1433
1954 1124
1322 1865
462 761
1840 1927
1615 828
750 339
657 1141
497 706
1597 602
1169 1045
1172 683
942 1721
991 1390
455 1323
922 1289
1819 322
1005 758
1746 1925
998 211
1342 297
1630 1018
814 1735
1483 519
1126 1498
666 20
761 36
1223 1076
602 1113
1914 1318
1606 451
35 1829
604 1698
730 1303
1866 411
1517 1281
1858 663
949 1861
1433 1851
1430 1127
573 1596
1868 1798
1707 1172
1652 94
391 1693
1558 436
1744 1092
1091 614
251 1159
1960 199
1157 1769
1272 708
1735 1156
1180 984
92 1322
851 757
1219 1955
100 727
1598 1842
1939 1107
1130 720
1869 1517
399 843
866 1308
1189 1351
562 1592
368 753
1874 483
717 808
987 651
1636 108
256 1393
1516 1529
1115 1629
664 516
728 206
1027 157
855 1244
343 999
1691 597
985 1811
1885 1691
703 982
1260 779
1740 1542
1435 1750
539 225
259 1034
240 354
1107 1225
1890 1549
1241 1839
1975 1850
1066 556
968 342
887 1637
483 518
1262 772
175 903
743 1908
565 549
1024 1245
1524 947
336 1128
686 357
739 1138
505 13
863 1828
293 1940
682 1118
120 700
1835 1043
781 1805
191 1940
1359 611
37 154
841 1445
1927 127
231 1985
914 170
1413 1054
1985 1456
97 1950
219 412
751 456
1321 744
220 88
1625 440
637 1304
1148 1300
822 1406
86 648
1401 443
860 211
1617 1456
1225 593
808 1255
569 655
1444 1618
842 1641
1216 852
379 610
1936 51
1405 15
892 493
630 378
76 1069
856 1313
1561 1126
541 1439
745 881
1546 1869
911 1660
1577 1860
1717 177
1312 85
1485 1280
373 823
14 241
1447 150
516 642
1294 1442
980 1800
1818 1683
171 1641
1073 808
1104 1178
779 1174
467 782
722 215
1191 370
1233 1210
1997 405
234 1669
478 840
111 1235
1810 61
260 674
700 734
295 793
721 1547
1394 466
1769 880
180 1699
1771 1273
950 1069
777 1587
1633 1794
755 905
1004 1532
795 1277
536 1439
654 1291
437 956
1992 687
407 1733
393 1958
465 579
921 1289
982 1291
638 222
1453 1440
1168 709
1680 1850
1175 1868
1514 1099
1167 1987
952 151
526 1549
355 1132
489 900
1503 288
65 1194
647 878
1583 471
1585 350
1813 69
414 776
1809 1918
1770 749
198 397
699 1123
126 1297
1056 1715
1959 1694
1754 574
1930 311
1287 511
1029 1449
736 830
685 1100
1851 456
821 1780
1702 1292
830 1754
1566 1635
364 1042
1534 530
57 1206
325 1919
801 897
416 1621
1315 1889
741 1158
917 330
629 621
816 1569
874 1551
1011 258
62 1693
400 796
1113 1471
461 246
884 1286
1622 1415
499 334
663 265
289 1991
1733 743
1594 761
1589 1471
1519 614
1767 1554
1808 144
1397 1014
875 239
1504 66
1277 1229
1520 1945
1984 355
582 1701
580 649
32 1432
1537 755
598 1745
1507 655
1173 1885
154 1646
484 304
153 557
1087 1065
190 1061
1937 654
274 35
1070 1721
371 986
1506 1969
1086 1895
485 1995
39 46
1336 927
1454 1269
279 1856
277 1026
212 1492
986 685
916 1057
488 192
1745 1773
951 1244
1362 1477
547 1772
1764 1109
322 1429
1391 388
581 19
584 786
269 246
1711 1530
1528 1710
1500 1579
1624 1332
567 723
84 176
868 1435
232 616
595 655
786 784
278 1085
1250 960
457 1184
1484 1198
1898 1182
740 1182
819 1932
1212 1723
1686 1511
1716 1842
1852 1244
99 803
676 1192
1292 100
1129 1170
311 1320
1380 1180
572 1609
1777 1145
1847 1626
296 1279
152 1353
878 1424
1639 1649
1875 7
1410 1476
1231 1487
1163 1868
288 790
762 245
230 619
1867 1684
1412 928
1226 1527
1850 1983
1023 405
1452 888
1393 863
1580 398
1382 392
1364 689
328 574
1281 1003
1229 125
22 292
1635 587
962 1264
1953 1670
1348 366
919 1929
1044 1235
1915 801
1389 499
1273 849
1664 1545
1199 510
1390 1802
1947 184
213 1238
609 329
1343 1933
1776 1587
446 981
623 1023
1934 1936
1069 942
397 381
1540 1621
75 34
988 665
800 1767
1824 1148
608 612
687 1622
1541 1264
1293 1902
464 1079
1266 904
578 1475
545 1846
167 1801
713 412
1280 601
1015 1965
1592 634
249 224
1482 190
1773 1415
1889 1629
961 1361
1311 1193
812 218
1763 310
933 364
1470 632
1940 1317
144 1132
723 1979
1340 416
344 768
1417 1678
1963 1750
189 952
1347 764
1912 234
1955 800
1480 1764
1544 1768
298 992
246 1789
1456 53
1415 930
1820 566
997 1128
1530 479
1658 1740
1887 836
500 1196
1613 29
546 173
1134 1279
1165 1658
774 948
453 1996
239 1706
226 1548
123 1416
1816 304
1332 517
1966 1019
1305 577
23 1904
667 1654
1565 1185
166 813
1490 607
1254 461
906 1777
665 1578
1860 1146
1310 560
1827 886
1786 1224
744 1525
1795 1983
436 1297
729 1511
995 1814
134 1604
3 1606
460 1953
832 514
1829 1580
865 1197
659 1858
1396 794
438 49
290 949
1644 1603
352 905
1296 1997
463 1204
1739 1721
1133 411
1861 346
1783 627
1160 1158
406 505
477 1567
871 1114
1439 849
55 1465
1532 718
1607 857
593 1043
628 1134
305 582
1802 1324
1337 494
725 1173
1028 1693
1614 1308
594 224
597 1263
1948 1754
132 1827
718 1431
1523 1304
38 1375
253 772
1775 1841
422 549
1610 603
265 1753
420 1260
1054 1470
1632 1526
561 1906
1465 279
1870 1310
1661 1995
157 485
1768 1759
1837 1037
1326 209
367 1730
1747 232
229 1203
1660 836
791 1285
915 189
1529 411
1429 640
1055 999
474 1736
1538 1472
1492 606
706 1944
1268 421
1489 1961
1666 1393
1234 551
910 391
410 1110
1186 1189
935 1953
815 576
503 1762
1007 1232
549 1603
1547 1265
679 752
1236 1530
1038 1368
1125 1080
1572 1563
1689 1072
1749 1297
1822 1044
110 1141
1668 759
1967 764
282 1627
151 1689
967 1634
1873 91
210 216
1705 127
1787 605
466 945
169 1630
1494 275
215 278
1135 1834
1596 1162
307 218
772 839
1728 1874
847 414
396 1935
1243 1438
147 36
263 384
1377 1046
930 1961
445 1104
805 747
142 1176
1036 1674
1798 1872
826 725
1533 1430
749 1378
1665 1906
428 675
1009 1366
380 1554
1094 514
1964 953
909 983
803 1728
1888 1727
490 514
1022 381
1316 1555
780 770
1696 147
1844 839
1218 1356
1076 1231
1755 1300
823 825
1408 736
757 873
1552 768
641 1464
955 32
1604 1772
857 1449
596 365
1662 413
615 1252
1458 1320
1256 1568
1406 1189
88 559
639 927
1497 901
1774 1765
1780 1766
1753 86
1535 764
672 412
1605 1907
168 867
733 262
1228 1656
1301 865
1045 1596
103 1857
720 810
837 1181
221 1459
852 34
1719 1585
194 1756
1475 1350
19 1985
333 1718
1891 1550
1978 869
1522 397
1284 186
1078 458
394 940
204 646
1286 1204
1974 1523
564 1507
965 1458
255 620
528 324
797 735
660 148
1043 654
122 1401
1862 153
29 1086
1958 467
653 1468
824 1626
495 1306
372 1559
1330 1922
1853 725
1059 1314
1656 939
192 1610
1526 708
26 355
375 1524
893 1113
681 598
1908 675
1750 1246
1556 318
854 1733
1441 554
799 568
498 694
1675 422
560 481
990 1873
223 1736
1263 1802
1842 1737
1121 954
1034 1506
203 796
1195 1764
970 1841
1288 418
78 528
621 1668
1193 1588
1137 1141
1220 1440
405 388
1803 1711
979 975