20
86
14367545 713948682 268578132 866388667 799754531 696104436 930886098 385487445 968335523 819012757 781960268 511386341 536688878 643796120 823289503 85479329 493101885 543208979 69108476 333670069 826610081 149970237 220114114 375316600 926819764 255153275 65442113 269045402 893462869 879983443 64260652 240115155 739290171 614076021 504210995 937480039 387572439 969442533 480964638 737935681 77239622 919211342 824590495 845664213 830619892 762319767 988596325 429464921 641922657 751163131 124582791 556228294 740511863 800972571 323947258 858709317 754357651 669720239 959446406 432149069 720129104 96974802 518912696 122895395 936010719 96342232 33974075 596409630 161354260 323749425 806801399 310495645 673394112 712815336 72793322 119175995 633086803 796110630 382455072 318142594 545208101 475048757 181122132 537493630 562498695 706499009
60
819460232 155257574 286713813 900814080 757371465 460142235 981142625 412790335 210541899 943794175 144413137 525762020 568638895 142099358 806153981 842801749 315956910 257638711 134345662 945593869 716588394 692428945 581234646 334900720 800834302 551385438 931278124 464275326 2769542 699289543 332477529 294400794 203742614 817781961 317940416 734542411 448707221 644969025 327223333 935575485 890096699 333603120 216766085 437584703 982797129 170676535 599733793 960859483 532002796 767750844 870018476 794890532 463403133 141997185 8357594 950718902 539791527 134213813 313845128 676583251
181
429463215 827698299 759115122 874892430 20854726 324905139 622505825 431081998 303247760 506815279 830029835 826467764 926439734 379717473 120301259 62260582 996751460 800470746 294188896 320498181 660108054 188161969 997702041 944892005 254230436 230762328 76883654 961002527 705382019 350037909 727683019 505004745 320486113 172119036 624267739 281367433 995028128 627309263 33396609 643457361 81398828 438236774 341290524 316009317 419032943 959548868 903358544 206123392 779903668 320988302 24329575 718189909 622779735 575278192 733384194 441596114 200435212 950350015 7056192 975826827 311363172 911492777 161333114 465563110 286662684 54331439 673212898 373337577 40543254 857787437 826085481 509467058 920812295 171297407 399098235 310978914 713099395 471358498 795029762 753417657 383851244 174540780 600681939 15175013 344421154 810866215 347193361 657916154 818619439 545735547 673366367 655318486 584260596 957440912 758598704 930534127 182210157 102669021 809151719 996905282 93138294 543845931 259626225 633315939 655060470 173118470 709898676 903853940 258493206 253210403 346951597 172331253 502757745 708126096 458904169 344177817 769172793 189260439 174599200 297773232 121315681 76616555 37784587 13503788 845238962 401405441 952103193 888290735 160589211 511676826 336593149 842654832 824099329 175411173 845493289 876224483 434354183 863652290 125161854 993627234 406025787 833550715 870011120 285171882 190437505 612789586 818286787 925527624 597546882 38770583 36431221 431137499 893010225 444490524 521390935 302295500 845572603 521673095 108625715 687583992 617882882 557965519 848292506 431500678 830725808 837200451 470675151 531290738 460834582 386904339 343687950 883212290 427169192 458332223 69475644 42878655 560899814 247088186 565653010 988539743 451009229
115
930892646 710197033 388455885 535708463 84473582 620024567 381888832 328872087 183492179 871562798 750078331 972159676 32100314 39459711 447262717 614785148 542066590 95465610 637968465 222314187 996738758 403252244 564987839 945659249 899351136 703001286 253794640 746100701 437905784 139076611 308063003 122405580 154473919 584583776 501385039 878968298 679373206 999439918 602098800 526443987 392734020 261885007 185850466 90485169 588315231 492725254 790081880 271573089 67209392 748127328 181806992 403005299 538654184 581749938 55802220 204425452 327528622 512179386 207377713 346274353 149754812 662755787 81674292 935019407 814806398 342357499 667957201 30989563 605452277 374709637 659281261 517412994 532066257 794714895 134893906 976321688 615553644 833091942 305199326 989059501 459882112 348341521 646287081 174093147 206100778 640195891 572434643 874034362 630267169 951824015 563792025 106097823 352361557 515161565 664959225 685264662 831861539 389067508 897099666 738916291 611462205 954838724 194837961 783556057 745189883 764163084 524435723 831294798 941784821 24039930 904009882 253628647 501154154 906918899 498486079
63
847990673 62808376 289030422 541494619 905023564 182940576 10250354 659069234 260810098 178638522 737228992 219422891 874215310 28287335 286183576 700594149 897497997 692411467 183635699 882957122 61938829 362826738 586297850 497936868 168385541 534469696 159153329 386133557 552249362 944991088 59646005 709982187 421055896 639133505 881381983 617784159 717116253 808668307 385546396 131434076 180459301 947359443 94605866 176834693 797091203 508107113 813847472 141363731 968329685 809391281 315339603 43733883 118440949 732937007 530367067 323552131 855677213 754912474 208402871 313806933 438692541 531593898 20818999
125
846516325 397698722 8787544 373075989 647845110 833693348 433239147 217665258 670683413 814006762 18879315 880161517 286930434 333458666 460390565 135755492 428003933 961682565 614713890 200540005 502587979 999841326 519725992 712996117 622845075 612619614 977257490 388280070 193942293 488450392 646205620 756451416 240161913 369417568 562946059 584749918 28316188 809848299 376847767 712101761 810395240 119811537 113825059 542525758 140874130 867708687 212193986 794872493 208653911 733458651 806333727 9558269 352714183 491224653 396108741 657680683 271135976 219165331 289386749 75744017 386085701 380015376 459339068 291194653 319545986 959586307 647214423 555243464 87850672 267307621 649687216 218211999 125501567 11597490 913502879 594642665 580973660 816318745 201747121 573315652 574033906 372208492 451565395 729442995 603559557 519824943 366650881 450196028 398048004 930625536 881571833 130304972 164487131 593362723 749179096 331280485 125718532 507685074 85039948 461294949 318323499 696847186 818975582 854888666 620985740 747866497 566411545 654665739 781119914 989224141 574216393 975178818 799669596 779533726 331940211 330557286 491501929 377324679 658422746 25213187 266171996 548811590 600873659 79327147 190227313
160
240883949 992542052 729177994 169181972 750083085 102514938 346700446 357658178 172529287 884306668 239385187 476880467 670695668 863616007 625167731 496284902 116859073 507222452 638062104 801373179 542148475 121977285 320332493 850556854 108917382 381527947 252024661 904614115 29380795 986579882 992048226 141507632 706511279 251041683 693712304 252746031 921817946 641906973 309792334 290369591 993908494 385285622 626126065 844725503 332339386 268786102 743915131 910038570 240996099 478811071 94056871 526550459 124371940 665962587 671957263 67777610 774848387 694736437 46178417 335448266 609681561 106275594 656543212 429902499 648194087 351202393 995451256 502091022 792371181 431830364 366391320 496961912 402374607 301797618 611704203 982616549 43340895 805982116 710098690 138952999 695741122 319203263 137488442 696220950 566039753 442940129 42192807 980819366 274541919 136666066 329891969 791978627 759720569 955850383 925348160 909775455 251100410 441190329 979142827 794188691 318200319 635731360 924489056 531428008 575846560 970083590 357554101 753587185 171447893 472069717 587142144 478239341 44485429 261424061 536672941 761024902 419903374 580484124 306536743 264412367 823885169 537404618 327876925 187639469 496838681 1723556 776781161 441845728 565351683 790288350 97265341 410514558 818141343 110976031 613783701 706809772 981822793 33061349 530551488 42204943 697366366 151992236 501051117 833759879 842621416 513855645 612078203 353505974 629757317 930888228 800947611 21356099 223568823 952941063 470796206 806562271 15018219 126429245 374292003 121791533
180
942936731 325502795 330930477 337380975 925742282 175118960 152972197 509615548 329450159 140309488 384398789 998350503 382851188 12561983 363771601 865523796 99296329 419210116 993538226 315375324 105383622 392745639 277477539 82083253 354403885 636970536 402840372 503721505 561343057 908494085 150812990 437864173 166680882 682807833 297182811 412562715 554638527 922433309 491674692 507346506 533859999 397385359 334078542 795573708 851044814 699703796 924186878 527168386 987670513 364321224 905168361 526989724 628356947 365800454 494769571 470249357 577764214 701890857 185457867 371966640 225845515 638751709 160669406 464258533 577257897 764532292 311533783 784353142 502108958 778262064 271797086 219935748 986835754 361335317 542287976 971069994 861186309 235345142 7167826 266647293 636508990 391297793 819923410 27484473 480171950 758666871 743004821 866864400 207254175 761300925 494949726 873847499 208145143 902638161 583320303 453279289 948249742 911066167 14329719 387924931 998421072 226940467 295596629 871271570 765777007 346541370 899883169 254185473 254350269 190960350 709150677 928894746 274362130 272765117 267062304 993094352 519241806 511198532 199551929 717681432 716863229 13624187 495336198 841717875 499584066 222116454 805640785 176628513 681193459 952180128 280617960 524714656 794411946 337093535 80601828 313460687 256986682 656382765 357522759 172660794 888457238 265827175 679952659 937607335 590930777 628293531 441272800 265333550 669128967 950820733 187973566 646779618 736201363 167360856 163735510 161951456 20319955 24399644 167109798 858294117 385646675 11693620 579889270 451148808 641618249 233508440 229861145 627440376 365257300 946030204 521701026 264728904 809091757 539750909 210221230 725801951 988290526 208604857 328196200 625007852
179
450996122 417805820 440239137 414716531 190889035 219851527 619846307 258827130 388734854 5921749 241239051 323214111 104553656 41626787 184598265 792304651 755723122 527187507 809629989 907689798 269146842 581518308 237748504 863722406 403593834 29708492 968729649 311848861 326716801 14133383 629110324 37171391 683796392 726641316 192093990 411730144 213514804 920475332 530055500 978138354 715235825 722030143 36672707 376776119 568869172 696270529 336715303 625208660 442633780 104827632 744573339 684566056 471842485 747587734 358221428 188868210 251436362 772593571 693185616 959114397 658857846 541850074 18282371 657642567 893075312 483462729 172146650 86721289 84704843 236814667 745527462 428729828 332726344 888940274 709577447 655544568 736325037 464287249 498319000 148249268 939467290 878419989 374838817 60408976 23868946 905637659 783536017 895925154 129625424 624316249 485015131 962692593 75156727 604393807 315833605 181706210 564347138 540671864 830861157 173811411 636037713 989891942 419640098 935042305 913829889 418823630 399562324 653694904 917314762 237836304 44771286 437285203 175950376 697513169 658919233 421926965 176945155 303868673 386626238 13935742 375891603 729318576 202445518 676846587 982957600 545092348 838848759 939556500 261482132 611244219 893958188 742960056 944538568 826010771 334604331 913710740 660057658 559767837 755587371 672267231 287534983 66344605 978251581 328512814 516474347 363831153 305163201 82861791 636218030 557566511 309858558 886967753 877552237 759717106 362175279 940539887 743981195 927320489 787161137 570062805 929708644 275999965 133230564 610529956 384855158 116112908 706749761 254910520 286543248 816685881 490393448 908644481 840805602 310575111 785376623 724537752 145278184 201086116 906316181
183
682742347 539451228 575114975 225447287 283254114 738738117 506359582 530639572 120023075 849329581 268316067 147793945 263141316 436030060 458287833 359540402 226966979 72532913 577818985 604572850 204241177 331564626 491247899 42224569 123600558 244296425 425900707 799941947 135937956 403429987 700215317 900580782 582044705 560103648 274325052 780347111 735711908 36448337 994006013 90513685 6658680 538477212 458204688 441236865 955992182 318848787 653039368 40087038 767058287 440301010 250943571 117690927 649690706 596175294 823606560 408202140 988731582 212086525 14712542 132897784 106139998 117869243 680300653 486518300 740917184 998238180 245312458 595228830 517727033 669939226 707117444 375390482 155616455 598881283 736354851 423486764 283367477 267496597 826310551 595342212 376591977 706640875 91245874 852142082 203039433 390288608 53284198 772810631 770180741 430880801 252969259 978148490 267104252 69945387 60984113 452293004 650328207 148801412 285801219 805340635 597371350 241004911 568045302 666826200 785013108 395585843 225601257 98629552 394207836 982496057 5569911 482245720 29108532 470160494 179412432 896694189 152072194 254511079 519587218 780461721 515427912 854784113 532842943 941488334 391387301 901555707 741050171 64796096 752315842 254026732 199894326 265112232 664813086 395291647 940031151 437992626 554058226 72662222 769413101 456938030 262751351 655354079 78682231 830705091 281626076 998407695 525176734 709727875 292435115 338186600 934104190 159673011 460528761 930012108 111174279 919075181 265185941 698667100 559704848 424040875 170387164 829095668 153858246 958119416 773984304 653280885 949240410 277202258 184060580 222039023 133115652 905125026 706637208 466857630 538346173 126201030 324732193 845754949 812370410 909192121 141584741 760866848 512433861
68
802611230 913802690 315649588 637218821 428341631 696154738 505412820 756276329 301759850 322560082 629055924 632370112 970108762 518305386 848979090 79285562 759681581 36124864 860318622 427330167 676956117 252572750 675528936 568004634 988338696 106113826 566240149 660276433 380070186 891930726 309183028 98810744 293901482 405767470 395600736 579205625 955865146 622822787 578780398 244592428 713376969 707356771 802207845 372560294 490568089 865963922 758719762 20981598 112247370 592794866 228442999 423403772 433251420 975314597 348258258 659040700 370198530 284908317 926609379 709834427 357055666 466768200 423970479 243983468 225370340 689295937 161707333 769832999
192
197581663 773243526 200877485 666030687 739799358 587543625 872883419 198295787 267934489 649443012 108578238 86547432 812718291 295980233 570063181 48180673 619772543 607828986 538464241 430842649 684396290 453211500 556705950 180299945 855453844 596993292 274730933 73798608 385428708 615821263 250166221 812011894 378954355 95782360 262554107 940911562 178676879 746479649 465072935 584542015 993693722 33838800 173081208 209347569 164824150 430090519 828358409 494508781 165898392 522896740 179137158 172463390 508986149 502877030 561263071 152626042 931095000 408802698 928958245 231654656 998520767 336893617 11920991 283739173 498392706 745465408 83194445 782208487 418521569 140330764 608456419 622643355 24178038 83134515 868720807 558290256 856694424 373780841 166165140 207871368 270655978 619103704 717224494 491123153 196373366 742947274 24387128 603150243 430419613 75769955 704442472 82021451 423624091 339661105 402845446 84434967 466809629 224378700 17802438 76957595 269383972 599943712 233634803 368946821 92493759 889685661 289333238 590709549 929519916 2027573 87808140 801058739 811775345 760750584 260329940 319131007 743000301 247957869 459307792 796643316 825952505 937831135 3820782 35140535 894752717 267874714 853446423 795056075 393526423 941911388 433848552 51341971 691476771 751771457 116705903 694091181 710621794 364042230 942308047 714741033 814544573 648546879 506333709 837105016 54322344 643661965 859969755 761674741 358091962 73424802 120297473 307329334 298382515 644608598 22067376 714647071 969775599 640289949 702702137 950191806 127211470 623252425 263435234 881251277 358655625 594195275 422529414 493486137 795946978 743385435 384290861 318499952 598154091 667496388 380839611 533642368 142845117 441454495 526535006 43203723 31573170 591400028 147958836 904025875 829465880 167702645 65731658 743414079 992598272 888907578 395623204 448192835
57
371772087 700996151 527338770 969562721 823096818 795985524 191722159 295094387 794735361 479928583 500261904 923426852 762467743 874669006 40579929 846546526 38581869 840725834 26926728 741767158 893104233 397742022 936756066 812983238 166403979 990589082 978835447 877656965 452330000 569738657 281070355 920237500 137272991 805222218 628703527 952256531 985024101 97967821 629836814 817200214 314578502 612336388 614825811 958238042 27383903 811066891 282527978 9570474 972708303 693037835 25344964 101017779 318779727 659551731 71799794 763590290 251205227
101
933532246 725946586 437431855 104577526 421104187 978143264 625682936 402967410 591012789 998492000 384787840 611006181 575246764 863220615 544589825 777255345 269082739 899569329 265907518 209712549 935022665 850096524 244837053 674172356 836154523 605697765 917586948 934528609 100433106 667965577 944223090 83892085 653710091 619889215 950990106 454609456 233075905 925676133 529494447 951184163 119382601 731283464 695358692 936843052 874746575 939754671 372797972 13645911 583316724 772342845 924499845 671182384 309648955 578544762 16099394 341297159 810372237 342355855 40062031 949921576 630786652 882990830 399436760 894235922 366679657 408471423 886190426 646743213 981248685 374293215 857046641 717639108 401710735 145598898 355220690 191268842 640277870 83911721 837834418 962000869 548516476 340996982 446014191 614800290 222348138 530604419 877295438 36691152 912272824 915706868 926202848 239494184 403850427 111654104 962000777 156373097 685183390 814923850 917717171 187593618 566148930
176
387532388 87055098 24953991 20397261 944514834 362161627 486904102 900057090 119729739 647465331 262424109 581087725 98288525 648824460 464791970 600422261 823398177 732844873 929431966 608226080 666431668 482230447 164661153 627183514 586339457 60178680 609951902 985683821 146067868 415482730 402941210 884368948 854712992 586603757 535473095 338105712 113745281 234520856 115446282 13765313 291411956 892206940 305692824 6615497 950035245 855107868 904533349 141920655 134140147 222740377 755041504 686321998 746235325 452877681 269692340 395505518 879856481 601771035 973152770 812025417 304346566 254140501 210240204 407755667 872953823 911783740 614153172 883223571 16767709 185576744 552429565 917248173 578718924 354947877 594565460 837929695 495035902 419567603 35343486 555014243 900433292 825569777 990678210 324687586 817731681 228600880 337002181 132466367 410203857 202679624 657742074 416718094 727104543 807901400 672020148 195948683 488970659 393979995 575832751 844016951 104946419 121706657 679525518 788515811 300595531 710405606 942779545 848261287 344315542 914330548 494661275 937122726 178510555 926483732 229467196 44670391 462178395 13293047 966379823 534852858 583240387 352842830 537647625 12124348 532103603 198289549 260070621 967492048 333607592 816702700 856603258 531084923 87222577 978783729 272515576 859529512 934535069 485780992 135492778 480911521 461555162 536918266 748825738 740576964 938629506 594815730 882391256 134670354 730091179 213678483 247236111 805822617 943232590 321410706 16095929 25173799 994045079 911669519 55901387 118571277 877621995 572247076 569956790 728866657 422574127 991655996 358840037 870279352 101639320 280110243 409851980 556999474 993534428 95535647 96562545 720747043
124
86310137 490394653 382479286 871989756 595067971 474248761 488622681 949449743 647560144 934190526 177183043 902783082 362889495 787047495 979441848 344409026 174594290 173885883 71660950 273236942 851445648 260371335 652111518 486933182 269789065 373900949 680213123 231374201 76331642 729570966 226728957 690257952 113307427 385638315 920217683 996271279 731586999 221066632 424967042 191640046 561511844 31183882 616431574 163080205 589290804 558772291 14264032 379399397 715428970 571328876 691484098 88736855 122583539 436177112 880336435 602027054 770697505 118022167 593443472 598391127 80574393 505399182 155790024 201497408 193173913 999369494 115059810 666461623 216988517 338263321 573162511 865534075 896726997 423639577 293910787 370264627 939159373 276838797 307657099 746691091 462232013 543722501 322630936 89404796 109603189 180892849 290353889 873560285 252517229 821554454 443752377 13941235 704258181 553160620 36811064 320923982 701570691 873363826 49481120 975767604 358851585 402697041 476606217 53263036 7349269 457809760 930435971 819863573 740479028 265703352 553502539 578620014 271174688 760122249 396791796 591394703 639715901 687123136 16193306 668316256 505069791 457190496 111351273 612426930
139
77584407 473132102 17562641 345923468 385482385 855841181 544497749 941661528 410214263 173856514 746735266 11801338 451636803 908316584 324100356 271352598 332666917 217119989 703642194 849017904 577477932 113718261 586528392 300688384 178863657 288916675 565937150 513778173 785685851 298125827 162298299 709969305 387103341 709292250 882256796 141395930 622180612 568246691 779644270 624087676 36131176 451842155 89401928 83565442 24984932 224623840 470316466 57371591 279935971 158012083 246145310 367818807 385554639 793250467 112954243 950629274 838732397 223344480 599831015 198748060 78001371 923563021 513807639 526212522 668190808 424084757 988095688 589299467 746118901 244159793 925936065 284180455 456225306 808885552 390725983 718382348 294518936 581399058 690837082 245205160 546872479 606339228 19633996 341121691 300685010 229682906 921689048 426255611 922985114 117999595 477009391 423110994 13362536 184244260 191992734 751469295 895347791 300155193 839722855 833643306 383680207 878378590 656184717 805526537 604403145 484712197 367028240 676555476 517080886 496385884 663301754 850709249 631731925 974569518 287668165 95511299 91551407 886350772 304048624 938912417 657637242 458170245 7514918 870972281 923367439 390972671 200201715 231988187 315614185 399739300 823473705 921765846 511727779 697850798 303635265 796398104 866646165 137999904 904673014
113
626398943 967885242 116090440 774766918 186088112 226614922 622777040 91192571 867197664 896467632 700699922 602814611 953046519 796783303 562856979 18991661 837082463 599077618 345657758 383496933 448587855 983343948 165010910 438034426 298812660 317338755 297591374 3532932 354589170 919735165 564736565 369121356 718394419 873729900 47774093 29222613 775966174 462889943 600174318 873220691 947800085 409228253 76111786 346611959 511876718 175489913 113810063 495186080 892884641 419930555 297031817 700984815 490546929 500147740 302810725 973886742 677921597 549356547 766206925 919538884 303855215 298818941 833388871 562529700 510045083 345948996 729404752 723814142 139398092 891968670 240534173 273353763 335671388 54519243 889350796 185136751 51000252 999713024 876944569 880188501 11812936 558778450 125754992 901609790 858848824 190439705 685634692 140897348 617702878 700417602 545809675 212643927 591914344 643336106 929501688 129213237 729175123 952800943 416308994 464525684 52137776 360326145 402599541 852911177 874475382 26637596 801193577 89260986 369082619 791736353 644935797 13234864 391812491
135
955586503 398980408 616988414 725037887 481040641 148669417 667075095 216097097 688646161 3887674 728082365 774788180 21674171 890602687 275480492 114342506 303904350 589639578 383985803 628700494 259086213 609732224 923731437 981477478 956864814 361678146 18328299 82015013 764337612 675165278 255920795 349153312 769823416 477498888 390140993 683215618 890254925 429159956 648333436 732379367 424969533 858868538 444436041 933984052 203313119 754073507 648266920 584055965 344555850 55020344 552712875 51138484 111676537 684082911 215062382 13836445 742803242 521257688 57225438 839763337 968361358 594641798 974887724 318950564 175288999 438653995 764330131 447436192 895480926 704217633 69244204 446500288 422278745 454190985 833872815 895919702 15807337 553267811 732102320 10899773 340758137 728599005 981488219 313837717 782685809 573386555 453230177 450457216 848450832 929836518 459289720 240210041 600319991 864368864 767167696 829858851 167580763 518151275 149450949 676046417 251332355 331550753 52698465 596936883 927009833 18960353 915758297 252749031 199090537 405555262 546311165 601463388 799555444 612893379 712163021 441717940 939912390 37643003 611305999 305908323 797949032 891417489 291534161 574532256 585759632 749403307 205855876 334057649 472815948 354070319 797501816 318800079 346987920 706656343 511263732
179
174937435 701969176 975855109 213746041 616127016 675891394 966663513 232434823 353049506 419046963 374877868 352318825 417759711 752888932 805599771 588395229 975617047 355981303 606208771 384269250 355850897 707810077 556133735 781410384 88846403 684923793 874124985 441907797 907015964 959593802 15862883 674211475 338046169 294640832 626480092 245889247 529122358 441471419 251298413 508045073 297463040 702999414 61717136 151893428 824614552 477272670 338034832 697623946 430936847 628309289 61056383 972993295 24455780 645455989 239170265 665332968 977507541 66159972 458289735 593011071 847259106 649604216 366367650 323563419 930829646 360698415 40455521 109575221 535528547 445158946 15759870 527137192 201769574 843647188 387159081 912453461 251213775 80656910 991342717 879338192 986665732 646517143 360509121 826836237 106190804 54372815 171542848 630293717 503205689 972364363 371665170 54760920 778934801 76520727 314118396 741578819 916236094 770401406 941482153 697763428 55570781 270390862 936634312 460327113 530199596 993210994 617193740 920869854 535590322 629995681 193853546 548953990 13364392 94954620 259590719 599434486 647238318 842246314 854576118 40321405 44428138 642500986 23159478 269959283 450028404 87608574 105475248 802876792 272585097 114231283 939251292 986319108 450518582 433087853 272892557 983493783 75278013 504605848 428274913 814833964 121694171 312772810 612112605 287226692 332164635 332396635 905212255 652560897 5517406 98664417 276712141 590786905 345909426 692601926 983324682 493582114 613366505 707383254 350567447 789145601 562613857 968467952 821988012 702294179 990427444 643805541 724846244 236679655 824898521 868449107 698883560 812282762 556490825 644899857 55114120 88917963 609401184 842831149 748628123