77 57
368
97
918 168 306 717 16 490 109 978 95 184 458 848 306 343 207 500 388 279 845 113 839 368 215 413 816 672 99 903 499 237 947 433 36 323 368 549 860 539 173 26 641 8 442 698 173 222 423 85 555 356 189 918 827 362 471 960 896 915 462 858 343 345 770 229 756 756 337 368 625 255 368 16 712 611 787 113 405
292 543 368 735 206 50 364 10 368 202 571 690 368 358 869 915 391 268 285 220 881 392 431 621 630 888 101 650 79 303 445 438 77 950 632 136 4 150 136 243 650 509 125 640 154 4 130 400 344 306 130 156 62 692 909 260 132 37 309 775 192 19 766 390 513 118 340 135 89 518 368 338 483 159 283 918 583
775 289 896 357 801 575 483 358 484 27 995 651 249 804 305 601 181 674 772 644 715 396 113 182 976 145 308 719 774 368 804 685 397 78 218 17 243 752 101 525 368 117 103 194 625 207 308 300 691 693 368 205 833 368 310 324 530 159 981 33 221 934 52 325 112 74 201 880 854 88 667 85 269 541 215 904 219
991 786 179 478 316 29 851 324 800 894 749 442 252 249 271 104 915 603 559 88 156 368 993 167 938 864 919 908 295 823 380 428 40 97 485 501 189 518 754 987 255 152 327 933 379 983 773 395 361 250 626 51 735 468 358 19 722 520 189 106 38 971 781 9 266 72 152 433 243 610 329 821 86 369 630 268 296
121 244 119 135 671 368 19 742 520 204 493 399 232 928 479 191 283 325 281 215 922 247 256 460 937 10 624 245 137 646 82 280 477 895 511 380 308 368 296 849 50 166 123 690 214 164 303 704 525 296 91 543 101 319 19 321 67 8 511 572 221 137 63 184 311 792 711 542 716 126 316 581 35 38 728 513 505
692 864 833 545 295 194 860 604 102 730 85 368 357 347 34 495 400 58 647 741 203 368 421 368 185 647 831 200 89 517 11 6 165 534 509 3 429 251 555 494 706 19 678 127 476 704 902 482 70 368 950 200 26 247 292 464 368 155 343 829 301 368 85 119 686 387 235 330 565 111 956 157 133 954 107 243 474
23 946 510 740 338 142 455 368 232 913 74 262 98 237 731 171 777 895 776 203 412 452 799 367 522 134 82 276 74 483 345 894 850 33 758 720 349 30 626 287 470 807 668 313 286 212 182 300 199 669 337 774 723 248 731 327 405 15 641 144 441 162 711 117 317 333 491 202 328 295 540 3 907 502 396 37 632
174 515 40 576 737 788 130 721 585 35 221 108 391 368 621 298 865 708 735 152 140 198 917 925 908 134 396 107 274 813 73 58 793 957 249 945 497 237 186 193 856 889 651 202 623 596 228 876 645 787 287 885 367 368 933 652 52 947 972 509 688 327 279 169 237 838 748 312 695 351 703 137 743 180 128 629 249
154 289 3 935 95 952 349 211 819 794 765 318 298 72 816 346 167 185 590 250 523 637 397 783 61 387 944 71 266 829 366 391 251 904 753 107 260 169 466 923 20 990 342 350 360 220 655 333 50 534 33 177 505 129 221 894 482 111 780 435 921 222 763 156 799 989 368 882 159 98 541 675 669 298 347 723 332
368 212 577 28 220 99 155 907 61 559 84 545 599 368 368 913 317 563 760 660 636 571 435 544 379 544 383 295 449 500 80 274 635 213 328 59 163 895 432 446 368 916 925 174 890 72 586 96 998 243 27 154 789 519 286 622 852 977 65 116 617 348 806 80 900 656 785 94 736 174 105 54 138 585 603 174 127
881 35 800 118 621 435 485 121 374 237 371 201 423 204 536 806 376 695 903 61 507 380 193 455 77 49 405 759 279 736 445 373 119 960 676 635 131 339 59 915 796 584 101 860 898 612 390 589 995 175 836 160 704 317 444 935 887 232 332 993 353 445 852 865 215 268 214 38 991 460 94 409 991 802 80 787 192
135 310 154 983 792 11 3 576 164 101 216 295 200 102 204 279 56 692 295 50 330 284 250 278 848 64 267 103 477 292 207 773 299 215 49 296 699 825 657 635 368 768 266 919 16 733 176 368 368 392 569 24 368 210 182 952 292 101 533 368 707 667 295 406 549 192 954 947 931 85 926 21 51 788 70 433 117
38 161 46 232 103 228 466 111 268 246 743 615 28 368 273 719 163 301 505 814 963 158 280 721 659 847 335 409 621 114 921 48 565 170 15 514 850 160 108 565 50 917 186 775 625 539 934 368 236 906 23 322 79 699 733 180 187 704 27 587 198 289 963 155 774 520 381 813 481 325 236 17 732 246 517 885 325
394 968 681 55 326 10 711 514 638 735 341 241 147 263 916 800 235 192 264 204 603 214 438 406 400 93 661 526 962 63 852 265 375 299 115 43 443 256 622 621 712 727 247 328 961 246 320 759 379 530 323 368 569 194 4 900 561 555 227 329 154 899 754 555 244 194 997 395 339 76 368 283 54 168 57 288 67
722 924 319 176 402 464 926 747 324 837 302 366 399 149 859 229 368 230 719 319 623 608 938 305 369 150 87 812 798 57 288 90 368 167 805 302 598 270 297 55 853 368 19 340 222 425 930 976 34 405 4 230 100 831 490 705 374 521 252 90 445 257 914 131 253 704 190 131 196 223 818 578 105 319 509 361 682
602 392 102 148 213 726 696 200 939 470 125 78 576 208 948 295 578 99 61 164 725 3 888 814 21 256 997 208 7 68 796 322 144 456 299 719 851 112 204 368 864 286 698 383 857 9 535 77 999 509 979 666 368 42 895 331 325 388 414 382 202 368 639 402 83 443 24 745 380 349 122 237 148 310 98 582 12
312 796 205 62 840 329 111 622 116 508 368 967 741 339 100 156 898 114 228 52 693 267 326 344 833 955 745 901 264 730 463 963 5 151 262 853 347 573 78 175 519 318 283 499 78 15 568 28 221 540 3 368 28 646 325 210 306 432 655 92 467 368 230 768 56 234 359 490 332 856 585 547 774 848 549 491 733
195 676 347 421 574 163 270 835 759 272 368 889 808 215 793 922 79 435 925 232 717 1 491 910 203 190 393 854 191 202 436 341 491 238 788 365 951 93 930 869 841 177 839 475 907 338 699 970 923 368 259 77 638 822 361 498 520 22 370 199 871 368 839 358 384 533 52 887 471 704 915 937 107 976 402 877 375
834 572 719 742 347 724 709 284 348 310 756 345 365 602 489 138 12 752 365 469 96 300 7 468 363 693 821 368 832 160 149 110 33 321 992 335 820 796 91 141 794 733 605 177 708 493 5 877 460 559 403 979 368 506 612 277 201 342 690 439 157 849 410 115 106 691 268 351 368 247 533 634 140 40 194 64 967
261 210 8 637 531 96 736 144 368 686 368 898 370 706 67 958 766 777 311 84 529 261 415 760 750 964 869 78 54 205 190 747 574 430 998 999 12 51 637 428 353 368 594 607 354 540 368 319 182 576 466 469 558 848 415 8 442 661 330 602 428 368 291 219 629 667 161 368 665 31 115 13 163 333 968 649 198
132 319 192 368 717 164 443 708 368 206 235 390 969 245 472 83 232 148 701 642 296 581 34 335 769 368 520 129 155 106 368 150 278 267 965 622 675 944 229 582 196 891 605 670 94 368 941 205 284 89 52 738 699 102 96 797 362 608 962 335 703 956 368 356 855 473 654 415 49 464 314 317 569 582 139 934 217
595 495 368 843 246 738 368 944 265 423 147 134 848 80 601 207 630 326 228 930 290 666 511 368 509 172 931 985 835 355 277 991 455 587 24 481 157 320 296 126 609 828 521 565 545 840 98 860 368 281 578 497 414 253 186 461 443 15 302 758 368 373 753 165 317 103 61 815 390 543 816 761 137 821 161 59 368
256 921 835 167 269 368 835 960 440 195 71 621 941 884 379 302 506 491 58 713 34 69 58 291 904 22 126 845 368 480 839 368 377 270 343 368 184 355 224 348 870 224 444 975 368 696 302 548 587 131 746 452 819 408 913 344 773 968 105 388 295 715 981 293 368 378 194 152 83 184 267 90 63 248 897 381 542
18 18 58 223 225 484 865 458 727 324 368 314 51 718 665 77 693 20 923 156 1000 510 368 561 253 178 292 717 257 886 890 263 44 572 870 572 473 14 637 225 368 228 923 204 361 833 251 2 3 593 777 615 68 74 766 728 485 368 259 929 132 942 780 50 112 388 535 322 212 986 259 923 705 344 18 919 937
603 372 368 32 228 325 368 368 363 173 788 263 205 793 145 102 218 946 209 577 549 216 87 858 170 899 914 710 693 659 657 82 610 597 229 368 57 505 284 84 559 546 220 183 761 368 864 438 62 68 726 837 478 310 468 210 761 976 878 695 368 143 671 361 386 368 5 307 890 409 738 713 543 270 807 617 534
930 238 9 83 368 541 876 151 69 29 407 392 982 296 225 736 368 510 748 343 954 65 392 5 145 177 170 27 149 692 295 541 144 529 191 189 115 44 341 874 326 277 260 725 368 608 185 747 762 250 456 339 598 485 560 258 314 368 31 166 80 68 888 368 981 235 700 347 368 528 368 293 641 971 378 509 310
919 905 742 180 778 321 612 49 835 59 108 384 368 368 131 186 953 78 594 462 368 735 210 466 104 607 834 368 304 129 634 368 91 292 679 368 522 752 130 16 656 68 79 604 529 681 808 586 819 362 368 958 177 692 795 855 472 757 545 607 607 829 646 205 690 144 155 528 130 33 683 74 67 313 646 444 365
877 328 990 563 51 91 965 159 825 73 600 265 789 658 352 121 365 705 441 578 94 29 180 64 167 163 89 17 157 156 483 151 480 688 368 182 154 798 196 456 53 549 486 152 87 31 129 368 311 282 540 594 306 898 938 167 659 823 330 11 808 331 242 292 749 371 647 288 258 839 406 192 52 20 158 178 796
66 983 221 353 186 435 617 325 636 56 921 922 546 368 647 596 458 294 265 422 593 335 756 806 61 458 342 188 135 186 268 368 215 11 294 772 763 210 3 514 974 885 907 343 254 792 392 833 707 913 78 368 186 274 617 736 718 350 444 237 167 563 80 294 20 368 119 434 131 668 794 272 672 384 368 86 548
106 328 123 189 740 301 159 190 290 342 917 368 822 33 922 955 79 352 487 854 15 420 649 72 423 135 539 371 727 166 303 437 750 692 622 979 182 879 687 391 337 963 94 469 586 788 545 149 966 673 737 173 872 230 831 700 788 297 303 999 66 733 763 763 196 381 195 526 78 315 98 368 368 323 623 766 617
869 21 361 720 997 121 286 199 149 299 133 826 157 711 269 483 230 894 56 923 115 237 309 902 368 415 521 892 368 259 223 63 160 136 209 196 220 345 71 130 340 369 143 792 732 520 823 73 983 495 773 975 177 101 805 914 671 389 282 309 30 225 98 73 795 368 63 117 176 674 986 323 722 409 408 371 587
6 826 526 326 798 185 368 963 286 237 143 657 612 885 701 690 1 249 665 553 520 227 360 608 678 133 770 656 593 786 222 183 323 883 284 728 595 61 448 423 511 159 657 934 187 917 462 562 744 298 162 221 14 198 400 959 239 756 177 549 348 49 349 891 91 797 9 909 350 929 13 48 168 800 138 582 413
135 472 978 244 857 186 701 550 343 179 282 368 625 271 488 121 752 736 291 787 443 436 23 773 439 448 889 990 522 552 195 541 368 987 284 368 337 668 796 471 108 802 320 667 124 230 293 310 368 413 646 952 311 981 216 157 904 118 313 215 471 746 865 185 270 887 478 368 540 912 734 79 257 876 795 429 494
75 195 194 929 463 819 895 335 178 654 924 319 191 221 217 652 495 614 670 666 554 80 432 985 339 991 338 102 519 398 1000 757 903 955 613 184 859 368 346 715 215 635 488 836 336 261 417 497 867 221 542 237 296 593 86 477 326 424 666 428 639 633 838 26 945 305 464 557 323 12 489 93 32 42 207 59 214
324 340 81 574 661 320 901 308 763 65 368 659 947 308 141 507 422 687 368 417 523 929 650 685 25 368 847 531 383 418 642 827 714 334 962 182 312 351 50 403 251 74 591 951 973 509 412 888 152 813 895 153 209 464 332 167 83 910 582 104 344 138 228 430 368 925 841 295 876 573 550 268 746 962 644 599 45
660 397 9 537 244 304 367 626 150 508 693 439 320 368 308 715 927 53 877 210 341 648 120 368 14 897 106 975 219 777 245 156 358 353 547 63 850 198 310 718 322 785 368 620 20 224 992 59 58 991 343 286 428 103 575 93 166 832 16 4 969 371 103 343 235 983 89 535 56 37 128 246 509 636 697 763 703
58 296 142 917 368 316 368 460 749 400 992 171 812 91 351 792 829 342 220 478 167 209 314 293 214 462 883 103 804 117 334 741 82 328 368 828 651 222 279 133 693 98 126 210 58 671 10 749 368 688 69 306 514 25 762 156 802 600 35 309 338 792 354 690 714 433 253 403 792 652 3 484 90 486 106 117 95
986 800 756 374 140 271 13 198 717 284 139 223 847 188 988 28 634 810 393 930 654 888 5 347 109 277 656 177 734 464 539 141 882 76 758 200 868 238 110 669 811 592 714 712 182 464 651 465 279 49 160 143 609 559 791 164 524 21 154 583 23 1 701 620 930 744 77 159 141 51 835 368 341 23 2 21 319
367 228 37 152 125 27 199 654 127 75 612 368 698 965 650 415 753 884 697 370 88 174 708 232 566 551 900 608 737 263 117 368 220 495 368 509 987 187 497 80 831 673 364 235 225 523 651 394 408 184 169 341 564 798 193 955 324 726 599 180 848 340 338 341 251 590 798 976 81 650 207 583 82 616 205 583 324
69 764 764 540 45 656 922 594 229 758 384 151 161 958 103 187 7 620 712 481 892 186 89 790 455 368 570 891 913 658 163 977 202 487 873 282 634 842 368 107 455 124 139 958 466 202 3 173 148 350 795 71 545 66 601 794 125 171 376 831 145 754 641 142 90 640 389 561 960 589 134 650 202 162 529 43 287
368 217 326 375 368 626 712 318 159 31 78 230 436 261 976 582 849 900 671 72 125 69 246 204 137 368 277 324 75 942 775 42 135 48 21 26 286 202 115 956 368 46 318 340 850 369 800 305 236 76 83 498 498 31 61 264 553 219 204 631 703 603 240 210 119 775 112 567 246 950 77 939 170 375 697 230 368
57 332 324 106 328 368 923 251 340 101 688 67 761 48 853 481 876 829 620 230 603 368 916 955 595 260 912 962 712 621 980 890 86 676 27 439 302 86 923 830 321 562 270 272 484 31 909 224 679 207 176 339 635 220 112 585 6 970 138 317 749 309 343 217 523 978 958 35 15 315 534 135 750 540 942 538 193
338 577 525 13 278 207 685 149 191 167 270 539 698 950 314 33 65 657 249 154 306 653 717 365 753 626 829 827 293 646 590 215 407 307 232 815 834 345 154 435 133 21 144 835 398 461 217 923 229 201 337 349 795 538 898 340 640 381 363 400 173 203 358 299 812 245 180 161 640 880 909 845 797 373 143 27 94
530 180 721 392 269 784 110 354 671 492 368 332 236 361 652 368 733 34 266 368 766 928 993 274 475 342 492 207 149 906 262 449 157 368 118 156 195 570 643 141 338 726 755 813 991 338 729 955 299 256 81 430 368 412 745 76 723 116 349 472 558 368 425 857 321 289 295 851 866 893 199 270 253 122 819 824 862
43 366 517 987 325 368 182 98 640 645 409 186 465 868 704 368 90 448 228 541 937 562 954 645 265 431 79 368 286 102 231 107 697 779 311 891 319 499 914 354 728 465 143 132 129 762 944 314 188 116 520 636 223 886 380 810 301 265 342 338 15 364 56 307 882 743 369 104 285 77 924 109 15 174 342 86 664
986 823 618 965 82 381 492 25 159 1 796 602 917 53 705 337 212 523 19 501 276 316 858 279 339 165 673 241 368 161 706 899 75 717 698 93 30 386 717 126 933 353 982 716 73 368 274 28 547 562 385 831 124 467 545 944 564 554 52 354 823 266 227 240 368 965 708 369 118 287 355 588 984 142 2 729 655
323 162 886 239 661 993 455 211 132 923 625 238 699 786 6 415 216 921 554 9 78 98 241 80 264 90 368 506 269 224 281 553 10 158 510 332 629 656 860 334 945 928 405 824 300 740 217 246 499 254 43 806 368 98 95 67 30 85 752 698 571 382 734 813 153 654 94 238 551 214 568 733 793 174 421 43 701
128 94 79 878 368 890 214 256 804 708 368 974 121 161 947 639 903 172 841 38 911 466 230 63 301 35 382 397 272 457 131 817 56 126 855 71 1 874 319 929 597 148 191 16 49 592 93 963 281 545 829 801 479 67 650 450 621 539 195 988 333 967 757 795 713 615 800 243 670 569 83 900 893 995 544 453 736
380 854 534 141 950 647 529 530 715 433 612 363 162 951 291 311 827 484 538 137 486 920 234 469 277 424 146 544 11 924 593 400 100 532 971 82 791 395 104 989 62 330 730 849 653 66 107 120 146 700 42 369 368 2 975 696 145 181 998 875 82 783 777 137 779 368 234 452 220 332 56 771 241 619 857 450 846
599 811 834 186 152 881 876 379 256 81 384 557 804 350 51 171 339 64 309 890 28 771 160 971 427 368 534 494 236 628 975 187 831 818 43 508 860 368 355 212 670 643 131 827 368 368 684 738 241 842 987 292 719 368 337 553 906 695 894 28 165 553 311 642 817 116 961 702 219 85 732 181 49 271 817 753 204
395 368 973 548 141 126 435 58 859 430 342 66 426 399 622 27 840 342 45 891 870 67 42 40 987 138 657 720 235 114 296 48 29 188 222 176 49 698 866 541 368 78 640 925 957 102 611 819 218 781 417 146 771 207 732 339 213 435 465 68 269 346 569 112 81 881 243 185 198 57 994 202 699 176 748 53 689
309 657 365 137 881 368 59 198 341 642 479 545 332 56 284 631 38 582 222 543 759 898 1000 195 225 482 227 730 338 753 76 361 182 296 313 955 303 657 188 96 499 48 368 275 191 748 457 996 226 744 20 898 549 591 704 798 236 747 71 360 917 263 402 298 561 351 892 283 223 599 93 593 49 203 751 170 901
8 204 789 87 91 543 663 570 718 816 813 368 774 416 330 878 911 93 327 567 509 831 496 167 68 96 538 370 302 357 949 65 44 919 178 373 762 54 88 63 604 87 960 649 26 267 959 707 32 213 624 42 449 183 699 94 453 574 73 925 217 767 381 197 50 239 337 954 331 287 913 611 408 142 998 233 424
402 105 254 471 834 131 191 912 821 260 605 197 300 19 799 72 635 38 856 250 783 813 523 416 340 453 405 889 212 729 368 206 854 555 269 64 231 355 778 591 232 858 221 264 368 141 211 320 904 920 146 810 177 744 245 28 986 376 259 447 502 265 401 497 74 942 348 975 912 34 193 861 253 142 340 329 100
52 285 128 192 269 722 618 971 540 445 902 856 397 747 557 336 369 409 471 893 118 425 88 182 23 106 179 636 648 590 256 344 524 169 325 342 946 156 850 331 169 238 113 837 868 612 131 953 317 155 686 54 689 52 700 168 318 640 960 90 155 196 775 11 368 287 259 505 598 690 279 949 176 145 222 232 205
368 288 10 638 253 124 218 305 331 978 745 337 209 107 177 21 505 155 234 5 112 757 639 643 44 142 29 389 640 689 491 819 911 348 176 11 598 181 57 703 547 150 474 193 47 140 101 368 671 673 154 372 879 664 425 121 112 749 265 724 328 225 710 382 452 990 539 955 816 780 763 947 938 307 190 625 510
199 613 290 256 449 196 274 521 242 853 72 416 1 299 27 117 314 155 368 410 962 685 299 258 691 163 520 243 96 298 326 877 325 76 801 496 972 452 293 887 45 88 795 962 588 804 24 86 81 401 411 61 705 344 472 368 521 277 484 267 948 937 265 802 812 205 189 368 868 983 64 360 485 883 858 787 156
