465
65 534
742 1583
231 873
180 1109
473 629
32 455
859 1680
206 265
327 847
918 1188
535 1422
583 1485
181 206
445 1409
952 1842
234 760
484 662
267 1120
782 969
181 928
738 1102
797 897
533 1124
387 940
629 1343
71 533
118 538
513 769
284 958
852 1701
919 1487
995 1801
517 1392
175 1037
160 533
344 681
514 1071
489 711
945 1029
13 721
375 1370
578 1387
75 88
451 1036
828 1728
144 701
849 1420
372 728
865 1638
861 1405
357 897
737 834
683 1616
602 626
108 306
580 688
114 700
796 1553
687 1612
324 1269
431 978
795 1583
193 638
936 1269
534 684
917 1501
580 1314
207 541
501 1022
557 1305
33 613
281 391
625 991
35 278
467 870
79 611
628 671
951 1843
319 1251
799 983
14 455
869 1114
639 1311
98 1031
842 1678
700 918
980 1099
54 159
919 1398
289 497
593 799
877 1564
532 1251
287 574
281 851
470 732
255 1090
818 1722
530 1027
482 1135
616 1098
463 505
95 800
758 1490
908 1013
903 1233
366 516
93 260
670 919
732 1236
845 1228
274 897
720 934
53 171
156 256
782 887
201 416
231 322
469 706
689 1520
57 608
498 570
993 1334
533 938
429 571
113 315
457 1360
488 1280
766 1391
264 1230
307 440
297 1021
766 843
825 1354
58 591
851 1779
627 962
519 981
604 822
873 1369
370 980
218 1022
977 1972
901 1686
810 1228
869 1017
409 644
434 506
459 1101
96 532
74 312
871 884
763 1460
583 1091
836 1742
206 1172
962 1884
247 609
49 983
259 570
820 894
24 320
553 1129
209 1098
426 1048
467 649
138 526
995 1000
318 471
483 1344
44 898
665 1368
428 1226
406 623
492 1306
588 1206
637 1290
386 689
749 1304
775 1642
190 330
852 1263
361 707
425 1084
384 1027
574 1016
70 958
210 540
402 1247
250 524
257 493
765 950
655 784
301 311
839 1403
786 1665
194 978
545 1519
655 1381
647 1380
243 465
230 776
305 504
514 1028
893 1372
115 475
931 1511
397 650
438 1184
1 765
361 1019
84 286
966 1299
551 904
870 1523
759 1263
182 775
751 772
319 465
110 671
954 1654
428 539
433 973
952 1890
862 1469
524 601
760 1010
937 984
493 1368
981 1006
557 804
92 1057
83 995
663 1199
77 219
822 886
496 764
888 1846
328 538
977 1466
428 693
214 982
912 1691
609 1208
925 1532
347 1299
245 905
960 1090
595 1230
68 612
457 790
799 1296
869 1029
426 520
239 363
255 730
239 1047
16 713
382 810
641 854
379 729
58 765
768 1554
881 1821
18 587
853 1753
719 1105
147 367
289 421
218 730
9 397
677 834
634 719
724 867
901 1772
380 976
707 869
189 1125
690 763
639 700
357 1096
90 231
19 899
236 969
121 374
386 1331
596 736
595 1520
692 1632
270 1140
472 685
225 1029
100 1025
397 519
557 1527
771 1186
576 818
353 363
39 51
891 1886
735 1249
394 628
140 799
861 1377
951 1229
501 760
154 612
576 828
786 1519
714 1550
783 957
221 284
143 249
188 583
250 1132
11 899
96 769
594 1252
573 840
430 825
718 1158
65 393
351 839
833 1065
925 1483
540 1370
896 1152
242 629
297 367
49 559
924 1149
184 490
370 494
199 275
431 490
393 450
576 610
49 718
868 1571
310 1226
310 1078
5 544
668 804
47 297
862 1482
61 970
649 1148
911 928
988 1964
582 1108
754 1636
378 635
227 1039
498 985
820 1388
106 518
124 432
223 1048
582 704
416 725
763 833
359 707
833 1419
88 705
420 457
397 1022
817 1243
260 571
267 407
900 1621
855 861
353 1170
973 1281
338 974
187 1071
941 1467
688 1453
146 606
368 628
538 754
322 811
582 1293
167 390
317 777
588 1193
265 726
65 691
784 1702
953 1651
166 633
250 998
233 1114
657 694
800 1587
575 935
139 955
656 888
920 1571
438 1178
686 1287
391 463
353 1032
325 476
448 1032
678 1652
898 1587
765 1276
381 1378
366 817
466 629
786 821
394 853
343 733
439 443
658 684
182 1094
498 816
569 1153
268 966
858 1305
211 895
95 297
625 1419
167 659
620 1216
182 563
131 253
978 1677
323 949
909 1599
386 387
38 396
482 1403
944 1123
214 913
429 904
185 408
588 767
298 693
587 999
531 612
170 896
549 854
203 714
899 1851
930 1616
264 589
662 794
944 1742
972 1487
438 718
730 920
1 190
893 1481
465 1432
623 916
463 1418
887 1278
855 1738
636 957
960 1500
553 1485
356 531
126 1113
973 1852
