49 36
6 61
72 76
40 118
40 133
10 163
44 200
61 203
13 236
66 269
40 286
48 335
12 346
87 358
70 368
42 417
67 433
62 457
38 499
100 518
43 532
69 582
48 593
8 629
13 659
24 668
95 691
55 723
60 771
74 785
93 807
43 838
65 848
44 898
98 931
66 940
33 956
18 980
44 1005
8 1026
61 1033
93 1082
85 1083
86 1086
91 1096
61 1143
3 1147
5 1162
71 1204
2 1216
44 1259
20 1301
18 1304
93 1344
92 1351
12 1386
68 1396
70 1423
11 1454
2 1474
26 1483
7 1488
69 1498
27 1518
4 1539
15 1589
16 1633
92 1677
50 1712
1 1760
22 1770
99 1790
18 1829
89 1840
26 1860
29 1902
51 1913
34 1932
56 1949
25 1978
89 1988
82 2008
92 2051
34 2084
95 2115
7 2118
18 2119
55 2125
33 2146
91 2180
56 2205
12 2232
14 2259
97 2278
2 2287
40 2303
71 2331
81 2350
96 2357
99 2399
42 2445
1 2446
37 2479
13 2506
58 2518
64 2543
52 2547
85 2564
88 2585
15 2611
4 2639
38 2661
15 2698
31 2737
92 2738
85 2751
16 2760
72 2763
24 2781
86 2782
25 2796
92 2840
54 2869
63 2901
71 2940
13 2983
27 3022
34 3053
52 3085
72 3133
34 3150
41 3155
57 3187
50 3211
67 3215
82 3254
53 3277
49 3310
96 3313
45 3343
10 3377
65 3406
1 3440
88 3459
20 3471
33 3476
54 3511
39 3522
97 3557
9 3606
94 3653
3 3694
63 3705
89 3736
71 3783
40 3784
50 3823
42 3856
92 3857
56 3867
77 3872
38 3877
60 3916
94 3947
53 3964
46 3982
63 3987
3 4034
11 4044
36 4067
43 4091
37 4093
1 4124
61 4151
55 4190
61 4224
61 4231
42 4259
41 4273
80 4298
80 4333
29 4382
91 4390
51 4406
39 4416
40 4447
76 4467
86 4474
47 4480
62 4504
8 4540
28 4555
81 4558
73 4567
85 4574
66 4606
38 4646
38 4663
26 4712
68 4762
29 4769
77 4806
45 4854
55 4889
31 4933
44 4976
81 5017
63 5028
83 5041
85 5062
60 5101
45 5106
21 5119
12 5150
10 5183
71 5231
73 5253
55 5302
48 5339
30 5351
75 5368
93 5400
15 5416
42 5459
99 5509
95 5548
100 5568
26 5606
23 5647
42 5696
95 5722
77 5739
29 5781
43 5819
19 5830
55 5871
58 5880
70 5887
99 5894
83 5900
13 5944
41 5983
62 6014
15 6029
10 6062
40 6101
90 6142
78 6184
87 6197
68 6231
100 6260
34 6296
62 6299
5 6309
84 6353
30 6396
32 6427
75 6471
99 6486
17 6531
14 6577
86 6622
90 6651
12 6686
66 6699
27 6730
12 6742
84 6746
9 6748
61 6754
94 6787
41 6799
59 6806
20 6831
55 6866
100 6898
19 6911
33 6933
75 6939
17 6973
53 7018
16 7019
47 7022
40 7037
86 7068
54 7115
26 7164
44 7181
88 7221
4 7227
77 7255
64 7257
62 7277
90 7308
87 7358
1 7392
84 7428
57 7474
12 7479
73 7499
85 7507
10 7527
48 7565
54 7592
87 7623
55 7652
28 7687
59 7735
69 7774
49 7795
22 7797
91 7841
60 7846
28 7886
19 7920
20 7958
55 7967
97 7998
96 8001
11 8029
10 8034
32 8051
14 8069
54 8087
99 8121
64 8150
40 8180
82 8200
96 8238
82 8240
73 8275
28 8279
35 8321
24 8362
85 8399
9 8402
22 8413
43 8460
19 8482
39 8527
12 8572
98 8573
49 8607
54 8624
6 8657
73 8685
56 8727
58 8763
56 8782
77 8830
49 8844
76 8870
72 8910
38 8959
94 8970
86 9018
42 9064
48 9068
90 9078
100 9089
16 9132
23 9134
12 9146
22 9190
72 9213
49 9257
20 9295
35 9334
66 9344
41 9380
28 9388
27 9420
30 9453
85 9483
75 9501
25 9533
61 9581
11 9622
53 9633
88 9671
32 9699
48 9749
53 9766
33 9767
90 9780
18 9816
7 9823
62 9844
2 9890
46 9901
16 9908
41 9913
90 9963
72 9986
15 10027
2 10044
63 10065
78 10071
68 10085
5 10109
64 10122
1 10159
75 10185
65 10217
4 10243
4 10270
32 10306
19 10339
88 10367
83 10408
34 10448
75 10482
49 10493
9 10529
73 10535
68 10550
57 10556
93 10600
6 10623
16 10671
1 10693
92 10739
96 10757
45 10783
33 10822
65 10829
71 10836
49 10861
64 10898
32 10926
67 10960
16 10999
9 11031
83 11034
23 11041
73 11063
61 11066
16 11086
17 11104
93 11151
69 11188
4 11236
33 11269
20 11287
76 11326
76 11355
80 11376
37 11394
31 11436
36 11457
19 11496
84 11527
3 11571
55 11615
80 11635
18 11667
61 11680
44 11717
24 11742
96 11753
21 11784
3 11793
15 11802
29 11824
48 11846
12 11856
47 11902
34 11904
32 11950
83 11958
97 11975
99 12023
67 12052
32 12062
47 12070
40 12117
53 12118
79 12141
37 12190
61 12240
8 12285
73 12313
90 12357
42 12381
8 12382
79 12423
36 12443
89 12481
45 12528
22 12531
53 12545
50 12579
85 12611
72 12637
37 12678
24 12681
37 12703
11 12704
82 12731
33 12780
90 12810
64 12836
43 12841
31 12874
66 12917
34 12958
47 12979
42 12986
11 12991
50 13021
42 13027
3 13043
85 13073
1 13120
9 13127
57 13152
45 13176
49 13213
28 13216
37 13249
48 13272
65 13315
49 13334
28 13358
77 13393
68 13394
44 13439
49 13488
61 13514
65 13549
38 13551
52 13576
2 13577
11 13599
67 13629
87 13638
76 13688
21 13738
3 13763
96 13813
90 13863
44 13874
44 13921
24 13935
45 13982
36 14006
30 14020
69 14045
50 14077
11 14118
86 14133
61 14144
19 14159
31 14177
59 14222
37 14244
71 14277
58 14303
30 14333
77 14346
45 14378
89 14395
2 14429
61 14477
34 14502
40 14544
71 14589
68 14604
71 14634
16 14675
55 14701
7 14714
85 14728
58 14773
83 14812
76 14848
16 14875
59 14893
70 14900
8 14910
93 14946
14 14962
23 15000
77 15048
57 15060
35 15066
69 15068
81 15069
87 15101
89 15146
68 15183
39 15186
2 15198
68 15248
68 15258
59 15266
54 15301
72 15324
25 15365
93 15378
97 15426
29 15470
98 15508
64 15511
41 15517
30 15524
54 15552
93 15567
2 15590
63 15601
15 15637
74 15644
64 15655
93 15687
90 15722
55 15748
83 15778
32 15781
51 15803
24 15841
94 15869
50 15890
95 15937
81 15961
90 15988
96 16021
1 16041
33 16062
55 16089
69 16097
58 16135
27 16156
20 16193
79 16215
66 16254
9 16274
5 16318
82 16329
18 16338
34 16352
52 16367
62 16390
81 16399
6 16427
11 16472
53 16474
60 16514
59 16519
74 16534
100 16575
76 16591
12 16639
51 16662
33 16702
96 16729
84 16766
51 16783
77 16815
33 16823
51 16866
93 16893
36 16925
24 16933
62 16970
56 17003
28 17018
44 17061
25 17098
16 17100
26 17131
49 17143
5 17178
37 17206
37 17253
87 17277
45 17294
36 17341
23 17352
49 17384
54 17405
99 17432
19 17435
26 17439
35 17453
36 17465
88 17478
94 17506
44 17555
10 17571
18 17576
38 17607
38 17613
44 17647
10 17680
96 17700
16 17727
23 17749
14 17789
19 17814
91 17853
7 17890
7 17918
8 17964
85 17981
86 18027
17 18054
68 18089
52 18116
34 18120
67 18160
34 18183
68 18221
57 18227
26 18232
69 18257
9 18261
34 18265
14 18293
25 18318
54 18363
15 18370
8 18405
95 18426
91 18462
29 18473
90 18520
36 18551
21 18594
77 18595
93 18613
15 18658
88 18698
17 18708
91 18752
11 18785
7 18797
99 18821
59 18830
100 18847
87 18874
34 18901
88 18932
33 18944
63 18992
32 19041
56 19079
82 19100
87 19108
89 19128
54 19131
30 19154
34 19187
95 19230
17 19242
79 19276
7 19299
95 19343
4 19362
16 19403
34 19434
1 19480
37 19492
