100 845 31 75
78 99
60 71
22 27
68 87
8 85
98 100
46 71
11 92
35 76
26 59
2 5
12 27
25 30
83 93
23 75
40 98
18 19
34 76
23 47
4 22
44 73
5 13
55 91
46 70
14 97
1 14
60 62
14 55
29 61
8 46
78 80
83 94
97 100
66 67
69 77
3 81
30 41
49 57
45 82
48 93
84 98
86 95
20 89
69 91
70 72
13 95
14 65
46 87
44 58
10 89
83 95
95 96
62 83
74 87
80 88
39 59
16 100
53 95
96 99
13 71
70 84
20 43
87 90
25 63
23 98
47 74
34 92
58 95
36 68
93 99
43 70
49 93
90 93
3 22
3 84
48 55
17 30
69 92
10 33
54 59
11 30
80 100
64 87
15 35
20 78
73 82
15 23
56 57
40 78
29 50
53 58
12 30
47 70
2 67
31 89
87 96
28 51
16 38
99 100
91 100
35 75
81 98
11 16
91 97
3 11
37 85
88 98
4 20
70 87
42 64
80 87
13 20
38 95
36 96
2 70
35 42
53 62
50 52
70 88
70 97
79 86
52 81
43 72
72 82
45 77
11 94
38 67
58 61
3 80
74 85
32 42
31 43
70 93
31 73
15 56
30 91
78 84
3 44
16 45
51 76
12 41
58 97
65 83
18 82
57 87
20 45
69 81
68 72
27 40
96 98
88 91
11 19
87 93
5 28
87 91
11 18
27 65
67 71
90 99
96 100
37 67
7 60
33 39
9 55
81 95
71 97
64 83
73 90
5 6
77 86
67 95
61 77
74 94
3 46
17 32
66 86
55 73
19 34
90 97
94 95
88 100
91 94
33 83
19 37
5 53
19 84
26 56
8 13
58 75
62 93
50 60
48 88
33 40
77 87
52 60
82 84
24 67
21 53
27 100
38 83
19 68
11 37
30 77
75 100
1 87
12 80
17 45
38 75
9 18
24 49
87 100
37 89
16 43
92 99
26 60
23 35
19 50
70 89
88 99
3 50
27 36
25 75
44 53
64 68
33 74
98 99
56 68
63 77
5 10
42 60
40 71
9 96
42 97
38 39
75 80
57 80
26 91
80 94
16 19
17 54
76 82
90 95
15 92
84 87
53 78
28 55
14 44
17 99
48 83
34 61
81 92
52 70
84 90
63 100
91 93
57 95
36 65
53 87
41 42
65 74
26 53
24 28
68 93
11 64
4 28
41 45
67 79
32 95
3 6
64 93
3 67
18 29
22 54
68 70
33 67
23 72
22 89
75 86
19 93
90 100
85 89
40 45
5 34
40 48
89 91
51 55
75 79
4 6
70 73
69 89
47 94
58 73
26 70
28 39
46 60
69 84
40 83
83 87
68 81
63 82
93 98
20 81
56 83
63 66
66 80
25 44
32 87
30 56
27 54
82 96
55 78
19 33
45 84
41 83
56 73
11 59
72 80
27 57
38 70
48 64
62 84
77 79
9 90
19 30
70 99
22 34
32 90
40 41
18 94
62 74
50 54
47 93
58 98
27 79
88 95
57 83
39 84
8 55
24 89
32 80
29 35
41 78
89 100
47 77
92 96
59 87
65 66
12 75
72 86
76 78
43 50
84 94
43 76
9 47
23 74
27 37
19 23
80 93
84 95
59 69
20 48
31 95
52 94
81 99
26 54
92 94
24 99
85 92
2 53
79 82
40 51
43 99
18 58
28 99
28 73
54 82
54 86
7 81
92 95
49 54
13 31
23 62
29 86
4 13
16 24
30 73
80 99
3 89
84 85
16 65
93 95
18 49
17 36
45 88
60 86
73 100
94 100
90 91
24 36
8 23
57 65
35 59
92 100
67 80
68 75
64 78
22 91
76 93
86 92
27 93
35 69
59 81
70 71
3 39
6 69
14 52
57 71
59 82
9 75
44 86
36 41
64 71
7 44
91 99
57 63
75 77
7 21
75 94
17 95
5 36
63 94
22 39
17 96
32 88
22 43
49 50
85 86
37 77
77 93
13 34
49 65
71 74
82 85
42 81
12 62
11 27
63 98
65 72
61 62
55 76
12 59
36 69
41 61
8 80
35 70
43 92
25 61
79 84
66 83
78 88
28 81
85 98
78 89
20 52
14 59
42 45
46 66
48 69
93 96
7 23
82 92
16 88
22 37
5 77
80 84
25 50
35 99
50 73
18 89
70 91
4 11
51 63
24 61
53 91
49 61
2 31
56 86
9 42
75 99
1 89
19 65
33 48
25 54
7 26
53 94
19 81
40 62
65 93
11 43
43 65
25 74
18 88
63 89
15 64
5 69
78 96
5 84
22 28
54 71
28 32
25 62
35 45
52 73
26 42
69 82
83 89
79 90
30 70
34 73
4 67
52 56
67 81
59 80
71 73
22 93
5 51
50 88
29 52
29 66
39 97
9 27
97 99
24 55
40 73
84 91
37 71
76 91
37 79
57 85
10 22
51 81
33 90
10 30
56 63
27 38
45 54
59 62
13 73
48 58
75 90
9 65
7 31
43 98
85 91
23 40
46 81
35 92
41 57
76 94
67 93
51 74
10 93
22 42
88 96
34 40
92 93
13 51
43 64
12 51
55 75
22 53
67 83
43 61
20 71
2 58
93 100
26 84
65 85
41 67
14 90
29 94
30 46
35 57
29 82
69 74
71 88
89 92
72 78
77 89
76 99
13 26
24 83
95 99
74 98
21 46
31 35
39 74
39 44
9 98
80 90
31 54
49 78
43 73
3 78
54 83
46 79
41 77
38 50
14 15
76 89
88 92
58 89
5 16
4 96
87 88
24 62
56 84
27 66
65 91
3 70
70 79
54 62
51 73
67 72
64 77
42 72
73 91
60 89
88 94
39 49
8 93
95 98
40 56
27 71
44 90
20 30
60 72
82 86
82 93
15 89
12 19
16 85
19 67
68 94
12 15
19 21
46 47
60 63
9 24
24 69
26 47
60 78
94 96
34 55
73 84
22 77
11 51
32 59
66 79
41 60
1 37
41 85
69 71
58 68
34 50
14 64
62 72
42 98
8 52
1 91
23 83
75 76
34 84
2 87
25 53
14 73
55 94
69 98
24 75
71 96
10 18
95 100
82 97
16 17
70 96
50 67
55 92
27 30
97 98
66 95
35 55
44 79
7 49
26 38
65 90
49 62
74 76
4 53
11 57
25 48
49 51
38 68
33 72
61 93
12 45
9 83
3 25
37 59
75 85
24 92
92 98
15 52
33 85
1 21
74 95
23 28
6 13
24 26
5 9
33 56
14 16
25 82
24 33
26 30
67 100
6 50
20 96
72 90
42 47
17 20
5 61
68 91
48 85
77 90
66 87
75 84
1 78
30 44
37 52
91 96
29 99
14 46
46 80
41 86
85 97
80 83
59 100
79 91
45 48
18 92
21 60
9 79
13 55
65 87
21 31
27 78
31 87
66 78
79 100
59 93
24 47
6 36
5 92
45 67
66 75
29 73
67 87
63 84
39 76
11 90
4 31
25 33
76 95
55 67
38 85
58 65
43 48
32 37
73 94
15 57
64 89
30 88
86 88
66 90
57 76
17 21
46 82
20 29
6 22
6 34
22 23
31 45
2 83
3 85
58 87
7 22
35 94
94 99
26 100
86 98
29 88
51 87
72 98
45 70
41 62
40 84
56 90
50 59
21 25
73 83
36 40
83 98
1 49
15 85
56 67
64 92
36 44
36 78
67 92
7 30
35 85
66 99
53 79
96 97
78 98
80 97
16 59
17 89
18 22
38 48
14 49
82 95
9 93
20 59
77 82
51 83
69 95
75 93
27 41
79 98
40 79
11 44
29 72
28 46
7 33