4 5 4
0.7717 -0.6536 0.9964 0.7561
-0.5403 -0.0328 0.8135 0.4658
-0.6111 -0.4206 0.7170 -0.1193
0.9970 -0.0492 -0.6938 -0.8871
0.9523 -0.8497 0.9702 -0.1364
-0.2169 -0.8179 -0.6604 0.2636
-0.5286 -0.7700 -0.3337 -0.6094
0.2689 0.2218 0.0463 -0.9877
0.6768 0.6621 0.1278 -0.8637
0.3239 -0.8606 0.4053 -0.5903
0.7958 -0.8173 0.4626 -0.7620
0.3874 -0.8822 -0.1474 -0.8147
-0.4348 -0.1805 0.1570 -0.3408
-0.7617 -0.9916 -0.6676 -0.6910
0.7877 0.7346 0.3501 -0.5402
0.2150 0.6077 0.9496 0.7916
0.6033 0.5895 0.9458 0.3864
-0.5679 -0.1365 -0.4322 0.3996
0.6738 -0.5687 0.8065 -0.4793
0.8534 0.9639 0.1532 0.6512
-0.5388 -0.3455 -0.6254 0.9062