15 139
1 0 1 1 1 0 1 1 1 0 1 1 0 1 0
11 13
1 12
3 2
14 15
4 15
14 8
3 4
13 9
13 10
2 3
13 7
9 6
6 3
12 1
14 7
15 11
10 9
14 6
12 4
10 15
1 11
4 5
14 10
2 7
13 4
3 1
9 12
12 7
11 8
11 5
7 6
12 13
5 7
12 10
8 6
11 9
10 3
3 6
13 2
3 14
15 5
4 2
4 7
15 12
14 4
3 13
12 15
2 11
7 4
7 13
15 13
7 15
9 14
1 9
11 4
3 11
11 12
12 14
14 2
12 6
8 4
1 13
6 15
13 6
15 10
2 9
14 5
11 3
14 9
8 2
15 14
13 14
1 10
4 13
5 9
11 2
5 15
14 13
15 6
11 15
9 4
7 1
9 15
9 5
15 4
1 2
7 10
2 15
2 1
6 7
3 8
3 15
14 12
12 8
1 5
3 9
14 11
8 12
1 7
5 4
8 5
7 12
9 11
12 11
5 8
2 5
7 5
9 13
13 15
12 9
10 11
11 6
7 11
4 11
7 14
10 5
10 8
7 3
13 12
3 5
13 5
15 7
6 12
4 1
11 14
15 3
7 2
4 9
6 10
6 14
10 2
3 12
8 9
5 1
15 9
2 6
4 10
9 7
15 1