24 962
619369751 10
959968865 79
652938591 50
680247086 4
364270998 48
399494378 36
491557045 85
486549461 25
234560100 55
579068094 100
570646049 74
144679899 36
123673059 59
836089738 39
746786479 69
348625742 60
546778771 10
607676426 10
779467456 28
822504763 58
596827193 32
559317680 81
219665697 39
776300988 56
930048790 7
792915860 66
248371957 59
839757635 40
688668672 28
942746732 26
221005559 48
191567515 13
554576819 62
316136355 52
295594636 38
563509032 81
202277695 44
489614681 41
832916602 66
345956976 40
181557305 86
737808985 74
461328808 1
538306060 50
126926994 40
524068250 41
425801779 2
293262547 5
911048987 57
873382295 54
368300926 68
420431918 42
817181191 100
702156910 88
732413189 33
996735350 7
675779695 54
675995892 81
775270466 24
423206995 56
878119427 81
125489838 67
893493143 80
773085868 83
974622102 4
349720835 37
391372292 48
485663451 52
289869134 96
881824759 47
896053176 43
804175874 56
768164435 23
723809078 76
543722220 34
200453238 14
118856187 70
140398934 95
424417828 18
893212950 69
218878869 23
335631903 36
387064643 17
228519662 14
825033803 11
989293731 18
848140427 38
749999101 58
752843092 90
298392533 39
248345468 63
875490250 19
546014572 75
212000878 46
585206196 24
276861756 5
554007315 57
623709572 49
418322376 99
216393055 89
308642190 94
820554147 5
863903806 65
135684106 15
900860559 95
622143713 29
947503588 92
846241740 59
858235013 75
198916814 80
291687279 69
248888692 32
950464846 63
270493545 96
205478676 80
902803291 2
315720257 57
727821109 53
912474278 81
369242825 75
173349667 52
100951873 89
346822009 4
145062561 89
702483288 48
267653494 54
218292011 47
949805018 25
626990220 20
429465592 17
327561761 26
865892389 48
163516688 61
295627145 36
915465831 96
134984079 69
609229666 77
642660807 63
423033569 37
849960897 63
525838821 65
617044707 33
362054396 71
773809426 51
324443138 35
103556500 74
206308846 6
663368352 83
486364126 6
494161207 64
504713637 5
528727510 58
748143307 59
844969907 15
791458648 66
387635774 66
153861650 55
589858708 23
223134275 55
911148195 47
608125129 24
208517091 89
728499452 74
123714599 29
572245021 81
321218242 29
631614219 55
247134334 87
948227107 42
607960803 91
731871923 10
196151168 71
477484850 85
230101443 86
386363021 15
220654385 52
343260749 5
589303298 16
555922305 76
908954532 3
343644867 33
626317136 87
745811293 54
319124595 38
712313085 27
389554772 22
878362671 39
415921332 79
269313239 7
468587689 47
589841275 49
287700862 14
598597480 86
322305402 41
496915426 17
756920961 98
443613970 96
924930187 52
690386236 83
326334655 100
928450453 63
352440807 60
284713132 66
726299742 36
733216036 72
894945195 62
929415627 6
961503926 44
379774751 65
536764592 50
607020223 51
661651629 55
347121818 36
401831368 49
883487301 79
106049499 34
481357617 24
243907083 89
702796198 24
809037519 67
273943671 46
106332569 41
706165303 43
911777031 96
454825704 81
573841358 77
158170085 88
993790400 28
984669640 61
392591565 15
410941542 99
807904642 85
537705555 89
792954997 61
746669657 99
369611241 94
129661010 80
566215519 11
540619464 7
571685802 73
184894462 94
383399321 74
803859071 17
343985558 52
414538201 51
311882744 19
626123106 24
544587960 40
416496986 11
345139146 87
208727976 47
389118403 62
102900924 39
706347323 51
968313758 74
363125003 29
103842083 85
271927830 44
102959459 30
149881510 32
373535289 90
903472185 69
598832396 85
429135541 60
656951918 97
852610876 65
268136192 22
724196295 9
756893477 98
373546391 10
680630973 8
651945501 70
954849393 34
516302059 84
523693703 66
378511801 72
896421527 2
215633139 91
148239710 51
352427667 65
296624876 37
710093762 52
715962750 56
787642217 92
547365202 87
507911520 67
116945898 25
610215186 32
111763486 82
397320754 45
148098500 81
622488932 91
235580400 54
263232118 54
332327837 4
203473235 91
282095244 10
679179055 96
663581691 71
488258024 92
583555256 66
882788699 88
959991909 9
790089412 59
971145966 31
356430101 54
765026265 74
487413178 80
527832743 50
840704035 56
251995397 100
105065664 19
404200843 96
769251800 73
977624828 60
212097916 57
336224673 46
278923947 55
780292795 21
117019588 83
497511957 66
987470386 64
696870121 64
294939051 40
895739531 27
864550821 12
869356957 30
704325847 86
625606086 26
321751699 24
339844992 73
141646848 35
544011155 29
911661945 2
202747305 45
308127940 24
639559123 16
208028801 32
232865307 20
779525967 98
319659500 62
787967239 84
775574431 52
715096734 100
683918810 83
487763332 13
195140580 32
714754689 91
499463486 81
367397536 53
770113359 27
430524819 74
973003515 49
308929808 62
644429029 91
692049122 96
374289940 66
310248249 78
971441236 27
451704095 83
255891326 77
784607690 85
277904179 1
364832373 42
347016113 16
964513622 31
353602686 12
301798458 30
129841668 93
927920569 66
757390898 83
798921040 54
157646459 61
705791632 84
587078481 28
676612670 95
564274060 42
992170396 55
422157639 66
821086167 88
197478523 49
535905445 47
589027217 79
193820362 30
315525601 92
430823737 91
408904760 10
578247916 83
750178787 72
800254277 4
340427967 9
756192260 43
994411004 85
840001787 55
734098271 48
117717393 82
246987805 90
149588643 68
940460099 6
603865059 62
778080341 69
885753002 6
187320586 54
174636112 1
479050942 79
595985213 81
504115664 91
101986741 3
166261148 28
812852731 3
288523553 76
444159435 37
237190026 11
394844500 21
765881943 60
154982565 68
779152558 19
878776793 71
541833142 73
902300135 69
194473986 43
267687441 29
373817538 85
747263938 76
878892920 66
626362758 1
710944335 83
235329069 30
604589265 15
999295810 58
354093100 60
341162311 30
220559525 86
320277443 88
833522104 17
659589514 54
206740601 77
647630960 97
597127317 91
108149579 6
626199139 66
354471717 91
600605554 45
196711346 22
383356510 95
298025508 4
553968006 88
778177094 4
686420600 52
937029774 65
600057557 2
347896414 33
579204058 82
214238587 15
113683492 27
686298204 10
117329437 59
432266262 28
700064553 35
143329242 69
837132600 14
191118602 26
662372510 46
106445519 22
609008708 81
608612807 98
337545249 8
870341393 97
363432712 21
395997366 1
356923470 86
545301331 65
621846437 64
625290304 70
734544551 74
372911156 17
655887125 66
481667084 66
273117515 75
852055927 87
431343899 56
964595840 10
956058190 87
764022313 10
290033431 71
947886534 25
358182649 75
388415580 65
629737667 72
491558002 84
891020255 85
411772497 53
544560795 68
541894627 49
183423014 63
547124156 58
130501837 59
715095911 60
365568601 60
359553541 33
499210616 25
258438511 48
803509002 53
568159089 3
612489949 42
839602618 30
779327242 7
862416503 41
434121584 79
421723526 53
616264886 66
716481291 89
995994525 22
625242500 2
293016006 84
514365615 45
582918156 21
805427963 40
416608293 64
256082337 45
354634481 14
969676098 86
963546874 57
558778763 60
354269497 11
762118091 35
934183383 64
544189164 17
133547931 44
376648404 2
644435548 36
186591288 64
531361443 14
800993903 60
384379181 25
852312665 34
469119454 81
914615531 66
268268275 19
895078639 92
284125090 36
884381802 88
454665797 67
527165332 35
842817008 2
616459801 62
285223539 94
494082347 22
805915492 70
947775534 72
296866556 41
470613396 84
532112928 3
766057919 50
448369654 93
415444514 55
615570594 98
992694508 66
337433217 36
975375599 68
565882897 30
303659427 6
458542356 89
373750913 2
798139183 54
184692812 18
818481442 52
428388030 20
785844512 90
948075918 92
579163465 62
580766677 2
362600541 75
119744121 68
991238881 89
558377492 46
330761428 22
661706116 32
933042207 68
895857145 2
324773672 23
938933146 30
794832251 65
436003834 48
782939493 96
696367562 24
180095782 4
742045984 28
477421197 70
940916680 94
562897834 74
610746306 27
912865218 68
934825778 5
147484183 91
668109233 80
716549412 8
458095842 3
361972025 17
514234100 67
772508998 15
160698725 4
788371111 72
197199310 71
802118100 2
125953979 43
467791005 74
573551356 67
435655280 98
758724015 10
496207657 84
230709917 8
222436410 67
782973009 8
484437210 39
900036734 86
472233123 60
105447922 52
890097599 47
946601513 80
870846586 82
854460357 5
634577748 91
946614800 8
878330123 16
130029527 79
586706000 26
370142785 60
826553185 11
508455192 67
615987632 5
303662169 86
881657868 59
689974502 68
847210393 34
566628511 75
826710298 20
190950368 7
956833712 67
415904240 71
343796702 92
311540754 48
152943189 5
717479479 40
889007612 25
554749361 17
996827597 79
202024825 34
732859384 93
864744917 67
346636421 4
966485197 84
597372916 12
116947776 80
857389866 48
856537993 34
292132497 56
854221695 98
669003909 2
142740099 74
229638954 47
163504725 9
663496705 26
262282884 67
830300133 27
185814786 65
333747622 45
739800139 87
424442589 23
818796853 11
898416431 91
961006098 83
953363486 7
990069746 59
616023148 44
222390566 90
760788502 19
122040272 64
772385737 8
179504701 38
751124869 21
623077942 84
102642145 18
171498730 18
691665391 1
157873684 13
259782699 97
843186034 12
690754429 61
888964448 59
803505612 79
423255417 27
284471064 25
688795859 96
731006463 99
151581552 100
334157139 43
767851960 33
278253057 34
457383452 33
603979062 15
941306110 32
831534186 71
826124202 80
687390565 49
649430652 78
500311148 91
978710273 56
930804761 52
363982418 71
187935370 52
836171291 44
181937936 58
397301279 12
417851483 93
573622985 78
544246603 73
773954330 24
403989640 75
105649386 55
305185475 19
509799788 43
286007923 25
154481766 34
132892582 67
408919321 33
915755122 39
399122296 49
401666686 18
887216921 91
473594473 52
372875155 55
954701175 15
718542787 28
525364771 40
305078705 82
876099827 90
638050646 37
204119807 52
805724575 1
692307669 81
985109404 29
106869725 27
666426038 61
208762888 41
185132170 36
589755192 34
970057963 45
495093653 50
173595834 32
263749418 73
272909108 36
454581625 47
185652356 30
737006266 76
396880369 35
514270254 4
751128564 71
957936639 89
204205717 61
930066692 17
882567092 82
706351794 73
904322955 47
927902663 31
601901071 71
807893046 22
818223792 3
421535237 95
949989214 22
602929633 76
347162771 97
543300417 20
311363449 44
140163553 9
361024333 36
577549032 68
257741272 13
942196102 15
102736123 97
667100670 37
394363585 40
711610154 25
284415438 14
878448895 98
954182747 28
344103562 9
965527927 35
249877702 59
273701363 85
189099895 76
414164419 47
635332620 50
541743292 21
915560543 98
539682325 8
172540763 31
432803323 78
558124920 85
655994409 95
783647334 4
382848873 98
834280182 23
372414649 28
286337595 46
704888245 3
161492008 60
109127714 20
602165066 34
762014311 7
547014085 10
812335110 5
600825613 42
211951480 62
533875806 56
119628559 52
366402248 100
714624953 72
220656737 25
779083405 85
618635689 14
661172614 73
495465987 36
349136517 47
515796732 5
240911671 43
799997607 81
523880530 70
394103202 83
342352118 29
959956946 64
337333828 29
946302926 67
161763419 53
857626896 7
950799976 27
207418000 50
849176624 4
473317521 3
720936731 26
354528471 98
124459861 82
201071016 3
817279070 89
872663818 11
592776143 94
765728992 81
877975243 89
462397181 14
318022117 38
877363626 95
364142174 32
562884936 20
397319862 64
225914349 40
564752695 96
699425085 17
257519539 21
710404712 22
730116840 43
203339017 76
377583188 44
381477804 30
225453808 60
789018875 28
868297445 10
405131098 99
644747740 67
627669284 54
861601530 99
338786447 22
948585168 5
205952431 30
485216880 67
414541842 66
242610025 44
515687147 18
591769800 13
370411948 51
610936253 81
812669982 22
562770894 76
349147019 15
181055995 20
967973607 46
479799528 74
180694827 90
783639559 72
894557561 45
765608043 55
483587380 77
719475187 92
758778267 93
230429644 14
222578810 82
604532795 37
328983379 43
165544202 8
325435079 6
775397851 39
901148030 90
944633667 83
641231697 10
108608268 98
917003567 37
390342363 51
476660016 5
556924099 1
956665015 51
772158384 23
543520134 68
577042336 48
238139116 24
508782504 32
553132599 45
629951216 36
451301903 10
707067166 99
775087743 86
537441906 49
230371289 94
529567491 9
182185626 38
779902653 93
574306787 9
611421653 75
354345047 81
978262809 20
730661811 41
239426693 9
338107475 91
857711663 54
541224906 27
870787340 31
765385932 19
447309528 13
466901525 68
749122010 26
816026172 56
798390911 82
733254299 51
436112274 19
895201344 84
535904816 64
782081254 64
946346298 85
714745946 58
939016049 18
270820129 43
720753341 57
896762470 33
756659857 83
197793213 66
313290825 46
726374028 63
613707125 95
251519576 69
931192381 8
335479813 41
534279211 59
874715013 32
791269707 15
