24 916
722042007 462337598
876970966 718741013
723114755 815215593
916420575 275852873
782932576 531489352
548332357 148199699
928352344 148718844
940931915 192575553
591911253 196889290
214351573 689399002
970324180 575611864
561131676 116586874
637560656 906361556
220408725 580637416
442796421 746577422
387530061 109861013
509366868 496158853
307530416 411280204
274506298 148718957
356915054 141481615
289408259 518565353
926727134 512234604
449233342 377815490
526553868 624762201
399473788 746145563
311988921 318727584
391703094 347228001
328001853 738234634
951992053 260585161
916174209 786703524
115729420 454428101
164849347 901449220
907076114 218515457
371214119 814303249
619667780 149974889
570206772 201722600
462847693 676266996
464630307 998226350
966855933 948527059
419368463 227943403
384896970 479711052
315736145 458549485
976969729 117146962
714773222 746937691
414449336 309696422
445489664 405192182
614683814 928931912
861794303 955291913
486831696 323549688
200426317 258038201
809631788 847213575
272945441 544797711
558078205 267686831
187587431 208584700
161639747 641520268
931195119 321085083
701029730 393059146
795161861 509160670
747404116 497542374
575283518 248664565
206021810 515616974
166490552 427055645
475314270 672112649
148088073 761742474
955012995 353035115
657639144 174622428
866559332 458280877
718528797 596745015
572138417 263642752
879548254 547041779
878587535 127594612
442320353 347463738
955442855 541338396
663500822 417080589
192735287 200663749
836780177 773916504
625747961 422518095
458146175 992777963
612447184 770814889
980975858 983300614
235816011 542457625
743119126 766304574
469959949 678502634
624426838 299316584
957144553 322335925
836919179 140756152
602223690 930243573
592487320 437587936
300477364 202216238
710941417 785319196
801109555 902674645
960543460 883586749
763077459 504660606
323134846 398007492
991651551 833383796
452886472 441423930
829961281 277613809
335217095 845653818
419994097 190718616
125389272 769514779
832890492 379381314
299942807 825635522
135802293 478394550
855123207 807788684
796139696 947417926
947409929 416309354
133173342 354358033
355786215 208502903
254198670 521112311
327948707 234552637
650050132 379681682
132558437 846084056
934725187 857281244
278341878 465444147
988041874 331872888
813149599 790734961
269756637 414582168
840589333 264556631
270735487 713613683
210465127 457912837
844938337 256749364
800686970 217778616
649235565 905517688
952538804 587196477
835938447 746638341
354612763 176692683
385650416 942315316
919218311 153071500
310733103 618193878
499462959 229530438
676584816 483442223
834250696 590092245
752597342 271593049
934741289 351977422
943088233 781683200
976693228 644332513
748853896 416104641
468024105 214834402
339151748 677760272
781914031 159689068
672815855 553020354
133258843 207182964
500387864 456597719
523909791 775453220
422933522 695987806
978109924 206471160
870337734 773841996
397644317 476913726
266834725 689613947
704147881 277234742
777411564 495528959
465741431 282081311
701039334 541552773
122417327 844968865
741137585 428740495
472800907 861216224
379021081 796725425
363813108 572429484
110755097 594378052
349400381 233739301
403274535 638896275
419097325 707961450
848904399 284834284
257236283 351277495
688173577 125136187
558263304 789975641
909365442 151195604
741821416 766900023
364685093 173242120
636070796 116833375
185266046 281884284
257353544 822209198
256542917 500289736
657974472 981473152
382105474 281379224
172012147 262591494
463577303 295714211
157381486 483284040
947926966 568694715
730864746 657251722
269320431 987414816
531142535 814971504
761520828 302534363
778948324 550042829
547255909 683921948
591840020 551839044
316072441 934088600
627160250 418710467
448371280 701987991
768713192 545277846
366339771 468623097
190636999 131629704
625262919 355321878
358420061 504403855
348216959 441262677
608570800 460908633
821090879 503522304
237823396 582926512
112910944 908992728
188393645 445095207
884913755 690920961
537013808 679984469
244364213 585510393
581513547 967032154
406722139 432364290
206101364 977112761
731774224 989651247
637546995 755551273
430448930 514885999
166445328 297996692
220630637 604589075
793962709 688451154
860734702 531769583
313953819 807308709
158397627 667590011
397157276 329556715
246465695 908422848
583222885 570269075
919555367 245180633
684531292 508360901
450514843 127721146
708035287 912742860
750236921 780765882
840574541 669668023
371801444 456223339
196442468 558730895
687115585 395982532
452310160 803774989
472117198 291773318
296858686 202949318
153537563 929135803
627966620 943933219
932195232 678430110
928927663 218095545
653587354 246391517
200286388 803833158
565683330 248990752
604905028 871137887
302475787 806817765
119739505 870165562
820024562 114326263
655175491 225659891
938659873 487831655
686829708 440552710
841752787 131636125
160367776 720643428
246786329 709010519
523861141 579667597
468863992 997255376
209136655 850932827
651567340 923243282
466833773 566608127
408505846 444088927
451880421 452219762
746649985 411747356
504424456 633547328
189699843 888576837
289103582 993910162
501901293 844966228
335034217 621046400
343005076 201365428
958225336 298860796
875939843 990484751
457980387 364278904
328920719 171112439
868246649 194331012
974163661 254085747
665792691 154515899
835885727 429853225
145754374 777877572
767922396 186884618
631581289 583457492
711535585 330914193
599299547 135123968
798626714 463093174
556754704 161915859
558074595 472150054
230396605 963293616
748462775 388073951
554491275 843731185
177789853 679470007
563970078 247695877
226613294 942323498
643566176 501834684
120040255 465248373
534683595 213982521
172877970 393547633
596596957 856250732
209821489 356378516
718986756 573141233
828283449 427306065
517492515 929927926
693407037 314609383
787377717 574239700
708861421 246551250
851803592 746966961
156858561 990004146
253224276 856026762
802392224 394941298
437305959 580374818
941482065 747269188
863013584 208770109
917751464 408666153
924017885 104443988
283983884 972172606
737811294 126679249
105206072 439308744
955725335 908729836
704088130 267586444
526183425 693544118
534647291 974497694
444240481 576933225
735022800 146191732
757930440 841332236
688025876 324340957
592703562 251221027
450460763 623072612
973823744 852150235
691149938 374093483
400564230 929194478
642164684 337519652
808665427 674741584
387773561 799333237
552131024 597450910
744375348 124887990
744194601 534288129
819248931 209013413
911586196 226742621
887821946 330567776
213256163 534832068
832742208 538517980
558217346 987481309
689805025 224072297
971523149 783613860
352240422 466797588
239097716 741883537
993653838 860987460
921653475 357355265
620149507 550760237
929539642 288969703
228104572 720522991
439935627 323959035
212073450 243117295
909542914 892497583
727337176 611132590
661981539 201887259
238135692 760403467
637029420 578218932
488335953 999755393
691495991 884096983
108093164 768466068
833862969 624050721
531071270 780667191
849840242 856070968
624457836 230817576
302551381 483173315
814337569 543195226
784970253 312534245
207783471 589522277
913927256 194573978
910430699 959158591
128569689 306963917
974895145 138083759
993808078 681883399
362673339 710985924
538636624 168465291
809773898 179353472
873273272 490517488
456498131 335705824
138386070 904437430
340820327 678139093
575820836 955036964
641673766 764552926
514241038 161698392
361410188 528477968
677622924 535018249
569299263 151416577
221550298 828349205
629888220 191367163
932932888 438421339
892895673 556422148
520358926 134664201
423705204 353787985
644006026 561910580
603945939 920896799
658558026 984700763
938527046 897871358
791734393 200518519
913584824 912532591
201127895 364604435
953501564 171260439
151896022 915787166
947920559 609507584
178294423 821556669
794563869 920580118
143124866 807261588
914404682 200244124
967847987 147124753
653611508 100878145
773466538 478739665
359115724 727444221
373022672 329877088
707107578 131454273
368241368 245241685
246582870 672359094
520849273 290167348
102233088 555846897
577121038 668046115
130146361 454239936
161747152 548888891
182225979 574360614
461194755 294179706
419441949 317429816
569276875 150894121
969603437 515176975
120992994 132083313
124893334 861809817
574551900 988690424
394674867 621176617
885073058 353894295
409370665 820356966
912629347 926767241
101696184 313447838
384982028 823912390
507931913 236441120
639595682 917687498
373778975 596773861
841828609 345032395
210508400 321773557
532464754 423966489
415720311 386822174
133298406 556005985
397559379 895539469
345163763 861205062
835122904 810833947
297130224 336090255
307145251 781483182
779703177 129732584
723871642 743555865
579778932 378889832
768184445 150844301
945519623 143519205
562736917 150049540
947565506 933595184
679310634 182092093
939070712 120847308
714197698 331873055
920529963 462326176
891598116 571598141
529109595 499063178
279882840 139414456
137879947 448677517
256161438 984995655
608294091 694240032
451813719 295360787
615468097 722233761
694862620 954322269
497763905 207473378
361599660 762421466
389711418 465081990
406429629 389492431
977852427 441946109
976141529 817904693
660494263 388896404
410104211 139547481
869326986 410894757
236507599 869377387
572918855 103763712
321258226 324684062
948044572 563452430
627028055 413347775
203298698 611379938
976181674 458467861
578349847 238213390
625181093 771820162
145173060 690523574
258625420 521181740
204274604 433620507
362450001 783875462
178519767 883648097
506650486 355935143
649518184 952811262
587073023 137548338
465932175 203482612
838916682 475545298
903074777 155712978
641882432 139405102
983566440 914702234
800277794 392669585
717238687 877959579
570591133 694428045
437967898 524272795
922674874 918871220
644907115 408269197
170919828 630222510
905748023 923429564
139013151 336105077
186075709 142274183
581848532 349340925
335821816 210547403
799023699 333019265
947208902 648216729
504743017 721486776
644967969 796655983
365802702 170920241
597617710 911399192
623924662 645969466
237992765 336143316
788534607 267421958
956964487 901107785
227613249 131277622
177478493 245611367
962509431 944485072
758296081 195838917
183827520 442044666
961764637 124334859
712951134 788862021
954031319 467847664
871616037 801366963
525937314 111678207
216503292 821401040
837057390 847020329
322358530 527642548
180962593 589406434
229407459 196463348
804871062 383397988
694185471 881701338
274969243 152671322
608193533 178734850
223535319 622728485
349331454 423863048
539256657 473132583
632916546 666064476
900225652 806777775
994477736 666727251
909037236 646171461
638743540 151703514
983951642 372685572
561200069 956803421
816037077 951467694
711951603 794183035
589456481 940531789
575451583 554319812
149054442 827349671
624150173 739859505
694316313 835628989
671083072 729542151
728418369 847412841
652172392 169414000
968791635 677350202
899484521 337204878
226564197 609165934
883103493 805580704
602052206 343464021
812339993 918528943
517871377 412760808
504246864 918400033
866943939 915167732
699026156 473609127
739027592 769067794
541679731 393624941
201866245 151901423
282815506 941691331
378523124 654834387
811418914 275061726
575739329 835162236
717559518 563072228
754464564 278808897
688145602 901255761
100229084 970385089
468376794 311904155
634645938 898441925
494046809 122307993
319133522 800168751
519908092 398022600
235256085 628668556
505104108 316755082
572315540 829836793
846534037 487101314
153369089 474254065
882991990 675638488
216962498 569816006
727822242 868473244
872714945 944846971
144321572 866062987
402586126 846548086
689664644 914007199
765010195 899476927
158283610 755806519
325543482 771329687
897424170 997376711
580080697 639222463
962174710 244323190
162353140 898936824
538938544 445334514
152917415 105948363
431704300 586916429
390253870 756444750
758263188 675934964
293397393 548268965
167927747 220094210
247352199 578860011
617793959 763935542
602685563 934080029
958608420 452842042
631517168 170343182
313848275 748555845
172817786 429889628
135580843 544387719
277915561 111723812
435357903 261821919
644952390 880381744
222501314 156836207
785382994 346909454
711513590 387041787
457651368 314305190
595383509 736368126
900958068 455832099
940957766 897477623
205855805 868814391
840503721 396303619
184781309 554263974
995023667 459807909
159348211 287235637
389104616 188167644
790836900 133480887
817824177 851949426
341345862 479043535
251700864 548316827
939437552 759295107
622490398 689461101
298619298 631294883
692479228 769741637
500428383 807350682
530139262 228337247
525123021 433987841
695488798 940612528
774496918 460741921
879952590 666027473
449226817 847493803
346069004 390529513
613666800 260186153
436019203 439783342
847501568 511295805
875359907 492738688
369770491 136961323
195222458 123058192
513857336 486755814
362057135 820946944
801002786 581280741
726996593 845468716
434782261 956033047
840209195 631597721
936226729 591461163
299042492 968621297
167349164 188818779
224068120 574040782
838927209 663342285
604944990 470659004
221511068 444245576
996216202 166445515
403523202 686541917
741637035 514837468
654672046 992689982
778820628 435339368
675508336 679710626
639939303 800015867
746514066 758044096
662137509 875726601
834393499 374511675
718459466 751743922
786687728 425505632
585659845 106111437
151315368 535826595
567537793 266757699
860524188 851411962
837119804 792540916
250068621 624222799
255961937 665424153
101579464 824494914
358128999 445167704
401941384 989074688
396994344 818679259
560007769 112823624
833405462 408774556
398306357 421022360
314634860 177722977
113873706 126416073
411655181 731765907
438301802 556617042
683727593 424680399
222128103 153942380
815767021 952064956
795205241 367112486
479795821 961057472
636295089 932373227
939389814 396149581
999882483 485119896
737204219 902750587
737356897 444770336
230603499 904465112
581410482 300148401
249772919 255447991
212492135 241421816
470761422 637762970
874415815 353447088
603966677 132237952
886015187 442946351
624247687 492043262
367613060 471912177
742694330 135574983
229826860 633806960
944641964 560999519
815546942 902382483
743790358 973672173
210749916 377400589
474373554 395608906
362628817 477726539
905697678 838398939
503337635 985492852
813938566 452661069
740822125 381518809
603346232 587041629
263988328 128639579
589786193 901607371
734870282 792435756
563529927 626842963
328590633 291841027
256366805 180639806
899220346 459346993
727636800 368969607
710953844 619741333
367878620 175249358
869640554 821821241
767703309 264017114
830725843 599653269
795551224 581567711
698246658 447086271
475877111 602870947
890149398 980061016
872531510 111395481
216425011 964272527
611658119 166109302
593152573 868188688
262848122 333220866
973283999 496498897
361743428 462067026
174384510 569991491
299772536 333100787
542348750 294626873
574749040 848347428
432755620 227566890
762498690 413915479
466703818 155130444
801813094 151708904
351106082 443836236
267782503 887778601
726833268 540059444
778929352 231470718
394025328 487707948
534247034 684936483
600796738 704588074
404119496 169759451
693975487 551892994
367192320 193922133
668433746 243229049
671259420 120943038
730402971 618590991
197007204 368063664
204184356 167525020
415718797 821189010
657050644 498390233
184003187 313169737
216102134 725261653
371499152 382106070
608869230 179974273
582746663 209034219
394774455 692058937
434450293 369828479
282046864 860287920
467358950 231586119
798118292 872478198
915671258 633683828
502659034 757820094
531890615 208541176
537070603 105669639
902123631 778250234
528900449 231553527
993093871 369760267
531698999 214817504
359775861 525872243
685247509 700890826
128708113 290625334
625778313 492170648
495805399 948516898
943204263 691325756
843112353 555033331
481507956 785738610
534844274 254039980
212422481 604687263
348062017 193193457
771952571 292939762
254396845 808844928
538790609 377867317
127897952 827627887
135144307 443555325
912018352 918489269
437366802 900942617
270504646 722034083
871543244 957259215
499928730 892088038
160023845 956374841
391110221 880942386
585743801 172569055
912068999 318409498
512908805 593924338
880692106 218488722
993718897 209579787
988671412 343673562
935427199 343468643
621760360 362214870
454073401 678083771
356874873 572533316
957574538 449844305
665075080 735804562
218764147 837101727
713172853 648653846
181986764 663016242
860915262 729698552
270021475 660379325
609935926 713786923
334846569 321715749
450000322 129344283
287622955 912226283
157179035 564467960
689710759 933250788
673543181 193141198
832149736 763195595
114798053 412495641
469106073 855379852
136824535 910276602
619501085 480915025
758083793 231125354
936048611 357952172
443551703 551110732
727995499 757376488
828328022 428165203
697183709 910328609
262780328 779284757
294186854 845407820
744783070 765297443
409700849 897997964
854728803 705750327
567583144 100184654
230559546 609249973
364408288 227986745
870382001 120730273
664057186 869551530
884682230 319271550
703120767 971165689
338918827 576819847
619700739 477116291
125172443 499434914
957973479 459552578
770551885 275814721
758224571 483882690
289037759 220173275
751975647 348298091
469012198 118317544
420921790 621391698
724094644 530395749
750041664 853432666
495638610 796419804
967595883 844903972
524742899 542020350
246695964 962758720
835529763 143530083
702633118 938273887
843774539 498843161
296191252 691909090
853634547 480632929
324728649 866284720
417416524 253084331
412384558 222652430
420022573 264134491
608544314 189929594
104323914 630279559
368394635 173947447
116753979 711017734
546185820 658102765
348388338 998322331
384367498 364078308
918342745 868061982
622271674 902021968
517824225 494537428
835139974 384142550
207502981 411929419
572141826 196967047
211737292 645685296
846817533 316274305
480108570 285255293
785706368 656764921
785842039 185480058
125348373 567599397
417016737 147735350
612434820 972744666
776041887 276591504
545569879 809937932
794251468 955313874
294870909 843246645
739533363 215560368
361187727 222008821
460691850 904301319
426691740 552237045
890714273 405391947
838684665 463363956
