12 100
48 7
28 2
15 2
66 5
26 1
14 7
5 7
95 5
35 3
6 8
42 1
64 8
27 9
43 2
76 6
92 2
98 8
26 2
13 1
51 5
91 5
74 1
38 6
42 10
8 7
99 9
31 5
91 4
87 8
23 1
20 1
66 6
9 1
43 9
67 7
38 10
91 2
40 1
79 6
12 9
64 2
91 5
22 6
96 1
33 3
24 2
75 9
46 9
31 1
42 2
7 10
98 4
22 5
12 5
27 10
87 10
46 7
87 10
68 10
19 10
69 5
19 7
97 2
34 1
87 6
62 1
89 3
46 8
9 7
82 6
5 4
50 6
56 1
64 10
97 10
10 9
39 5
26 4
89 7
87 5
55 9
51 10
39 8
97 10
90 2
17 9
92 6
29 9
55 6
2 8
54 7
73 1
90 8
26 3
58 4
50 10
28 3
55 10
92 2
58 8
