capacity:
40
write:
3
9 39
36 30
35 19
read:
4
write:
1
14 10
write:
2
27 23
36 12
write:
9
10 28
39 40
40 36
28 6
29 2
40 16
34 21
39 4
38 32
write:
6
17 35
22 39
17 31
39 37
25 37
2 22
read:
18
write:
1
2 14
read:
4
read:
29
read:
27
write:
3
13 38
36 36
37 3
write:
4
21 13
35 28
6 25
10 37
write:
3
1 37
33 9
9 36
write:
10
10 33
32 29
6 12
13 30
6 29
22 13
33 34
19 36
26 33
17 39
read:
3
read:
18
write:
5
37 40
36 8
14 20
22 21
3 26
write:
1
9 34
read:
21
write:
2
14 23
9 36
read:
36
read:
31
write:
1
27 13
read:
36
read:
1
write:
3
11 3
15 27
16 23
read:
14
read:
13
write:
1
1 18
write:
8
30 31
15 1
18 34
6 23
26 33
39 32
15 4
15 40
read:
21
read:
32
read:
31
write:
9
30 26
28 13
22 35
32 3
14 20
14 30
16 20
14 37
6 21
write:
3
7 27
14 33
33 28
read:
7
write:
9
15 23
25 16
14 4
19 15
23 15
2 29
23 1
23 28
39 33
write:
4
32 36
14 40
15 18
15 26
read:
23
write:
7
32 2
22 30
22 1
34 35
21 9
14 16
20 14
read:
8
write:
9
38 3
40 36
15 9
28 35
14 26
3 16
1 18
9 26
28 3
read:
11
write:
7
9 33
13 13
4 27
24 6
25 26
40 24
5 27
read:
27
write:
3
35 31
26 29
40 26
write:
4
3 32
31 33
26 6
17 19
read:
8
read:
39
read:
35
write:
5
5 22
23 19
2 4
19 34
37 26
write:
6
6 37
12 9
30 5
7 8
2 25
29 39
write:
4
38 6
19 7
31 40
26 12
write:
5
11 35
27 6
18 35
8 15
2 24
write:
5
12 35
17 2
23 3
35 11
3 16
write:
3
4 7
28 17
28 16
write:
3
26 11
28 16
28 15
write:
10
31 23
20 8
35 16
13 1
21 29
15 39
24 19
23 24
22 18
39 12
write:
4
4 22
30 7
7 35
33 27
read:
18
write:
1
12 4
write:
10
34 23
28 28
23 31
13 6
23 12
20 34
29 2
17 21
14 2
2 15
write:
5
28 23
40 1
33 38
11 37
27 14
write:
5
20 7
14 18
5 1
21 2
26 16
write:
10
37 31
32 24
18 30
21 35
7 37
16 30
12 36
19 23
8 27
32 11
read:
9
read:
12
write:
5
9 4
5 2
25 22
17 27
15 9
read:
5
read:
10
read:
21
read:
17
write:
9
37 27
36 40
13 6
7 19
39 19
22 27
35 11
31 30
10 19
write:
8
35 40
4 32
8 40
26 33
23 39
6 24
18 19
2 18
read:
35
write:
1
13 7
write:
9
3 23
23 3
24 31
13 3
6 22
24 38
35 6
25 34
31 21
write:
3
15 20
5 19
23 40
read:
16
read:
29
write:
1
15 5
read:
22
write:
8
19 17
10 9
24 17
8 8
14 3
24 39
37 24
9 21
read:
31
read:
14
write:
7
17 9
3 35
7 38
10 40
16 10
6 28
21 11
write:
9
25 39
26 4
21 25
13 16
9 38
21 19
13 18
34 22
6 23
write:
9
22 37
9 21
6 29
28 36
29 2
3 20
39 29
35 9
9 22
read:
36
write:
6
30 10
5 12
35 36
24 38
7 25
38 11
write:
9
35 27
19 11
5 37
21 17
26 30
1 22
11 20
40 13
12 33
write:
6
24 40
9 9
27 4
15 18
26 29
18 29
read:
24
write:
4
32 10
2 31
28 14
38 12
write:
9
33 4
10 29
37 23
35 33
33 23
7 15
29 8
20 40
12 14
read:
31
write:
7
14 11
27 25
37 18
26 37
22 6
2 27
6 5
read:
38
read:
1
write:
8
32 35
32 35
31 8
8 6
9 7
11 11
27 31
23 27
read:
28
read:
17
read:
28
write:
9
2 27
12 38
6 22
17 20
12 29
8 24
27 29
8 3
25 31
write:
10
2 32
25 38
6 13
26 35
33 30
19 21
36 28
33 39
18 1
18 28
write:
2
13 33
14 24
read:
16
read:
15
write:
3
34 36
2 27
23 20
read:
21
write:
4
7 3
10 17
6 34
9 28
read:
8
write:
10
13 2
4 22
37 29
17 37
36 18
17 7
7 6
10 15
16 11
5 32
read:
17
write:
3
17 15
26 28
25 15
write:
1
27 22
read:
32
read:
39
write:
1
33 35
read:
36
write:
4
40 24
10 22
19 36
27 39
read:
21
read:
15
write:
5
30 21
24 37
22 4
17 25
4 29
write:
3
19 9
9 32
5 16
write:
8
20 6
21 19
16 5
14 5
35 36
10 20
32 27
24 6
read:
3
write:
5
30 27
3 27
35 33
30 27
14 21
write:
9
28 37
36 13
21 23
30 14
1 4
19 6
17 16
14 22
7 30
write:
1
12 3
read:
30
read:
25
write:
10
36 10
3 40
9 28
2 37
40 13
23 30
35 29
21 17
35 11
10 40
read:
26
read:
12
read:
14
read:
21
read:
13
write:
4
38 10
14 29
37 13
32 29
read:
17
write:
5
28 19
33 31
21 16
17 24
4 17
write:
9
9 40
14 29
20 12
27 21
38 4
2 31
21 25
11 13
26 2
write:
9
18 6
11 28
30 1
12 11
4 37
1 8
10 33
3 18
36 34
write:
6
10 16
34 33
27 28
27 4
27 28
34 30
write:
7
10 10
13 22
27 16
32 31
16 29
30 32
7 5
write:
5
12 1
39 35
25 28
27 37
16 4
read:
38
read:
20
write:
7
8 6
38 26
13 22
5 39
22 18
31 30
29 27
write:
6
19 8
2 37
34 19
16 1
14 39
15 12
read:
9
read:
35
read:
24
write:
8
26 10
40 20
30 35
6 5
12 28
27 36
7 2
28 11
read:
14
read:
39
write:
9
38 32
14 39
21 14
7 12
25 28
38 3
26 4
36 16
32 19
write:
1
31 9
write:
6
13 29
7 26
23 24
5 24
37 31
31 4
write:
9
38 2
7 18
28 17
34 11
22 14
21 12
25 28
39 3
39 29
read:
3
read:
36
read:
4
read:
30
write:
6
33 5
22 10
21 39
22 32
30 22
13 7
read:
13
write:
2
7 27
23 35
write:
6
22 11
13 34
38 3
31 24
6 17
24 13
write:
5
25 13
3 21
19 19
1 3
5 40
write:
4
4 11
37 12
40 28
26 20
write:
8
20 14
28 22
15 34
32 39
24 11
5 5
19 16
27 40
read:
39
write:
9
6 15
32 33
5 10
20 25
35 24
17 30
30 38
39 19
1 6
read:
15
read:
26
write:
9
19 32
20 4
15 27
7 24
11 36
10 34
30 36
15 11
29 32
read:
25
write:
7
34 8
21 30
25 19
33 14
4 10
11 4
8 5
write:
2
8 13
23 40
read:
10
write:
9
4 19
5 30
27 36
13 8
36 31
27 23
21 13
24 5
38 6
write:
6
27 27
35 33
10 21
33 9
9 39
35 25
read:
1
read:
38
write:
2
5 6
30 32
write:
8
21 38
37 13
27 22
23 24
35 7
37 25
3 40
25 20
read:
14
read:
15
read:
32
write:
7
15 33
16 21
7 16
2 34
18 36
14 28
17 19
write:
4
24 1
13 33
3 18
1 8
write:
3
27 28
9 16
28 23
read:
15
read:
6
read:
36
write:
7
3 22
18 33
7 28
18 7
11 28
6 17
32 34
read:
33
read:
24
read:
31
write:
7
32 6
16 5
5 6
23 24
30 24
35 23
15 19
write:
7
22 3
3 38
5 38
1 7
12 24
40 16
40 27
write:
10
24 4
29 8
8 22
7 18
25 32
17 31
33 29
6 24
30 36
36 15
read:
21
read:
7
write:
9
21 8
40 6
13 35
30 35
14 6
28 16
36 32
24 6
3 30
write:
1
32 39
read:
1
read:
7
read:
17
read:
30
read:
30
write:
7
18 28
26 4
25 28
3 8
12 4
27 18
36 1
read:
21
read:
22
write:
2
39 28
31 17
read:
14
read:
7
read:
20
read:
16
write:
8
36 9
19 30
1 6
8 33
37 27
23 5
38 23
2 20
write:
9
21 16
7 35
21 35
14 7
8 32
39 12
17 36
33 27
5 24
read:
24
write:
1
27 39
read:
31
write:
4
37 5
40 32
20 20
20 28
write:
10
26 27
2 34
21 40
14 22
37 35
5 37
35 26
33 12
22 34
14 17
read:
37
write:
4
34 32
10 3
8 39
4 2
read:
25
read:
30
write:
10
17 8
2 37
17 31
36 22
12 23
19 35
10 4
18 40
26 32
4 38
read:
28
read:
7
write:
9
5 38
17 5
21 2
4 13
38 5
16 21
25 33
28 34
36 35
read:
32
write:
1
1 16
read:
35
read:
39
read:
21
read:
8
read:
29
write:
7
11 40
15 30
32 38
20 12
1 21
8 12
13 27
write:
6
4 2
26 21
11 8
32 37
16 17
40 21
read:
13
read:
10
write:
10
12 17
21 25
26 34
32 16
40 19
22 34
24 1
33 36
16 11
35 15
write:
5
30 24
7 4
8 4
15 11
4 28
write:
5
32 11
26 8
29 1
35 30
11 20
write:
4
2 30
16 10
19 19
14 18
write:
8
6 35
21 18
8 3
15 17
27 19
14 26
39 32
30 14
write:
8
33 9
37 19
6 24
40 19
13 22
32 33
27 10
17 10
read:
38
read:
31
read:
20
read:
19
write:
10
28 31
5 35
10 34
11 5
5 6
37 25
25 9
39 29
24 20
21 19
read:
4
read:
20
write:
1
12 32
write:
4
21 30
20 8
22 30
32 40
write:
9
27 19
5 25
3 6
8 8
27 29
4 38
7 38
23 30
10 30
read:
1
read:
31
write:
9
11 30
38 18
5 14
10 29
22 26
38 16
37 21
27 24
35 31
read:
19
read:
28
write:
1
39 22
read:
21
read:
37
read:
19
read:
24
read:
35
read:
21
read:
3
write:
8
5 2
6 11
5 16
27 15
26 1
30 32
11 29
16 19
read:
3
write:
3
9 35
11 26
38 22
read:
9
read:
1
read:
24
write:
3
33 18
30 20
3 39
write:
1
30 7
read:
13
write:
8
20 1
7 33
31 18
5 37
11 3
15 1
27 9
6 34
read:
13
write:
2
29 18
1 7
write:
5
7 36
40 40
9 7
3 18
9 20
write:
9
3 10
36 8
26 31
20 21
24 17
17 18
40 27
2 2
27 35
read:
39
read:
6
read:
8
write:
4
31 6
13 13
10 7
23 5
write:
1
32 20
write:
2
8 28
13 34
read:
38
write:
4
27 30
15 21
15 10
39 2
write:
10
31 12
12 39
22 16
24 9
38 15
12 13
35 4
29 35
25 19
13 36
write:
8
26 11
37 10
37 33
17 28
24 10
4 10
21 16
8 22
write:
2
40 35
10 4
read:
2
write:
2
14 8
32 17
read:
36
write:
10
23 20
18 12
15 19
32 23
28 25
33 11
21 8
15 34
9 31
17 7
write:
7
26 33
35 38
12 9
16 10
39 9
35 26
25 30
read:
24
write:
3
10 32
8 17
16 13
read:
40
read:
21
read:
36
read:
3
read:
27
write:
6
2 4
30 36
30 14
38 1
35 25
12 9
write:
1
31 13
read:
19
write:
10
15 14
27 21
4 31
19 1
30 38
8 27
40 3
4 1
18 22
1 32
read:
5
read:
27
read:
26
read:
5
write:
2
40 12
6 38
read:
11
write:
2
4 28
3 17
write:
4
21 2
5 10
13 35
23 30
read:
5
write:
4
16 6
27 30
12 17
38 16
write:
6
12 9
32 1
35 38
14 34
13 35
25 23
read:
6
write:
7
17 3
22 23
32 38
39 30
30 25
35 39
1 12
write:
8
37 23
16 1
27 18
16 35
6 1
27 35
13 4
35 36
write:
10
26 16
17 8
18 18
23 3
4 15
22 26
21 22
29 28
32 15
10 6
read:
1
read:
25
write:
4
20 9
13 24
18 19
34 3
write:
9
34 32
6 25
3 2
36 11
36 23
18 7
31 30
29 14
13 36
write:
2
19 18
33 32
write:
10
32 4
28 21
38 4
20 22
24 9
32 25
33 11
22 13
1 30
5 16
write:
3
22 36
13 10
30 1
read:
29
read:
26
read:
15
write:
1
2 19
write:
4
4 4
32 11
3 19
12 11
write:
10
20 40
30 36
14 5
15 27
17 30
31 35
21 21
12 35
22 1
13 5
read:
36
write:
2
16 39
5 19
read:
18
write:
3
7 33
34 40
15 39
write:
3
14 21
4 25
10 29
read:
25
write:
7
1 18
35 2
22 39
2 1
7 8
36 6
28 36
write:
3
15 17
27 30
34 37
read:
7
write:
2
16 16
27 30
read:
38
read:
23
read:
29
read:
2
write:
5
28 37
6 18
12 30
2 26
19 33
read:
12
read:
30
read:
3
read:
23
write:
10
36 22
25 34
16 36
34 30
36 36
21 19
13 15
1 37
16 20
25 10
write:
7
25 12
16 9
34 39
23 37
21 25
37 6
27 3
write:
1
34 6
write:
5
4 2
10 23
20 21
14 39
3 1
read:
26
read:
28
read:
17
read:
40
read:
16
read:
2
read:
28
write:
5
23 13
7 35
6 10
12 13
1 12
read:
1
read:
8
read:
28
write:
10
24 8
26 21
36 7
23 26
27 20
1 11
7 31
1 11
21 22
3 9
write:
8
26 25
8 9
20 36
22 32
22 20
19 11
3 39
9 15
write:
10
10 36
36 10
30 27
38 8
21 16
12 2
19 21
36 23
1 12
28 30
write:
3
21 6
23 6
12 32
read:
38
write:
4
40 10
27 11
32 5
11 21
write:
2
18 5
40 20
read:
18
write:
9
27 34
10 5
16 3
28 4
19 16
33 16
26 16
22 6
25 6
write:
2
38 31
3 23
write:
9
5 31
14 34
1 20
33 6
20 25
38 37
12 23
33 23
27 36
read:
14
read:
5
write:
6
6 39
12 2
30 13
28 34
13 38
10 8
read:
20
read:
30
read:
27
read:
12
read:
37
read:
22
read:
37
write:
5
36 8
18 16
21 17
3 18
1 16
read:
40
write:
2
30 3
19 27
write:
3
27 1
27 9
33 29
read:
33
read:
27
read:
8
write:
6
4 26
2 40
20 31
38 4
31 40
19 8
write:
1
2 17
read:
18
write:
9
17 30
13 39
6 31
1 31
23 9
10 2
28 19
10 13
34 3
read:
7
write:
5
12 37
35 1
3 22
33 1
21 12
read:
25
write:
9
39 14
15 17
22 14
4 6
5 40
3 33
1 40
37 39
39 2
read:
40
write:
6
7 39
30 12
21 32
5 28
34 21
10 16
write:
8
10 24
22 23
38 8
9 38
39 40
13 13
21 37
1 7
read:
9
write:
10
1 35
12 14
38 7
13 39
21 21
16 36
11 19
19 29
38 32
26 39
read:
39
read:
7
write:
2
3 39
2 1
read:
3
write:
7
18 1
37 35
30 23
2 5
40 21
4 35
6 21
write:
10
20 24
30 9
13 40
7 38
21 22
17 31
18 21
37 16
26 2
9 13
write:
5
17 8
37 27
5 26
15 14
31 38
read:
37
read:
27
read:
19
read:
10
write:
1
11 27
write:
8
8 31
29 11
1 23
28 12
15 28
34 18
30 36
20 32
write:
1
11 22
write:
9
5 28
12 25
30 1
35 17
10 12
31 7
15 36
34 11
39 16
write:
7
4 17
30 20
6 1
27 7
23 4
2 36
21 32
write:
2
20 1
19 17
write:
6
40 22
2 9
37 36
5 15
29 5
1 11
write:
7
35 24
36 38
15 14
21 39
26 15
37 39
31 19
write:
9
40 24
20 32
10 22
40 37
3 10
7 31
24 38
19 25
20 39
read:
1
read:
4
write:
8
28 18
6 24
1 37
18 7
36 6
3 29
13 23
1 12
write:
8
27 16
32 5
6 12
39 29
6 1
13 11
37 5
37 39
read:
6
read:
33
write:
6
27 6
38 15
22 1
15 13
40 15
8 32
write:
10
32 27
26 24
35 3
2 5
20 32
10 7
38 25
39 4
39 31
14 12
write:
5
2 14
37 18
8 4
30 5
33 3
read:
6
write:
6
18 19
27 25
10 30
10 21
30 3
3 33
read:
5
write:
3
27 4
35 25
20 21
write:
3
28 14
9 21
30 19
write:
10
15 7
33 36
32 29
19 13
34 27
30 25
25 29
35 13
28 23
32 31
read:
39
read:
15
write:
3
13 33
4 25
35 12
read:
31
write:
10
11 31
20 39
23 7
4 8
3 39
17 31
33 40
7 15
37 32
25 6
read:
9
read:
26
write:
6
9 18
10 21
30 37
6 32
5 29
5 24
write:
6
9 38
6 20
1 32
28 40
6 37
20 12
write:
1
3 40
write:
4
22 34
38 37
38 9
35 39
read:
36
read:
21
write:
6
37 22
8 25
23 24
25 11
5 36
4 35
write:
3
21 25
21 34
10 8
write:
9
23 27
7 2
27 3
11 10
28 26
20 18
10 27
9 23
2 35
write:
5
34 6
30 34
10 27
39 5
13 34
write:
9
34 39
21 31
20 27
24 6
29 20
40 20
20 21
1 22
18 39
read:
32
read:
33
write:
3
16 20
10 38
23 7
write:
3
17 4
14 16
13 5
read:
12
read:
31
write:
2
19 7
24 17
read:
26
read:
39
write:
9
3 30
35 8
40 37
32 15
18 31
36 36
29 35
4 34
28 35
write:
9
4 17
21 24
40 18
22 3
20 7
21 19
14 21
28 40
22 38
read:
1
write:
6
3 20
16 1
18 39
15 27
1 22
25 31
read:
17
read:
37
write:
2
26 16
25 37
read:
32
write:
6
33 34
5 27
18 25
28 14
15 5
12 2
write:
4
39 22
36 29
26 13
13 27
read:
4
write:
10
3 10
6 16
17 9
15 19
19 11
9 21
30 20
3 21
4 36
33 16
write:
9
20 31
12 16
15 26
18 26
25 24
10 30
16 15
19 17
35 15
read:
24
write:
7
23 1
36 40
37 5
1 11
22 9
11 40
25 11
write:
2
20 39
33 24
write:
1
2 10
read:
4
read:
10
write:
10
19 9
38 7
26 17
27 19
38 37
27 39
27 32
16 36
17 37
38 1
read:
4
read:
13
write:
2
35 14
31 16
write:
1
40 26
read:
1
read:
37
write:
8
11 32
10 18
22 17
17 25
26 15
3 38
37 15
7 28
read:
5
write:
1
35 16
read:
33
read:
10
write:
5
3 4
6 9
11 34
9 12
16 13
write:
7
17 20
14 30
23 27
14 37
16 13
22 10
28 24
read:
35
read:
26
read:
11
read:
36
read:
4
read:
38
read:
25
write:
9
3 9
23 11
12 1
1 34
16 12
36 17
38 19
31 18
37 4
read:
17
write:
7
16 39
4 20
38 40
26 17
37 18
28 9
32 17
write:
9
38 8
3 39
25 33
36 16
27 13
29 4
35 30
28 26
27 21
write:
2
7 21
14 10
write:
10
30 37
25 32
35 1
23 6
4 30
30 33
26 1
28 39
29 5
12 31
read:
36
read:
35
write:
1
6 15
read:
27
read:
16
write:
3
15 38
1 11
28 28
write:
1
26 14
read:
6
read:
14
write:
7
9 28
35 17
19 2
19 29
17 40
15 31
25 27
read:
5
read:
22
write:
8
36 9
23 23
32 6
26 1
11 21
40 11
14 25
39 30
write:
1
19 15
write:
7
32 3
15 23
17 28
33 6
32 38
28 29
17 22
read:
24
read:
1
write:
8
12 39
15 18
26 35
40 32
25 27
15 18
1 22
10 17
write:
2
33 20
1 36
write:
7
37 32
34 31
11 37
25 15
27 8
16 17
1 34
read:
40
read:
3
read:
18
read:
8
read:
26
read:
16
read:
36
write:
3
9 7
29 23
31 17
write:
1
38 22
read:
12
write:
1
33 30
write:
7
8 30
35 8
27 21
40 38
25 29
15 36
11 4
write:
3
25 7
7 35
34 37
read:
7
read:
13
write:
7
25 4
23 1
15 13
39 39
9 36
2 11
29 3
write:
3
19 27
27 19
30 40
write:
1
37 6
read:
34
write:
5
6 16
7 6
14 29
19 4
19 36
read:
37
read:
23
read:
2
read:
11
read:
18
read:
9
read:
3
read:
2
write:
7
15 31
38 37
28 22
14 19
27 30
29 12
24 8
write:
10
31 12
2 17
7 34
14 40
39 17
5 36
26 3
1 33
35 26
8 24
read:
1
read:
23
write:
1
36 19
write:
2
40 34
2 12
write:
10
33 26
35 16
37 29
25 7
38 29
2 16
34 23
2 26
12 28
13 3
read:
39
read:
13
read:
12
write:
4
5 13
31 12
40 1
9 2
write:
3
18 36
5 6
35 8
read:
29
read:
10
read:
13
write:
7
18 23
18 38
4 17
2 10
37 17
14 23
19 8
write:
7
2 36
32 24
2 32
33 9
14 15
20 26
32 40
read:
10
write:
3
2 9
22 22
13 38
read:
12
read:
8
read:
20
read:
27
write:
10
35 38
10 5
4 1
9 40
11 13
18 27
11 22
24 19
34 40
36 13
write:
3
34 17
27 1
36 23
write:
6
2 26
4 3
13 17
16 38
36 18
9 25
write:
5
14 40
6 19
28 11
27 20
23 16
write:
8
7 15
9 2
40 24
24 18
20 16
26 17
22 5
29 33
write:
4
4 30
19 34
29 25
29 7
read:
25
write:
10
18 12
40 37
1 37
35 36
24 11
12 24
14 17
5 16
11 28
9 2
write:
10
40 16
36 34
20 33
37 39
8 19
39 6
40 21
7 36
2 30
18 35
read:
33
write:
9
34 15
10 29
19 29
28 17
11 10
22 33
24 31
16 32
27 40
write:
4
30 8
19 3
35 26
12 29
read:
15
read:
21
write:
7
1 8
36 27
27 35
36 12
18 17
5 9
39 5
write:
1
33 10
write:
7
7 17
1 17
5 23
10 33
14 32
18 30
3 21
read:
17
read:
17
read:
31
read:
16
write:
3
32 31
19 16
1 26
write:
7
7 39
4 5
18 8
32 30
6 13
18 17
7 26
read:
28
write:
3
19 27
23 15
9 21
write:
5
31 20
20 13
23 10
13 9
21 6
read:
28
write:
4
12 9
9 8
21 18
13 31
read:
36
write:
10
31 6
2 8
20 40
21 8
31 34
36 30
24 29
15 12
32 37
9 7
write:
1
17 39
write:
4
40 7
20 29
19 23
32 11
write:
8
10 39
21 29
40 1
3 23
26 9
36 16
7 12
19 9
write:
2
31 13
4 17
read:
15
read:
14
write:
8
31 13
26 29
38 25
3 15
38 32
2 3
20 40
11 21
write:
8
20 3
24 18
33 16
6 18
18 24
23 23
6 26
5 30
read:
5
read:
31
write:
6
11 8
12 2
20 1
31 21
31 34
6 5
write:
2
36 38
20 33
write:
6
12 2
23 29
25 1
16 34
9 35
9 7
write:
10
9 26
12 7
26 40
37 8
3 18
25 27
29 6
32 34
5 4
2 39
read:
24
read:
19
read:
40
read:
8
read:
26
read:
18
write:
8
27 3
33 30
13 12
33 3
28 19
30 3
33 22
19 13
write:
9
28 3
20 13
1 25
34 24
22 38
16 11
15 18
14 30
9 16
read:
31
write:
6
19 1
7 35
23 37
34 35
35 5
34 1
read:
29
write:
6
11 25
14 33
26 3
13 17
38 18
17 26
read:
6
read:
15
write:
1
39 8
write:
10
10 4
24 4
21 10
17 12
20 32
32 5
39 31
35 5
8 34
7 38
read:
7
write:
7
34 20
17 26
14 2
21 38
17 2
26 39
25 6
write:
2
34 23
25 4
read:
6
read:
13
write:
7
12 32
20 19
37 10
5 35
35 34
31 11
20 39
read:
37
read:
5
read:
13
read:
40
write:
10
11 18
1 5
10 37
14 35
25 10
33 2
39 28
8 24
14 33
30 37
read:
20
read:
22
write:
8
19 4
21 6
17 15
19 18
29 14
34 32
37 16
20 39
write:
4
18 20
18 6
12 25
1 24
read:
37
write:
6
22 18
28 30
28 18
25 12
19 32
37 15
write:
5
26 36
23 29
23 39
15 20
9 5
write:
8
38 33
23 29
4 1
15 24
9 33
24 31
8 14
33 22
read:
39
read:
23
read:
4
write:
7
12 30
1 27
6 23
31 19
33 32
25 16
32 39
read:
12
read:
17
read:
22
write:
8
12 13
39 32
25 23
21 16
15 10
39 6
10 31
10 15
write:
4
11 35
35 2
8 21
8 2
write:
5
26 13
15 31
37 20
40 10
9 17
write:
5
14 20
15 26
23 9
2 29
5 34
write:
8
34 34
15 36
39 35
28 4
30 8
19 5
9 29
28 36
read:
4
read:
2
write:
2
32 18
22 12
read:
25
read:
1
read:
21
read:
1
read:
10
write:
9
35 13
39 36
30 10
29 20
30 32
25 31
14 2
23 2
39 14
write:
2
21 9
35 4
write:
5
8 17
33 16
11 9
14 28
37 16
write:
8
27 32
35 36
15 6
12 28
30 27
40 39
12 5
1 32
read:
7
write:
6
6 20
26 9
20 31
37 3
24 2
2 22
write:
1
34 3
write:
2
10 23
12 27
read:
6
read:
20
read:
3
write:
6
21 11
17 21
28 21
23 37
30 27
32 17
read:
29
write:
10
26 17
24 2
20 11
25 1
16 20
37 3
10 4
26 20
1 29
26 2
write:
1
33 11
write:
6
28 38
33 13
26 27
30 32
22 38
6 3
read:
8
read:
9
read:
25
write:
9
28 28
34 15
27 24
12 22
34 21
35 17
37 21
31 40
15 8
write:
5
12 19
37 6
29 24
33 11
17 3
read:
32
write:
5
10 21
4 20
21 16
25 21
3 2
write:
5
28 16
12 38
16 36
33 18
28 11
write:
9
21 17
21 12
13 11
35 1
5 2
9 25
5 14
40 3
9 27
read:
33
read:
21
read:
35
read:
29
read:
33
write:
7
3 8
32 32
29 15
22 31
36 18
33 11
25 19
read:
13
read:
15
read:
40
read:
23
write:
8
40 26
38 33
8 37
25 38
27 16
36 20
25 22
1 1
write:
8
14 17
34 11
24 32
40 38
21 26
30 8
26 34
22 27
read:
15
read:
13
read:
33
write:
9
28 8
38 14
39 3
17 4
38 7
18 28
27 14
17 21
25 28
write:
1
12 13
write:
3
7 40
38 3
21 28
write:
9
28 40
20 28
32 19
23 31
28 16
26 38
13 18
24 32
27 25
write:
4
9 12
12 15
39 30
17 10
write:
1
30 35
read:
16
write:
6
18 34
7 40
2 16
27 8
6 37
14 5
write:
8
8 8
28 34
28 14
5 33
9 27
38 8
13 19
31 21
write:
6
38 34
16 26
18 26
33 20
22 23
35 3
read:
26
read:
23
write:
7
34 3
36 37
26 22
30 24
32 14
1 7
3 35
read:
12
write:
8
32 21
5 37
28 26
38 13
16 22
31 20
5 9
19 8
read:
21
read:
10
write:
8
21 22
15 13
5 22
17 31
8 23
29 7
21 8
31 1
read:
10
read:
40
read:
34
read:
4
read:
15
read:
33
write:
5
18 5
28 15
40 33
11 27
30 14
write:
9
4 19
24 15
13 5
25 32
18 11
26 7
37 2
18 36
30 18
read:
32
read:
14
write:
8
27 21
37 29
40 27
14 13
27 4
39 11
12 34
18 18
read:
10
read:
40
write:
5
14 37
28 3
38 7
33 35
30 12
write:
7
16 22
21 34
28 26
1 9
11 31
34 16
30 12
write:
10
3 8
21 34
20 8
27 20
9 33
1 1
36 34
16 6
13 16
35 32
write:
7
16 26
32 5
20 21
3 40
26 1
27 31
29 11
write:
5
3 37
39 27
2 17
33 25
1 30
read:
21
write:
9
20 33
33 19
21 32
4 11
33 32
1 22
26 21
9 20
12 11
write:
1
28 24
read:
24
write:
5
24 5
4 13
35 31
20 21
11 38
read:
9
read:
37
read:
31
read:
16
write:
6
1 24
13 25
26 35
40 13
33 22
11 6
read:
37
write:
4
6 16
21 30
37 3
24 20
read:
38
write:
4
15 36
29 22
1 3
26 8
write:
2
26 24
34 33
read:
16
read:
30
write:
2
30 10
10 40
write:
1
35 31
read:
39
write:
6
4 2
24 21
35 21
33 15
5 27
9 2
write:
5
37 36
35 34
30 36
7 15
15 31
write:
8
10 33
31 3
4 33
25 2
37 28
8 19
38 28
38 11
read:
1
write:
8
16 17
26 14
12 35
32 5
20 19
12 14
24 12
8 36
write:
4
2 36
20 33
28 37
15 29
write:
5
40 28
14 8
12 16
22 12
13 29
write:
5
26 32
12 13
16 17
15 11
33 17
write:
5
24 34
26 31
22 16
29 25
10 29
read:
38
read:
10
read:
17
read:
37
write:
7
33 29
28 34
19 34
10 32
39 32
24 25
2 21
write:
10
15 29
38 36
33 39
24 36
31 29
9 19
38 16
7 10
38 40
15 21
read:
23
read:
20
read:
8
write:
10
25 16
13 28
35 25
40 17
19 13
13 14
29 36
31 33
5 20
26 13
read:
12
read:
11
write:
10
26 36
1 15
22 22
24 27
8 38
28 12
23 33
35 39
36 9
4 34
write:
7
15 40
29 17
6 20
9 29
33 2
22 34
8 6
write:
8
32 4
6 6
11 19
36 6
6 5
22 7
11 33
1 1
write:
7
7 8
32 10
11 35
38 20
21 26
14 22
28 32
write:
3
34 39
6 23
17 22
write:
6
27 15
1 25
27 9
24 30
3 20
10 9
write:
9
29 9
31 12
19 24
10 37
8 39
35 20
9 15
23 36
31 23
read:
16
read:
28
write:
9
13 38
11 26
13 40
33 4
2 9
6 31
19 3
23 40
33 27
write:
3
35 34
16 35
2 35
read:
14
read:
9
write:
1
21 35
read:
39
write:
8
21 18
18 28
38 23
33 35
13 33
3 13
21 17
30 15
write:
10
22 12
21 4
7 14
25 34
20 22
29 14
16 24
39 8
14 38
28 23
read:
6
read:
5
write:
9
18 8
22 2
13 9
26 5
6 14
17 28
25 32
16 33
12 22
write:
1
14 10
write:
9
15 1
11 29
40 24
9 39
15 14
38 24
21 9
11 27
9 16
read:
7
read:
6
write:
7
15 7
29 15
36 10
6 10
33 9
18 22
38 36
write:
4
10 16
2 2
17 35
3 27
write:
3
33 16
34 11
19 33
read:
7
read:
1
read:
23
read:
35
read:
17
write:
4
39 5
10 33
27 10
20 22
read:
14
write:
3
7 19
5 39
16 5
read:
1
read:
24
write:
8
13 35
21 12
27 40
39 36
30 27
23 25
36 33
26 29
read:
11
read:
8
read:
37
write:
7
10 29
25 6
25 31
1 28
2 29
27 8
15 1
read:
37
write:
6
8 29
27 24
11 19
38 22
18 21
19 15
read:
20
write:
3
12 23
11 34
2 17
write:
8
1 39
17 7
5 31
1 13
11 1
34 39
24 26
8 16
read:
18
read:
3
read:
34
write:
4
37 33
3 7
13 13
39 5
read:
5
write:
8
2 37
12 2
25 21
18 9
40 32
22 6
10 26
20 10
read:
18
read:
16
read:
2
write:
10
17 29
31 18
2 38
30 35
29 38
13 3
30 13
15 12
38 32
20 19
write:
4
15 2
32 16
24 3
8 6
write:
1
37 4
write:
6
20 30
12 8
25 21
15 18
34 28
35 12
write:
10
19 10
34 8
11 24
36 3
28 30
2 33
16 18
22 6
2 25
40 12
read:
10
read:
28
write:
9
25 17
24 4
6 30
30 28
18 28
11 6
32 18
36 9
14 8
read:
13
read:
8
read:
38
read:
24
read:
24
write:
4
22 31
40 12
36 13
11 16
read:
40
write:
3
40 19
40 2
29 17
write:
9
12 19
10 30
32 6
3 9
23 27
27 32
34 34
18 14
35 12
write:
9
25 38
33 19
28 16
23 40
40 19
10 9
19 6
24 34
4 37
read:
11
read:
29
write:
9
35 39
26 21
13 23
7 22
1 22
6 32
29 16
20 1
19 33
read:
25
read:
7
write:
7
32 4
35 35
22 17
35 1
28 34
16 35
40 21
read:
35
write:
9
24 9
21 24
38 4
14 2
30 4
34 15
9 32
26 23
38 40
write:
1
26 10
write:
3
37 33
14 9
26 11
read:
3
write:
8
38 16
4 12
14 19
26 2
3 16
21 23
31 17
15 26
read:
20
read:
32
write:
3
20 17
26 18
1 26
write:
5
10 25
23 7
1 29
38 14
15 2
read:
8
read:
5
read:
16
write:
7
15 7
31 5
20 7
11 2
15 5
22 4
13 5
write:
10
2 6
27 8
18 13
37 19
36 37
5 40
5 27
29 1
14 3
25 36
read:
8
write:
1
34 2
read:
3
read:
10
read:
25
write:
2
32 4
37 17
write:
8
35 24
36 1
40 3
22 10
39 1
21 29
6 13
33 22
read:
17
write:
2
40 5
16 37
write:
1
2 19
write:
9
7 11
32 24
17 28
20 21
29 17
3 6
29 27
13 12
24 5
read:
21
write:
10
14 8
7 26
33 27
26 5
36 31
14 25
14 35
35 9
35 29
36 29
write:
6
10 40
15 38
5 31
20 13
10 3
26 19
read:
34
write:
6
5 20
13 8
12 18
15 10
5 1
4 1
read:
27
read:
26
write:
6
7 8
11 9
39 36
22 31
5 5
16 5
read:
37
write:
8
35 17
9 1
22 38
21 23
10 15
18 11
3 37
18 8
read:
24
write:
1
40 19
read:
24
read:
26
read:
38
read:
33
write:
10
30 6
22 33
33 23
23 5
11 1
23 32
30 19
27 10
29 25
9 19
write:
2
12 4
7 23
write:
8
6 9
19 33
9 31
10 6
35 9
26 39
22 7
37 27
read:
31
write:
5
3 13
29 31
5 22
27 2
16 16
read:
9
read:
4
write:
9
17 38
34 27
2 34
14 28
36 18
7 35
21 13
29 40
34 26
read:
31
write:
7
19 7
13 2
24 26
40 9
30 12
20 10
5 25
write:
7
23 23
11 27
6 17
25 25
23 27
15 19
33 2
read:
40
read:
26
write:
7
29 36
31 37
35 25
3 38
16 11
4 11
26 3
read:
39
read:
4
write:
10
40 13
13 15
26 15
1 17
21 40
37 15
33 37
39 33
24 22
19 38
write:
10
38 14
20 8
16 24
23 38
13 36
38 18
24 38
9 21
35 21
28 6
read:
30
write:
10
34 32
20 31
21 16
4 29
26 6
3 40
24 19
2 4
13 16
40 33
write:
6
16 31
12 15
8 32
27 8
35 2
25 35
write:
7
35 34
18 31
24 17
6 26
2 2
1 29
37 8
write:
8
38 26
31 9
1 40
18 13
4 10
36 15
30 6
21 11
read:
17
read:
7
write:
5
17 15
24 32
1 22
2 14
19 23
read:
40
read:
29
read:
31
write:
4
34 12
9 27
29 2
16 3
write:
8
20 8
19 24
32 8
38 40
13 24
9 13
8 5
16 3
read:
37
read:
12
read:
32
read:
30
write:
9
36 39
7 16
24 13
1 32
19 26
15 16
34 33
29 13
27 35
write:
10
37 32
20 23
17 19
5 37
22 28
26 16
6 15
21 8
22 16
22 15
read:
2
read:
38
read:
20
write:
5
37 16
5 22
11 6
39 7
13 12
read:
35
write:
1
39 15
write:
9
28 15
38 40
36 21
16 32
29 37
7 9
34 34
30 2
7 11
write:
3
4 25
9 38
37 15
write:
6
30 20
34 6
16 11
23 9
23 4
27 2
write:
10
40 33
1 7
4 1
28 16
15 7
15 13
30 1
36 28
39 35
24 22
write:
8
23 8
9 31
28 32
34 40
23 32
35 11
19 4
38 25
read:
37
read:
23
read:
11
read:
9
write:
9
39 39
24 6
13 30
32 17
6 36
26 19
19 11
27 28
32 20
read:
10
read:
31
read:
34
read:
35
write:
3
16 25
2 10
6 14
write:
7
38 18
10 25
33 39
34 26
36 4
17 17
17 19
read:
14
read:
39
write:
1
2 27
read:
6
read:
35
query:
33