118 10
742 80
787 210
985 171
85 645
423 46
9 739
796 470
306 78
733 327
526 558
729 583
486 328
982 680
143 638
434 73
268 807
487 218
644 873
681 193
72 748
879 234
642 716
205 245
960 703
949 760
858 704
828 144
532 488
177 249
324 110
602 668
150 70
789 262
686 437
992 310
713 346
129 369
461 886
243 742
802 25
647 911
736 610
532 520
155 373
437 790
645 761
328 402
535 744
36 391
992 517
154 208
690 954
367 474
813 897
14 34
773 668
964 484
253 908
595 718
866 93
840 56
844 92
700 968
637 719
664 813
295 110
569 359
412 355
78 909
171 184
397 343
115 17
168 438
67 413
142 847
473 963
160 939
534 488
981 978
291 750
648 233
856 27
801 616
930 160
142 789
434 360
350 46
901 740
839 240
575 840
415 175
804 83
407 584
138 396
997 51
276 187
564 121
135 206
200 383
935 273
430 876
447 137
204 990
270 713
119 263
342 742
746 711
548 381
316 448
557 645
840 641
920 804
735 59
763 469
224 311
647 4
174 512
459 403
