166 10
235 809
570 776
457 501
505 439
180 548
842 160
503 46
870 593
993 144
777 686
634 834
434 437
254 517
96 980
135 932
732 905
789 868
717 603
501 683
853 397
403 759
787 849
683 118
899 389
694 449
415 219
348 802
963 245
628 517
387 486
657 400
694 493
601 477
855 382
668 770
611 543
171 927
703 439
444 218
795 171
379 528
479 393
169 495
836 95
313 448
437 527
788 381
730 883
955 95
335 163
642 945
505 771
883 531
534 650
104 810
782 255
109 356
614 976
767 818
507 966
201 142
226 411
687 512
70 183
936 181
83 545
94 247
985 666
50 624
763 21
902 701
541 437
860 73
768 444
927 682
67 653
926 493
171 88
792 615
77 673
700 91
881 779
331 719
578 946
891 340
304 627
192 89
884 283
440 533
49 787
386 999
314 825
886 182
469 901
554 192
375 377
351 274
541 227
220 255
162 283
599 815
693 942
214 938
921 664
145 34
839 856
348 772
143 135
325 204
505 127
875 969
1 396
895 242
331 253
280 920
502 724
134 561
801 178
801 614
723 984
102 108
944 379
650 363
161 341
922 515
625 698
195 964
94 391
40 441
101 368
581 404
492 510
853 468
914 756
642 443
355 801
289 191
585 114
926 113
850 463
340 770
923 233
473 905
866 417
712 408
412 363
104 897
585 211
843 325
412 883
289 285
940 63
51 16
473 319
935 53
777 785
110 448
559 897
525 611
197 186
706 635
534 672
501 680
802 279
621 344
239 48
