201 8
474 252
140 666
831 824
591 531
547 177
211 671
134 153
355 467
443 180
578 96
246 950
912 718
431 864
381 222
652 286
462 859
71 355
527 411
655 353
419 377
213 797
462 994
339 988
265 211
721 737
103 508
650 648
520 109
912 998
226 479
828 281
882 126
731 372
499 529
620 140
424 873
932 91
954 562
290 463
122 28
555 211
873 929
45 649
937 2
960 359
816 19
11 343
537 229
632 837
576 546
782 581
527 582
771 385
642 440
256 526
674 463
449 323
117 460
179 762
56 499
106 291
460 323
614 537
899 402
393 211
546 363
383 552
87 268
983 53
934 47
259 811
522 723
184 643
686 671
365 587
728 919
216 427
225 514
740 784
673 602
1 118
662 12
858 701
400 767
207 13
972 410
985 667
215 654
493 563
153 171
118 567
914 373
831 155
747 994
852 571
641 900
927 869
464 249
414 115
188 466
268 974
566 636
655 478
73 440
785 897
866 119
118 86
330 725
412 920
383 42
809 894
61 555
922 355
788 89
420 438
697 721
481 860
172 940
723 59
773 184
77 870
769 714
208 358
898 109
233 548
436 720
511 143
607 37
633 751
368 353
303 453
922 295
502 837
273 111
468 272
701 401
611 837
993 845
333 859
714 34
94 856
67 409
740 463
316 606
356 117
392 682
838 217
329 36
150 511
867 226
745 517
722 772
982 512
880 559
946 669
561 96
557 411
523 472
359 26
712 143
875 622
425 674
504 93
343 201
687 304
604 698
424 507
416 540
152 384
801 276
993 361
947 853
404 120
420 949
458 933
289 738
784 841
103 14
284 467
733 425
977 81
723 266
404 785
302 269
19 257
294 46
761 718
942 112
399 499
648 93
788 131
274 247
829 388
710 293
696 694
596 141
592 49
112 758
775 136
353 715
602 919
