5 31
3 0 -1 -4 9
-4 -1 -3 6 10
6 -5 2 0 -3
7 -10 -4 3 10
4 5 -8 3 -5
106 177 69 147 220 218 103 11 60 198 195 58 175 255 191 48 229 195 187 78 53 247 98 6 139 250 177 110 209 39 51
140 82 123 244 239 213 191 174 240 91 111 164 87 199 10 167 36 130 8 27 73 155 173 222 85 132 33 75 41 30 150
7 102 121 178 135 169 239 247 23 70 2 169 128 218 229 225 216 33 46 251 113 101 192 34 202 158 216 139 85 170 8
44 54 77 33 107 23 200 57 96 58 233 249 191 21 97 217 97 129 16 11 49 16 168 4 236 98 23 172 208 182 5
19 129 241 19 219 168 22 138 214 188 156 180 24 86 164 196 130 128 32 179 215 123 10 71 103 31 195 146 250 68 224
59 31 4 248 73 222 123 107 8 228 230 71 136 228 72 59 40 164 236 248 162 78 164 58 4 94 137 209 236 192 95
184 158 231 149 4 140 188 24 203 203 246 91 63 183 96 252 16 155 162 125 10 37 18 157 25 7 157 5 193 194 87
90 74 148 223 110 95 109 170 26 133 169 207 204 124 50 225 255 229 15 209 71 70 109 227 21 189 209 7 110 200 26
68 103 176 173 249 190 46 233 9 251 85 9 76 72 146 99 6 146 201 152 175 24 144 16 176 62 27 160 92 108 64
250 202 60 108 58 118 150 2 111 59 139 63 211 81 136 119 165 226 255 149 127 165 101 92 24 232 71 82 87 67 250
43 97 65 211 79 33 152 154 72 24 177 192 127 231 173 4 102 62 142 249 83 178 233 17 32 166 93 78 65 75 164
193 47 30 85 108 53 169 121 118 47 46 255 59 62 167 198 90 173 59 30 52 91 22 209 85 44 215 111 90 65 79
216 35 23 1 43 11 34 163 248 255 15 230 159 1 20 147 141 165 38 142 193 196 175 102 224 138 170 116 87 89 133
92 158 209 224 11 57 9 43 33 199 162 2 172 251 61 2 185 232 48 180 146 236 109 178 153 172 5 33 62 255 112
243 17 239 186 141 70 177 57 214 4 60 133 189 115 230 25 121 57 141 76 157 182 200 152 255 243 20 107 165 132 39
244 90 228 223 195 148 204 159 100 231 237 129 225 125 153 108 212 66 80 90 5 8 8 73 77 81 108 249 168 20 67
5 111 86 75 124 15 187 250 129 57 72 208 21 174 214 105 123 206 23 138 120 28 12 82 145 13 42 17 105 240 141
29 212 196 252 128 11 205 206 112 107 105 186 9 225 136 2 145 210 161 84 6 48 129 20 228 98 144 168 147 7 38
225 122 131 129 210 8 17 193 134 175 38 156 122 36 88 159 123 30 19 119 190 84 110 139 90 138 63 161 54 174 169
118 103 6 242 144 6 90 49 212 109 137 138 96 31 149 68 158 45 58 163 204 7 101 216 83 80 107 57 78 44 165
79 2 65 45 171 255 132 216 78 76 5 138 163 47 113 87 3 228 109 51 233 145 234 238 122 104 57 255 243 31 92
101 58 115 248 194 93 126 132 81 70 217 63 94 100 110 21 105 233 37 221 102 206 62 196 31 190 135 157 126 209 248
154 186 93 13 218 73 248 55 7 210 120 3 28 119 231 113 171 228 27 200 178 248 223 62 84 89 34 167 213 25 180
167 144 27 48 135 165 125 237 154 60 186 88 204 219 88 241 84 126 120 60 157 71 96 90 58 78 59 110 131 3 47
43 174 179 47 20 146 141 56 106 29 134 220 213 2 81 92 27 162 8 137 180 209 43 187 38 228 82 11 147 148 69
212 57 176 59 161 102 39 169 92 2 71 72 185 120 184 94 3 9 152 173 36 253 202 176 136 245 111 50 232 197 67
68 156 168 94 39 136 18 195 130 184 102 63 103 112 173 177 251 27 227 11 17 157 226 170 189 165 10 78 212 174 29
27 48 109 66 118 203 208 74 233 11 166 80 21 177 183 158 76 170 6 8 107 94 173 229 158 3 198 26 4 125 49
248 86 221 111 89 203 165 208 218 49 1 118 80 191 23 46 196 67 76 11 85 4 195 99 179 183 173 195 54 217 215
238 148 207 46 177 255 171 186 18 68 128 192 89 116 198 103 82 43 2 66 233 61 130 213 26 216 252 114 53 80 252
6 52 59 221 147 27 148 30 60 145 231 14 35 237 12 32 101 102 186 188 193 228 253 44 166 61 178 228 79 253 4