5 44
-6 -5 1 3 -2
-5 6 4 -8 -9
-3 -3 1 -10 9
8 9 -5 8 8
7 8 6 -10 -2
169 84 120 113 124 211 177 36 75 191 140 164 237 81 60 75 110 60 111 200 129 232 224 27 142 189 79 195 114 177 76 134 255 170 134 132 131 80 6 47 249 36 96 35
23 20 148 158 139 10 131 62 15 25 204 165 31 5 194 42 46 219 111 72 239 197 108 64 155 127 149 231 27 168 107 81 255 64 139 147 60 56 172 147 185 122 238 1
76 174 17 132 78 151 167 75 220 176 100 143 254 225 46 165 197 49 243 12 128 142 99 87 250 143 159 232 176 223 205 127 33 129 159 84 142 138 127 198 250 131 207 139
54 255 214 81 182 10 14 172 229 182 187 245 103 135 49 70 159 66 11 52 135 1 137 97 97 135 116 28 228 127 249 198 228 148 99 50 220 152 157 62 116 232 140 24
67 92 68 135 45 83 43 19 152 233 44 98 149 38 146 45 218 124 121 18 51 38 230 32 157 227 176 129 244 146 245 221 254 42 229 125 124 186 221 95 160 70 189 251
198 106 146 169 181 252 143 165 83 132 205 86 131 96 67 218 20 216 42 54 201 19 104 22 245 183 76 79 57 149 107 190 84 101 251 36 81 125 68 166 22 27 200 179
137 8 154 250 120 118 85 199 0 73 246 15 126 121 118 124 92 100 246 49 222 240 186 49 152 65 234 15 87 102 163 119 230 158 124 136 230 161 80 116 135 219 159 238
142 175 112 98 82 195 194 224 67 41 155 226 177 25 125 247 170 6 217 36 239 84 254 128 147 90 1 117 221 158 249 159 155 118 88 194 88 66 160 167 199 160 248 41
39 33 155 22 202 70 224 172 72 16 44 79 84 231 18 108 34 68 78 206 73 193 6 252 239 118 126 216 234 96 111 11 61 221 51 26 153 235 217 89 33 143 4 20
109 94 187 119 140 54 0 107 245 232 28 129 173 1 80 88 153 11 249 150 97 82 229 176 8 7 200 230 21 139 114 148 166 191 246 231 110 122 47 230 28 15 110 9
31 211 210 59 12 128 45 119 193 59 181 158 35 47 121 108 137 196 39 53 89 206 99 60 89 60 161 46 254 130 23 62 216 197 87 22 135 23 99 81 126 153 221 255
249 237 64 61 204 25 47 155 240 102 202 139 37 162 250 32 215 96 235 65 133 241 9 198 185 222 214 243 39 134 84 117 237 200 116 68 198 98 101 112 228 86 58 140
109 23 55 248 95 70 68 111 228 98 235 14 85 86 148 180 202 154 8 92 30 225 89 96 47 144 126 80 168 20 168 196 4 4 41 100 220 90 116 185 106 196 202 183
58 158 216 51 34 16 36 50 123 43 139 193 2 203 100 210 183 36 168 10 145 165 36 241 187 229 149 133 62 140 87 85 154 189 173 118 231 173 171 167 151 138 194 70
233 140 147 22 224 100 66 83 107 235 5 195 59 63 219 155 23 151 253 183 24 39 55 217 171 192 183 5 40 20 253 37 204 117 128 28 226 1 189 96 129 150 127 119
238 67 244 106 104 249 17 211 34 5 40 14 178 235 184 92 194 147 206 102 49 35 250 62 156 101 246 246 143 12 106 107 128 14 99 151 19 49 205 91 143 73 145 114
204 32 173 25 224 124 56 172 57 250 113 171 10 237 41 239 90 231 29 38 244 204 52 133 93 91 15 42 67 252 134 172 186 143 177 57 188 230 214 162 112 40 159 201
252 72 192 60 85 78 233 129 67 59 48 45 145 180 5 182 181 50 120 192 126 31 141 81 57 127 119 122 87 215 50 181 30 29 124 14 56 20 92 85 193 49 148 225
71 245 120 43 244 192 105 62 251 239 78 196 65 231 102 210 207 158 58 8 182 154 197 108 87 117 118 240 190 213 207 179 12 1 172 39 220 6 92 14 174 125 74 204
246 3 24 149 7 172 142 156 103 252 154 246 144 10 80 137 241 57 146 221 128 12 128 24 236 148 71 4 147 84 196 14 224 155 76 154 56 40 85 205 213 103 165 99
131 184 156 45 69 51 37 148 179 87 105 12 164 58 112 191 116 56 10 242 221 191 219 224 96 211 195 35 2 84 223 40 165 130 252 6 72 189 157 192 99 173 238 26
162 5 0 52 11 203 238 244 157 51 184 134 229 165 210 202 179 214 106 188 232 33 189 225 236 190 181 181 205 64 220 211 117 27 19 73 146 128 214 252 182 73 205 240
75 232 27 164 122 62 217 3 83 130 125 149 7 87 110 87 197 147 8 19 89 159 186 114 81 8 74 62 208 39 52 253 78 190 57 19 151 69 28 114 74 40 42 96
17 170 22 198 72 119 34 7 59 171 125 13 192 4 147 120 35 212 119 49 33 16 40 0 89 145 156 178 214 175 26 172 157 172 114 106 60 25 200 31 212 91 134 182
140 249 20 123 150 203 74 15 29 66 255 8 247 51 133 186 43 155 143 113 194 55 144 180 43 38 104 225 50 16 92 240 49 47 128 5 13 124 104 224 182 6 162 51
88 74 140 0 100 224 206 123 213 12 12 226 90 42 54 16 27 149 37 129 200 251 222 46 109 16 133 139 93 17 150 120 215 223 43 81 98 140 100 102 32 47 170 88
54 40 107 45 182 196 224 28 188 23 13 235 203 221 201 48 220 201 77 221 55 220 87 217 180 51 59 148 28 20 247 74 191 73 84 207 122 174 6 44 201 113 241 170
115 6 41 59 217 196 112 64 126 50 180 2 198 53 90 54 115 38 105 61 56 20 29 26 182 32 81 217 255 75 176 24 32 148 249 123 101 243 167 186 121 154 53 237
45 21 75 205 60 5 127 253 172 188 8 56 169 25 164 145 197 79 248 77 144 144 72 104 161 1 24 131 15 20 114 144 64 128 191 44 109 164 157 115 168 192 77 49
38 168 247 105 228 38 9 66 43 78 51 130 187 189 177 194 153 61 66 245 7 1 12 63 20 110 182 107 22 215 185 124 210 149 66 226 252 170 132 249 85 158 176 253
248 90 166 91 9 99 165 149 252 29 45 118 174 207 141 95 207 175 182 79 13 41 187 244 168 206 119 189 219 56 103 155 175 246 55 85 153 189 225 228 61 243 163 49
112 28 6 112 218 25 142 228 102 163 140 46 110 8 56 106 121 198 176 129 41 2 187 197 98 74 65 75 6 206 95 211 62 175 187 189 210 200 225 15 211 15 84 209
98 65 76 181 63 230 112 241 247 188 66 38 17 186 38 137 22 107 53 188 13 107 69 23 3 158 239 191 29 237 192 150 255 19 37 187 90 237 241 124 220 63 32 213
221 238 69 62 144 205 169 54 79 20 24 8 208 197 171 204 252 236 203 60 82 216 192 5 217 226 71 139 52 92 80 253 51 65 173 120 158 161 223 241 83 173 169 74
163 157 82 189 74 21 164 35 190 182 29 28 76 233 214 2 243 82 224 66 165 75 172 176 173 9 64 15 37 242 165 241 174 196 47 242 176 100 31 66 120 196 107 230
141 98 147 31 80 139 224 53 164 24 227 64 129 145 57 58 109 197 223 94 144 125 143 101 4 98 168 149 44 220 177 228 24 159 218 43 251 144 56 112 202 88 143 3
100 187 247 150 37 21 3 75 20 10 62 6 234 140 85 163 154 16 45 211 169 84 40 86 182 53 136 121 234 203 74 44 254 125 24 132 246 180 212 60 175 16 55 235
254 50 207 158 176 175 110 47 105 9 46 37 72 255 137 214 135 124 232 171 176 79 216 160 99 241 240 90 102 160 175 219 220 96 77 185 158 229 3 30 68 128 199 248
39 210 204 224 62 248 242 224 233 204 123 239 229 121 123 102 228 120 170 24 105 66 190 214 42 66 187 57 81 192 230 113 30 135 241 180 167 13 248 228 218 38 179 183
155 222 187 35 184 185 92 214 103 56 45 46 186 122 69 249 103 133 224 216 118 126 198 57 10 86 105 121 112 73 246 32 142 50 71 54 59 246 188 93 219 29 68 252
148 73 43 240 168 190 164 225 189 54 224 164 176 32 114 15 17 156 219 69 71 131 68 110 238 161 0 165 102 6 104 68 34 38 44 147 83 98 71 151 87 187 40 37
172 169 200 4 128 84 127 73 127 102 229 105 155 123 61 90 236 210 138 71 6 106 162 42 11 107 96 206 39 47 191 100 232 163 202 134 69 155 149 154 111 117 44 161
180 2 109 201 223 159 102 218 233 224 239 123 68 22 86 160 254 97 46 210 7 252 82 177 246 218 74 43 186 82 203 95 148 172 107 44 204 243 27 18 8 184 111 59
180 11 221 10 74 92 55 6 196 244 148 77 233 109 38 60 109 93 250 114 87 75 144 95 198 36 251 246 161 22 224 221 101 162 35 112 106 172 170 116 176 198 247 221