3 46
-8 3 -1
9 -2 10
4 3 1
34 43 182 183 43 79 200 160 167 153 2 82 73 35 183 193 172 117 69 148 111 215 161 46 52 97 22 183 190 154 180 25 241 43 91 14 31 2 117 26 162 226 4 3 61 240
150 13 35 43 185 17 57 253 21 219 80 143 16 224 117 45 152 159 66 58 13 173 38 231 247 197 118 226 223 233 178 231 112 25 246 159 94 194 219 110 181 222 251 211 192 29
63 170 63 146 70 138 168 120 178 199 215 223 68 20 73 181 17 143 231 9 153 83 187 192 168 214 90 170 250 36 130 151 61 191 201 164 245 130 20 239 105 109 136 247 178 124
26 114 121 32 115 107 108 127 46 234 223 243 19 92 70 236 220 244 117 144 239 203 102 159 42 254 29 174 55 165 146 17 159 12 138 148 42 239 131 192 226 9 83 51 150 210
122 31 140 189 26 26 68 159 104 11 236 219 205 8 253 49 2 75 250 183 203 97 4 160 53 15 183 56 242 188 219 208 78 164 149 104 192 27 28 78 56 33 164 218 128 247
228 124 105 226 156 34 126 122 202 178 90 206 33 97 56 30 238 119 206 23 220 53 55 155 222 118 161 94 233 164 168 98 176 182 41 64 167 218 171 54 113 188 227 69 26 113
72 213 7 53 26 59 61 251 139 230 173 10 130 131 77 127 176 17 114 58 143 202 215 157 188 40 58 35 80 223 171 114 245 205 128 126 82 19 86 188 128 18 126 135 37 235
161 66 207 173 67 99 20 86 24 115 19 47 74 101 117 89 152 190 252 89 58 95 198 132 64 55 242 152 177 242 183 162 16 127 216 123 20 33 31 229 70 35 32 50 41 32
129 172 88 127 103 250 143 89 218 159 81 97 115 71 127 174 102 23 108 159 31 13 229 29 28 31 126 123 79 107 25 120 227 254 140 108 115 178 74 136 245 171 1 32 225 30
196 167 121 220 23 153 88 39 101 10 4 110 251 138 232 137 100 52 27 179 62 30 232 115 232 174 44 51 209 130 46 102 182 55 140 30 230 89 130 183 18 255 83 177 157 5
30 44 254 105 38 76 7 141 5 75 101 79 245 232 231 89 2 41 19 119 60 197 34 43 69 219 81 16 101 85 110 116 187 35 233 239 218 158 191 57 199 24 245 119 175 134
199 60 46 55 102 217 69 152 4 4 157 138 101 66 48 252 130 227 25 66 193 252 227 11 230 195 90 49 178 48 78 96 136 130 182 82 238 96 181 137 97 29 206 248 218 117
198 237 121 79 92 11 140 75 175 59 247 33 161 232 95 240 233 27 214 40 90 7 146 246 159 241 29 138 208 8 214 159 124 147 234 98 55 253 75 33 153 179 80 28 63 136
113 44 254 59 82 62 96 151 207 161 117 199 25 18 128 204 251 62 231 94 228 192 93 165 17 182 102 107 36 208 107 212 39 74 20 221 53 8 193 0 77 13 108 255 179 53
234 128 230 129 131 155 138 79 157 65 214 212 13 230 50 144 254 225 134 116 51 208 170 205 229 146 147 73 85 226 255 17 154 54 125 215 151 54 176 91 235 123 79 74 142 255
199 176 33 227 23 131 40 152 224 182 182 169 49 218 229 145 138 4 214 81 62 64 85 64 63 87 3 10 219 78 80 2 127 86 62 197 144 53 5 208 117 5 51 205 215 96
170 109 148 215 219 248 66 88 79 227 54 148 181 130 121 199 18 65 211 57 33 245 153 168 11 101 117 35 43 100 243 174 118 113 107 94 126 72 132 254 48 244 33 165 68 196
58 4 77 30 255 116 231 246 231 246 34 3 223 111 117 64 17 193 139 128 185 114 149 116 98 53 81 141 158 182 248 19 250 117 81 93 184 244 141 212 246 52 81 231 225 42
226 59 39 245 122 195 103 60 74 7 52 232 65 33 190 70 40 94 152 163 7 113 204 38 22 217 155 252 118 19 83 72 102 29 247 60 15 10 234 8 149 177 181 118 217 78
96 85 56 19 220 158 92 190 229 209 187 165 75 25 171 33 80 29 227 52 71 228 202 1 4 205 27 236 177 92 147 228 31 93 200 164 38 181 94 150 114 69 226 22 151 113
36 166 229 170 209 47 221 41 49 3 12 90 117 139 128 244 34 199 170 202 117 150 146 112 211 89 10 202 84 122 111 154 33 65 112 111 241 53 30 29 22 42 153 24 197 5
170 203 217 212 46 238 52 166 180 191 17 63 5 168 46 199 39 251 35 133 60 184 113 195 88 228 6 14 207 186 223 149 180 231 206 170 189 203 108 162 126 20 170 252 219 111
100 203 228 107 115 5 14 230 235 159 159 60 200 230 169 104 176 140 239 162 129 59 141 82 1 130 142 103 191 76 204 146 7 231 74 151 25 8 238 145 132 95 31 208 74 183
133 216 161 53 65 224 113 233 237 166 168 39 57 168 98 78 123 163 178 155 97 241 137 255 57 159 37 220 167 96 157 223 233 210 98 205 224 46 165 79 59 81 19 23 164 39
0 161 8 4 252 73 60 26 95 106 36 138 209 118 120 184 99 163 68 142 156 239 248 183 211 40 23 29 192 179 213 28 82 118 154 220 131 61 208 58 53 3 253 52 197 83
143 9 39 54 171 142 16 0 157 217 161 188 123 140 159 129 8 21 78 120 202 166 137 62 195 106 190 174 134 198 194 36 93 212 168 120 240 137 30 179 130 250 200 197 45 242
164 63 16 185 151 186 90 103 185 53 230 152 37 209 80 48 91 28 164 34 137 38 167 15 83 38 127 210 141 126 170 130 90 108 255 127 194 70 104 123 98 210 116 117 19 166
89 125 8 66 41 236 207 177 150 238 61 138 144 113 92 223 242 51 200 202 96 203 106 67 78 52 241 224 102 190 204 215 41 134 203 113 248 192 100 180 125 201 184 35 117 50
43 169 199 79 68 82 196 210 187 42 102 179 244 172 106 161 250 200 49 171 135 199 240 36 38 0 232 227 1 177 137 66 237 213 188 146 92 60 58 217 90 76 215 229 79 84
88 80 216 32 66 198 142 12 57 83 184 94 142 148 112 34 43 221 227 88 44 236 167 198 9 50 212 216 58 250 203 208 120 63 125 243 111 36 228 117 158 163 187 216 123 187
135 51 49 72 101 67 225 79 65 0 137 19 228 131 12 175 200 201 160 159 209 71 163 51 192 59 203 187 158 65 229 221 247 72 143 9 131 48 139 222 91 207 128 44 163 104
86 69 28 133 214 154 225 52 76 135 235 26 63 23 107 11 54 11 71 140 200 0 204 150 239 255 111 234 200 87 89 163 167 160 143 178 127 64 230 124 69 19 94 54 182 89
92 146 219 240 125 88 239 186 171 164 118 201 22 197 137 24 236 102 101 25 111 103 14 85 101 89 191 235 165 169 15 113 175 6 229 1 212 231 59 214 132 49 85 1 115 61
76 231 174 145 220 151 185 254 5 4 195 226 121 90 62 239 164 2 139 170 45 144 9 254 160 28 49 135 129 171 68 0 71 169 38 186 220 231 130 172 31 36 62 171 100 158
159 126 184 102 106 73 171 189 89 137 8 66 202 143 99 167 241 229 160 30 0 160 35 171 134 157 130 252 205 236 78 159 120 92 254 71 16 115 119 175 137 169 193 252 37 99
137 243 0 30 124 247 133 248 190 196 221 231 103 151 209 27 239 93 2 113 247 15 92 86 176 144 12 161 3 13 109 188 33 169 38 37 7 17 79 6 168 153 248 75 71 44
203 203 95 67 247 141 64 70 107 192 221 2 102 168 36 168 249 132 120 204 66 133 217 90 0 239 76 118 224 209 145 199 132 99 161 27 232 32 55 181 75 98 239 133 224 25
130 217 186 68 77 244 46 117 75 73 221 64 8 181 163 47 214 104 225 87 178 110 15 252 88 183 184 222 22 23 131 136 248 9 91 226 168 240 6 87 52 163 29 144 30 156
107 31 86 17 117 226 247 139 218 197 209 251 191 95 115 163 19 255 37 19 88 63 57 14 246 24 112 169 226 196 219 13 8 20 164 81 253 86 103 253 100 7 12 61 174 137
226 91 147 175 78 89 42 4 149 40 135 36 210 136 176 83 202 103 162 249 12 9 6 200 254 138 107 97 235 227 171 54 71 201 173 176 52 221 160 123 207 98 150 249 255 36
7 206 142 123 10 73 168 176 58 18 204 40 51 12 47 19 86 232 46 71 64 31 65 118 117 166 232 112 78 248 245 4 2 52 167 221 160 173 49 64 66 8 49 161 227 184
112 121 85 9 62 1 104 43 173 217 217 128 8 62 110 168 87 133 164 240 55 134 188 41 113 11 185 65 16 112 142 78 203 185 134 121 181 218 37 212 65 143 205 121 229 11
180 242 163 41 154 91 204 75 222 166 198 254 48 214 118 93 129 225 7 104 121 82 54 241 243 241 49 44 96 11 5 23 94 202 121 16 240 106 150 244 96 147 196 57 58 16
123 50 236 125 68 145 71 251 131 74 97 151 78 53 124 57 221 212 58 86 171 136 86 71 109 3 46 215 112 121 248 43 139 252 72 233 145 168 217 42 199 134 163 189 131 112
90 71 2 72 165 249 145 20 128 115 213 167 230 230 164 240 121 186 15 156 229 205 6 33 146 110 49 118 171 24 195 5 202 28 214 42 147 36 93 121 109 53 209 8 255 200
138 165 177 149 88 203 30 69 235 125 203 159 19 142 227 19 145 65 178 6 63 168 35 9 196 200 128 161 2 89 68 244 108 108 153 161 232 66 3 243 240 89 252 111 247 231