50
7 23
23 23 10 23 9 15 9
8 76
40 42 13 36 74 64 59 55
4 120
13 105 77 101
7 183
39 95 96 135 55 33 170
5 248
82 178 61 77 80
7 215
13 189 188 134 198 84 173
2 34
7 30
2 21
11 15
7 425
87 383 371 329 224 370 412
6 469
323 187 178 325 201 100
5 345
31 114 246 210 102
7 462
379 345 268 316 290 361 158
4 100
34 73 49 47
5 321
283 24 72 262 120
8 213
73 114 116 10 116 52 112 41
8 161
96 132 22 73 65 30 5 100
2 123
35 117
6 118
83 79 77 31 79 57
2 411
206 243
4 380
63 166 56 204
4 58
35 52 28 42
8 257
124 35 34 100 209 66 192 143
5 465
256 327 413 415 263
6 82
24 77 8 53 12 65
5 219
172 194 175 49 49
4 147
75 78 82 74
7 387
246 351 47 160 1 296 59
2 470
175 411
7 140
136 53 50 58 108 121 138
4 76
19 18 50 70
6 468
256 1 6 90 98 106
8 55
43 46 34 15 43 13 27 17
4 410
256 10 45 257
8 212
205 182 41 24 210 81 3 195
7 98
72 38 47 75 28 96 14
6 180
163 172 63 61 179 29
2 170
54 147
3 215
42 128 87
3 372
48 278 232
6 212
67 205 141 182 87 139
7 296
186 26 166 138 8 22 210
5 499
95 15 155 142 155
4 333
191 252 39 19
8 381
232 373 146 223 128 184 13 280
8 397
317 324 262 10 285 291 383 266
7 268
137 255 60 262 201 82 239
3 450
106 38 351
3 176
112 96 77
6 34
12 24 25 6 18 11
3 364
72 90 304