80 8
47.9 24.4 76.7 80.0 45.7 58.3 65.1 43.3
52.184 26.203 78.913 76.673 51.633 62.062 58.85 49.421 1.0
53.156 31.159 76.722 86.848 47.898 53.497 71.737 39.306 1.0
42.194 23.951 78.203 76.256 40.438 52.898 61.861 36.922 0.0
40.247 26.985 73.348 83.763 38.831 56.815 69.861 40.259 0.0
45.89 23.692 83.002 72.02 46.58 63.655 69.314 36.605 0.0
42.209 27.418 84.483 83.131 39.548 52.237 61.565 50.029 1.0
49.15 23.227 72.91 74.44 45.974 60.374 71.686 41.183 0.0
52.166 18.618 69.465 83.516 49.568 54.912 63.17 50.041 0.0
48.632 26.789 70.243 84.501 52.544 53.415 64.729 37.983 1.0
46.774 24.93 70.711 82.434 43.339 60.895 69.011 39.053 0.0
45.674 26.138 74.971 74.121 40.183 59.687 69.238 50.201 0.0
45.067 20.28 81.541 82.281 53.148 55.371 66.569 44.168 1.0
47.339 27.809 78.67 80.12 41.194 56.354 63.487 48.282 1.0
49.785 30.056 71.647 84.985 46.312 60.997 69.143 41.545 1.0
47.148 30.419 71.595 77.179 44.721 59.014 68.633 45.997 0.0
51.525 26.96 83.218 79.076 42.764 57.388 65.822 51.034 1.0
49.773 20.861 75.104 87.106 47.09 53.376 64.799 37.0 0.0
48.559 17.744 81.061 77.861 42.863 63.448 69.089 36.062 1.0
52.644 30.047 78.112 84.734 48.673 52.626 70.583 36.997 1.0
51.146 29.755 83.207 72.946 46.961 60.63 69.617 35.993 1.0
50.362 17.462 83.204 84.651 51.836 62.913 62.152 48.088 1.0
55.383 20.903 81.687 78.429 38.674 53.436 58.582 50.632 1.0
41.775 17.473 76.321 82.941 48.27 52.793 60.014 40.468 0.0
44.452 21.258 82.463 87.901 39.884 57.38 62.74 43.34 1.0
50.456 23.61 70.973 84.314 52.191 51.566 70.536 40.419 0.0
41.654 17.867 80.905 85.439 46.517 59.027 70.816 37.802 1.0
50.998 32.399 82.828 81.153 42.677 63.983 69.392 50.246 1.0
50.525 21.144 74.441 79.782 51.624 59.543 66.115 39.442 0.0
51.286 24.66 75.26 78.173 45.272 64.361 72.197 41.773 1.0
51.639 20.633 78.134 72.61 49.286 65.836 62.159 48.796 1.0
48.385 27.48 83.945 82.627 39.985 52.035 71.395 48.289 1.0
53.91 23.023 84.358 83.144 40.789 62.835 70.213 45.332 1.0
51.587 16.598 79.115 81.58 49.743 64.553 57.564 38.794 1.0
52.315 25.907 83.274 82.27 44.329 52.612 65.727 46.406 1.0
48.971 19.69 80.96 73.86 48.272 59.965 58.099 43.737 1.0
42.874 17.956 80.017 73.758 50.93 62.354 71.216 43.589 0.0
41.124 28.849 79.196 84.921 38.45 57.298 58.252 45.435 1.0
55.09 26.438 79.442 81.736 50.662 64.527 59.111 41.799 1.0
47.082 29.207 74.875 79.24 50.825 58.633 64.646 36.447 0.0
40.843 22.106 77.883 79.221 46.511 50.566 66.49 43.499 0.0
46.571 23.539 75.237 82.268 38.704 52.263 60.662 45.819 0.0
46.738 17.467 69.968 86.548 39.354 58.457 72.898 40.213 0.0
45.067 30.726 73.848 86.852 53.473 62.56 62.204 42.159 0.0
45.664 26.156 81.087 86.941 42.206 53.296 71.228 43.713 1.0
54.763 17.943 78.804 87.847 52.763 64.013 63.142 42.362 1.0
53.37 22.11 79.006 72.181 53.375 57.743 66.253 36.089 1.0
50.259 18.06 77.732 78.742 46.458 56.843 63.457 40.768 1.0
49.149 16.923 76.165 73.798 53.311 65.729 64.095 50.678 0.0
54.091 22.892 82.573 79.231 44.685 65.326 69.653 43.779 1.0
47.546 18.261 74.26 87.988 39.617 63.55 67.305 36.788 0.0
53.517 30.124 77.033 73.559 37.978 59.169 58.191 41.06 1.0
55.377 28.912 74.523 81.701 47.115 50.649 66.6 40.242 1.0
42.176 25.974 82.042 84.379 42.356 51.048 70.802 43.572 1.0
45.49 18.927 84.318 86.316 53.16 57.785 71.006 37.054 1.0
50.986 21.844 71.862 80.225 42.765 54.03 65.728 48.85 0.0
46.779 19.433 73.43 83.636 37.832 54.342 62.314 42.462 0.0
55.082 24.238 81.547 86.322 53.299 63.633 73.065 39.272 1.0
54.433 19.272 80.334 82.975 49.408 52.509 68.676 37.672 1.0
47.118 22.942 81.787 83.186 49.464 53.261 72.424 44.764 1.0
55.045 25.369 83.707 85.56 45.391 58.177 70.82 48.044 1.0
41.592 21.629 78.758 74.856 51.541 51.701 72.904 42.477 0.0
42.379 25.119 77.996 86.928 46.369 51.653 63.987 36.411 1.0
43.997 20.275 76.27 76.732 41.066 58.799 63.33 45.08 0.0
52.419 20.156 76.47 80.241 41.475 52.819 59.59 45.473 0.0
44.229 26.152 73.31 72.072 41.602 57.547 67.906 37.524 0.0
53.335 25.595 83.549 74.96 51.115 54.333 67.772 45.342 1.0
46.308 21.833 76.367 79.488 45.399 65.144 72.708 49.018 0.0
47.799 29.768 77.791 82.484 46.848 51.014 71.938 35.877 1.0
51.67 21.181 68.837 72.825 39.107 54.025 69.743 40.014 0.0
54.124 21.714 74.054 84.481 49.464 63.473 73.082 48.748 0.0
54.346 16.42 74.634 82.935 44.619 64.178 69.857 38.306 0.0
54.066 32.025 84.558 74.169 42.409 62.318 72.935 50.721 0.0
52.07 32.054 80.818 76.349 39.995 56.43 64.046 44.169 1.0
52.682 19.501 76.099 84.44 42.954 57.517 72.59 40.963 0.0
44.735 31.918 74.502 87.658 48.432 52.717 61.609 46.982 0.0
43.502 26.465 83.503 85.656 42.649 64.078 64.602 40.895 1.0
51.178 27.631 76.094 75.314 38.302 64.989 72.857 39.542 1.0
51.422 30.74 78.341 73.366 49.108 52.026 60.282 40.713 0.0
55.417 21.378 70.255 79.747 39.743 50.989 70.733 46.738 0.0
50.149 18.353 79.765 79.26 52.448 64.918 71.143 43.719 1.0
40
47.781 23.312 76.344 79.039 38.058 52.018 58.066 45.881
44.902 16.449 84.677 85.781 41.672 55.798 65.499 43.72
47.634 19.763 73.064 81.737 39.198 54.932 72.065 47.388
42.71 24.221 80.099 79.698 45.542 65.771 69.728 44.885
46.527 25.452 80.151 73.219 37.849 65.89 68.497 42.085
53.442 26.354 77.623 85.472 46.342 58.372 68.38 47.264
41.833 27.925 78.347 78.074 38.625 65.354 62.281 49.001
53.412 18.676 70.57 78.699 41.17 63.229 58.869 45.271
55.218 31.992 83.697 80.75 39.927 66.258 72.573 41.456
46.121 32.209 74.695 72.386 42.563 51.312 59.778 47.17
54.541 25.237 73.317 74.718 52.391 53.616 69.224 38.58
41.422 29.267 77.811 77.892 42.93 52.614 62.54 41.877
53.798 32.012 79.869 73.413 51.052 61.754 69.025 43.728
52.184 32.167 83.918 81.499 52.437 60.597 63.991 44.93
42.486 32.121 73.659 87.532 51.804 62.906 73.038 47.637
55.552 29.807 69.288 84.781 51.839 52.543 62.059 38.59
49.845 19.139 81.288 84.823 53.004 58.927 65.973 49.059
40.864 17.943 73.667 74.606 52.919 54.421 68.892 41.584
43.745 18.985 68.728 75.039 43.214 59.643 72.463 45.088
47.031 31.452 80.461 76.567 53.251 53.732 58.897 45.712
54.217 20.012 73.197 87.12 38.515 54.814 62.563 49.22
53.9 27.218 74.584 87.293 52.783 57.472 62.586 49.361
49.041 17.485 83.154 74.629 49.123 60.583 70.751 40.608
50.516 30.721 84.179 81.866 40.47 55.974 70.835 35.624
49.987 28.072 77.847 74.536 53.386 64.06 70.04 35.692
51.116 26.749 72.822 81.421 53.189 65.478 66.158 47.377
49.174 20.089 68.925 77.867 40.856 56.13 63.355 42.131
53.835 28.12 73.923 86.707 43.094 55.457 62.854 35.805
49.771 23.822 74.446 82.743 51.677 60.328 59.483 46.069
40.732 23.941 76.865 74.467 51.889 55.95 60.387 40.532
44.482 17.913 72.963 78.057 51.249 51.356 72.203 45.317
50.129 25.556 77.213 76.074 52.211 62.887 70.515 48.225
51.35 32.151 80.446 77.675 43.622 64.979 63.449 37.111
54.539 17.345 75.969 75.827 48.656 50.601 71.089 49.028
43.235 25.629 74.418 81.819 49.962 56.437 67.724 43.844
55.15 23.944 80.415 80.503 51.321 55.353 69.214 41.379
53.485 20.833 82.356 82.273 37.972 54.296 63.632 36.735
40.999 21.294 69.268 73.323 49.468 57.195 62.407 46.135
40.589 24.617 70.908 83.131 44.158 57.472 64.949 38.479
39.942 19.765 72.146 83.733 50.573 62.451 68.926 39.748