100 20 5 100
7851 274 9099 10000 7800 928 4246 10000 3075 8095 5962 10000 7387 4634 3650 7669 4556 7929 2251 2970
4502 5976 8040 5759 1220 4718 5715 5420 2929 2293 7101 1398 613 1523 5257 1641 2978 6118 7246 9062
5087 9981 4122 8137 7325 6958 3929 2514 2329 8045 3339 2550 4008 3099 5265 9257 9074 3498 2148 5183
4404 2160 9679 5854 9008 7421 8781 6302 3495 6901 3922 8577 6024 6382 6333 2278 2651 9723 562 5679
8810 8630 1080 1541 8828 7843 8108 8469 3608 9003 202 3537 1546 6850 1871 6099 3697 4809 3482 2073
358 1113 8911 5032 4550 1669 5428 7562 40 7033 8445 8799 3311 1765 4949 4479 681 4762 29 7984
3505 4694 2750 551 9905 5338 80 8673 2587 8647 5506 5314 1994 552 4380 8771 558 1934 3134 9448
9091 6116 8620 6798 815 5663 5245 3272 7567 3868 9818 5174 8783 5852 6382 125 6807 5442 6550 933
8349 4746 2438 8635 7807 6674 4183 1868 4546 3290 5525 4345 8648 644 4875 2634 5985 2522 1391 8705
7501 7284 7260 10000 3120 2394 7370 10000 453 9820 1425 10000 9792 8890 9819 7338 7664 1458 1447 9719
5878 6551 3384 3527 1953 3623 358 4185 9703 6836 240 880 5556 4587 8122 595 874 1122 1468 6608
4380 8767 5638 7496 2701 7472 9552 4817 3635 8255 3182 8320 9257 105 2231 2925 9229 5828 7712 8777
868 563 3743 1882 9484 5418 4481 5066 6580 373 877 325 1630 8013 9974 308 5449 5650 6362 9578
1616 1374 9966 8043 7144 7415 2615 7679 2324 2896 6947 8299 8025 5875 9067 5694 8240 8054 662 1968
1670 3995 8684 8076 2827 6929 3616 5002 2388 9775 568 1405 8389 9889 6751 5648 7522 3245 1557 5730
8650 3112 3956 6613 180 7474 2437 1325 7350 2202 3941 9182 7942 8508 5035 3368 34 8272 747 9637
2007 2470 7280 5440 1097 564 3711 3833 2838 5393 4992 8572 4450 9461 2751 1592 3973 7495 1099 3728
8328 9057 5857 4034 3327 2546 6614 7384 2649 5257 4833 4358 8218 2868 5797 1281 6261 8539 9190 8228
1038 7279 7224 10000 567 3804 5752 10000 3426 6149 4377 10000 9784 7067 4456 3783 8933 8055 5764 9773
7246 6906 4601 3327 1424 3685 6847 1131 8465 2603 6392 8921 3613 217 9313 3942 191 118 6122 1694
8007 9939 3130 9335 6713 8430 3094 7932 1082 895 4278 5904 3622 2647 1056 3846 5346 4510 9100 5356
6845 8183 6481 9953 1047 1011 8143 8621 8700 5313 8913 4077 1796 556 9466 4991 4055 6736 3055 1039
4876 3258 8015 9484 3672 7264 1415 7860 4982 603 6173 562 5391 8956 4272 782 2711 2116 6492 3669
9059 2118 2404 2689 238 1339 7968 7133 4071 8393 5349 6810 9184 3560 3383 7169 6817 6583 7021 8619
2350 9424 4014 7692 8462 9111 7437 1697 4315 2208 5481 4555 7386 5820 8993 8301 1268 4506 2198 4161
7984 8680 1818 6830 1424 6381 4981 1305 1969 3768 9775 267 7744 1361 3376 2556 6826 102 6899 9707
6198 3447 37 9695 7809 9522 6890 7032 3451 1139 4069 7669 4201 9611 9249 7485 4694 9837 8927 6681
1295 1425 613 10000 1120 8846 8639 10000 9524 9565 2354 10000 2654 414 2342 6482 9571 9222 8284 825
8269 1783 5901 3519 5160 4397 5275 5656 7253 4942 6444 3241 9373 9203 9049 3174 5689 3517 3863 3212
9648 9546 1823 7317 25 5250 8884 4004 722 9595 8632 1193 7218 6221 3340 8458 6932 7788 1505 228
6397 8015 5835 4834 1546 4797 2259 2140 1973 592 6040 5436 9723 9101 3711 1146 3566 9861 6962 9581
5211 7358 3952 8106 7969 2562 1763 4588 5612 7785 7579 2485 3021 7828 3183 7211 7943 8751 1616 6189
631 1875 869 5882 9246 3882 2761 6421 378 9306 6272 1126 3682 1165 8047 3593 9043 4622 1643 2545
9163 1661 9811 5003 2037 2832 6140 9847 4989 1025 5485 4686 7270 2218 1652 7913 2142 9945 9630 6909
1413 1454 9969 3147 7437 4886 849 196 3676 5356 5455 2366 5948 4938 7173 2931 3824 7428 3607 4586
2995 3830 7819 1324 4477 2537 5903 8645 5932 8627 1656 8471 2923 3133 9926 4442 2456 6501 4907 831
8162 9270 5934 10000 5999 2130 2911 10000 1638 4332 9780 10000 2417 6129 2532 9325 9664 5793 8576 1837
1320 2485 2372 6415 6913 1648 5240 1929 8608 1997 2134 769 1029 4155 303 8818 8163 6044 7963 5802
8157 1703 4776 1811 1181 1453 3480 4935 4901 5214 8391 4955 1971 5734 3366 6432 3871 2243 1014 8451
5701 8720 9642 7187 6513 7915 7137 5237 1225 5302 5856 4665 4611 6816 8828 2757 4502 7461 3747 5635
4231 3319 9261 6938 6298 8131 9296 5921 3591 6987 6398 6055 7095 8627 9967 2002 1135 2619 71 9854
8483 3662 1893 744 7507 1992 4958 6369 7140 5057 4886 5922 1179 2066 2692 408 7928 5988 3140 7481
5897 5770 2514 1058 6983 2721 1819 1167 3036 2297 5160 1654 2860 374 5058 2775 7197 9349 5026 884
7517 5362 584 8564 9135 5299 3788 8639 7478 6257 3505 4458 11 7540 5619 8060 1945 7191 3823 5493
5631 6775 2565 3475 5762 1422 6371 3947 6107 4315 6260 3753 8405 5737 5928 94 3606 5874 5009 1777
5646 8810 418 10000 6028 341 5711 10000 5455 3649 976 10000 6511 5471 134 9257 9418 8761 2817 2705
9827 6446 8164 3689 9187 2717 3470 928 5350 1253 1696 5058 309 7033 2974 1959 1460 8981 6217 6036
2330 1428 189 9971 7283 6803 8886 9713 1347 2513 7219 5231 2517 4222 2915 6846 7465 7460 4343 5402
1820 2955 3084 2178 4695 7095 6781 4668 6428 8501 9633 2997 55 3022 9824 4032 5454 4472 7013 9272
5674 4034 2360 3831 1572 3400 2842 7266 2630 8275 3770 1257 5933 7632 689 929 2253 4714 4552 2753
8933 225 4365 1069 7075 8877 6429 2991 654 7159 624 4433 2258 4260 2306 8406 5341 5731 5175 91
8302 5622 8156 8601 30 5692 1170 4572 8910 9774 7869 2690 6752 5755 6056 1314 8828 6737 1780 7366
2805 2323 727 2160 9456 1011 1740 3465 882 804 7380 4415 7590 5354 3470 5087 1535 250 4300 1262
3424 5975 5975 2503 2860 1555 3889 5745 8019 7389 2571 2397 1204 8013 6173 9498 2544 2644 8636 3057
1721 8038 2384 10000 2826 287 7688 10000 5000 2265 9458 10000 8379 6418 2991 4396 9103 1948 7958 8907
9675 2532 8075 1066 7642 8840 9337 4924 6928 5686 2077 524 7674 3272 8097 6407 1771 1966 7961 4686
9255 5176 5526 4814 1670 1778 9026 9266 4848 8460 4017 6867 332 2312 4310 6924 785 8497 254 5224
5574 3677 9754 8077 1971 9264 2727 7334 1182 4714 2830 5517 648 53 8888 3526 6836 6825 3740 230
4717 1976 7976 8691 2958 7015 3746 6755 7485 7464 9802 4053 5918 9034 9470 466 6452 1540 4456 7899
9544 4596 17 2871 4478 9849 4841 4058 4473 8951 2982 2945 8002 7816 6114 4934 4030 9574 1610 4301
8574 9083 1922 7829 6005 3862 180 756 53 4818 2184 1302 6647 2911 5118 279 6093 3535 3984 3343
3591 2437 9064 1691 9477 5605 3469 555 4474 2502 1712 4751 5582 6116 727 7054 6636 6176 5107 3900
4300 589 5649 7140 1624 53 9304 9790 9016 6923 5489 169 8426 6279 6360 1439 7208 8938 4410 9120
3007 7127 7257 10000 884 4537 9332 10000 1476 4219 9905 10000 6717 8965 5626 962 5693 1827 1305 7457
9696 4764 119 674 7911 8404 8078 9642 7864 1931 4344 1337 7177 8847 7345 39 2470 8123 1765 7807
6361 3635 7304 7190 9431 8314 5856 9917 5935 4175 5181 2647 8871 3458 4223 5692 8400 5168 5242 3499
3591 5369 3658 6855 8344 1912 1095 8311 4431 3424 9376 8565 6803 1324 42 6110 245 9105 5566 6830
3451 5782 6371 8829 2216 4709 7114 2190 1980 5347 220 8140 1027 323 5550 4030 4479 7950 6533 9790
491 692 7255 1320 7197 8293 5613 1671 6251 4658 8754 3549 2503 179 6287 4754 9312 276 4315 6875
6463 4914 8349 31 8593 7236 1210 9237 4039 5855 9497 6963 8565 3841 2522 6432 975 1346 7516 8086
4743 3086 7317 8064 5046 2993 5179 766 6737 538 7928 9519 4929 2448 4504 3089 8978 1764 2336 1016
560 4090 3924 8634 6979 335 6417 355 2640 4872 1343 7088 1113 3056 8891 6932 4297 3867 3800 688
829 6595 8481 10000 4215 3153 6053 10000 1929 7104 6473 10000 706 4533 9127 5601 344 2374 9483 1786
2384 9819 4707 5551 5311 3124 155 6317 6265 9294 7698 9437 9004 9187 7373 2515 9623 4569 4675 7270
4367 4099 8795 8429 4945 4084 3073 5382 5998 3631 8078 7722 4789 1048 2958 2840 2904 9955 1697 29
1252 3731 475 4228 7903 8128 2430 4816 4427 2665 8763 4725 5740 7160 5300 8837 1073 9708 9338 3238
9121 1543 2140 1934 8475 7294 3931 1054 2280 5104 6394 8723 1323 8197 7252 5480 3021 4619 4258 4265
9508 1826 6193 8562 3971 8216 7152 3091 7190 4581 2221 6957 4880 6469 4528 4989 8376 4565 1434 3005
4820 9402 1429 2717 7993 9624 5520 1794 2824 9096 3207 4565 7553 8996 4745 929 1295 777 3270 2411
1913 1525 7460 3183 1734 4668 7805 1289 9658 6476 8440 6512 7687 6570 1610 5544 4707 4813 5817 7317
5491 267 9703 3996 7156 1584 5161 4873 3075 2012 1705 4283 7014 6840 4529 5699 663 981 8462 5237
1133 7792 9503 10000 3758 3114 6969 10000 2955 3088 4041 10000 2520 5402 413 2737 8680 4681 7842 5895
3004 4005 6115 2045 3628 3073 2532 9534 2798 1160 7045 4889 7288 1657 9220 465 4055 3767 3775 830
7132 3309 1672 189 1569 5060 7305 3696 1161 9269 333 7052 3740 1473 7680 4813 4108 8528 4388 5076
6666 1773 617 4197 3596 621 8672 9115 133 6732 3827 6807 4401 414 6453 2499 8413 4252 2727 4880
4562 3134 9483 8547 5978 9829 1794 795 2237 82 7538 272 386 4368 830 672 3196 4901 6661 3339
2222 4912 9622 8561 8756 8166 7162 3770 3957 2651 2879 7346 4631 9618 2418 3444 1876 4185 4236 1665
2314 9680 7718 3387 9952 6933 1142 7721 547 4138 2527 5366 2635 5521 4579 9864 2598 719 790 8644
5107 9414 7293 4750 5538 5194 1461 8382 3605 8966 4278 4916 1185 511 210 7781 1830 5642 4413 6258
3877 1294 2885 3246 3157 4919 4199 435 2221 6048 6990 4962 2172 2139 3085 3549 2315 9554 3238 2211
6214 321 7232 10000 6172 4304 4103 10000 2094 8478 2305 10000 3389 1742 5634 682 4157 5590 1857 5718
4130 7515 9689 5698 9768 7062 4201 6676 4957 6560 6737 7574 9576 8207 7494 8102 6477 7679 7336 2730
2632 7279 7690 533 3931 2282 3324 3934 6430 6869 7112 9605 7042 8496 215 3042 343 5892 1504 4928
2976 8657 9058 9542 81 3569 3111 4033 8006 8992 9422 6148 335 4233 5677 7609 6191 5877 4624 4739
7959 1823 9458 4158 4596 795 1205 5903 437 3481 1615 5413 2139 2413 3083 591 9021 516 2380 6380
5125 1167 9375 6921 2865 9442 9540 7757 7796 3316 5890 734 5111 1610 4656 8074 8720 9012 8312 219
3428 5447 4014 3790 2209 4125 5034 3510 3367 4599 7376 7950 3926 7739 2346 2118 2816 8581 494 5888
6566 7093 4275 1574 7435 430 7066 1873 6261 195 7654 3 7554 5118 532 8836 9053 7318 4848 7457
3256 3047 3083 4437 6882 9689 8079 4441 1841 2775 4599 2460 6266 3893 811 4916 5452 5591 5148 6979
6988 9453 3148 10000 312 1033 392 10000 2613 2377 7200 10000 2279 3366 3737 9406 4240 7821 6341 6816