1 31 12 15
0.116620 -1.635464 -0.634560 1.225124 -0.140438 1.297859 -0.622943 -1.008839 0.886031 -0.868453 0.529051 0.701946
0.074720 -1.194207 -1.161758 -1.394508 -0.640589 -1.096311 -0.954002 1.851337 0.022200 -0.437789 1.095556 -0.647434
-1.972129 1.638339 1.127790 1.210476 0.290458 -1.606334 0.206317 1.988584 -0.003872 0.599865 -0.755014 -0.618888
1.731348 -1.036801 -0.472507 0.044955 1.577282 1.008206 1.398962 -0.968898 0.388310 -1.579238 1.904480 -0.523753
0.523813 0.998850 -1.529480 1.153000 1.942363 -1.907329 0.204328 -1.226518 -1.785318 -1.214588 1.258440 -1.476639
-0.151358 -1.742595 -0.651272 -1.334452 0.739191 1.588254 -1.367153 0.123515 -0.051996 -1.743745 -1.457780 -0.644850
-0.410393 1.899732 0.344483 -1.325012 0.464739 0.305944 1.108531 0.456202 0.042782 0.657019 -0.099521 -0.096108
0.204326 0.123469 0.566178 -1.365482 -1.712942 -1.745755 1.533387 1.629311 -0.785974 0.729695 0.120885 1.830794
-0.414172 -0.768838 1.932901 -1.348183 -1.056566 -0.629748 0.898267 -1.553677 -1.915356 -0.995646 1.096026 0.176044
-1.271942 1.136237 0.270703 -1.771792 1.481285 1.849723 0.068344 -0.800070 1.844251 1.556648 -0.940693 1.702745
1.079513 0.517817 -0.213069 0.241106 -1.303455 1.938764 1.672925 -0.082640 0.720537 1.456922 0.002662 0.571040
0.876633 -0.181949 -1.550307 -0.881603 -1.180839 -0.389115 -0.766594 -0.595989 -1.617864 0.039189 -0.766686 1.434241
0.230376 1.509756 -0.157951 -1.649071 1.506800 0.918042 -1.130562 1.506264 -1.879667 1.624800 1.981731 -1.341796
-0.794812 -0.068432 1.052998 0.208548 -0.739931 1.343614 1.052294 -1.328971 -0.562596 -0.131593 -1.107961 -1.721748
-0.110630 1.336308 -1.226178 -0.508461 1.195960 0.372894 0.980299 0.027431 0.123849 -1.941319 0.908573 1.349742
-0.327500 0.612079 -0.081174 0.386731 -1.067736 -1.751035 0.854150 -0.935818 -1.231572 0.302556 0.913626 1.634764
-1.976320 -0.581314 -1.299199 -1.972337 1.045642 -1.142079 -0.732295 -1.974563 -0.713697 -0.275770 1.123086 1.179465
0.306840 -0.236088 1.529668 -1.497695 0.836751 -1.409794 0.363568 1.685333 0.410113 -0.223893 0.620783 -0.194776
0.908287 0.591155 0.699744 1.374350 1.360654 -0.803720 1.454361 -0.186861 -1.534120 0.323592 -1.803076 -1.773178
1.855782 0.847570 0.064879 1.408198 1.873861 -0.115132 -1.702971 -0.202634 0.509366 -0.313740 -0.261765 1.488690
-0.840163 -0.746401 -1.220357 0.766007 -1.637058 -0.109326 -1.210205 -1.646774 -1.273538 0.668662 1.410894 1.271947
1.552342 1.257197 -1.334339 1.932105 -1.555585 0.914109 -1.028155 1.481707 -0.114638 -1.969166 1.376706 -0.162357
-1.044684 1.659458 1.033908 -1.982604 -0.744319 1.716497 0.294177 0.052843 0.030779 1.409457 -0.337264 -0.609423
0.927332 -1.270189 -1.009628 -0.392700 -0.164724 -0.231205 -1.590520 -0.947214 -1.602081 1.626512 0.176789 -0.847734
-1.200066 1.683891 0.820568 1.732034 -1.870089 -1.811697 0.954067 -1.078262 1.461256 0.367160 -1.517108 -0.019221
1.223463 -0.593131 1.081844 -1.686091 0.283768 0.240744 -1.657289 -1.277464 -0.893406 -0.033620 0.486932 1.534123
0.204069 0.170776 -1.286910 -1.633826 1.073103 0.020357 -0.537596 0.922292 1.326720 -1.700518 -0.803399 -1.780754
1.954695 -1.775771 -0.331194 -0.868114 -1.077907 -1.200655 -1.540572 1.486618 -0.220396 -0.376334 -0.113506 1.780273
-0.954534 -1.749724 0.802173 -0.157546 -1.917850 -0.141302 -1.924330 -1.157425 0.656638 1.897770 -0.912444 0.633333
-0.236099 -1.894065 1.731944 0.772250 1.037335 0.676017 -1.282907 -1.169554 -1.701856 -1.948916 -0.368018 -0.784427
0.421548 -0.284603 -1.702189 1.000579 -0.365962 -1.873160 -0.193768 -1.203977 -0.654615 -1.982158 1.616029 1.395488
-1.087805 0.453022 0.227558 0.940530 1.053314 0.359981 0.272213 -0.591419 1.800779 -0.322432 1.514599 0.104335
0.593919 0.153259 -0.837498 0.922776 0.974046 -0.907759 1.779518 -0.593796 0.315221 -1.956812 -0.790271 -1.312773
-1.349855 0.343755 0.031144 1.526459 0.019932 1.233115 -1.689631 1.106989 -0.494459 0.662316 1.748233 -1.347350
0.555786 -1.339943 -0.854368 0.704879 -1.651896 1.381840 0.245151 -1.224340 -0.139455 1.076984 0.961017 1.567877
-0.991315 1.360101 1.602272 -0.708770 -1.452841 -1.959846 1.746322 -0.554551 -1.757516 -0.133801 1.740766 1.766964
1.201791 1.741606 -0.650047 -1.158141 -1.697652 -1.466134 -1.467337 -1.611121 -0.267743 -0.396057 -1.411102 -0.372877
0.655620 0.737289 -0.558513 -0.981169 1.011159 0.354134 -1.490791 0.762017 -0.590833 -1.338670 -0.186879 -1.531127
1.548520 0.293596 -1.291055 1.193812 1.988119 0.050068 -0.628361 0.114878 1.419738 -0.087261 1.321513 1.029142
1.247257 0.602128 -1.316557 0.285590 -0.420137 1.754422 -0.086002 -1.646512 -1.087700 1.795419 0.832498 1.240701
-1.478664 1.727925 -1.464432 -1.563376 0.423377 -0.717526 -1.477078 -0.939429 -0.335256 1.629973 0.922564 -1.017109
0.182453 1.247842 1.003051 -1.750619 1.905980 -0.074496 0.486468 1.589695 -1.628558 1.868794 -0.092197 -1.433063
1.446583 1.291983 0.828769 1.361852 0.294194 -1.715439 1.451992 -1.023306 0.154460 0.336716 0.590433 0.201043
1.998111 -1.841608 -0.816901 0.997473 1.220625 0.934663 0.511497 1.332839 1.634456 0.501982 -0.728853 1.653947
0.542872 -0.289113 -1.949680 -1.363330 -0.258611 1.612070 0.657410 -0.557424 -1.365239 -1.631124 -0.911291 1.399629
1.262205 -0.948311 -1.183697 -1.973546 1.015664 1.131208 -0.099255 -0.672958 -0.075721 0.774996 1.397367 1.006257
-1.303782 -1.955211 -0.396864 -1.476080 -1.480175 -1.410802 0.083208 -1.455199 -1.620500 -1.445369 1.454974 -0.172749
1.681870 -1.152569 1.403916 -0.926029 -1.542931 -0.366197 0.502375 1.382231 1.429711 0.991674 0.246527 -0.985562
0.081288 0.073330 1.608558 -1.471768 0.469374 -1.314861 -1.534501 1.297523 -1.359391 -1.569502 -0.163539 -0.758552
-0.140151 1.152480 -1.137764 0.118951 -0.605642 -1.629140 1.709917 -1.369290 -1.231910 -1.884871 0.707741 -0.516999
1.583899 -0.870953 1.790205 -0.944577 0.439329 -0.956039 0.216439 -1.494853 1.887563 0.954337 0.518699 1.012976
-1.116778 -1.790943 1.035050 -1.424004 0.155030 1.130090 1.188432 -0.510509 1.547844 1.389992 -1.685782 0.904248
1.899702 1.372943 0.696245 -0.725053 0.967516 0.118489 1.795087 1.000679 0.631787 -1.667509 -1.262581 -0.339704
1.234587 -0.288119 -0.824047 0.944414 1.902985 -0.018522 -0.523289 -1.520536 0.174456 1.219557 -1.322114 -0.806794
0.286704 -0.380229 1.743295 -1.476147 -0.494354 1.760814 1.211989 1.832679 0.228832 1.439624 0.713836 -1.671443
0.176235 1.009463 1.673099 -1.470277 -0.512477 -1.895137 1.816401 1.974380 -1.580758 0.250508 -1.664353 0.384810
-0.621704 1.135595 -0.094955 -1.378584 -0.382704 1.320052 -0.667971 1.795955 -0.230809 1.655628 1.497851 0.956341
-0.617225 0.309392 -0.525767 1.248103 1.363674 -0.201380 -0.308030 1.864755 -1.951747 -0.740207 1.261187 -1.083090
1.076039 0.425352 -1.368386 -0.077869 -0.758489 1.679343 0.669965 -0.156838 1.009071 0.987237 -0.468520 -0.812093
-0.816923 1.594781 -0.281234 -1.423453 0.558415 1.671417 0.769036 0.569453 -0.217083 1.153105 1.109663 -1.958652
-1.235929 -0.952215 -1.226833 -0.955572 0.850027 0.421697 0.381664 -0.975869 0.334964 -0.836128 0.249151 -1.790695
-0.860170 0.655463 -1.926875 1.540712 -1.642419 0.339053 0.874048 -0.617440 0.552615 -1.401672 0.573750 -1.133281
1.008060 0.990816 -1.165575 0.170868 1.654372 -1.859591 -0.177747 1.794723 0.584786 0.315656 -0.062406 0.749133
1.567680 0.381088 1.371407 -0.738533 -0.955875 -0.863527 1.002281 -0.051156 -0.870871 -0.058849 1.405974 0.296996
-1.235069 1.293455 -0.068342 0.603279 -1.934580 -1.708680 -0.449754 -0.381101 -0.218378 -1.285418 -1.624696 1.213492
0.264499 -1.319864 -1.749322 -1.369280 1.765178 1.705260 0.391674 1.810397 -0.529745 -1.793965 -1.893014 0.485981
1.479170 0.075949 0.159049 1.865222 0.626659 0.176752 -1.560969 1.928417 0.054861 1.956577 0.419337 1.856299
0.543195 -1.791389 -0.559213 -1.291915 0.797606 0.655670 1.724348 -1.124786 -0.407162 1.945776 0.354927 -0.535651
1.702013 0.585622 -0.207150 -1.157924 -0.659339 -1.802237 0.567338 -0.628306 -0.971865 1.592960 -0.267034 -1.467337
0.991976 -1.535735 1.223243 1.144637 -0.300925 -1.383949 -0.746041 1.436297 1.652626 0.111435 -0.429350 -0.464204
-0.726075 -0.472320 -0.641303 1.893416 1.830401 1.699908 1.318207 -1.106033 1.226355 0.122562 1.107756 -0.514766
1.533233 1.166483 0.798470 1.804937 0.429210 0.015998 0.028630 0.153665 -0.620808 1.308353 -1.820206 1.538243
0.009155 1.871113 -0.632986 -1.912814 0.644736 0.146381 -0.638732 -0.619620 -1.867640 1.056214 -1.863464 1.047587
1.250447 1.107354 1.907048 1.057620 -1.903662 -0.355048 0.972145 1.454183 -1.590994 1.521049 -1.305988 1.388419
0.165144 1.560662 0.700414 0.962506 -0.267618 -0.734454 -1.014010 -1.780024 -0.586099 0.282076 1.546004 1.914457
1.504765 -1.726524 -1.274444 -1.781154 -0.147970 0.725402 0.014989 1.476872 -0.982590 1.923382 -0.923722 0.028828
1.957700 -1.792293 -0.460303 1.704371 1.188397 0.137712 -0.320850 -1.232833 -0.586298 0.322136 1.750156 -0.524783
-1.233531 -1.516786 -0.028566 -0.968432 1.156237 0.488715 0.551553 -1.122960 1.464355 1.105656 1.616066 -1.026164
-1.240921 -0.423198 -1.256671 0.503534 -0.861441 0.761610 -1.448719 1.796846 -1.629641 -1.474298 -0.825095 -1.637118
0.995157 -0.836564 1.762886 -1.473159 1.455419 0.161050 -1.701114 1.648105 -1.375767 1.467702 1.846222 1.878264
1.337945 -1.093644 0.553420 1.045185 1.297195 -1.674597 -0.050080 -0.096224 0.346901 0.225296 0.062839 -1.238824
0.571940 -0.589788 -1.621353 -0.089375 0.821772 -1.012608 -0.904125 -0.138541 0.234840 0.080121 -0.663096 -0.226563
-1.605953 -1.735654 -0.585914 -0.361424 0.566960 -0.091263 1.856941 -1.368706 0.278070 -0.370249 1.852086 1.976002
-1.400112 -1.923872 0.826372 -1.901424 1.495513 -0.746440 1.302133 0.030521 -1.501695 -0.851963 -1.800768 -0.296123
-1.060001 1.357908 -1.351129 0.924977 -1.579573 -0.350791 1.459404 -1.275920 -1.227272 0.790968 -1.740906 1.220047
-1.567551 -0.434540 -1.058681 0.250294 -0.270958 0.441238 -1.776677 1.711851 1.678595 0.079849 1.839713 1.839773
1.176104 1.907530 0.868992 -1.727552 0.388481 -0.047691 -0.739312 0.633844 0.513505 -0.330578 1.319555 -1.271257
1.528958 1.320649 -0.973683 -0.473077 -0.018871 0.323349 -0.694425 0.820996 -0.000301 0.516457 -1.425655 1.456299
-1.372843 -0.003732 -1.092144 1.598310 0.872507 1.224848 -0.979160 -0.684869 -0.185595 -0.363078 -0.809640 1.927942
-0.248889 -0.678196 0.124854 -1.190698 -0.347646 -1.407536 1.693361 1.793485 0.537982 -1.242766 -1.888942 0.266882
-1.562315 -0.818799 -1.117574 -1.990625 -0.235355 0.398892 1.080453 0.315870 0.878624 0.323282 -0.767417 -1.490411
-1.900808 -0.369795 -1.565950 -1.421100 1.204076 0.976005 -0.636046 0.036194 -1.033481 1.920642 1.764091 -1.907193
1.889978 -0.546935 -1.549952 -1.010127 -1.953202 -0.339354 1.104316 -0.724170 -0.836780 -1.103899 0.901290 -1.192697