30 10 20
26 5 13 40 23 26 34 27 33 3
11 17 24 14 1 19 6 2 7 19
4 23 27 38 13 10 25 13 29 32
3 20 23 31 40 13 31 10 24 35
2 12 37 11 33 1 18 39 23 22
12 37 39 14 1 40 19 34 38 34
25 12 9 9 11 7 33 22 11 27
29 12 39 11 10 28 8 29 22 9
17 20 6 19 27 36 17 11 19 33
13 14 10 22 38 26 28 24 39 2
3 7 21 38 30 17 20 24 31 28
26 10 17 17 13 37 19 28 5 21
1 31 23 26 29 18 2 17 34 29
20 35 33 10 23 34 10 13 25 19
6 23 37 24 4 24 6 6 18 7
2 36 11 18 35 18 38 37 6 33
28 24 21 26 33 21 8 15 4 17
23 3 25 32 30 38 19 25 18 26
8 33 19 37 10 15 24 36 39 1
6 22 5 29 36 25 9 6 13 5
8 28 21 3 35 9 28 18 12 38
22 32 22 34 5 38 1 6 6 7
30 36 37 15 8 14 11 10 28 19
28 11 12 32 19 30 4 4 37 36
35 9 9 5 5 18 18 19 22 2
29 36 4 8 5 9 27 2 1 16
11 14 31 21 35 6 37 10 3 39
16 16 3 27 2 20 10 12 2 7
33 4 4 14 26 21 38 17 30 29
39 6 32 29 26 17 2 25 28 3
1 2 3 4 5 6 7 8 9 10 11 12 13 14 15 16 17 18 19 20