5000
1 0.8400
0 0.9035
0 0.8978
0 0.8703
1 0.3414
0 0.9463
0 0.1590
0 0.6782
1 0.1870
0 0.6744
0 0.0120
0 0.1018
0 0.8685
1 0.3514
0 0.0957
0 0.6113
0 0.4476
0 0.7895
0 0.1643
0 0.2577
0 0.4383
0 0.6290
1 0.9401
0 0.2058
0 0.8763
0 0.8813
0 0.8177
0 0.7050
1 0.8560
0 0.6507
1 0.2663
0 0.9488
0 0.4200
0 0.6417
0 0.9610
0 0.4726
0 0.7516
0 0.2181
0 0.6524
1 0.3429
0 0.2412
0 0.9412
1 0.8222
0 0.0702
0 0.3894
0 0.0663
0 0.9592
0 0.7455
0 0.9604
0 0.5534
0 0.7832
0 0.4529
0 0.1935
0 0.3938
0 0.6739
0 0.6414
1 0.9594
1 0.4691
1 0.5566
0 0.9900
1 0.0473
1 0.7361
0 0.0826
0 0.2419
0 0.8066
0 0.0777
0 0.7314
0 0.1174
1 0.4522
0 0.9492
0 0.5455
1 0.9662
0 0.6085
0 0.4418
0 0.8294
0 0.2780
0 0.6745
0 0.8135
0 0.0328
1 0.0114
0 0.5133
0 0.3447
0 0.8654
0 0.5510
0 0.0270
1 0.5641
0 0.4839
0 0.9697
0 0.0068
0 0.5811
0 0.8750
0 0.1271
0 0.1805
0 0.2065
0 0.2359
0 0.9063
0 0.9441
0 0.8031
0 0.3100
0 0.1396
0 0.9827
0 0.9358
0 0.2981
0 0.3812
0 0.7401
0 0.7342
0 0.8607
0 0.3809
0 0.7287
1 0.4652
0 0.6004
1 0.4369
0 0.5289
1 0.4830
0 0.8309
0 0.0336
0 0.2923
0 0.6623
0 0.8304
1 0.5381
0 0.5445
0 0.2917
0 0.5181
0 0.8642
0 0.5862
1 0.2036
1 0.2268
0 0.1934
0 0.8418
0 0.8432
0 0.6753
0 0.8753
0 0.0040
1 0.0245
0 0.7569
0 0.3508
0 0.5569
0 0.1092
1 0.1149
1 0.5186
0 0.9167
0 0.8806
1 0.9367
0 0.4448
0 0.6741
1 0.5918
0 0.1540
0 0.2142
0 0.3193
0 0.2526
0 0.6281
0 0.7828
0 0.8271
0 0.4791
0 0.4857
1 0.8876
0 0.0300
0 0.9904
0 0.3533
0 0.2210
0 0.8238
1 0.8392
0 0.7318
0 0.1322
0 0.1432
0 0.3803
0 0.5683
0 0.3027
0 0.0621
1 0.2919
0 0.1425
0 0.7624
0 0.8205
0 0.5963
0 0.0269
1 0.7619
0 0.8805
0 0.5142
1 0.5091
0 0.6559
0 0.8343
1 0.3312
0 0.3019
0 0.8697
0 0.5063
0 0.7404
0 0.8633
1 0.5212
0 0.5531
1 0.8769
0 0.6166
0 0.0781
0 0.2625
0 0.7888
0 0.3077
0 0.7813
0 0.6064
0 0.3017
0 0.5218
0 0.7988
0 0.2460
0 0.2290
1 0.6294
0 0.2253
0 0.9141
0 0.7060
0 0.7066
0 0.1900
0 0.7002
0 0.8675
0 0.1733
0 0.2711
0 0.9913
0 0.1757
1 0.4140
1 0.2580
0 0.9113
0 0.7942
1 0.7205
0 0.2438
0 0.0916
0 0.5253
0 0.6893
0 0.0090
0 0.0407
0 0.1806
0 0.4354
0 0.6980
0 0.0503
0 0.9046
0 0.0385
0 0.8695
1 0.4610
0 0.2484
0 0.4029
0 0.0298
0 0.4887
0 0.3786
0 0.8934
0 0.0377
0 0.0361
0 0.1991
0 0.3261
1 0.6127
0 0.8930
0 0.2131
0 0.8303
0 0.4799
0 0.9122
0 0.0434
0 0.0565
0 0.7061
0 0.8798
1 0.3360
0 0.7452
0 0.2632
0 0.0243
1 0.3090
0 0.7338
0 0.8291
0 0.9516
0 0.7289
0 0.1194
0 0.2011
0 0.0432
0 0.9077
0 0.0183
0 0.7316
0 0.9037
0 0.9757
0 0.0179
0 0.3045
0 0.6791
0 0.2789
0 0.8185
0 0.7381
0 0.7709
0 0.7812
0 0.7230
0 0.8599
0 0.2316
0 0.8529
1 0.1552
0 0.8060
0 0.8240
0 0.9384
0 0.4462
0 0.5135
0 0.0422
0 0.6112
0 0.6642
0 0.1363
0 0.4576
0 0.0756
0 0.9015
0 0.5327
0 0.3838
0 0.3628
0 0.7728
0 0.0610
0 0.8078
1 0.7940
1 0.1456
0 0.2014
0 0.0580
0 0.1065
0 0.7653
0 0.6373
0 0.6163
0 0.1680
0 0.6629
0 0.8260
0 0.4483
0 0.2479
0 0.4697
0 0.6095
1 0.2669
0 0.6518
1 0.3660
0 0.7202
0 0.3917
0 0.1449
0 0.3372
1 0.1321
0 0.3703
0 0.4675
0 0.3003
0 0.1793
0 0.6004
0 0.8677
0 0.0701
0 0.1082
1 0.7716
0 0.7549
0 0.9991
0 0.8221
0 0.8797
0 0.2815
0 0.0477
0 0.7330
0 0.8044
0 0.1867
0 0.2935
0 0.6882
0 0.9584
1 0.5981
1 0.7759
0 0.9231
1 0.8320
0 0.4327
0 0.8049
0 0.6640
0 0.7015
0 0.0043
0 0.7165
0 0.4981
0 0.5332
1 0.2153
0 0.5733
0 0.6387
0 0.3880
0 0.8380
0 0.1696
1 0.5803
0 0.8113
0 0.5098
0 0.0433
0 0.1426
0 0.9629
0 0.5938
0 0.1679
0 0.3830
0 0.2114
0 0.0775
0 0.2192
0 0.2771
0 0.1991
0 0.5669
1 0.1399
0 0.2638
0 0.3013
0 0.0914
0 0.2929
0 0.9860
0 0.7049
0 0.5135
0 0.4259
0 0.0422
0 0.1411
1 0.8854
0 0.5877
0 0.4234
0 0.7853
0 0.8353
0 0.1664
0 0.0086
0 0.2403
0 0.3194
1 0.2649
0 0.0064
0 0.0819
0 0.4108
0 0.4718
0 0.7252
0 0.1735
0 0.8533
1 0.9648
0 0.7666
0 0.6371
0 0.6906
0 0.8310
0 0.0818
0 0.0924
0 0.5446
0 0.1349
0 0.9092
0 0.9793
0 0.1227
0 0.1158
0 0.3735
0 0.9592
0 0.1166
0 0.5137
0 0.7649
0 0.4146
0 0.7370
0 0.6699
0 0.7751
1 0.0174
0 0.0073
0 0.5719
0 0.0578
0 0.6632
0 0.1428
0 0.5393
1 0.8166
0 0.2161
0 0.4384
1 0.9768
1 0.3972
0 0.0873
0 0.3801
0 0.8509
0 0.6827
1 0.6499
0 0.2369
0 0.2377
0 0.2880
0 0.3948
1 0.6652
0 0.2371
0 0.1201
0 0.2008
0 0.9163
0 0.0391
0 0.7042
0 0.7415
0 0.2568
0 0.2131
0 0.0741
0 0.2686
0 0.2835
0 0.0407
0 0.3129
0 0.2301
0 0.0148
0 0.3805
0 0.0318
0 0.4291
0 0.2904
0 0.8850
0 0.5757
0 0.9719
0 0.9998
0 0.5220
0 0.7942
0 0.9748
1 0.1475
0 0.5027
0 0.5455
0 0.2750
0 0.1441
0 0.8256
0 0.5894
0 0.5341
1 0.5563
0 0.0975
0 0.2821
0 0.1273
0 0.1889
0 0.3313
0 0.2386
0 0.6827
0 0.6495
0 0.9619
0 0.2186
0 0.3460
0 0.8327
0 0.9901
0 0.3119
0 0.5780
0 0.5436
0 0.3136
0 0.5004
0 0.8905
0 0.4993
0 0.6246
0 0.6539
0 0.8077
0 0.9558
0 0.0279
0 0.1605
0 0.0529
0 0.5024
0 0.4195
0 0.7851
0 0.1223
0 0.6261
0 0.8405
0 0.5834
0 0.7016
0 0.7460
1 0.7211
0 0.2465
0 0.3595
0 0.6500
0 0.3828
0 0.1577
0 0.3727
0 0.8314
0 0.9954
0 0.2400
0 0.6644
0 0.6204
0 0.7367
0 0.2158
0 0.0469
0 0.6604
0 0.8875
0 0.2419
0 0.4585
0 0.3574
0 0.7847
0 0.1495
0 0.9918
0 0.7919
0 0.5447
1 0.4285
0 0.9060
0 0.9622
0 0.3168
1 0.7353
0 0.4619
0 0.5139
0 0.2491
0 0.8142
0 0.5584
0 0.9772
0 0.7794
0 0.7838
0 0.8265
0 0.3322
0 0.0353
0 0.7145
0 0.9194
0 0.0287
0 0.4615
0 0.2219
0 0.5028
0 0.7268
0 0.2573
0 0.7639
1 0.1064
0 0.3743
0 0.5617
0 0.6688
0 0.6238
0 0.4539
0 0.2877
0 0.2475
0 0.9708
1 0.6450
0 0.8262
0 0.0962
0 0.5903
0 0.2860
0 0.4184
0 0.7960
0 0.5185
0 0.4886
0 0.6272
0 0.3564
1 0.9347
0 0.3552
0 0.4938
0 0.9781
1 0.3737
0 0.6691
0 0.8550
0 0.1028
0 0.3007
0 0.3094
0 0.3595
1 0.0779
0 0.1330
0 0.5527
0 0.1713
0 0.4578
0 0.7662
0 0.0981
0 0.1999
0 0.2973
0 0.6635
0 0.3494
0 0.9673
0 0.5511
0 0.1623
0 0.4499
0 0.0899
0 0.7778
0 0.1822
0 0.5198
0 0.4625
0 0.6972
0 0.0307
0 0.0058
0 0.6544
1 0.3625
0 0.1610
0 0.8642
0 0.0410
0 0.3567
0 0.4933
0 0.7065
0 0.0119
0 0.2661
0 0.1423
0 0.0776
1 0.7878
0 0.4226
0 0.1627
0 0.0194
0 0.9312
0 0.6819
0 0.7997
0 0.2085
0 0.7503
0 0.1753
1 0.4746
0 0.2835
0 0.5197
0 0.0120
0 0.2618
1 0.7973
0 0.5731
0 0.7736
0 0.8494
0 0.4782
0 0.9873
0 0.4536
0 0.6449
0 0.4088
0 0.2745
0 0.1294
0 0.5585
0 0.3998
0 0.3095
0 0.5143
0 0.9141
0 0.3206
0 0.3730
0 0.0104
0 0.4525
0 0.9655
0 0.2312
0 0.0196
0 0.9955
1 0.2148
0 0.9810
1 0.4574
0 0.1607
0 0.7684
1 0.7646
0 0.0636
0 0.2375
1 0.5289
0 0.2746
0 0.8245
0 0.1038
0 0.8031
0 0.5883
0 0.7789
1 0.7970
0 0.7760
0 0.4730
0 0.7436
0 0.6188
0 0.3220
0 0.7803
0 0.3805
0 0.6756
0 0.2521
1 0.5024
0 0.0008
0 0.0390
1 0.7966
0 0.1583
1 0.1088
1 0.0108
0 0.2559
1 0.2265
0 0.4144
1 0.0169
0 0.0558
0 0.2659
0 0.3681
0 0.0708
0 0.5392
0 0.9952
0 0.7003
0 0.5860
0 0.7070
0 0.7929
0 0.1352
0 0.9182
0 0.5346
1 0.6440
0 0.1301
0 0.6374
0 0.2968
0 0.0749
0 0.0591
0 0.7055
0 0.0377
0 0.4205
1 0.0602
0 0.7479
0 0.0754
0 0.4139
0 0.6632
0 0.4817
0 0.8497
0 0.6567
0 0.7896
0 0.4822
0 0.6892
0 0.1720
0 0.7932
0 0.3547
1 0.1070
0 0.3944
0 0.3121
0 0.3296
0 0.6089
0 0.3144
0 0.1406
0 0.4088
0 0.6335
0 0.4469
0 0.6849
0 0.9187
0 0.1155
0 0.1626
0 0.4228
0 0.1953
0 0.7479
0 0.8296
0 0.1651
0 0.2011
0 0.1571
1 0.2829
0 0.9186
0 0.5980
0 0.1323
0 0.7983
0 0.3386
1 0.4031
0 0.2578
0 0.9536
0 0.9235
0 0.9613
0 0.0165
0 0.9780
0 0.2353
0 0.5047
0 0.2611
1 0.9891
0 0.1295
0 0.4962
0 0.5043
0 0.3118
0 0.6349
0 0.2888
1 0.0364
0 0.0278
0 0.8477
0 0.0514
0 0.2756
0 0.7913
0 0.4588
0 0.6864
0 0.0612
0 0.3581
0 0.7616
0 0.4056
0 0.4384
0 0.2348
0 0.1817
0 0.6680
0 0.5088
0 0.8299
1 0.8044
0 0.5307
0 0.0020
0 0.5451
0 0.8807
1 0.5157
0 0.1867
0 0.4382
0 0.6666
0 0.3256
0 0.0432
0 0.4079
0 0.7594
0 0.5025
0 0.6151
0 0.7974
0 0.7581
0 0.3138
0 0.0525
0 0.2687
0 0.4638
0 0.8554
0 0.4495
0 0.5188
0 0.9516
0 0.7034
0 0.8452
0 0.2470
0 0.7468
0 0.9006
0 0.7675
0 0.8448
0 0.0592
0 0.3434
0 0.7679
1 0.1108
0 0.9638
1 0.9198
0 0.2302
0 0.7880
0 0.9712
0 0.5971
0 0.5139
0 0.9052
0 0.7749
0 0.9331
0 0.4727
0 0.4392
1 0.4610
0 0.1098
0 0.7979
1 0.7783
0 0.0625
0 0.2585
0 0.1255
0 0.6395
0 0.9902
1 0.2284
0 0.1474
1 0.3419
0 0.7568
0 0.2785
0 0.1866
0 0.3761
0 0.6814
0 0.7575
0 0.4004
0 0.9048
0 0.6244
0 0.1606
0 0.0127
0 0.3434
0 0.6484
0 0.7095
0 0.5793
0 0.3923
0 0.7374
0 0.0610
0 0.0613
0 0.2089
1 0.2537
0 0.7033
0 0.8573
0 0.5162
0 0.9896
0 0.4273
0 0.1344
0 0.2737
0 0.7602
0 0.4832
0 0.1480
0 0.8549
0 0.5982
0 0.9570
1 0.7115
0 0.5779
0 0.8067
0 0.4131
0 0.4455
0 0.6865
0 0.9297
1 0.7475
0 0.4971
0 0.8188
0 0.9312
1 0.3612
0 0.6925
0 0.6620
0 0.6805
0 0.2540
0 0.8001
0 0.2837
0 0.5469
0 0.2913
1 0.3379
0 0.6934
0 0.1054
0 0.5817
1 0.2049
0 0.1791
0 0.6869
1 0.4311
0 0.1895
0 0.0369
0 0.8970
0 0.6040
0 0.4521
0 0.3141
0 0.7394
0 0.3113
0 0.6011
0 0.2892
0 0.8721
0 0.2105
0 0.7468
0 0.0606
0 0.1382
0 0.6920
0 0.9873
0 0.7972
0 0.8993
0 0.3376
0 0.7158
1 0.7923
0 0.2338
0 0.5016
0 0.2403
1 0.9382
0 0.1335
0 0.6208
0 0.4993
0 0.5956
0 0.6864
0 0.2981
0 0.0409
0 0.5093
0 0.7699
0 0.6991
0 0.5250
0 0.2460
0 0.0718
0 0.5688
0 0.1242
0 0.6345
0 0.1271
0 0.7728
0 0.0016
0 0.6043
0 0.8471
0 0.7470
1 0.1347
0 0.8219
0 0.0527
0 0.7397
0 0.9480
0 0.2366
0 0.1686
0 0.3933
0 0.4559
0 0.0014
0 0.7015
0 0.3479
1 0.7102
0 0.0386
0 0.1624
0 0.3706
0 0.6811
1 0.1342
0 0.0107
0 0.8571
0 0.1051
0 0.4686
0 0.8961
0 0.3081
0 0.9565
0 0.7638
1 0.6530
0 0.5544
0 0.0420
0 0.0866
0 0.7387
0 0.5845
0 0.4451
0 0.4126
0 0.4947
0 0.0926
0 0.5098
0 0.1456
1 0.3897
0 0.2791
0 0.1847
0 0.3585
0 0.1081
0 0.5550
0 0.3625
0 0.0260
0 0.3295
0 0.1041
0 0.9846
0 0.1663
1 0.6316
0 0.4674
0 0.7126
0 0.2203
0 0.1698
0 0.8476
0 0.4538
0 0.2402
1 0.9901
1 0.4050
1 0.5470
0 0.9747
0 0.4274
0 0.6084
0 0.4601
0 0.4128
0 0.1256
0 0.2856
0 0.3938
0 0.0074
0 0.0275
0 0.3036
1 0.4806
0 0.3139
0 0.4087
0 0.9151
0 0.6224
0 0.4180
0 0.6982
1 0.0123
0 0.3194
0 0.3705
0 0.9036
0 0.6411
0 0.9867
0 0.3734
0 0.8444
0 0.3394
0 0.9111
0 0.2733
0 0.1872
0 0.9470
0 0.4550
0 0.1914
0 0.7218
0 0.7885
0 0.6559
0 0.9014
0 0.9249
0 0.6019
0 0.9498
0 0.8728
0 0.1946
0 0.5764
1 0.6373
0 0.4965
0 0.0253
0 0.5276
0 0.7328
0 0.8475
0 0.6193
1 0.2538
0 0.2595
0 0.1782
0 0.6774
0 0.9116
0 0.0331
0 0.7557
1 0.5949
0 0.3855
0 0.1496
0 0.5861
0 0.1486
0 0.1006
0 0.4700
0 0.3480
0 0.8828
1 0.8108
0 0.0551
0 0.3139
0 0.1459
0 0.1745
1 0.3076
1 0.5471
0 0.3477
0 0.0249
1 0.4459
0 0.1811
0 0.6555
0 0.7561
0 0.4240
0 0.2779
0 0.9033
0 0.1733
0 0.7239
0 0.9103
0 0.0180
0 0.3149
0 0.5532
0 0.9901
0 0.8517
0 0.3551
0 0.9734
0 0.6412
1 0.6220
0 0.1028
0 0.6584
0 0.6262
0 0.1500
0 0.0380
0 0.4893
0 0.0013
0 0.6424
1 0.8245
0 0.3008
0 0.0247
0 0.0036
0 0.1564
0 0.8387
0 0.6491
0 0.4306
0 0.4090
0 0.4566
1 0.3049
0 0.5338
0 0.6846
0 0.7532
0 0.8328
0 0.3572
0 0.3285
0 0.0440
0 0.5413
1 0.9445
0 0.5706
0 0.9450
0 0.1930
1 0.9681
0 0.7970
1 0.0722
0 0.6909
0 0.8763
0 0.2444
0 0.0515
0 0.6390
1 0.7626
0 0.5364
0 0.0096
0 0.1254
0 0.6921
0 0.0025
0 0.3760
1 0.1413
0 0.4203
0 0.2719
0 0.4705
0 0.8198
0 0.4925
0 0.7847
0 0.0518
0 0.0028
0 0.0327
1 0.5363
0 0.9295
0 0.3836
1 0.4801
0 0.8835
0 0.9503
0 0.4356
0 0.2907
0 0.6555
0 0.7139
0 0.9113
0 0.1762
0 0.7020
1 0.9744
0 0.3601
0 0.0909
0 0.6641
0 0.3940
0 0.1286
0 0.5705
0 0.8835
0 0.7698
0 0.5939
0 0.5141
0 0.5992
0 0.2230
0 0.4026
0 0.3100
0 0.7712
0 0.0700
0 0.7363
1 0.6915
1 0.2939
0 0.3078
0 0.7006
0 0.6869
0 0.5639
0 0.8060
0 0.4243
0 0.9740
0 0.7399
1 0.0518
0 0.8706
1 0.7776
1 0.3560
0 0.5587
0 0.1931
0 0.5348
0 0.2350
1 0.3974
0 0.7834
0 0.5985
0 0.8324
0 0.7180
0 0.1760
0 0.4132
0 0.0652
0 0.8864
0 0.2025
0 0.6066
0 0.2630
0 0.3113
0 0.1410
1 0.0636
0 0.9657
0 0.3929
0 0.3563
0 0.2883
0 0.4959
0 0.6420
0 0.5131
0 0.9801
0 0.7056
0 0.8511
1 0.6532
0 0.0757
0 0.9222
0 0.0912
0 0.6674
0 0.9546
0 0.9203
0 0.4379
0 0.2845
0 0.7376
0 0.9650
0 0.1137
0 0.0590
0 0.1215
1 0.0777
0 0.9072
0 0.9098
0 0.3587
0 0.0892
0 0.1832
0 0.8611
0 0.9006
0 0.1416
0 0.0540
0 0.3462
1 0.7615
0 0.2658
0 0.3510
0 0.7921
0 0.9924
0 0.9782
0 0.7077
0 0.4786
1 0.0869
0 0.3991
0 0.1226
0 0.6296
0 0.6264
0 0.7765
0 0.0439
0 0.3364
0 0.7242
0 0.8986
0 0.7926
0 0.7065
0 0.4820
0 0.7722
1 0.2076
0 0.1401
0 0.9791
0 0.3921
0 0.0638
0 0.8799
0 0.5288
0 0.0079
0 0.2037
0 0.8505
0 0.1622
1 0.4336
0 0.1267
0 0.0785
0 0.2304
0 0.2790
0 0.6158
0 0.6441
0 0.1631
0 0.4176
1 0.8885
0 0.0421
0 0.0904
0 0.4241
0 0.1489
0 0.3387
0 0.3620
0 0.2372
0 0.2956
0 0.3012
0 0.5208
1 0.0272
1 0.0764
0 0.1917
0 0.9600
1 0.2714
0 0.9727
0 0.4653
0 0.7054
0 0.9628
0 0.0014
0 0.6670
0 0.9568
1 0.8291
0 0.1091
0 0.7099
0 0.1693
0 0.2734
0 0.1207
0 0.1851
0 0.4182
0 0.4762
0 0.4226
0 0.6718
0 0.5111
0 0.9721
1 0.8105
1 0.5693
1 0.1699
0 0.0106
0 0.0346
0 0.1219
0 0.7518
0 0.3959
0 0.1741
0 0.2762
0 0.8359
0 0.2233
0 0.6294
0 0.1543
1 0.4882
0 0.6592
0 0.6020
0 0.7946
0 0.7003
1 0.6806
0 0.6931
0 0.5313
1 0.3952
0 0.6922
0 0.0626
1 0.6083
0 0.9517
0 0.3084
0 0.2736
0 0.7368
1 0.6040
0 0.1483
0 0.0327
0 0.2245
0 0.0588
0 0.9413
0 0.4411
0 0.3799
0 0.1073
1 0.9582
0 0.9224
0 0.1793
0 0.8612
0 0.7067
0 0.7152
0 0.1976
0 0.3925
1 0.5932
0 0.6642
0 0.8600
0 0.1562
1 0.1625
0 0.2227
0 0.9577
0 0.4688
0 0.3350
0 0.6096
0 0.8683
1 0.8497
0 0.9643
0 0.6093
0 0.4104
0 0.6712
0 0.5428
1 0.1345
0 0.9531
0 0.4274
0 0.7020
0 0.9257
0 0.3557
0 0.4468
0 0.3394
1 0.7241
0 0.7953
1 0.4114
0 0.8878
0 0.7709
0 0.3313
1 0.7347
0 0.3884
0 0.4377
0 0.6930
0 0.0316
1 0.8330
0 0.2837
0 0.6813
0 0.7064
0 0.4127
0 0.6284
0 0.2783
0 0.2890
0 0.2434
0 0.3983
0 0.1706
0 0.7531
0 0.0554
0 0.5723
0 0.5347
0 0.7538
0 0.4550
0 0.8212
0 0.6660
0 0.9675
0 0.6610
0 0.2622
0 0.0129
0 0.5659
0 0.6441
0 0.5020
0 0.9961
0 0.7770
0 0.0892
0 0.2775
0 0.7847
0 0.6273
1 0.5779
0 0.2160
0 0.8462
0 0.3031
0 0.7633
0 0.4397
0 0.1152
0 0.9903
0 0.1387
0 0.1826
0 0.0807
0 0.3819
0 0.3055
0 0.2558
0 0.2481
0 0.7860
0 0.3801
0 0.0573
1 0.4634
0 0.5582
0 0.9182
0 0.2454
0 0.4064
0 0.0445
0 0.9999
0 0.6525
1 0.4407
0 0.1643
0 0.4869
0 0.2228
1 0.3007
0 0.1737
0 0.6795
0 0.2238
0 0.8558
0 0.7373
0 0.8067
0 0.4714
1 0.8683
0 0.0724
0 0.8557
0 0.9884
0 0.2679
0 0.8978
0 0.9623
0 0.3593
0 0.2596
0 0.1159
0 0.5101
1 0.4503
0 0.5685
1 0.4404
0 0.4750
1 0.8003
0 0.1126
0 0.2895
0 0.5410
0 0.4246
0 0.0680
0 0.8282
0 0.3147
0 0.7430
0 0.7122
0 0.8313
0 0.7526
0 0.5161
0 0.8462
0 0.6295
1 0.5600
0 0.8951
0 0.2098
0 0.1866
0 0.1204
0 0.5659
0 0.8493
0 0.2781
0 0.9148
0 0.6888
0 0.3726
0 0.1718
0 0.8178
0 0.1455
0 0.7742
0 0.9384
0 0.9489
0 0.6470
0 0.4522
0 0.5556
0 0.9883
0 0.7581
0 0.6999
0 0.1227
0 0.5995
0 0.5894
0 0.8814
0 0.5426
1 0.0619
0 0.7959
0 0.9007
0 0.0379
0 0.3002
0 0.7930
1 0.6893
0 0.3571
1 0.7380
0 0.7622
0 0.5005
0 0.8946
0 0.8139
0 0.5170
0 0.4894
0 0.0792
0 0.4793
0 0.6402
0 0.2205
0 0.1193
0 0.5624
0 0.0976
1 0.7059
0 0.9301
0 0.3521
0 0.7112
0 0.9795
0 0.6677
0 0.0441
0 0.4083
0 0.8386
0 0.3810
0 0.6420
0 0.4757
0 0.1322
0 0.4735
0 0.7311
1 0.5730
0 0.4768
0 0.8134
1 0.5779
0 0.5086
1 0.3147
0 0.3607
0 0.8825
0 0.1743
0 0.8499
0 0.2767
0 0.4545
0 0.2061
0 0.7027
0 0.1957
1 0.8021
0 0.9747
0 0.1237
0 0.7240
0 0.8529
0 0.4586
0 0.3069
0 0.1035
1 0.4200
1 0.1702
0 0.1678
0 0.5997
0 0.0326
0 0.1188
0 0.7612
0 0.0079
0 0.5939
0 0.9931
0 0.4648
0 0.8932
0 0.2259
0 0.5536
0 0.7885
0 0.9300
1 0.5400
1 0.2230
0 0.5088
0 0.9891
0 0.6429
0 0.7088
0 0.4349
0 0.8414
0 0.7715
0 0.0803
0 0.6937
1 0.0796
0 0.4255
0 0.8613
0 0.0645
0 0.1339
0 0.2429
0 0.5753
0 0.6660
0 0.5105
0 0.1966
0 0.9258
0 0.8727
0 0.3065
0 0.8977
0 0.1864
1 0.6103
1 0.1749
0 0.5243
0 0.9627
0 0.5906
0 0.4436
0 0.6431
0 0.2156
0 0.9344
1 0.9888
0 0.0381
1 0.3295
0 0.7014
0 0.9144
0 0.5793
0 0.1199
0 0.5406
0 0.4450
0 0.7958
0 0.3207
1 0.0054
0 0.7429
0 0.0485
0 0.0334
0 0.0480
0 0.2188
0 0.0504
0 0.7259
0 0.6686
0 0.6607
0 0.1847
0 0.4461
0 0.9081
0 0.9631
0 0.3897
0 0.3674
1 0.5289
0 0.1395
0 0.0136
0 0.5220
0 0.5754
0 0.9398
0 0.0134
1 0.0944
0 0.6817
0 0.5350
0 0.2967
0 0.8873
0 0.3424
0 0.5605
0 0.2377
0 0.9447
0 0.1494
0 0.9371
0 0.0457
0 0.9821
0 0.3974
0 0.6444
0 0.7779
0 0.1091
0 0.2167
0 0.1993
0 0.2105
0 0.7014
0 0.5299
0 0.3966
0 0.8529
0 0.3947
0 0.7411
1 0.5229
0 0.4263
0 0.6156
0 0.6484
1 0.4530
0 0.4781
0 0.0990
0 0.9661
0 0.9476
0 0.9347
0 0.7528
0 0.8671
0 0.3611
0 0.4493
0 0.7052
0 0.9733
0 0.9107
0 0.2274
0 0.3574
0 0.0700
0 0.5187
0 0.7579
0 0.0022
0 0.7300
0 0.5791
0 0.8771
0 0.0115
0 0.8814
0 0.5199
0 0.2790
0 0.3392
0 0.0073
0 0.5570
0 0.9557
0 0.4677
0 0.1836
0 0.8850
0 0.1571
0 0.9101
0 0.1071
0 0.6513
0 0.1197
0 0.4411
0 0.5260
0 0.7847
0 0.5089
0 0.9807
0 0.4158
0 0.2368
0 0.8387
0 0.1523
0 0.3298
0 0.5855
0 0.1889
0 0.8708
0 0.8980
0 0.4324
0 0.1056
1 0.4210
0 0.0417
0 0.1319
0 0.6687
0 0.7112
0 0.1587
0 0.6996
0 0.1392
0 0.7145
0 0.4712
0 0.1229
0 0.8671
0 0.5462
0 0.7599
0 0.3968
0 0.9437
0 0.7385
0 0.0674
0 0.9388
0 0.9904
0 0.8933
0 0.8124
0 0.4209
0 0.5773
0 0.3360
0 0.1451
1 0.2992
0 0.0617
0 0.6768
0 0.0350
0 0.3682
0 0.2052
0 0.1368
0 0.3054
0 0.5130
0 0.7986
0 0.5521
0 0.2121
0 0.7812
0 0.4372
0 0.2406
0 0.5750
0 0.9091
0 0.9454
0 0.8594
0 0.3165
0 0.9040
0 0.9301
0 0.2052
0 0.5548
0 0.8145
0 0.5237
0 0.8530
0 0.0468
1 0.4559
0 0.5273
0 0.2471
1 0.2854
0 0.3628
0 0.0307
0 0.4515
0 0.2333
0 0.5705
0 0.6451
0 0.8523
0 0.0674
0 0.9806
0 0.8030
0 0.7923
1 0.4577
0 0.3431
0 0.6827
0 0.7707
0 0.7678
0 0.5910
0 0.9856
0 0.1081
1 0.5268
0 0.9045
0 0.2476
0 0.4629
0 0.6069
0 0.2723
0 0.2859
0 0.1363
0 0.4472
0 0.0011
0 0.8543
0 0.1403
1 0.3213
0 0.9540
1 0.8904
0 0.5434
0 0.3564
0 0.0504
0 0.9865
0 0.8360
0 0.0295
0 0.7492
0 0.2315
0 0.7913
0 0.1945
0 0.3825
0 0.1013
0 0.5583
0 0.2751
1 0.1806
0 0.4973
0 0.8767
0 0.4788
0 0.6606
0 0.2869
0 0.4255
0 0.2333
0 0.5100
0 0.5713
0 0.1215
0 0.3566
0 0.8889
0 0.9919
0 0.5335
0 0.2463
0 0.0415
0 0.8792
0 0.4223
0 0.4468
1 0.4210
1 0.5150
0 0.8810
1 0.0215
0 0.7293
1 0.3507
0 0.7429
0 0.6728
1 0.9085
0 0.5551
0 0.7002
0 0.1610
0 0.2953
0 0.5357
0 0.0730
0 0.8626
0 0.4058
0 0.3722
0 0.5232
1 0.6040
0 0.4983
0 0.4019
0 0.5061
0 0.1039
0 0.6981
0 0.3243
0 0.7498
0 0.8944
0 0.4628
0 0.5052
1 0.9732
0 0.1641
0 0.4591
1 0.3237
0 0.2401
0 0.5597
0 0.6692
0 0.7699
0 0.7725
1 0.0799
0 0.9399
0 0.9640
0 0.8760
0 0.6151
0 0.6848
0 0.6994
1 0.3854
1 0.7239
0 0.1803
0 0.2191
0 0.8514
0 0.8125
0 0.0955
0 0.0172
0 0.8363
0 0.3529
0 0.8413
0 0.2648
0 0.9393
0 0.9212
0 0.0230
1 0.7730
1 0.9572
0 0.2391
0 0.5755
0 0.1431
0 0.1346
0 0.2275
1 0.1856
0 0.0236
0 0.2247
0 0.3593
0 0.6907
0 0.0145
0 0.3384
1 0.1213
0 0.0184
0 0.2303
0 0.1565
0 0.7117
0 0.4563
1 0.2135
0 0.7893
0 0.1742
1 0.5488
0 0.4571
0 0.6367
0 0.9112
0 0.3703
0 0.5795
0 0.2901
0 0.1269
0 0.6243
0 0.3365
0 0.9392
0 0.7927
0 0.4979
0 0.5900
0 0.4147
1 0.7840
0 0.5098
0 0.0303
0 0.0929
0 0.4137
0 0.1755
1 0.9271
0 0.8223
0 0.4232
0 0.0872
0 0.7080
0 0.0129
0 0.9589
0 0.7711
0 0.1057
0 0.7765
0 0.2758
0 0.3230
0 0.2606
0 0.9482
0 0.0816
0 0.5711
0 0.8845
0 0.4530
0 0.4367
0 0.4250
0 0.2503
0 0.2566
0 0.6193
0 0.9918
1 0.4223
0 0.0586
1 0.8176
0 0.4686
0 0.7017
0 0.8114
0 0.8952
0 0.4809
0 0.9003
0 0.0921
0 0.0568
0 0.9299
0 0.5624
0 0.7412
0 0.2248
0 0.7563
0 0.4508
0 0.6998
0 0.7521
0 0.3029
0 0.9470
0 0.6780
0 0.8268
0 0.5145
0 0.8631
0 0.5026
0 0.6879
0 0.4775
0 0.3560
0 0.1966
0 0.6911
0 0.4691
0 0.8319
0 0.7720
0 0.5884
0 0.9323
0 0.5035
0 0.6071
0 0.9457
0 0.3036
0 0.7211
0 0.5769
0 0.2367
0 0.3687
0 0.4928
0 0.2013
0 0.2158
0 0.2630
0 0.2677
0 0.3028
0 0.2926
0 0.9104
0 0.2134
0 0.0085
0 0.3514
0 0.6906
0 0.1619
0 0.0255
0 0.5695
1 0.0475
0 0.6117
0 0.8012
0 0.9404
0 0.5228
0 0.6701
0 0.8566
0 0.6760
0 0.2595
0 0.0131
0 0.3178
0 0.3166
0 0.5335
0 0.5896
0 0.0375
0 0.5121
0 0.3273
0 0.7255
0 0.4086
0 0.8585
0 0.8630
0 0.2945
0 0.8994
1 0.5574
0 0.9674
0 0.6447
0 0.4369
1 0.2141
1 0.4244
0 0.3538
0 0.1857
0 0.1240
0 0.4841
0 0.5105
0 0.1173
0 0.5593
0 0.1998
0 0.9029
0 0.6285
0 0.9800
0 0.0712
0 0.7222
0 0.9692
0 0.2900
0 0.2891
0 0.4173
0 0.8755
0 0.2923
0 0.2149
0 0.2239
0 0.4040
0 0.4718
0 0.8289
0 0.0683
0 0.5052
0 0.6972
0 0.4583
0 0.8820
0 0.7787
0 0.2728
0 0.8767
0 0.1023
0 0.3390
1 0.5365
0 0.4202
0 0.9704
0 0.6371
1 0.3105
0 0.2573
0 0.3195
0 0.4405
0 0.1279
0 0.6196
0 0.9158
0 0.2288
0 0.8821
0 0.7275
0 0.3679
0 0.9373
0 0.7495
0 0.8224
0 0.5993
0 0.0078
0 0.8920
0 0.1079
1 0.3894
0 0.9036
0 0.6734
0 0.9913
0 0.1797
0 0.5788
0 0.1831
1 0.5099
0 0.0544
0 0.0893
1 0.2576
0 0.3315
0 0.6677
0 0.9580
0 0.4541
0 0.0488
0 0.1524
0 0.1512
0 0.9999
0 0.2671
0 0.8533
0 0.4373
0 0.9262
0 0.9125
0 0.5754
0 0.9573
0 0.0841
0 0.9862
0 0.4644
0 0.8070
0 0.9848
0 0.0282
0 0.6791
0 0.5885
0 0.6264
0 0.7201
1 0.7041
0 0.9257
0 0.0203
0 0.7253
1 0.5740
0 0.5643
0 0.9510
0 0.3662
0 0.2741
0 0.2383
0 0.0242
0 0.7339
0 0.7599
0 0.7910
0 0.2665
0 0.2019
0 0.5698
0 0.9339
0 0.4449
0 0.4384
0 0.4689
0 0.1987
0 0.4922
0 0.4716
0 0.2375
0 0.3384
1 0.5228
0 0.1991
0 0.3236
0 0.9479
0 0.6148
0 0.9348
0 0.8054
0 0.1670
0 0.1236
0 0.8579
0 0.8670
0 0.7484
0 0.4526
1 0.8247
0 0.0123
1 0.6074
0 0.1768
1 0.7177
0 0.3853
0 0.8070
0 0.0922
0 0.7586
0 0.6010
0 0.4014
1 0.9507
0 0.4112
0 0.3729
0 0.3673
0 0.9055
0 0.3394
0 0.6339
0 0.2818
0 0.9432
0 0.6680
0 0.7509
0 0.0668
0 0.8572
0 0.7358
1 0.0382
0 0.5266
0 0.3911
0 0.5996
0 0.9389
0 0.6685
0 0.9130
1 0.3234
0 0.6534
0 0.9585
0 0.1665
0 0.7208
0 0.6832
0 0.0261
0 0.0043
0 0.7537
0 0.4592
0 0.5158
0 0.6797
0 0.4344
0 0.4854
0 0.2195
0 0.5761
0 0.7977
0 0.2285
1 0.7915
0 0.6250
0 0.2579
0 0.8305
0 0.8315
0 0.2469
1 0.3561
0 0.2205
0 0.5282
0 0.3009
0 0.0289
0 0.7401
0 0.9683
0 0.5654
0 0.6156
0 0.5124
0 0.8347
0 0.3742
1 0.0471
1 0.9268
0 0.5528
0 0.1828
0 0.8012
0 0.8888
0 0.6606
0 0.7664
0 0.9496
0 0.7440
0 0.2248
0 0.3373
0 0.0198
0 0.8404
0 0.9058
0 0.7271
0 0.1366
0 0.3158
0 0.1473
0 0.1616
0 0.9894
0 0.9671
1 0.7143
0 0.9629
0 0.9540
1 0.1864
0 0.8955
0 0.5335
0 0.5190
0 0.8871
1 0.6253
0 0.1151
0 0.9101
0 0.7811
0 0.2727
0 0.7885
0 0.5810
0 0.0343
0 0.3292
0 0.7540
0 0.6140
0 0.0300
0 0.0029
0 0.2757
0 0.1600
0 0.3182
0 0.6685
0 0.7012
0 0.8112
0 0.1113
1 0.4823
0 0.6443
0 0.4136
0 0.9166
0 0.1356
0 0.2122
1 0.8358
0 0.2293
0 0.6663
0 0.6159
0 0.5330
0 0.1779
0 0.9135
1 0.7644
0 0.9047
0 0.1225
0 0.6718
0 0.9755
1 0.6844
0 0.7517
1 0.4313
0 0.5223
0 0.2668
0 0.3363
0 0.2982
0 0.2812
0 0.6083
1 0.1648
0 0.2521
0 0.0972
0 0.9467
0 0.0880
0 0.9258
0 0.5810
0 0.0804
0 0.5705
0 0.9277
0 0.4975
0 0.3620
0 0.3298
0 0.4823
0 0.5389
0 0.6981
0 0.3426
0 0.2510
0 0.1781
0 0.3552
1 0.6107
0 0.6364
0 0.2291
0 0.2912
0 0.9484
0 0.3451
0 0.5129
0 0.5104
0 0.3036
0 0.2966
0 0.0807
0 0.9954
0 0.7950
0 0.2086
0 0.5911
0 0.2329
0 0.2634
1 0.8578
0 0.9568
0 0.6117
0 0.2947
1 0.4374
1 0.7017
0 0.6072
0 0.8620
0 0.1657
0 0.6438
0 0.9924
0 0.8655
0 0.8787
0 0.7768
0 0.4270
0 0.2035
0 0.4249
0 0.8709
1 0.4556
0 0.8976
0 0.6201
0 0.4423
0 0.6575
0 0.8492
0 0.2608
0 0.5982
0 0.1789
0 0.0218
0 0.2546
0 0.9484
0 0.7431
0 0.9877
0 0.7036
0 0.1248
1 0.0682
0 0.1844
0 0.1614
0 0.6764
0 0.5475
0 0.5049
0 0.3255
0 0.6987
0 0.3247
0 0.7022
1 0.9202
0 0.0738
0 0.5664
0 0.0227
0 0.2878
0 0.3653
0 0.1160
0 0.6518
0 0.0778
0 0.1986
0 0.5197
0 0.5567
0 0.3971
1 0.1934
0 0.0092
0 0.4992
0 0.2254
0 0.3938
0 0.3289
0 0.7635
0 0.5629
0 0.8137
0 0.2874
0 0.8270
0 0.7369
0 0.8169
0 0.8211
0 0.6702
0 0.8380
0 0.9318
0 0.0651
0 0.4964
1 0.3112
0 0.7684
0 0.2526
0 0.8023
0 0.9519
0 0.7041
0 0.1124
0 0.8510
0 0.0410
0 0.0734
0 0.4448
0 0.5114
0 0.4629
0 0.9349
0 0.2798
0 0.1050
0 0.8550
0 0.3033
0 0.0987
0 0.1384
0 0.5955
1 0.4351
0 0.3452
0 0.3525
0 0.7727
0 0.1123
0 0.3083
0 0.6698
0 0.3347
0 0.0398
0 0.2627
0 0.8120
0 0.5906
1 0.5018
0 0.0886
0 0.1007
0 0.9443
0 0.5702
0 0.8272
0 0.5750
0 0.6095
0 0.4841
0 0.7092
0 0.7678
0 0.2851
0 0.5046
0 0.2351
0 0.6645
1 0.0336
1 0.9508
0 0.2580
0 0.6808
0 0.3416
0 0.8350
0 0.0774
0 0.9248
0 0.5604
0 0.1116
0 0.5289
0 0.9916
0 0.4267
0 0.3360
0 0.2646
0 0.0230
0 0.6401
0 0.0025
0 0.8401
0 0.3689
0 0.3621
0 0.3859
0 0.1125
1 0.4752
1 0.2372
0 0.7007
0 0.7782
0 0.5993
0 0.9507
0 0.6486
0 0.3108
0 0.3459
0 0.7705
0 0.6699
0 0.4233
1 0.9340
0 0.5077
0 0.0703
0 0.9040
0 0.6502
0 0.0431
0 0.4266
0 0.9584
0 0.8362
0 0.6399
0 0.9927
0 0.8988
0 0.2020
0 0.0561
0 0.5214
0 0.8981
1 0.2155
0 0.3543
1 0.7388
0 0.4462
0 0.6274
0 0.9790
0 0.5031
0 0.9869
0 0.1992
1 0.7003
0 0.2841
0 0.7705
1 0.3338
1 0.5998
0 0.6977
0 0.9478
0 0.2625
1 0.3575
0 0.2349
0 0.9528
0 0.5432
0 0.6275
0 0.1722
0 0.4457
0 0.3862
0 0.0102
0 0.0819
0 0.0022
0 0.2599
0 0.1641
0 0.4007
0 0.6797
0 0.6111
0 0.0636
0 0.9137
0 0.8012
0 0.1802
0 0.2395
0 0.5953
0 0.9534
0 0.8158
0 0.4082
0 0.2659
0 0.2933
0 0.2141
0 0.1540
0 0.1110
0 0.7260
0 0.8308
0 0.2027
0 0.0351
1 0.6466
0 0.4989
0 0.1240
0 0.8112
0 0.5534
0 0.9739
0 0.5709
1 0.1904
0 0.1921
0 0.1615
0 0.2839
0 0.2936
0 0.7730
0 0.2027
0 0.3536
0 0.6632
0 0.6530
0 0.2381
0 0.8627
1 0.1177
0 0.9715
0 0.9565
0 0.4891
1 0.6517
0 0.5334
0 0.7147
0 0.0109
0 0.5599
0 0.6046
1 0.1172
0 0.4635
0 0.4540
0 0.8695
0 0.0993
1 0.9689
0 0.9327
0 0.2310
0 0.1516
0 0.2905
0 0.4604
0 0.1935
0 0.8001
1 0.3710
0 0.1666
0 0.8990
0 0.6880
0 0.0378
0 0.7081
1 0.4944
0 0.2305
0 0.6720
0 0.6352
0 0.5655
0 0.7012
0 0.7989
0 0.4184
0 0.3049
0 0.5000
0 0.4412
0 0.2462
0 0.6438
0 0.1067
0 0.4509
0 0.2518
0 0.6282
0 0.1919
0 0.6930
0 0.2407
0 0.0648
0 0.1569
0 0.6453
0 0.1833
1 0.3827
0 0.0520
1 0.5707
0 0.3511
0 0.4135
0 0.6432
0 0.0190
0 0.7457
0 0.8180
1 0.8048
0 0.4883
0 0.4523
0 0.4678
0 0.9392
0 0.2831
0 0.7298
1 0.9450
0 0.8392
0 0.1447
0 0.4671
0 0.4250
0 0.6942
0 0.9449
0 0.5543
1 0.1852
0 0.5945
0 0.6913
0 0.6975
0 0.1828
0 0.5103
1 0.8389
0 0.4833
0 0.8315
0 0.9003
0 0.6758
1 0.5723
0 0.8084
0 0.5637
0 0.3666
0 0.4733
0 0.8050
0 0.1715
0 0.3924
0 0.4384
0 0.0145
0 0.8255
0 0.7035
1 0.9128
0 0.8567
0 0.2646
0 0.0803
0 0.2932
0 0.5626
0 0.0630
0 0.0898
0 0.1433
0 0.6369
0 0.1392
0 0.0725
0 0.2575
0 0.4643
0 0.3484
0 0.1172
0 0.0560
0 0.3917
0 0.8858
1 0.7355
0 0.1957
0 0.0281
0 0.3341
1 0.6129
0 0.3741
0 0.2377
0 0.6102
0 0.9475
0 0.2877
0 0.6114
0 0.9099
0 0.9042
0 0.9826
0 0.9406
1 0.9905
0 0.4347
0 0.7750
0 0.1515
0 0.2157
0 0.8340
0 0.4591
0 0.4262
0 0.5085
0 0.0703
0 0.3028
0 0.8178
0 0.4382
0 0.0428
0 0.6438
0 0.2816
0 0.2468
1 0.0492
0 0.0450
0 0.0768
0 0.8761
0 0.7201
0 0.5652
0 0.1440
0 0.4206
1 0.0745
0 0.0279
0 0.0440
0 0.5760
0 0.6912
0 0.8372
0 0.3242
1 0.3964
0 0.1446
0 0.6890
0 0.5298
0 0.8988
0 0.1997
0 0.3866
1 0.2093
0 0.6234
0 0.6505
1 0.4693
0 0.6260
0 0.6550
0 0.2813
0 0.2144
0 0.4885
1 0.9686
0 0.5224
0 0.8063
0 0.9444
0 0.9458
0 0.1995
0 0.8214
0 0.3595
0 0.5731
0 0.8042
0 0.5625
0 0.1279
0 0.2803
0 0.7840
0 0.6192
0 0.7321
1 0.6247
0 0.4233
0 0.6287
0 0.5486
1 0.5671
0 0.4835
0 0.7159
0 0.1112
0 0.5042
0 0.7572
0 0.9521
0 0.9277
1 0.9340
0 0.8661
0 0.1561
0 0.8325
0 0.7595
0 0.1058
0 0.5604
0 0.1422
0 0.1213
0 0.4713
0 0.7586
0 0.6951
0 0.5639
0 0.1462
0 0.3864
0 0.9511
0 0.0286
1 0.7002
0 0.2579
0 0.4995
0 0.4844
0 0.3908
0 0.7628
0 0.4194
0 0.4060
0 0.1931
1 0.7847
0 0.7497
0 0.9999
0 0.9813
0 0.8478
0 0.1811
0 0.2715
0 0.1414
0 0.4709
0 0.8299
0 0.3568
0 0.4636
0 0.6924
0 0.8386
0 0.3801
1 0.6238
0 0.8470
0 0.8876
0 0.3902
0 0.2263
0 0.7241
0 0.7319
0 0.6118
0 0.0460
0 0.2493
0 0.9620
0 0.9729
0 0.7624
0 0.7113
0 0.5795
0 0.1119
0 0.4363
0 0.2570
0 0.6382
1 1.0000
1 0.7645
1 0.9794
0 0.8061
0 0.2361
0 0.9701
0 0.0053
0 0.8454
0 0.8879
0 0.3141
0 0.2919
0 0.6022
0 0.2773
0 0.9226
0 0.5353
0 0.3334
0 0.5941
0 0.7215
1 0.0193
0 0.8519
0 0.1337
0 0.8141
0 0.7358
0 0.1254
0 0.1818
0 0.2667
0 0.2582
0 0.4268
0 0.5171
0 0.2542
0 0.2336
1 0.1736
0 0.4630
0 0.7433
0 0.5392
0 0.4516
0 0.2768
0 0.7704
1 0.4214
0 0.6295
0 0.5848
0 0.7811
0 0.9599
0 0.8546
0 0.8791
0 0.8458
0 0.4637
0 0.6404
0 0.0932
0 0.0350
0 0.7545
1 0.5989
0 0.4231
0 0.0785
0 0.0795
0 0.6340
0 0.3204
0 0.5185
1 0.5810
0 0.3018
0 0.7989
0 0.2719
0 0.0032
0 0.3909
0 0.0375
0 0.6301
0 0.9553
0 0.0221
0 0.1282
0 0.2095
0 0.1494
0 0.4640
0 0.0731
0 0.3461
0 0.2950
0 0.7216
0 0.5148
0 0.6105
0 0.6221
0 0.9291
1 0.9823
0 0.5031
0 0.7686
0 0.4674
0 0.5957
0 0.9116
0 0.2144
0 0.2488
0 0.0872
0 0.7328
0 0.9392
0 0.2531
0 0.6529
0 0.1217
1 0.2125
0 0.6344
1 0.5396
0 0.2599
0 0.4340
0 0.5869
1 0.8501
0 0.2557
0 0.4935
0 0.9188
0 0.3479
0 0.8932
0 0.4637
0 0.0937
0 0.5413
0 0.1131
0 0.5502
0 0.3916
0 0.5510
0 0.6848
0 0.4978
0 0.0009
1 0.9158
0 0.1976
0 0.6421
0 0.3702
0 0.4204
0 0.8063
0 0.8376
0 0.5560
0 0.1336
0 0.3819
0 0.9798
0 0.5895
0 0.0032
0 0.2313
0 0.4577
0 0.0952
0 0.0326
0 0.7408
0 0.9068
0 0.3581
0 0.1487
0 0.2432
0 0.5202
0 0.4910
1 0.4936
0 0.9236
0 0.7401
0 0.0563
1 0.2145
0 0.0091
0 0.8493
1 0.7292
0 0.1268
0 0.5475
0 0.7772
0 0.6942
0 0.0633
1 0.0884
0 0.7566
0 0.2868
0 0.3166
0 0.4013
0 0.4916
0 0.4097
0 0.2477
0 0.3633
0 0.2341
0 0.2341
0 0.3750
0 0.0340
1 0.7925
0 0.4121
1 0.6110
0 0.8224
0 0.6804
0 0.5472
1 0.1210
0 0.9655
0 0.6780
1 0.0586
0 0.5876
0 0.8919
0 0.3705
1 0.6150
0 0.6722
0 0.1884
0 0.9462
0 0.0035
0 0.3746
1 0.6186
0 0.6580
0 0.7021
0 0.5302
0 0.9785
1 0.0831
1 0.3770
0 0.2401
1 0.0247
0 0.1088
0 0.4629
0 0.7815
0 0.1614
0 0.7832
0 0.3750
0 0.0804
1 0.7063
0 0.2681
0 0.3511
0 0.9035
0 0.1516
0 0.8409
0 0.2178
0 0.9315
0 0.1830
0 0.9563
0 0.4417
0 0.6329
0 0.9310
0 0.8050
0 0.0556
1 0.9815
0 0.5530
0 0.2765
1 0.8386
0 0.1023
0 0.3799
0 0.6952
0 0.1274
0 0.2756
0 0.2161
0 0.2790
0 0.9965
0 0.2345
0 0.4204
0 0.7897
1 0.6753
1 0.9907
0 0.6234
0 0.2025
0 0.1350
0 0.4266
0 0.6994
0 0.5663
1 0.3388
0 0.8886
1 0.3773
0 0.2438
1 0.1218
0 0.7127
0 0.9792
0 0.5234
0 0.3138
0 0.9501
0 0.7469
0 0.8129
0 0.1847
1 0.8863
0 0.4436
0 0.1861
0 0.5616
0 0.3819
0 0.3689
0 0.2615
0 0.3218
0 0.6939
0 0.6300
0 0.5258
0 0.8914
0 0.4641
0 0.0804
0 0.5755
0 0.2712
1 0.6299
0 0.0252
0 0.9857
0 0.7122
0 0.5553
1 0.1620
0 0.6434
0 0.3916
0 0.0761
0 0.1729
0 0.7597
0 0.1051
1 0.4326
0 0.1672
0 0.0518
0 0.4495
0 0.8086
0 0.6011
0 0.9561
1 0.9949
0 0.1907
0 0.5697
0 0.1997
0 0.1584
0 0.8702
0 0.3636
0 0.5477
0 0.5735
0 0.2817
0 0.2028
0 0.9132
0 0.3338
0 0.8466
1 0.5915
0 0.7641
0 0.9011
0 0.3213
0 0.2229
0 0.2010
0 0.7503
0 0.5666
0 0.2609
0 0.5439
0 0.2746
0 0.5350
0 0.3915
0 0.5078
0 0.1258
1 0.3399
0 0.9531
0 0.9149
1 0.2944
0 0.7769
0 0.3346
0 0.3880
0 0.5058
0 0.5863
0 0.1500
0 0.7613
0 0.1205
0 0.1752
0 0.6014
0 0.4633
0 0.5131
0 0.8833
0 0.0323
0 0.6491
1 0.1628
0 0.3007
0 0.8204
0 0.5525
0 0.5482
0 0.5186
1 0.5403
1 0.1088
0 0.3003
0 0.2981
0 0.7864
0 0.8906
0 0.5173
0 0.7654
0 0.0809
0 0.5008
0 0.3675
0 0.9271
0 0.2536
0 0.6056
0 0.2706
0 0.1021
0 0.5086
1 0.9081
1 0.8760
0 0.8862
0 0.1651
0 0.7596
1 0.0140
1 0.4590
0 0.9815
0 0.5464
0 0.3287
0 0.8952
0 0.5760
1 0.3652
0 0.6827
0 0.1145
0 0.9116
0 0.0290
0 0.4718
0 0.8964
0 0.7588
0 0.6776
0 0.7909
0 0.7326
0 0.0764
0 0.4803
0 0.1982
0 0.7722
0 0.6755
0 0.4240
0 0.7668
0 0.0310
0 0.3783
0 0.4806
1 0.0663
0 0.7257
0 0.3078
0 0.9896
0 0.8458
0 0.5292
1 0.1421
1 0.7529
0 0.8778
0 0.0451
0 0.4647
0 0.9161
0 0.0257
0 0.5784
0 0.1731
0 0.4128
0 0.9720
0 0.5306
0 0.2990
0 0.5687
0 0.3543
1 0.1610
0 0.5906
0 0.1928
0 0.7892
0 0.6648
0 0.5573
0 0.0897
0 0.8102
0 0.2985
1 0.6080
0 0.9043
0 0.9143
0 0.4873
1 0.8828
0 0.0804
0 0.7657
0 0.0050
0 0.1527
0 0.9445
1 0.7754
0 0.1494
0 0.4309
0 0.5185
0 0.2561
0 0.2008
0 0.0530
0 0.9314
0 0.1282
0 0.8039
1 0.3582
0 0.7415
0 0.5348
0 0.1296
0 0.3198
0 0.2911
1 0.1460
0 0.4305
1 0.4640
0 0.6710
0 0.8386
0 0.9233
0 0.5810
0 0.2051
0 0.6277
0 0.1427
0 0.0747
0 0.5309
0 0.0871
0 0.5201
0 0.4573
0 0.8415
0 0.1332
0 0.2731
0 0.6768
0 0.6486
0 0.9689
0 0.9062
0 0.5752
1 0.8967
1 0.1703
0 0.7226
0 0.2666
0 0.3669
0 0.3250
1 0.9276
0 0.6583
0 0.5139
0 0.0354
0 0.4693
0 0.7881
0 0.3427
0 0.6705
0 0.2665
0 0.2559
0 0.7901
0 0.7341
0 0.7256
0 0.3348
0 0.0865
0 0.2527
0 0.7547
0 0.0698
0 0.2021
0 0.9313
1 0.7838
0 0.0802
0 0.8683
0 0.8404
0 0.6619
0 0.4365
0 0.1937
0 0.4611
0 0.9534
0 0.1580
0 0.2112
0 0.5811
0 0.7895
1 0.1192
0 0.4631
0 0.7851
0 0.8665
0 0.1865
0 0.8224
0 0.0293
1 0.9434
0 0.0351
0 0.1458
0 0.4629
0 0.2732
0 0.4447
0 0.9709
0 0.4996
0 0.6943
0 0.0837
0 0.1963
1 0.5969
0 0.4712
0 0.6660
0 0.8542
0 0.8919
0 0.2480
0 0.0802
0 0.8076
0 0.0612
0 0.6023
0 0.0346
0 0.2853
0 0.6818
0 0.8762
0 0.4733
0 0.6055
0 0.6746
0 0.5415
0 0.4243
0 0.5679
0 0.8017
0 0.1586
1 0.8486
1 0.9227
0 0.1981
0 0.2158
0 0.1691
0 0.3970
0 0.0641
0 0.8319
0 0.0971
0 0.4092
0 0.3793
0 0.1631
0 0.2897
0 0.8495
0 0.0228
0 0.3544
0 0.5372
0 0.5541
0 0.1912
0 0.2231
0 0.2071
0 0.4847
0 0.9598
0 0.7252
0 0.0621
0 0.4354
0 0.6594
1 0.2746
0 0.2859
0 0.2014
0 0.9168
0 0.8459
0 0.1221
0 0.4982
1 0.2347
0 0.7840
0 0.1044
0 0.1023
0 0.6689
0 0.4067
0 0.2496
0 0.1664
0 0.3247
0 0.4391
0 0.6436
0 0.5972
1 0.0011
0 0.1350
0 0.9103
0 0.5164
0 0.9666
1 0.9205
0 0.4269
0 0.7729
0 0.8190
0 0.5835
0 0.5046
0 0.5383
0 0.0289
0 0.1967
1 0.3616
1 0.0506
0 0.9558
0 0.4821
0 0.8476
0 0.9379
0 0.1067
0 0.3624
1 0.1855
0 0.2228
0 0.8731
0 0.7096
0 0.4324
1 0.7173
0 0.0345
0 0.0301
0 0.8701
0 0.0051
0 0.7949
0 0.9124
0 0.9367
0 0.7709
0 0.0923
0 0.5764
0 0.6163
0 0.3868
0 0.3284
0 0.6052
0 0.6153
0 0.7817
0 0.4228
0 0.1044
0 0.7723
0 0.8833
0 0.2901
0 0.7786
0 0.8680
0 0.5808
0 0.0661
0 0.8227
0 0.2863
0 0.9184
0 0.3397
0 0.9093
1 0.5127
0 0.2060
0 0.0205
1 0.9119
0 0.0546
0 0.8402
0 0.2914
0 0.1828
0 0.5335
0 0.8468
0 0.3346
0 0.8352
0 0.8854
0 0.7878
0 0.8303
1 0.4310
0 0.3435
1 0.9214
0 0.3528
0 0.1001
1 0.5716
0 0.5619
0 0.9131
0 0.6000
0 0.3625
1 0.4693
1 0.9217
0 0.2703
0 0.9504
0 0.3532
0 0.1350
1 0.0859
0 0.5393
0 0.0727
0 0.4395
0 0.6294
0 0.9870
0 0.5087
0 0.1788
0 0.6206
0 0.7552
1 0.2130
0 0.4603
0 0.9714
0 0.3956
1 0.9304
0 0.1024
0 0.2123
0 0.4584
0 0.2012
0 0.9550
0 0.0209
0 0.3972
0 0.6099
0 0.9690
0 0.3317
0 0.0909
1 0.3137
0 0.9614
0 0.0459
0 0.6807
0 0.7843
0 0.7712
0 0.6272
0 0.9117
0 0.6532
0 0.7980
0 0.1591
0 0.1954
0 0.6602
0 0.5573
0 0.1873
0 0.9995
1 0.4314
0 0.6368
0 0.0896
0 0.9856
0 0.2620
0 0.8793
0 0.4436
0 0.3000
0 0.9210
0 0.9150
0 0.6330
0 0.1464
1 0.2677
0 0.1231
0 0.2089
0 0.2478
0 0.8494
0 0.5082
0 0.8752
0 0.3329
0 0.2938
0 0.4160
0 0.8656
0 0.2799
0 0.9824
0 0.1647
0 0.5486
0 0.7438
0 0.0947
0 0.9201
0 0.2769
0 0.2947
0 0.2481
0 0.8142
0 0.1532
0 0.3539
0 0.8824
0 0.1726
0 0.4682
1 0.7425
0 0.6812
0 0.8992
0 0.9569
0 0.8774
1 0.0519
0 0.9871
0 0.7309
0 0.5424
0 0.8232
0 0.2846
0 0.0219
0 0.1511
0 0.3998
0 0.5682
0 0.2505
0 0.6587
0 0.1237
0 0.1645
0 0.9402
0 0.5527
0 0.4218
0 0.0722
0 0.6863
0 0.0449
0 0.3274
0 0.1156
0 0.3378
0 0.2757
0 0.1209
0 0.0623
0 0.6536
0 0.9442
0 0.6416
0 0.6672
1 0.2161
1 0.2338
0 0.4687
0 0.1218
0 0.4383
0 0.8104
0 0.8184
0 0.5199
0 0.2544
0 0.0763
0 0.1035
0 0.3120
0 0.3753
0 0.4243
0 0.7656
0 0.7858
0 0.2271
1 0.9946
0 0.6633
0 0.3390
0 0.3162
0 0.0170
1 0.9811
0 0.0399
0 0.7092
0 0.7462
0 0.4618
0 0.0437
0 0.7947
0 0.7349
0 0.1726
0 0.2119
0 0.8625
0 0.5419
0 0.7966
0 0.3872
0 0.9106
0 0.0394
0 0.9656
0 0.9573
0 0.8713
0 0.6518
0 0.1275
0 0.6100
0 0.2513
0 0.0434
0 0.4483
0 0.3760
1 0.0774
0 0.7033
0 0.6198
0 0.5327
0 0.2669
1 0.2359
1 0.5755
0 0.5525
0 0.8359
0 0.6175
0 0.4639
0 0.1800
0 0.9533
0 0.7136
0 0.0347
0 0.8772
1 0.1909
0 0.3083
0 0.0816
0 0.8916
1 0.0576
0 0.7354
0 0.9835
0 0.4999
0 0.3149
0 0.9228
0 0.1730
0 0.8834
0 0.0889
0 0.7491
0 0.8483
0 0.5359
0 0.9082
0 0.0301
1 0.8453
0 0.5514
0 0.2413
0 0.7152
0 0.5765
0 0.1781
0 0.4315
0 0.1889
0 0.6422
0 0.5363
0 0.4760
1 0.2633
0 0.1518
0 0.3863
0 0.3079
1 0.1484
0 0.5629
0 0.0018
0 0.8370
1 0.8446
0 0.5393
1 0.0629
0 0.1880
0 0.1154
0 0.1652
0 0.7921
0 0.5951
0 0.1087
0 0.7626
0 0.6335
0 0.4552
0 0.0676
0 0.6953
1 0.1119
0 0.5353
0 0.9052
0 0.5010
0 0.7381
0 0.1673
0 0.2187
0 0.9815
0 0.1853
0 0.9490
0 0.9768
0 0.1618
0 0.4366
0 0.7864
0 0.7581
0 0.7680
0 0.7049
0 0.4060
0 0.4473
0 0.0318
1 0.2856
0 0.7975
0 0.3399
0 0.4664
1 0.9719
0 0.2282
0 0.7603
0 0.0472
0 0.2447
0 0.2327
0 0.1165
0 0.8010
0 0.5370
0 0.9316
0 0.6367
0 0.0747
0 0.6002
0 0.2583
0 0.2890
0 0.7696
0 0.1112
0 0.0613
0 0.8294
0 0.1234
0 0.3930
0 0.3531
1 0.3077
0 0.0636
0 0.1766
0 0.5557
0 0.5021
0 0.9371
0 0.5800
0 0.9481
0 0.0427
0 0.0058
0 0.3608
0 0.2970
0 0.8961
0 0.4968
0 0.4018
0 0.5026
0 0.2103
0 0.3537
0 0.1425
0 0.9830
0 0.8629
0 0.7707
0 0.7255
1 0.3222
0 0.1395
0 0.2858
0 0.7895
0 0.8900
0 0.6855
0 0.4511
0 0.0336
0 0.5660
0 0.0034
0 0.0341
0 0.9283
0 0.6074
0 0.1312
1 0.3447
0 0.9762
0 0.5437
0 0.6549
0 0.5777
0 0.0153
0 0.1413
0 0.8671
0 0.2420
0 0.6535
0 0.5826
0 0.2656
0 0.2953
0 0.3676
0 0.2744
0 0.1690
0 0.1109
0 0.0075
0 0.7875
0 0.4143
0 0.3160
0 0.4738
0 0.1984
0 0.4944
0 0.3439
0 0.1453
0 0.9641
0 0.7378
0 0.7693
0 0.7545
0 0.4555
0 0.6199
0 0.9974
0 0.5185
0 0.2957
0 0.8882
0 0.0732
0 0.1988
0 0.0341
0 0.8651
0 0.8962
0 0.8228
0 0.4324
0 0.6113
0 0.5834
0 0.7049
0 0.4493
0 0.5954
0 0.7233
0 0.8095
0 0.2387
0 0.9698
0 0.1575
0 0.2730
0 0.3126
0 0.6916
0 0.0388
0 0.2393
0 0.4410
0 0.3266
0 0.0200
0 0.4745
0 0.8331
0 0.7541
0 0.2646
0 0.7043
0 0.0816
1 0.8875
1 0.7426
0 0.6076
0 0.3369
0 0.5895
0 0.2308
0 0.2313
0 0.3357
0 0.7655
0 0.5230
0 0.1330
0 0.0138
0 0.5603
0 0.0096
0 0.8404
0 0.4151
0 0.7812
0 0.0616
1 0.7872
0 0.9438
0 0.0235
0 0.5716
0 0.2352
1 0.7181
0 0.3676
0 0.4449
0 0.4308
0 0.5953
0 0.8387
0 0.7808
0 0.3275
0 0.4151
0 0.1007
0 0.4469
0 0.9315
0 0.9142
1 0.5514
0 0.5344
0 0.8806
1 0.5387
0 0.0154
0 0.1148
1 0.7846
1 0.1667
0 0.5677
1 0.1199
0 0.2764
0 0.2232
0 0.8023
1 0.1751
0 0.4344
0 0.6842
0 0.2738
0 0.1766
0 0.2300
0 0.3350
0 0.8398
1 0.0735
0 0.3740
0 0.0591
0 0.0089
0 0.0365
1 0.4157
0 0.1862
0 0.7100
0 0.4534
0 0.1083
0 0.7612
0 0.7344
0 0.5489
0 0.2759
1 0.2621
0 0.1526
0 0.5666
0 0.2394
0 0.1921
0 0.1407
0 0.4009
0 0.1922
1 0.2134
0 0.0928
0 0.0283
0 0.4418
0 0.9914
0 0.1592
0 0.3427
0 0.2955
0 0.6760
0 0.9293
0 0.5777
0 0.4549
0 0.9181
0 0.7588
0 0.6662
0 0.9710
0 0.0432
0 0.8357
0 0.6578
0 0.9621
0 0.8625
0 0.0715
0 0.1697
0 0.2956
1 0.6982
0 0.8593
0 0.2399
0 0.0187
0 0.2673
1 0.5060
0 0.5747
1 0.7516
0 0.6082
0 0.8818
1 0.6841
0 0.8530
0 0.0846
0 0.1613
0 0.0204
0 0.8581
0 0.2645
0 0.7710
0 0.9859
0 0.9791
0 0.0603
0 0.7510
0 0.6517
0 0.2003
0 0.1522
0 0.6929
0 0.6008
0 0.2657
0 0.6536
0 0.6726
0 0.3154
0 0.3574
0 0.1451
0 0.3943
0 0.7874
0 0.9907
0 0.3635
0 0.8499
0 0.2653
0 0.9807
0 0.7447
0 0.8147
0 0.8576
0 0.5265
0 0.1919
0 0.5237
0 0.4209
0 0.0610
1 0.9727
0 0.6528
0 0.1377
0 0.8188
1 0.5933
0 0.0134
0 0.4547
1 0.6804
0 0.8050
0 0.8426
0 0.5873
0 0.2205
0 0.7483
0 0.0443
0 0.3801
0 0.5892
0 0.8248
0 0.2889
0 0.1879
0 0.3167
0 0.8020
0 0.8706
1 0.9095
0 0.2369
0 0.1301
0 0.5919
0 0.1113
0 0.7930
0 0.9059
0 0.5746
0 0.5785
0 0.1363
0 0.8326
0 0.7674
0 0.2754
0 0.2738
0 0.3368
0 0.7050
0 0.6038
0 0.2980
0 0.4430
0 0.4752
0 0.0348
0 0.0627
0 0.9439
0 0.2025
0 0.6637
0 0.5472
0 0.9139
0 0.8225
0 0.0754
0 0.1733
0 0.1604
0 0.8969
0 0.0271
0 0.5743
0 0.8437
0 0.8868
0 0.7280
0 0.1076
1 0.1592
0 0.0363
0 0.4368
0 0.7434
0 0.3701
0 0.8647
0 0.1734
0 0.0004
0 0.9914
1 0.3802
0 0.4548
0 0.4034
0 0.9578
0 0.1583
0 0.0221
0 0.6459
0 0.5292
0 0.6222
0 0.5195
0 0.5159
0 0.8234
1 0.3975
0 0.5213
0 0.1343
1 0.7754
1 0.4558
0 0.8993
0 0.2574
1 0.2974
1 0.8261
0 0.5368
1 0.0573
0 0.2942
0 0.1012
0 0.2033
0 0.2337
0 0.0805
0 0.2172
0 0.4986
1 0.1990
0 0.3723
0 0.4942
0 0.0011
0 0.3366
0 0.3272
0 0.9949
0 0.2903
1 0.7560
0 0.2966
0 0.3417
0 0.7979
0 0.2993
0 0.5384
0 0.7967
1 0.4576
0 0.8599
1 0.9570
0 0.8215
0 0.4756
0 0.1459
0 0.8675
0 0.4605
1 0.8346
0 0.2815
0 0.8420
0 0.5800
1 0.8051
0 0.3786
0 0.2322
1 0.5154
1 0.0885
0 0.5282
1 0.5660
0 0.3542
0 0.4119
1 0.9363
0 0.8431
1 0.0730
0 0.2426
0 0.5423
1 0.8611
0 0.0250
0 0.4995
0 0.6295
0 0.4437
0 0.8596
0 0.1470
0 0.9606
0 0.5390
0 0.6819
0 0.4589
1 0.1833
0 0.3460
0 0.2771
0 0.5911
0 0.3204
0 0.3853
1 0.2643
0 0.6930
0 0.9757
0 0.5617
0 0.4314
0 0.3447
1 0.5010
0 0.9841
0 0.7262
0 0.8439
1 0.8428
0 0.6217
0 0.9020
0 0.3797
0 0.7144
0 0.1181
0 0.5594
0 0.5549
0 0.5035
0 0.4777
0 0.6325
0 0.9404
0 0.8907
0 0.4541
0 0.6946
0 0.6636
0 0.9386
0 0.7509
1 0.9145
0 0.0675
0 0.1963
0 0.4308
0 0.7224
0 0.9018
0 0.7158
0 0.0078
0 0.6580
0 0.0312
0 0.1707
0 0.8750
0 0.7566
0 0.6546
0 0.8216
0 0.2511
0 0.8218
0 0.6882
0 0.2196
0 0.2030
0 0.6802
0 0.5829
1 0.4990
0 0.3823
0 0.9292
0 0.1192
0 0.2733
1 0.4216
0 0.3262
0 0.6167
0 0.3552
0 0.2107
0 0.4790
0 0.4234
0 0.0458
0 0.5760
0 0.8571
0 0.5632
0 0.3579
0 0.8993
0 0.6857
1 0.4316
0 0.6593
0 0.5567
0 0.8152
0 0.2675
0 0.2630
0 0.7123
0 0.9128
0 0.6977
0 0.8630
0 0.2254
0 0.7891
0 0.9864
0 0.3932
0 0.2855
0 0.8799
0 0.1689
0 0.6976
0 0.5316
0 0.7929
0 0.4524
0 0.0679
0 0.5118
1 0.4642
0 0.8905
0 0.9291
0 0.0701
0 0.5804
0 0.8985
0 0.1431
1 0.2615
0 0.1223
0 0.7471
0 0.5093
0 0.3695
0 0.6691
0 0.1908
0 0.8948
1 0.7311
0 0.7055
0 0.8710
0 0.3462
1 0.3316
0 0.3683
1 0.9583
0 0.2792
0 0.2543
1 0.1232
1 0.2414
0 0.2585
0 0.0942
0 0.5087
0 0.1062
0 0.0283
0 0.7500
0 0.5580
0 0.8640
0 0.7326
0 0.4418
0 0.8065
0 0.9836
0 0.6596
0 0.9526
0 0.0502
0 0.4927
0 0.5853
0 0.7917
0 0.4880
1 0.9809
0 0.1190
0 0.2105
0 0.6662
0 0.1978
0 0.3776
0 0.1361
0 0.9834
0 0.5177
0 0.4815
0 0.3534
0 0.2099
0 0.7995
0 0.1926
0 0.6882
0 0.7620
0 0.2776
0 0.0747
0 0.0282
0 0.0079
0 0.1839
0 0.1003
0 0.8231
0 0.5572
0 0.5365
0 0.7106
0 0.5392
0 0.7915
0 0.5875
0 0.3972
0 0.1500
1 0.6803
0 0.6062
0 0.3904
0 0.2580
0 0.0209
0 0.2979
0 0.0766
0 0.5551
0 0.5225
0 0.9438
0 0.7677
0 0.1223
0 0.6919
0 0.5871
1 0.1871
0 0.3905
0 0.0458
1 0.4337
0 0.4244
0 0.0997
0 0.9275
0 0.7244
1 0.5019
0 0.8511
0 0.1825
0 0.7703
0 0.0111
0 0.6227
0 0.8601
0 0.0079
0 0.2423
1 0.2250
1 0.8627
0 0.0997
0 0.3312
0 0.5233
0 0.9760
0 0.7318
0 0.2715
0 0.7967
0 0.0594
0 0.6183
1 0.5442
0 0.5036
0 0.7186
1 0.8421
0 0.5742
0 0.8432
0 0.2302
0 0.6475
0 0.2010
0 0.8118
0 0.3245
0 0.3979
0 0.9009
0 0.9515
0 0.1947
0 0.0312
0 0.7280
0 0.5702
0 0.1765
1 0.2141
0 0.9813
0 0.5485
0 0.4557
0 0.8457
0 0.8575
1 0.6790
0 0.4835
1 0.4576
0 0.7395
0 0.3924
0 0.9120
0 0.2479
0 0.4340
0 0.7682
0 0.3658
0 0.5333
0 0.4361
1 0.1651
0 0.0109
0 0.1560
0 0.7249
0 0.0924
0 0.6195
0 0.9921
0 0.4105
0 0.7657
1 0.8402
0 0.3589
0 0.9687
0 0.5633
1 0.3994
0 0.2257
0 0.4962
0 0.6569
0 0.7578
0 0.0613
0 0.1978
0 0.7416
0 0.4962
0 0.5015
0 0.2635
0 0.8784
0 0.5604
0 0.9672
0 0.7215
0 0.5540
0 0.0286
0 0.7870
0 0.9925
0 0.9144
0 0.7302
0 0.3798
0 0.2084
0 0.0266
0 0.2136
0 0.9391
0 0.5177
0 0.1195
0 0.1653
0 0.0580
0 0.8007
0 0.6376
0 0.7505
1 0.8441
0 0.9513
0 0.3014
0 0.5785
0 0.4579
0 0.6121
1 0.5744
1 0.9695
0 0.5649
0 0.6672
0 0.3035
0 0.8911
0 0.6157
0 0.8416
0 0.6447
1 0.1080
0 0.4564
0 0.8908
0 0.5166
0 0.2100
0 0.6639
0 0.1137
0 0.3788
0 0.9898
0 0.3951
0 0.4626
1 0.4388
0 0.4281
0 0.4968
0 0.2696
0 0.2481
0 0.7003
0 0.7509
0 0.5550
0 0.0959
0 0.6310
1 0.9382
0 0.9849
0 0.1482
0 0.9089
0 0.2354
0 0.0560
0 0.5622
0 0.0570
0 0.4287
0 0.1533
1 0.4342
0 0.6865
1 0.2667
0 0.1832
0 0.7276
0 0.9408
1 0.1935
0 0.3290
0 0.7412
1 0.0405
0 0.0098
0 0.7471
0 0.5220
0 0.6883
0 0.1786
1 0.5449
0 0.3452
0 0.1172
0 0.2027
0 0.8151
0 0.1748
0 0.0253
0 0.0587
0 0.3199
0 0.0573
0 0.5242
0 0.3134
0 0.7708
1 0.0188
0 0.5446
0 0.1691
0 0.2577
0 0.7030
1 0.5168
0 0.7442
0 0.0186
0 0.5998
0 0.7857
0 0.1404
0 0.2380
0 0.6795
0 0.3695
0 0.4979
1 0.7853
0 0.5769
0 0.3455
0 0.6794
1 0.3168
0 0.9014
0 0.8235
0 0.8117
0 0.4600
1 0.0560
0 0.7413
0 0.9960
0 0.0877
1 0.5242
0 0.6570
0 0.5935
0 0.1012
0 0.2939
0 0.7152
0 0.3284
0 0.6343
0 0.2193
0 0.8862
0 0.9268
0 0.5022
0 0.1680
1 0.3043
0 0.9314
1 0.1995
0 0.3036
1 0.9134
0 0.0341
0 0.3396
0 0.2842
0 0.6474
0 0.6444
0 0.7427
0 0.7072
0 0.8155
0 0.9569
0 0.1095
0 0.7740
0 0.1549
0 0.4836
1 0.4780
0 0.1297
0 0.8686
0 0.3785
0 0.2059
0 0.7849
0 0.7027
0 0.0839
0 0.0802
0 0.2313
0 0.7715
1 0.9637
0 0.7160
0 0.7852
0 0.9798
0 0.5201
0 0.4498
1 0.8894
0 0.8151
1 0.4457
0 0.9638
0 0.5792
0 0.3948
0 0.1911
0 0.1024
0 0.8942
0 0.1990
1 0.6813
0 0.3106
1 0.1310
0 0.6606
1 0.7204
0 0.5941
0 0.6941
0 0.0366
0 0.7496
0 0.6455
0 0.5786
0 0.7248
0 0.0119
0 0.7402
0 0.5028
0 0.5785
0 0.7264
1 0.6295
1 0.7162
0 0.0545
0 0.8941
0 0.4909
0 0.2466
0 0.5057
0 0.8183
1 0.0692
0 0.6587
0 0.6206
0 0.8430
0 0.2376
0 0.8836
0 0.3535
1 0.7483
0 0.6798
1 0.1951
0 0.5000
0 0.8757
0 0.9907
0 0.3402
0 0.6550
0 0.1679
0 0.8448
0 0.0302
1 0.4960
0 0.9649
0 0.5439
0 0.3558
0 0.6264
0 0.0767
0 0.3471
0 0.4256
0 0.6403
1 0.7220
0 0.3350
0 0.9718
0 0.5513
0 0.7128
0 0.0870
1 0.9642
0 0.9216
1 0.5985
0 0.6898
0 0.7078
0 0.9812
0 0.5106
0 0.2420
1 0.5024
0 0.7549
0 0.4163
0 0.5638
1 0.9547
1 0.2559
0 0.7565
0 0.3585
1 0.7624
0 0.5831
0 0.6494
0 0.9960
0 0.0312
0 0.4692
0 0.9506
0 0.0765
0 0.3923
0 0.1935
0 0.8570
0 0.3071
0 0.4443
0 0.0458
0 0.2286
0 0.6532
0 0.2246
0 0.3381
0 0.5203
0 0.6037
0 0.9500
0 0.2950
0 0.9152
0 0.8650
0 0.9486
0 0.4799
1 0.9326
0 0.3417
0 0.2681
0 0.0275
0 0.8093
0 0.6711
0 0.7080
0 0.4552
0 0.1813
0 0.1970
0 0.7723
0 0.3664
0 0.9711
0 0.0642
0 0.0874
0 0.0290
0 0.7182
0 0.9351
0 0.2183
0 0.3675
0 0.6956
0 0.7684
0 0.6418
0 0.7584
0 0.5596
0 0.6199
0 0.5601
0 0.5362
0 0.9686
0 0.4849
0 0.3586
0 0.5445
0 0.9418
1 0.7915
0 0.3175
0 0.9776
0 0.0231
0 0.8993
0 0.0967
0 0.6852
1 0.0444
1 0.6664
0 0.7576
0 0.1313
0 0.6051
1 0.1232
0 0.9799
0 0.4527
1 0.5780
0 0.6938
0 0.7548
0 0.6166
0 0.1380
0 0.7082
0 0.1266
0 0.3357
0 0.5928
0 0.2416
1 0.9702
0 0.1834
1 0.0803
0 0.8405
0 0.7098
0 0.7381
0 0.8975
1 0.1752
0 0.1556
0 0.9019
0 0.0130
0 0.4961
0 0.6797
0 0.0276
0 0.3465
0 0.9650
1 0.9426
0 0.8270
0 0.7282
0 0.0518
0 0.7224
0 0.1342
0 0.8646
0 0.0486
0 0.4376
0 0.3149
0 0.2905
1 0.8829
0 0.3174
0 0.1717
0 0.0078
1 0.8653
0 0.7230
0 0.5865
0 0.0501
0 0.3817