8 5 30
3
1 4 5 2 3
0 1
0 0
21
1 4 -24 2 3
0 1
1 2 -21 4 13
1 1 29 5 6
0 1
1 4 -15 7 8
0 0
1 4 16 9 10
0 1
1 2 -15 11 12
0 1
0 1
1 3 -25 14 21
1 2 25 15 18
1 3 -11 16 17
0 1
0 1
1 5 26 19 20
0 0
0 1
0 1
21
1 2 -8 2 19
1 4 -13 3 18
1 3 16 4 7
1 2 27 5 6
0 0
0 0
1 3 -8 8 13
1 3 -23 9 12
1 1 25 10 11
0 1
0 1
0 0
1 5 -3 14 17
1 3 -13 15 16
0 1
0 1
0 0
0 1
1 5 -17 20 21
0 1
0 0
21
1 1 26 2 11
1 1 10 3 4
0 0
1 5 -8 5 6
0 0
1 2 9 7 8
0 1
1 3 12 9 10
0 1
0 1
1 5 -14 12 21
1 5 -16 13 16
1 2 23 14 15
0 1
0 1
1 5 6 17 20
1 3 18 18 19
0 0
0 0
0 1
0 0
11
1 5 -19 2 7
1 2 -3 3 4
0 1
1 5 25 5 6
0 0
0 0
1 4 2 8 11
1 3 -8 9 10
0 0
0 0
0 1
21
1 2 -20 2 15
1 3 -7 3 6
1 5 -14 4 5
0 1
0 0
1 1 -8 7 12
1 2 28 8 11
1 5 4 9 10
0 1
0 1
0 1
1 5 -21 13 14
0 1
0 0
1 4 2 16 19
1 5 -22 17 18
0 1
0 1
1 4 15 20 21
0 1
0 1
5
1 4 -5 2 5
1 2 -7 3 4
0 1
0 1
0 1
5
1 1 -13 2 5
1 3 6 3 4
0 1
0 1
0 0
-1 -17 38 8 -2
27 8 10 -35 -37
40 2 -9 38 -28
1 24 -9 24 -3
-36 25 0 23 28
29 -38 8 3 -5
-25 -28 -4 -34 23
-3 26 -32 39 -19
-13 -20 21 25 -10
-11 35 22 0 -39
2 35 38 -14 6
-8 -5 -11 9 -14
-14 30 10 21 23
-18 8 -5 -28 -14
32 20 -11 21 -31
-4 -38 -40 -25 -32
0 23 10 19 23
-9 14 -19 -1 1
-31 30 27 0 26
34 -16 22 -30 15
31 -17 0 -13 -10
-36 -36 34 4 -34
1 16 -28 17 -37
30 37 -5 13 3
18 0 0 30 -24
-34 33 38 -23 -38
-37 -31 -37 6 -9
29 -11 11 -3 -1
-22 29 39 -8 27
39 39 26 2 -33