2000 10000 1500
-4847 -120
4605 298
-4851 36
4777 -272
-4727 -35
-4832 -212
-4868 83
-5243 -289
4900 365
-4759 -236
4846 -53
-4823 154
-5338 159
-5157 -63
4946 -320
4957 -376
5005 163
4631 373
-4789 -289
4862 20
4795 -397
-4678 155
4955 196
4631 -341
5112 -14
-4695 179
5194 -175
5235 362
-5153 97
-4812 6
-4937 155
4802 -137
5130 384
-4834 319
5297 -270
-5373 215
-4901 248
4987 65
5342 -188
4912 -125
-5285 -9
4881 319
5200 213
-4973 -271
5229 80
5224 -350
-4702 -77
-5110 -283
-4840 48
-5096 -277
5282 375
5391 353
-4678 208
-4615 127
5187 -29
4645 9
4906 283
-5125 -25
-5068 -293
5333 84
-4890 101
5088 -318
-5072 -297
-5224 344
4969 -332
5170 73
5360 351
4711 98
-5167 246
4621 -229
-5205 97
-5106 -39
-5386 162
-5187 -72
4676 -333
-5029 -193
4637 362
-5366 -9
4603 370
5316 -167
-4951 62
4998 168
-4914 -144
5320 170
5297 151
-4631 25
-5155 183
-4686 248
5059 392
4690 -133
4828 124
5056 216
5295 347
5316 -186
4774 -315
4934 29
-4814 202
-4936 -24
4926 -159
4958 17
5348 -82
5264 11
5250 -6
4611 -7
5208 -226
-5302 330
5234 -93
-5296 50
4652 -261
-4767 67
4664 -273
4922 37
4704 -319
-4816 381
4615 396
-4886 -251
5136 -161
4626 353
4760 139
4764 325
4772 170
-5144 -43
-4947 -164
-4812 -359
5256 -317
-4736 -167
5125 -169
5334 148
5137 -217
-5138 112
4921 13
-5333 310
-4943 343
-4823 -344
-4720 159
-4882 3
-5381 79
-4992 -182
-5341 -241
-5021 85
4741 -393
4865 -269
-5073 130
-4869 272
-4707 13
-4610 -288
-5105 -44
-5371 -219
4853 109
5140 270
5223 94
5239 -270
-4780 -378
-4960 -272
5223 137
4937 339
4690 -345
-4695 61
5115 -388
4957 177
-5201 379
4939 351
4706 30
-4961 245
-5178 -131
-5327 -197
5167 291
-4766 -208
-4969 -246
4728 109
-4960 -257
-5164 -80
4954 289
5243 124
5241 76
-4822 50
-5084 25
-5337 -83
5177 374
-4775 -253
-5318 280
4746 327
5352 378
-5125 18
4779 382
5183 249
4698 -210
-5375 97
4694 392
4717 236
4922 85
4903 51
5035 396
5225 -184
-4835 281
-4601 144
-5397 133
4946 166
5369 -4
-4840 -174
4662 -374
-4840 72
-5058 -281
4784 104
-4817 -198
-4631 208
-5029 -288
4755 -305
4701 177
5052 145
4795 216
-4840 298
5102 265
-5376 -283
4938 -26
-5320 -148
5301 -289
-5130 303
4927 -165
-4691 394
4867 -287
4938 -84
-4815 -41
4646 -180
4912 48
-5028 -129
4946 188
-4631 45
5213 147
5258 235
4849 153
-5153 244
5153 -327
4887 290
5218 -295
-5355 -307
5074 -84
5341 -39
4841 288
4909 259
4974 -61
4722 212
5072 -276
-5102 -188
4980 -304
5249 382
4647 279
4891 -333
-5136 -53
-4642 -256
4926 -49
-5255 -358
4865 364
-5327 -139
5303 -123
4869 -240
4649 -311
-5100 -315
5291 -163
-4811 181
4613 -205
5252 -176
4854 249
-5214 -159
5178 171
-4742 364
-5201 -390
-5052 -353
4677 316
-5122 220
5256 396
5017 -205
-4783 -332
-4618 -259
5244 238
-5329 114
-4612 347
-5171 270
-4952 -374
4961 -113
4768 -257
-5006 383
-4796 114
4719 355
4982 -54
5076 -22
-5018 -242
4999 86
5341 91
5233 302
-5343 257
5049 -194
4874 -103
5279 -303
-4887 154
-4721 184
-5203 50
4935 383
-5266 254
-4659 -256
-4872 -71
-5092 -236
-4728 119
5228 60
-5148 173
4724 -259
4753 298
-4717 225
-4992 306
-4620 60
-5310 -273
-5247 -32
4995 298
5058 -249
-5132 -49
-4630 95
-4942 -82
-5125 -60
5338 318
5065 -258
-4840 -188
4781 313
5015 375
4821 31
-4633 92
-5260 337
-5177 354
-5111 387
4711 152
-5214 363
4880 -153
-5375 -207
-4974 -100
-4752 -71
-5248 191
5371 -159
5232 -239
5177 251
-4946 330
-4656 -397
4648 335
-4641 31
4934 -184
5099 -286
-4802 334
4803 -27
-5177 310
5304 -56
5130 41
4943 -316
-5331 97
4934 220
5030 40
-5224 81
-4944 -236
5298 143
-5316 299
-4616 150
5200 253
4998 331
-5006 3
-5049 -296
-5031 -46
-5183 32
-4744 6
5022 191
4843 -250
-5365 141
5264 -378
5031 -84
5293 -226
-5076 -227
5196 230
-5125 319
-4850 145
4895 -160
4647 -67
-4605 195
-4742 70
4684 -277
-5210 145
-4931 80
5170 -190
-4612 97
-4808 -293
5239 86
5238 -61
-5397 -140
-4874 67
-5286 400
4988 -305
5335 389
-5330 -87
5001 400
5189 375
4870 389
-5240 77
-5366 27
4898 -169
-4908 396
5048 192
-4924 -99
4811 -352
5164 -54
4658 69
5147 -14
-5390 278
4944 -195
5193 -229
-5189 395
5178 93
-4833 -28
4729 -129
-5391 -141
-4994 -344
4774 189
4948 -260
-4707 259
-4915 -347
4797 -148
-5094 394
4636 243
5391 73
5248 -367
-5141 195
-4944 -264
-4748 81
-5268 377
-5072 -227
5196 -400
4615 -282
5344 4
4984 256
-5382 71
-4788 -224
4859 -243
5071 193
-4823 335
-5366 -250
4854 357
-5010 -57
4981 357
4922 233
5208 68
5355 86
-4865 164
-4603 -42
5219 -175
-4610 7
5084 293
-5258 -242
4980 124
-4738 -319
-5153 -235
-5250 97
4810 116
-5193 -247
5251 227
5072 -47
5027 391
-4934 -206
4744 273
-5306 232
5161 342
-4771 -47
-4700 384
5387 0
4801 25
-5320 24
-4620 21
5149 -21
-4910 244
-5005 218
-4843 -248
5148 -173
4844 -155
5298 386
-4998 46
4987 -99
4972 -24
4806 288
4713 -162
5092 -218
4628 55
-4709 59
5324 -174
4672 228
5179 -48
4611 12
-4971 386
4625 -177
-5373 127
-5320 -280
-5215 50
-5353 97
4981 -185
4759 -41
5048 264
-5249 182
5375 347
5332 -244
4750 263
-5121 -343
-5137 386
-5332 184
-4892 140
4877 -353
4888 -141
-4939 -226
-5350 -228
4705 -162
5117 226
4658 21
5325 -77
4670 -23
5123 381
-4929 137
-5167 -366
5386 116
-4982 -89
-4833 270
-5372 159
-5250 -77
-4687 -234
-4963 300
4787 -40
5253 -330
-5142 255
4991 95
4966 273
-5324 -182
-5017 -396
-5234 355
4955 -242
4876 313
5209 88
5022 19
5084 153
4675 -309
-5215 -4
5278 180
-5285 -359
5039 73
4942 -334
-5331 -152
4776 -339
5279 63
5245 59
-4626 140
-5111 -108
-5295 395
-4993 -304
-4652 -126
-5336 370
4674 204
-4939 220
-4878 -37
-4673 345
4635 -347
-4623 -149
5197 -271
4747 74
-5345 289
-5354 -54
-5130 316
5209 127
-5128 282
-5180 1
-4876 -202
4732 305
-5087 -46
4951 -174
-5395 370
4943 -173
-5147 -267
5200 153
-4903 -334
-5148 -77
-5113 -147
4959 199
4759 -368
-4899 -360
-5124 -79
-4678 21
-4746 -306
-4705 -199
-4958 -277
-4710 356
-5330 -374
-4768 176
-4915 93
-4810 -337
4734 325
4681 -141
-4990 345
-4683 250
-4749 271
4938 340
4648 -73
-5073 -333
-5333 389
-4638 296
-4885 239
5341 0
5245 295
5349 31
-5170 261
5349 284
-4835 -112
-5257 266
-4951 -54
-4863 224
-5353 6
4761 46
-4779 -249
5071 251
5224 310
5364 -233
4635 -24
-4718 -248
5235 115
4806 -15
4703 105
-4647 347
-5043 -389
4615 257
-4997 -38
-4820 -163
5038 328
4732 45
4839 137
-4955 -19
5109 67
-4658 242
-5264 -154
5328 29
-4717 112
4877 -306
-4631 335
-4905 47
5352 -76
-4754 -89
-4635 293
5165 54
5397 391
4824 361
4698 175
-5304 -83
4961 239
5338 -18
-4808 -25
5266 -347
4880 -238
5165 -148
5139 -134
4930 201
-4815 -9
4973 301
5191 154
-5053 203
4776 76
4996 -219
4670 133
5211 -385
5021 391
-5398 -380
4910 154
4939 -144
5332 -390
-5114 222
5297 193
4679 282
4622 77
4716 89
4628 -287
-5209 -300
4615 315
5095 118
-5127 225
-4641 -237
4915 252
4783 -183
4905 -301
-4607 306
4617 5
-5311 -371
-5068 -367
5092 266
5240 166
4855 -157
4777 196
-5370 133
4872 -211
4727 -169
-4782 254
-5360 -311
5202 -391
-5346 -308
-5375 185
-4878 52
-4832 354
-4803 -233
-5035 -98
-4908 -386
4803 3
-5216 -322
-5202 -105
4747 -262
5256 -46
-5385 150
5067 -346
5262 -247
-4779 162
4805 -42
5109 -124
-5170 2
4970 344
4817 43
5151 -120
-4807 -370
4956 377
-5051 -95
5166 284
5068 -241
4711 301
-4759 284
-4753 -290
5201 -304
4639 54
-5283 111
5301 102
-5277 -34
5345 -170
-5052 -59
-5285 10
4990 -274
-4911 -277
-5167 -103
5280 -348
-4675 -189
5320 -102
4669 -359
-5147 -236
4744 142
4898 329
4854 135
-5131 -361
-5190 234
4808 195
-5010 -237
-5128 242
-4717 327
-4827 25
-4969 136
-5393 237
-4980 -377
4799 -326
-4642 -386
-4694 -206
-5154 -133
-5307 -354
5055 -148
5150 12
-4877 -39
-4766 -45
-5073 151
5398 -325
5169 -305
-4756 65
-5277 -366
5310 -186
4722 239
-4715 300
5288 89
-4843 -316
-4992 382
-5041 -70
-4738 -102
-5366 -181
4646 -330
4675 -176
4714 134
5093 -241
-5366 185
4864 160
-4793 -361
5389 -333
-4999 -30
5102 -24
-5161 -1
-4625 19
4716 -256
-5334 55
-4747 359
4840 -74
-4897 -67
-4937 -189
4675 126
5187 -46
5129 190
-5281 -97
4909 100
4695 297
-5222 252
4725 -18
4697 225
-4747 -277
-5144 42
5342 -164
-4875 -230
-5380 -133
5077 -47
4720 -21
-4864 312
-5124 -64
5116 194
4783 164
-5051 194
5325 -321
-5319 -191
-5369 -341
4939 235
-4618 -7
4942 -62
4661 112
-5373 339
5076 300
4911 -233
5374 370
5105 -104
5100 371
4912 269
-5259 -273
5008 -22
-4951 374
-5326 258
-4751 253
-5111 82
4807 -186
-4649 -106
-5160 -242
4741 -252
4731 136
-4833 254
5173 -7
-4714 382
-4994 275
4912 388
4678 -64
-4766 358
-5057 -120
4771 336
5231 -57
4910 101
-5105 -203
5183 -198
4836 -199
4662 -198
5058 305
-4779 298
4763 350
-4785 4
-5328 -345
-5157 303
4871 -249
4922 97
4743 2
-4666 -86
-5265 218
4688 98
4982 128
-4690 88
5127 117
5222 150
5338 -104
-5362 -171
5360 269
-5374 -187
-5257 -87
4610 -329
5045 -222
4741 175
-4736 -150
5023 -333
-4650 348
4756 -171
4680 147
4709 389
4857 102
4711 -45
-4631 -228
-5192 254
5273 231
4947 -155
-4800 51
-4727 12
-4776 -285
4869 -358
-4647 -266
-4968 213
5055 -326
-4883 144
-5312 -58
-4881 266
4844 54
5017 236
-4817 -121
4630 103
4727 211
-5102 -243
-4833 -143
4604 -367
-4647 -346
-5136 -351
5113 23
-5047 -144
-4853 99
-5229 -240
4716 -334
5057 -217
-5297 363
4635 -238
4755 204
-4697 -231
4654 335
5206 144
-4642 206
-5289 149
5166 20
-4982 37
-5259 -306
5395 293
5152 -104
4980 141
4661 153
-5232 400
5167 64
4679 115
4601 -34
-5348 -244
5182 -34
4717 197
4670 258
5334 -85
-4994 -151
5227 -7
-5279 398
5149 -332
4706 91
5228 271
4667 -193
5103 72
-4861 248
4655 -220
-4944 29
-4707 -260
5138 -174
-4953 216
-5055 354
-5024 212
-5211 294
-4748 -14
5277 213
-5204 203
-4621 -37
4671 375
4819 -8
-5373 -350
5088 -194
-4729 -9
5090 -42
-5022 199
-5026 -39
-5023 125
-5168 167
-5090 -322
-5234 -53
-5072 -318
-5131 197
-5052 9
-4945 283
-4909 -68
4734 -219
5104 144
-5357 -181
-5189 337
-5150 -273
5078 13
-5058 270
-5060 37
4828 -294
5257 -221
5074 389
4981 -228
-4929 331
4871 -203
-4986 -116
-5211 275
5282 290
-5274 -33
-4835 124
4929 -34
5297 -353
4913 -11
-4905 -273
-5023 -152
-5395 327
4919 -365
-5110 280
5104 258
-4968 -220
4877 220
4775 -127
5214 165
5373 131
-4728 -2
-5400 141
-4690 -306
5136 260
-5133 -211
-5177 122
-4757 -295
5079 -227
4676 272
5193 280
-4952 -127
4751 -260
4830 -22
-5353 -297
5161 109
5397 0
-5297 273
-5020 30
5298 -195
-4804 -248
-4639 -31
5283 353
-4651 -32
-5031 86
-4924 313
-4676 -342
-5174 -111
-5189 -120
5058 35
-5159 -232
-4857 390
5166 206
-5071 73
-5123 -372
5388 -78
4940 257
-4738 -28
5149 -157
-5054 -194
-5084 -364
4895 353
-5137 -373
4689 249
5385 -42
-4875 324
5048 -15
5216 135
4861 -143
5366 -142
5386 317
-5046 119
-5069 228
4693 59
4959 -372
5090 357
5389 -306
-5278 140
4961 130
4899 318
5169 160
-4617 76
-5369 -176
-4818 -216
4658 -162
4977 266
4871 -111
-4880 -185
-4669 -230
5049 -179
4712 394
-4817 168
-4747 276
5071 135
-4777 208
-5057 74
5162 15
4931 -7
4998 253
-5163 298
-5233 366
-5365 282
5350 56
5347 227
5155 -205
5013 270
5084 397
5094 -33
5000 293
-4976 -19
4676 -262
4957 152
-4777 276
5162 114
-5347 329
-5283 -137
-4943 385
-5046 330
4606 -293
-4980 213
-5015 62
5088 22
-4729 -377
-4717 372
4969 298
-4971 -65
5394 -138
-4964 -113
-4621 156
5218 24
4740 222
4648 -294
5192 -235
-4786 -340
4660 384
-5012 86
-4600 -296
4960 -297
4731 -348
-4900 -56
-5010 -75
-5309 -9
5348 57
5225 -308
-5384 232
5022 235
-4611 174
-4627 -124
-4751 -165
-4753 -386
-4681 117
-5026 -216
5255 -4
-4821 -205
-5258 397
-4811 131
5260 -320
-4985 123
4959 -20
4682 329
5222 119
-4990 271
-5275 122
-5031 110
4849 128
5392 38
4626 186
-5334 40
-5186 -115
5262 -192
-4614 148
4791 -109
-5212 -264
5141 163
-5274 -379
-4939 -171
5346 251
-4814 70
-4758 -337
-4784 161
5120 -278
4802 -146
5151 382
-5386 384
-5239 235
4674 -210
-5174 55
-5041 -172
5368 27
5260 -139
-5376 352
4887 -110
-5224 54
-4855 -86
-5197 -205
4763 -203
4786 207
5347 174
4668 -215
4780 236
5367 -86
-5305 374
-5198 391
5365 -287
-5046 -36
-4704 -27
-4945 -61
5203 -241
-4700 356
4764 -278
5174 112
-5151 -223
4998 -83
4747 75
4995 202
4978 -290
4620 272
4780 -248
4697 -20
-5167 -191
4815 -27
5294 -197
-4853 -181
5128 -87
-4989 -123
5397 -238
-4897 328
-5216 -209
-4743 381
-5285 -110
4613 320
4884 140
-4952 185
-5181 72
-5052 142
-5204 251
5200 251
5054 -301
4771 185
-5144 369
5142 -346
-5069 332
4952 -23
4922 -351
4701 -287
5191 -366
5009 193
4935 -76
5063 -142
-5308 -157
4888 366
-5024 -299
-5113 -313
-5039 -6
4963 -384
-4779 312
-5186 66
-4769 159
5254 -241
-5083 353
5381 72
4646 -117
5171 -360
4930 -367
5287 -259
4996 172
4795 -251
4976 -121
5231 286
4827 18
4708 -285
5112 172
-5024 -357
-4642 40
-5046 -200
4745 -139
-5117 -33
-4947 -395
-4811 -3
-4711 -21
5262 -191
-4801 131
-4986 54
-4971 80
5198 47
-5069 -171
4697 -389
-5076 -76
4846 -234
-5183 227
-4974 275
-4633 26
-4970 -320
-4857 -352
4636 16
4712 386
4838 -374
5326 51
-4988 -257
-4973 -386
4648 -91
-4668 334
-5127 376
4754 -257
-5062 183
5289 172
-4787 -386
4682 -104
4871 233
-4716 97
4922 364
5320 294
-4837 -375
5346 -238
4658 -226
5250 -390
4629 -226
-5240 384
-4843 399
-5357 -108
5326 -108
-5301 -190
5166 -293
4618 -398
4600 -93
-4786 56
-4700 -253
4823 -16
4642 273
-5036 -372
-4882 -240
5004 356
5040 394
4828 -342
-4838 -58
5008 -116
-5113 89
-4676 333
-5289 4
-5073 -209
-5116 -149
5139 269
5318 -383
4898 -180
5289 146
4764 -209
4993 329
4942 -285
5389 350
5350 -214
5181 228
-5331 90
-4730 -217
4618 378
-4745 -275
-5296 14
4943 313
-4681 220
-5254 -129
-4958 -140
5091 387
-5139 53
-5140 -119
-4704 -53
-5374 0
-4874 -14
-5159 269
-5312 -357
-5242 252
-5315 -380
-5380 139
-5123 11
-5282 -107
-4900 62
5219 385
-4758 -200
5333 346
-5089 -107
4684 351
-4678 127
-4769 34
-4611 342
5309 59
5025 -149
-5116 236
-4993 124
4925 -344
5249 1
5062 30
4755 -211
5050 -364
-4938 -391
5179 -187
4750 -26
4661 352
4954 -32
4703 -327
4913 -237
4871 -397
-5380 39
-5204 398
4907 -53
-4753 -184
4664 343
-4827 238
-4685 365
-4676 343
-5122 117
4659 100
5233 150
5313 -392
-5062 -374
4752 121
-5378 -360
4910 -25
-5136 -116
-4682 20
-4841 -313
-5256 -254
-4932 -86
-4631 23
-4667 337
-5170 -323
5399 112
-4969 318
5249 -205
-4777 -373
-5070 223
5240 396
-5121 17
-4918 390
4803 91
-5275 -386
-5028 27
4778 154
5019 -252
-5369 112
5388 290
-5144 347
-5373 189
-4835 331
5290 12
-4952 -108
-5151 -25
-5145 -69
4697 389
-4985 -207
5309 340
-5056 -259
4787 119
5134 -287
-5292 172
4864 -33
-4980 391
4730 46
5240 130
4970 -367
-4624 211
4644 -94
-5396 -85
5091 -336
5325 -251
4756 374
-5198 151
-5326 -301
5148 104
-5136 -67
4650 262
-5216 -354
5105 198
-4934 -342
4749 -343
5233 298
-4955 326
4791 -103
-5035 271
-5158 -335
5387 2
4960 62
-5240 -209
4932 5
-4632 20
-5358 -55
-5143 -122
-5308 -125
-4757 8
4808 313
-4883 -167
4945 -363
4877 358
4707 -288
4945 -315
4765 300
-4763 -33
4614 298
5098 -128
5289 -91
5268 -311
-5045 -293
5365 317
5163 -147
4953 -71
-5168 -230
-5361 263
4738 142
5123 232
-5070 262
-4629 -313
4855 -111
5029 169
5394 56
5282 307
-4792 69
-4832 292
-4680 152
-4683 155
-4875 146
4772 266
5119 -127
-4616 -139
-5350 -373
-4735 -108
4650 149
5067 38
5096 63
4910 103
4847 201
4839 231
-5082 113
-5399 -63
-4881 157
-4970 302
-5306 -310
4696 238
-5257 338
-5001 252
-4744 -262
-5118 -226
-4887 159
4966 397
-4918 -361
5012 53
5303 138
-5070 -236
5327 -259
5001 -211
-4948 361
4960 91
4681 -194
-5054 -166
-5358 20
-5224 43
-4646 -242
4712 316
-4908 -12
5240 266
4817 -243
-5145 179
-4609 223
-5172 -215
5044 -119
4887 87
5236 7
5239 356
4989 -133
5395 -365
-5309 -254
5286 -356
-5290 283
5160 169
-4662 279
-5287 -307
-4928 -125
-5192 84
-5012 -241
4850 -204
5281 239
5288 -374
5295 -11
5184 122
5081 144
-5060 -328
5251 359
4719 -381
-5190 279
-4748 -130
4672 120
-5151 -365
5271 391
-4629 -356
-4969 228
-4746 290
5259 -153
4733 183
-5032 -118
4626 143
4793 -392
5273 113
-5233 13
-4889 -334
5385 -167
-4852 -340
-5377 -170
4912 -20
-4921 282
5193 -212
-5087 4
4961 309
-4825 391
5260 89
-4969 -200
-4767 209
5321 168
5312 -306
-4820 -344
5058 -9
-5196 167
5132 -383
5148 -190
-5045 184
5180 -131
-4957 -374
5261 -138
4635 326
5200 -162
-5265 380
-4699 78
-5108 78
4772 385
4920 104
4858 -61
5005 71
-4940 391
5008 -202
-4819 -27
5347 296
4680 133
5059 351
-4605 382
5276 316
-4703 -126
5046 -361
-5162 -327
-4652 -380
5187 -137
4637 69
5123 374
5219 -74
-5099 304
5384 366
-4602 -345
-5311 -40
-4704 289
4921 291
-4659 -48
-4844 -33
-4843 -37
5359 144
-4992 214
5111 -181
-4923 -209
-4605 256
-4626 -374
4937 -153
-5345 386
-4616 -209
-5253 34
-4644 -60
5023 132
5100 -172
4920 67
-5394 250
-4651 -85
5298 319
-4958 -192
5250 -26
-4820 -197
-4630 -115
-5090 -56
-5119 -162
4690 19
-4703 149
5392 -39
-5097 229
-5029 -238
-4853 101
4615 -355
4711 -347
-5245 89
5309 -243
5132 215
4784 -100
5379 -126
4909 291
-5043 242
5040 129
-4723 363
5391 -138
4602 -303
4797 391
-4918 -8
4707 125
5046 359
-4811 -364
-4968 -202
5142 -282
5174 77
5157 316
-4690 238
4674 -302
-4806 273
-4879 128
-4608 126
-4736 -25
-4794 171
4724 81
5160 -68
-4741 -333
-4723 -150
-5299 -198
4883 111
-5258 -258
-4636 -208
-5376 -180
-4779 -324
-5009 357
5248 -40
-5400 334
-4981 -356
5319 -69
4907 43
-4842 265
5188 -223
-4956 201
-5367 -241
5379 -86
-5385 62
5130 344
-4738 -275
5126 -47
5072 -161
5149 -204
4851 -17
5009 64
-5258 292
5216 -122
-4799 86
-4953 43
4680 45
5396 71
4698 -351
4983 -388
-5016 -380
-5122 -104
4984 303
-4653 -177
4746 116
-4930 321
-4854 -274
-4672 98
-4898 367
4698 -30
5249 -73
5039 183
4718 -342
5377 -342
4672 -90
4997 -248
5309 -14
-4685 112
-5097 -290
-5394 372
-4938 79
-4982 84
4803 221
-5045 300
4922 -131
-5031 128
-5207 103
-4701 0
5131 -346
-4926 -58
5217 381
-5037 -359
5251 -161
5358 109
-4989 160
-4636 346
4601 142
4832 -354
-4609 110
-4651 -51
-5257 222
-5334 -40
5033 117
4907 273
-5357 -164
-4684 321
-4704 316
4687 323
-4944 -393
-4892 310
5028 -2
4888 -142
-4612 -284
-5367 94
4823 306
-5252 -68
-5193 221
-4898 368
4655 110
5298 -207
4653 333
4987 109
-4742 381
4975 -120
-5019 -74
-5085 219
-5297 -138
4651 -180
4969 96
-5030 259
4987 -188
4946 236
-5187 -55
-5245 74
4602 -42
4626 51
-5358 -339
-5362 -261
-4889 -145
4948 365
4626 -309
4946 255
-5182 164
4995 378
-4680 -211
5155 -41
5087 58
-4829 303
5204 -242
-5313 -296
-4955 66
4669 384
-5134 -235
-5131 100
4963 -155
-5028 -187
5290 173
5094 -39
4907 -119
5209 325
-5334 264
-5170 -358
4613 -309
-5356 350
4624 58
-5237 -397
4897 52
-4712 85
4766 -224
-5018 355
4945 236
-5387 -24
-5003 -26
4941 -259
-4837 340
-5366 -312
5242 -193
-5105 -51
5242 -87
-4968 -301
-5052 151
-4942 82
-4993 276
5398 332
4837 -261
-5221 53
-5105 111
-5151 -71
-4649 387
5357 -80
-4928 -23
4662 -372
5000 -192
5260 348
-4869 -288
4994 261
5131 -45
-4952 -160
-4914 -222
4861 -269
4678 -20
-5157 -134
-4686 287
5018 99
-4673 91
-5115 -253
-4808 -149
-4968 387
-5150 126
-5304 -85
5333 167
4774 137
-4706 -183
5328 111
5057 239
-4659 -62
4805 -125
-5236 353
-5076 150
5072 207
-4750 -95
-5297 134
-5358 -66
-4858 -234
-4630 -283
-4835 196
4742 173
4750 -274
-4797 375
-5166 226
4910 -304
-5391 -73
5326 369
4999 -387
5380 133
5179 262
4882 338
-4798 -326
-4898 -399
4722 2
-5016 -21
4890 369
-5038 -369
5181 175
-5171 327
-4706 68
5204 -141
4640 192
4691 74
-4809 -340
-4699 -315
4947 -250
-4661 179
4848 199
-5316 273
-5139 229
5054 350
-5165 385
-5308 -54
-5377 258
5140 -5
-5275 -290
-4828 -102
-4660 -317
-4684 -50
-4604 265
5011 -311
4703 -100
-5357 -277
-4817 58
4802 -69
4608 -77
4969 -91
5183 -337
-4843 47
-5212 -285
-4898 25
-4603 -182
5203 -100
-4837 291
5054 197
-4825 322
4740 -279
5186 121
5292 -155
-5037 -36
4975 -174
-4734 49
5071 -24
-4823 377
-5302 -119
4602 -87
-4770 -351
-4808 307
-4680 -150
-5400 190
-5235 99
5164 59
-5030 -297
4606 307
-4875 333
-5202 -41
4601 -219
-5227 397
-4725 -239
5315 -255
5316 321
-5274 -117
5330 -167
-4820 356
-5109 397
-5153 -375
5370 257
-5312 108