100
43 431 472
34 749 781
32 769 799
88 793 879
42 43 83
68 1 67
81 82 161
75 151 224
59 237 294
23 346 367
39 547 584
96 577 671
13 352 363
78 781 857
36 577 611
61 184 243
11 287 296
83 167 248
25 901 924
63 757 818
57 286 341
93 187 278
19 822 849
12 241 251
34 171 203
88 685 724
17 154 169
32 545 575
49 148 195
97 971 1000
44 661 703
57 172 227
100 301 399
73 207 225
69 1 68
63 379 440
11 903 912
99 199 296
21 1 20
92 553 643
90 811 899
38 951 987
55 771 824
21 85 104
10 491 499
47 377 422
33 529 560
28 533 559
49 197 244
12 997 1000
21 883 902
45 541 584
74 352 376
86 431 515
87 339 356
39 352 389
39 118 155
53 213 264
82 493 573
12 427 432
80 241 319
32 993 1000
91 1 90
89 713 800
75 676 749
15 136 149
94 377 469
88 177 263
41 780 819
84 85 167
17 460 475
93 652 743
12 181 191
46 783 827
70 631 699
20 781 799
79 947 960
70 911 979
39 235 272
94 95 187
92 645 735
57 457 512
17 375 390
41 575 614
84 757 839
74 445 517
79 949 1000
47 1 46
10 441 449
38 229 265
52 625 675
32 801 831
61 182 203
61 489 548
88 793 879
11 375 384
96 673 767
83 499 580
95 286 379
82 575 655