1000
12 88 118
17 273 288
84 504 512
92 921 1000
6 246 271
82 719 756
93 94 185
69 413 426
90 901 989
64 46 70
87 85 98
82 903 983
5 298 307
41 903 942
17 210 232
92 829 919
18 487 503
76 528 537
34 749 781
21 935 963
15 111 137
35 930 960
35 758 788
42 450 482
33 125 135
24 385 407
79 782 796
46 774 783
85 161 171
37 396 409
72 649 719
46 259 286
41 117 125
22 45 65
2 700 719
69 680 697
100 901 999
60 61 119
5 235 253
73 715 735
100 182 208
63 747 765
52 660 690
58 280 299
66 50 68
71 410 444
64 641 703
19 790 802
17 101 107
41 534 573
27 833 848
22 957 978
85 160 182
29 942 964
17 867 880
11 948 988
61 541 558
86 431 515
68 810 829
56 938 963
17 205 220
62 489 512
6 793 818
12 437 470
93 75 113
32 720 743
59 296 353
79 852 875
20 141 159
33 352 379
36 937 971
82 560 583
28 663 673
11 53 67
66 859 923
80 161 239
100 101 199
81 964 979
59 50 67
19 934 963
17 675 689
78 692 709
77 386 461
49 883 930
18 506 529
19 648 679
25 651 674
20 662 698
20 781 799
62 542 561
80 944 960
92 461 551
41 853 876
6 805 840
56 888 916
59 883 897
23 737 758
45 979 994
91 88 102
22 52 66
73 795 822
46 180 187
42 589 629
88 162 188
59 237 294
98 295 391
50 851 899
100 501 599
27 718 740
52 365 415
52 307 320
85 660 682
74 428 452
30 930 937
90 986 995
13 326 337
10 671 679
35 236 260
64 190 198
35 452 462
8 177 183
41 616 655
15 646 659
92 461 551
88 872 899
42 165 171
36 721 755
24 145 167
4 949 969
58 976 994
76 448 457
36 535 549
36 89 124
12 426 446
95 761 854
87 767 798
94 471 563
83 484 514
48 188 202
33 449 462
11 628 637
37 741 776
50 544 552
4 969 971
68 681 747
68 409 475
27 879 910
13 739 750
90 271 359
15 257 273
1 448 475
37 482 517
68 946 963
31 268 295
96 190 198
20 163 191
22 104 123
56 711 734
42 337 377
93 728 748
51 297 324
74 363 387
64 699 708
16 621 633
38 257 272
15 945 962
77 600 625
86 931 963
65 391 454
87 946 965
59 414 471
87 870 879
94 638 660
88 163 193
87 604 625
46 966 978
4 397 399
50 698 713
56 673 727
45 843 860
26 507 525
83 147 172
60 719 726
6 697 733
85 334 352
46 967 1000
80 317 333
95 854 861
77 764 785
56 841 895
9 197 224
26 243 271
75 734 768
98 275 308
26 893 917
14 477 489
45 388 425
91 86 111
22 539 555
37 254 265
10 398 400
64 945 976
78 541 548
21 190 209
9 836 864
27 217 242
67 202 267
19 949 958
64 65 127
6 619 623
48 765 788
27 251 283
69 829 896
79 238 315
90 347 375
71 561 585
17 61 82
66 454 467
8 209 215
79 69 97
32 801 831
90 618 630
96 670 687
22 111 131
96 480 493
65 513 536
64 513 575
48 325 343
34 983 996
11 243 252
79 949 1000
1 628 642
17 426 441
1 800 821
48 907 916
76 761 835
25 726 749
98 882 894
56 774 798
57 224 230
2 523 544
44 661 703
76 816 849
86 672 697
90 811 899
34 50 80
62 923 947
93 640 663
58 284 303
11 82 112
17 527 547
12 24 49
51 307 356
7 622 654
61 916 975
91 449 461
23 496 514
34 707 733
32 541 559
25 61 89
28 47 62
22 358 383
29 753 758
47 745 769
79 616 634
63 946 1000
44 564 590
87 246 277
69 189 209
44 835 852
79 857 877
94 367 393
82 227 260
43 429 436
42 127 167
56 841 895
15 1 14
62 247 248
14 304 327
50 889 903
17 543 562
50 992 1000
81 77 93
55 716 769
39 976 1000
17 321 353
66 777 809
47 834 866
81 887 910
86 87 171
43 325 344
54 916 934
64 701 713
82 559 592
95 286 379
42 203 220
85 851 934
16 785 799
39 312 323
25 46 61
6 665 670
64 941 961
92 1 91
24 63 74
44 748 765
55 221 274
66 781 808
36 109 143
80 68 80
37 573 606
1 808 830
52 32 57
93 727 747
28 113 139
23 323 344
27 649 674
54 325 377
91 545 548
60 537 556
40 560 564
10 160 184
58 807 819
41 903 942
36 322 325
46 1 45
20 61 79
56 437 449
25 526 549
2 170 193
94 753 845
96 181 211
96 561 595
43 247 278
25 639 660
50 801 849
66 377 400
47 189 234
2 972 992
31 679 692
19 27 48
72 570 586
4 985 1000
38 77 113
9 322 338
99 100 197
40 761 799
21 442 461
12 509 531
62 60 65
76 72 76
8 723 729
18 559 575
61 794 853
38 951 987
28 400 427
10 66 80
31 898 904
37 223 258
75 671 678
60 421 479
65 111 139
33 453 468
31 962 991
15 124 150
52 261 311
75 226 299
12 613 623
47 43 48
21 921 932
91 725 736
8 345 351
24 983 984
50 991 1000
31 280 309
48 181 192
15 473 490
10 151 159
95 947 959
73 570 587
39 703 740
68 262 290
35 907 923
64 641 703
100 589 605
54 757 809
91 619 648
62 993 1000
48 903 932
18 865 881
13 174 189
37 741 776
3 194 202
18 520 527
5 116 119
32 61 84
3 130 138
33 856 864
63 676 700
52 261 311
16 226 258
86 498 533
48 238 259
13 508 536
93 931 1000
49 637 639
98 295 391
94 274 295
47 278 284
63 883 944
89 704 732
1 918 937
56 215 243
97 662 698
57 457 512
22 187 217
31 244 261
18 667 683
24 401 411
43 988 997
81 973 1000
24 817 839
19 244 260
57 725 749
95 372 394
49 686 686
99 595 692
91 455 461
14 379 391
12 416 445
40 908 923
6 244 263
97 179 207
27 311 338
89 434 450
26 465 471
84 670 674
24 865 887
91 897 916
32 58 65
72 792 812
50 681 703
75 811 836
33 849 878
89 795 808
25 513 541
31 977 993
36 248 265
80 321 399
28 729 755
25 951 974
93 745 836
39 613 639
99 678 699
71 640 709
53 622 636
27 199 232
54 40 67
40 676 681
47 700 723
16 273 287
84 504 517
65 111 137
66 388 403
86 861 945
62 852 877
97 765 789
37 815 850
61 173 188
76 438 456
55 766 785
52 723 736
63 812 829
69 760 827
34 117 142
21 38 52
9 550 557
40 828 840
84 79 92
97 1 96
32 289 319
52 357 375
23 763 783
5 143 175
97 776 782
21 526 545
51 919 968
1 701 719
77 376 397
19 267 286
26 281 298
39 191 214
82 657 737
50 699 702
42 377 396
38 533 569
84 824 860
96 366 384
26 261 285
56 1 55
3 819 831
4 61 63
50 699 711
61 102 125
91 531 552
98 981 1000
53 194 231
87 871 956
69 333 354
37 575 602
9 559 588
17 819 851
96 664 682
76 985 990
3 946 955
11 780 781
63 127 188
21 142 155
6 528 542
22 231 246
2 891 891
47 988 1000
17 919 934
3 939 945
89 708 732
59 931 963
38 897 926
36 325 359
23 540 562
9 991 999
30 614 649
82 83 163
51 154 203
91 262 288
45 1 44
31 680 700
79 933 954
51 198 215
28 966 995
97 771 781
14 975 996
32 954 967
77 298 326
73 127 158
70 686 713
25 649 655
49 868 887
64 441 463
82 884 908
41 532 540
47 973 997
18 109 125
85 934 941
31 714 743
31 385 413
7 508 534
60 170 193
54 55 107
55 598 606
71 694 719
23 638 648
37 957 975
90 439 452
88 705 791
86 510 523
53 897 914
24 505 527
81 232 250
16 705 719
45 451 494
45 672 691
83 326 348
3 252 276
77 226 234
96 943 975
70 71 139
10 151 159
70 481 492
1 155 164
58 402 406
82 803 833
39 501 516
100 186 216
59 119 176
12 393 422
91 170 196
87 697 782
92 829 919
58 579 580
20 717 735
96 93 107
100 601 699
5 331 334
94 462 487
27 682 721
16 835 851
28 869 895
2 634 662
97 193 194
36 359 376
52 573 623
52 514 539
47 310 348
49 341 343
16 262 292
10 149 177
5 453 474
3 1 6
75 976 1000
38 400 426
63 816 827
94 363 394
28 253 279
47 324 337
56 498 505
51 613 662
49 327 361
73 653 667
16 951 960
98 274 302
88 865 889
87 958 1000
5 596 599
62 177 206
80 74 85
2 480 495
31 791 826
92 175 198
70 340 365
91 911 1000
92 915 940
36 33 38
72 287 288
52 925 951
51 195 223
75 226 299
94 460 479
84 169 251
40 190 215
90 978 994
92 624 654
88 785 803
12 169 179
21 617 648
85 426 509
53 266 317
14 512 544
84 158 180
61 853 865
29 1 28
91 729 818
16 481 495
60 899 903
93 834 849
21 198 215
77 289 315
17 351 362
33 515 529
63 496 515
73 944 954
30 991 1000
1 761 789
28 154 186
89 446 533
90 71 106
44 79 103
7 64 69
73 272 305
2 145 150
79 141 168
12 347 352
45 892 909
69 52 74
95 563 570
65 130 144
36 204 221
90 901 989
54 860 878
78 292 329
34 631 659
89 252 272
37 440 455
44 517 548
6 584 590
24 49 71
93 929 936
88 617 703
68 599 613
12 361 371
45 665 690
83 478 516
71 699 719
55 368 402
80 788 813
81 548 581
68 538 563
69 686 707
7 816 836
66 973 991
45 406 449
90 361 449
32 129 159
8 617 623
68 1 67
10 411 419
88 156 196
64 321 383
97 865 881
34 196 207
37 95 131
65 326 389
15 701 714
22 708 738
61 727 747
27 171 207
92 85 94
85 331 355
14 168 168
84 925 1000
87 259 264
95 286 379
65 456 519
33 838 868
11 441 450
99 298 395
27 757 782
96 385 479
83 400 427
8 309 329
33 793 824
45 573 591
85 240 272
92 902 936
87 856 875
83 81 91
29 508 531
66 661 725
8 697 703
45 986 1000
91 445 464
12 65 82
83 407 427
52 103 106
47 34 67
64 321 383
38 829 847
7 600 624
60 100 129
91 535 562
51 392 416
55 709 719
94 659 751
4 805 816
7 865 875
5 846 849
21 876 885
100 485 519
84 318 353
35 871 886
57 57 72
39 262 280
43 542 569
55 379 393
80 158 178
16 230 247
98 481 503
96 666 684
24 279 288
58 809 821
35 382 391
26 885 909
37 667 702
87 767 792
8 44 58
44 650 669
88 1 87
57 555 587
40 160 168
14 71 83
67 462 480
48 906 932
17 510 530
31 590 619
32 317 336
41 737 746
68 203 204
28 831 852
61 243 251
43 465 480
27 338 366
58 507 540
83 415 425
41 862 901
91 274 363
54 865 917
88 1 87
41 985 1000
27 749 775
82 722 754
86 82 100
15 496 510
85 666 680
27 568 593
58 233 289
59 709 766
4 285 287
63 804 825
91 352 366
51 43 68
38 892 931
60 836 846
51 460 509
16 273 287
6 954 973
21 890 905
90 167 197
87 599 623
97 273 308
94 833 860
30 931 959
71 278 302
80 392 415
18 55 71
93 1 92
90 83 102
88 617 703
61 367 426
9 856 863
93 187 278
28 29 55
56 484 520
3 106 135
89 253 280
10 394 429
48 865 911
25 76 99
44 512 545
61 670 675
48 316 350
93 734 755
26 667 682
48 239 251
76 525 545
71 492 507
1 908 930
24 53 88
64 885 916
7 554 559
91 362 369
1 620 635
5 606 639
98 383 398
2 767 769
90 537 559
82 165 245
38 34 54
73 856 895
13 456 467
27 838 863
3 652 688
82 889 911
91 89 94
88 781 795
40 147 164
13 365 376
6 400 415
8 479 511
17 834 866
45 986 996
61 609 628
32 908 935
28 560 561
67 800 817
74 355 379
17 549 566
69 346 413
23 606 623
38 976 998
55 991 1000
18 531 546
7 568 573
68 737 757
37 848 856
44 177 219
96 183 196
33 132 140
30 747 769
90 811 899
96 961 1000
56 92 113
15 928 947
69 956 971
21 274 293
41 650 676
25 470 494
9 855 874
90 708 733
38 792 817
29 319 328
16 459 474
64 822 847
86 775 859
97 768 789
16 982 998
70 479 509
34 119 137
30 481 509
27 791 830
9 714 737
80 637 642
68 137 203
38 445 476
14 911 923
24 711 735
66 595 659
69 406 426
90 444 459
62 231 265
70 557 562
5 783 813
69 346 413
39 664 701
81 568 647
89 974 998
75 881 920
95 458 479
2 655 655
73 220 291
47 792 804
14 743 755
49 142 160
53 98 113
87 516 532
34 905 938
78 781 857
4 247 272
19 84 99
64 499 519
76 835 840
62 993 1000
53 262 284
66 859 923
10 697 705
73 652 661
68 802 835
83 250 331
26 130 146
22 607 633
14 963 967
48 1 47
25 711 725
72 488 519
89 1 88
51 864 867
99 886 899
50 49 51
1 78 85
25 751 774
39 391 428
93 916 950
6 876 895
86 345 429
84 585 600
18 991 1000
82 228 264
10 440 479
98 391 400
9 580 598
43 456 474
42 799 839
12 522 542
30 421 449
65 974 984
81 809 827
83 823 843
68 880 886
70 349 365
32 536 559
12 890 906
40 473 500
5 709 720
44 787 798
30 256 279
75 376 449
28 309 335
75 75 94
60 115 136
3 28 29
36 486 508
64 449 511
50 944 961
77 540 615
38 191 227
5 671 674
61 969 995
26 819 834
68 747 748
25 934 966
37 482 517
37 727 749
79 554 631