10
65
8 5 2 9 9 0 6 9 1 9 3 2 5 4 6 1 6 7 7 4 7 8 5 1 0 4 4 6 4 1 1 0 8 9 1 7 7 9 9 8 2 2 9 9 9 7 5 6 2 3 6 3 6 6 1 1 9 4 6 2 4 3 9 5 2 6 3 1 4 9 6 8 8 0 7 6 0 7 1 8 5 5 3 3 0 0 4 7 1 5 4 8 4 5 9 1 5 9 8 1 8 7 0 5 3 0 4 0 7 1 7 5 3 6 6 4 7 7 1 2 0 3 6 5 5 2 7 3 6 0
3 8 4 2
111 010 011 011 110 100 111 101 111 010
110 000 011 101 100 011 100 011 111 001
001 111 011 011 010 001 111 000 011 110
000 100 011 000 110 101 101 011 000 111
111 110 000 100 101 010 110 100 101 111
001 110 011 100 110 101 010 011 011 101
010 010 011 000 100 111 011 110 110 101
010 101 111 111 000 010 001 001 011 010
001 001 011 100 000 000 101 111 111 001
001 101 000 001 001 101 101 011 010 101
