10
36
3 0 0 8 6 1 4 5 7 4 9 5 1 4 9 7 1 3 8 8 2 5 5 7 6 8 0 0 6 0 2 1 6 2 6 6 8 0 3 5 6 7 0 1 1 7 5 6 1 9 2 7 7 1 7 6 8 4 0 2 3 8 1 5 9 4 1 0 0 5 9 6
8 3 2 0
000 001 101 101 010 101 110 101 000 010
100 011 101 010 111 100 101 001 011 111
000 010 011 001 110 101 101 010 010 111
111 110 111 000 110 111 100 111 100 010
000 001 010 000 100 001 100 010 011 101
100 101 111 101 001 111 001 010 111 111
101 011 111 011 111 100 110 110 001 010
101 101 010 100 011 110 101 111 001 001
001 110 000 000 000 001 101 100 000 111
000 001 101 010 000 000 111 111 000 011
