10
84
8 9 3 7 5 3 5 4 0 8 4 1 1 2 0 4 4 3 5 2 2 8 5 8 1 9 9 1 1 1 0 3 4 5 4 6 8 6 8 5 9 4 1 5 1 4 3 8 1 7 7 7 1 8 0 5 9 8 5 0 3 5 1 6 0 0 6 5 2 0 7 6 7 1 3 2 6 7 6 9 5 5 2 4 7 5 2 5 9 3 6 3 4 7 7 2 6 4 8 2 7 8 9 0 4 8 6 2 9 7 7 0 4 9 3 0 3 9 0 1 1 0 2 7 0 2 4 4 7 9 9 2 2 2 7 4 0 7 0 9 1 3 6 1 8 7 9 5 6 8 0 6 6 0 2 1 9 6 4 0 5 9 9 9 3 6 8 3
8 0 2 3
001 010 100 100 001 000 101 101 011 001
010 101 100 110 001 111 100 110 000 010
001 100 000 000 001 010 111 010 001 010
000 001 001 010 100 010 100 110 101 101
000 011 100 101 011 000 100 011 011 001
101 110 001 111 111 010 010 111 001 110
010 001 111 010 110 001 111 100 100 101
101 010 000 110 101 011 011 011 110 100
000 000 011 010 111 100 111 001 100 100
001 110 000 111 011 001 110 111 110 000
