4 4 4 8
0.0247 -0.7862 -0.9638 0.6378
0.8202 0.3769 -0.5855 -0.9041
0.4936 0.9101 -0.3520 -0.2142
0.1461 0.9723 -0.2991 0.6974
0.4391 0.4281 -0.3479 -0.2720
0.2509 0.4346 0.3319 -0.3822
0.2050 0.2500 -0.2144 0.4209
-0.2383 0.0268 0.0210 0.3111
-0.3563 -0.1928 -0.4626 0.3048
-0.4990 0.4054 -0.3808 -0.2591
-0.1801 0.1613 0.4212 0.2783
0.4949 0.3118 -0.2037 -0.0903
0.0313 0.1798 -0.2059 -0.3602
0.0423 -0.0556 0.4210 -0.4701
-0.1751 0.3226 0.0906 -0.4642
-0.2753 0.1193 -0.0507 0.0554
-0.2133 -0.0970 -0.1780 -0.4505
-0.2373 0.0565 0.0935 0.1266
0.0341 -0.2798 -0.0286 0.1595
-0.2495 0.1096 -0.0574 0.2647
0.1180 -0.2911 0.0862 -0.0860 0.3960 0.4298 0.4979 0.2592
0.0185 0.0206 -0.0137 0.0954 0.0075 -0.4532 -0.3166 -0.2671
-0.1605 0.3498 0.2604 0.3485 -0.2144 -0.3570 -0.3706 0.0805
-0.1692 -0.2136 0.4924 0.4719 -0.2584 -0.0618 -0.0094 0.4468
0.0248 -0.0425 -0.0101 -0.0411 0.0797 0.0585 -0.0268 -0.0672
-0.2428 0.2635 -0.0751 0.4238
-0.2261 0.2974 0.2627 -0.3977
-0.1623 0.0299 0.2327 -0.3379
-0.0893 0.1964 -0.1261 -0.4511
0.3241 -0.1158 -0.3461 0.1094
0.1220 -0.1398 -0.0395 -0.1378
0.4380 0.3555 0.2437 -0.3406
0.4194 0.1906 0.1895 0.0214
-0.0418 -0.0159 -0.0634 -0.0601