6 6 2 12
-0.3083 0.0529 -0.7617 -0.5667 -0.8125 -0.2182
0.6473 -0.9422 0.5336 0.2326 0.7291 -0.3278
0.1651 -0.5512 -0.4865 -0.1696 -0.1411 -0.4165
0.0999 -0.9485 -0.0777 -0.3516 -0.9217 -0.1480
0.2654 -0.3900 0.1590 -0.4985 0.4239 -0.9415
-0.0080 0.3125 0.8628 -0.5995 -0.7611 -0.5300
0.3891 -0.2046 0.3742 0.0242 -0.3844 0.2828
0.2769 -0.3341 -0.2691 -0.3412 0.4771 0.0309
0.0371 0.3185 -0.2937 -0.3664 0.2118 0.0335
0.1701 0.1673 0.2158 -0.2374 -0.2869 -0.2113
-0.3459 -0.1025 0.4284 0.2290 0.2536 0.2591
-0.2338 0.1173 0.1868 0.0415 -0.3795 0.1542
-0.0554 -0.0774 0.1103 -0.3642 0.1020 -0.1524
-0.3418 -0.3534 -0.2301 -0.0921 0.4704 0.1493
-0.2683 -0.4963 0.0629 0.4261 -0.2972 0.4679
0.2021 -0.2071 -0.0503 -0.4556 -0.1284 -0.2041
0.0210 0.3200 -0.0629 0.3190 -0.1022 -0.3493
-0.4058 0.3192 0.3121 0.3178 0.4772 0.0418
0.1695 0.3196 0.0979 0.4320 -0.1225 0.0534
0.4520 0.2515 -0.4059 0.4841 -0.2777 -0.3583
-0.0999 0.1995 0.1454 -0.3757 0.1894 -0.4877
-0.0249 -0.3778 0.3895 -0.3636 0.0442 0.0979
0.4289 -0.2970 0.2605 -0.3541 -0.4776 -0.3249
0.2292 0.2660 -0.1053 0.1370 0.0792 -0.1181
-0.2822 0.1158 0.2426 -0.1549 -0.4903 -0.2361
0.4553 -0.2553 0.1172 -0.2906 0.3525 -0.0481
0.2531 0.2177 -0.1351 0.3550 0.2426 -0.3329
0.0891 -0.4889 -0.1363 0.0555 0.3429 0.0916
-0.1901 0.4491 0.0366 0.1711 0.4885 -0.0078
0.0932 0.0599 -0.1354 0.3606 0.4509 -0.2162
-0.2565 -0.0380 -0.4865 0.1603 0.3704 -0.4313 0.2463 0.2747 -0.0129 -0.3205 0.4137 0.4396
0.4587 -0.0753 0.3605 0.0540 -0.3113 0.3217 0.4777 0.2278 0.4531 0.1874 -0.0023 0.3086
0.4747 -0.2340 0.2358 -0.0758 -0.3715 0.4846 -0.4184 -0.1772 -0.0262 0.0857 -0.0653 0.4729
0.2833 0.1178 -0.3234 0.3194 0.2490 -0.2938 -0.1433 0.1525 0.0579 0.4609 0.1454 0.1242
-0.0176 0.4379 0.4612 -0.4461 -0.1585 0.3141 0.1965 0.1850 0.3571 0.3625 -0.3479 0.1027
-0.2567 -0.0830 0.4710 -0.1950 0.4632 0.4105 -0.2828 -0.0311 -0.2786 0.0446 0.1225 0.1179
0.0293 0.0085 0.0896 -0.0995 0.0692 -0.0497 0.0874 0.0831 0.0971 0.0469 0.0274 -0.0234
0.2515 -0.2773 0.3111 -0.4857 0.3500 -0.3221
-0.1816 -0.3705 0.4351 -0.1083 0.2809 -0.1016
0.4871 -0.1702 0.2140 -0.4994 -0.4753 0.2830
0.1019 -0.4891 0.1869 -0.1278 -0.4570 -0.2799
-0.2670 0.2031 -0.1512 0.1619 -0.3566 0.0601
-0.0298 0.0601 -0.3698 -0.4686 -0.1050 0.1398
0.0211 0.0937 0.0978 0.3334 -0.4430 0.4892
-0.0587 0.3207 -0.2533 0.1050 -0.0775 0.3446
-0.1686 -0.2166 0.2234 -0.2642 0.3696 0.1106
0.1010 0.3978 -0.3124 0.4724 -0.2326 0.4909
-0.2469 -0.0483 -0.1503 0.1602 0.4540 0.2921
-0.2281 0.4140 -0.0186 -0.2304 -0.4326 0.1504
-0.0007 0.0971 -0.0429 -0.0176 0.0313 -0.0413