8 8 4 16
0.3637 -0.4616 -0.9278 0.7025 0.9019 0.7873 0.5936 -0.2410
-0.0074 -0.7921 -0.8779 -0.0835 -0.5693 -0.4709 0.9271 -0.6089
-0.6352 -0.3279 -0.8253 -0.9690 0.9581 -0.4030 -0.4345 0.3674
0.7674 0.2996 -0.3938 0.9001 -0.8501 0.3264 0.4871 0.4068
-0.7426 0.6618 0.4298 0.7633 0.6304 0.2179 -0.5086 0.9190
-0.0466 0.7901 0.1811 0.8343 -0.0471 0.4958 -0.0418 -0.7165
-0.2298 0.8321 -0.9002 -0.1848 -0.7882 -0.1012 0.7788 -0.2463
-0.5617 0.5973 -0.6956 -0.3434 0.8177 -0.7170 -0.9609 0.9798
-0.3359 -0.1643 0.3668 -0.0256 -0.4089 0.2952 0.3581 0.3367
-0.1022 -0.4406 -0.3425 -0.3618 -0.4941 -0.3606 0.2429 0.3988
-0.4700 0.3881 -0.3237 0.3805 -0.4830 0.4366 -0.1983 -0.0570
-0.3862 0.4407 0.2190 -0.0728 -0.1163 0.1304 -0.4519 0.2921
-0.1058 0.4967 -0.2623 0.0108 -0.2771 0.3173 -0.4210 0.4627
0.0243 -0.0351 0.1279 -0.1537 -0.4762 0.3581 -0.3380 0.0876
-0.1615 -0.3419 0.1270 -0.4866 -0.2151 -0.2487 0.3003 -0.1818
0.1646 -0.3867 0.1428 -0.2053 -0.0557 -0.2782 -0.1762 -0.3438
-0.4203 -0.4991 0.1312 -0.4980 -0.4847 0.0524 0.1828 0.1667
0.1350 0.0414 0.3539 0.0215 -0.4919 0.3475 0.4963 0.2311
-0.3385 0.2106 -0.1672 -0.0341 -0.2359 -0.1849 -0.0245 0.1749
-0.2281 -0.2904 0.0202 -0.0865 0.1802 0.3927 -0.1164 0.4197
-0.2991 0.1222 0.2005 -0.3850 0.3523 -0.4821 0.0552 -0.4435
0.4657 0.0613 0.3910 0.0150 -0.0395 -0.0435 -0.4690 -0.3251
-0.4548 -0.0761 0.4753 -0.3669 0.3453 -0.4914 -0.4704 -0.3206
-0.3383 0.4427 0.4104 -0.3459 -0.0303 0.0206 -0.3022 0.2100
0.1498 -0.3455 0.1521 0.0162 -0.0024 0.4596 -0.2298 -0.0384
-0.1168 0.0471 0.0186 0.1673 0.2519 -0.3492 0.2405 -0.2685
-0.1046 -0.4034 -0.2575 -0.4990 0.2702 0.1141 -0.1280 -0.0347
-0.2333 0.1035 -0.0943 -0.2047 -0.0404 0.4484 0.1076 -0.4014
-0.1719 -0.3123 -0.2383 -0.2116 0.2630 -0.2773 -0.3141 -0.4429
0.3861 0.2239 -0.4937 -0.0974 -0.1100 0.4433 -0.0564 0.3410
0.4901 -0.2018 -0.3159 -0.1971 -0.4457 -0.1749 0.3989 0.3772
0.4809 0.0272 -0.2459 0.0520 0.0338 0.4187 -0.0644 -0.3257
0.4725 0.4314 0.4904 0.3725 -0.3119 0.0551 0.3405 0.4584
0.0834 0.4728 0.1548 0.3366 -0.0998 -0.2090 -0.1241 -0.4107
0.4668 0.2607 -0.0573 0.1952 0.2519 -0.1123 -0.1549 -0.2132
-0.1695 0.1806 -0.0204 -0.2484 0.1952 -0.2393 0.4919 0.4622
0.4781 -0.1829 -0.4278 -0.2463 0.3367 -0.4084 -0.4909 -0.2611
-0.2466 0.3253 -0.4211 -0.0199 0.2279 0.3888 0.4086 0.2681
-0.3440 0.1922 0.0411 -0.2990 0.2601 -0.3618 0.2202 0.4392
0.2183 0.0701 -0.2935 0.3644 -0.2218 0.0708 0.0326 0.4854
0.1219 0.2875 -0.2572 0.3036 0.2164 -0.1036 0.0009 0.4939 0.0596 0.3483 0.3659 0.4751 0.2848 -0.2469 0.2783 -0.2653
0.1215 0.1128 -0.4363 -0.3754 -0.0249 -0.3088 -0.1404 -0.3680 -0.2918 0.4429 -0.2693 0.4089 0.4568 0.3338 0.2339 -0.2722
-0.3980 -0.2882 0.0398 -0.2270 0.4866 -0.1816 -0.0506 -0.0732 -0.4192 -0.3454 -0.2997 0.4157 -0.3191 0.3526 -0.2236 0.1996
-0.0969 -0.4306 -0.3514 0.1578 -0.3420 -0.3206 -0.3985 -0.1076 -0.4509 0.1915 0.4524 0.4537 0.2363 -0.1371 0.4939 -0.1666
-0.0284 -0.4490 0.0305 0.3904 0.0412 0.3104 -0.2490 -0.2367 0.3892 -0.1402 0.1983 -0.0127 0.1342 0.0120 -0.4045 0.2457
0.0910 -0.3965 0.2832 -0.0343 -0.4329 -0.0127 -0.2849 -0.0251 0.0072 0.3804 -0.3007 -0.3440 -0.4632 -0.3192 0.4115 0.4302
0.1899 0.3018 0.2920 -0.0894 -0.2962 0.2236 0.1675 0.3411 -0.3250 0.1100 -0.0404 0.0191 0.0805 0.0069 0.1260 -0.3601
-0.3199 0.1218 -0.3752 -0.2478 -0.1057 -0.0981 -0.3818 0.4488 -0.3184 0.3232 0.3670 -0.3819 -0.3611 -0.4107 -0.2554 0.3273
-0.0249 -0.0149 0.0058 -0.0497 0.0838 0.0147 -0.0200 -0.0168 0.0900 -0.0013 -0.0312 0.0573 0.0129 -0.0166 0.0257 -0.0965
0.4710 0.4668 -0.4175 0.3758 0.3843 0.2852 0.2170 -0.0326
-0.4700 0.1460 0.4894 0.4381 -0.0997 -0.4432 -0.4047 -0.0908
-0.3811 -0.1948 0.4282 -0.3508 0.3103 -0.3311 0.0293 0.2326
-0.1769 0.2984 0.4267 -0.0510 0.2611 -0.4270 -0.2239 0.0759
-0.3561 -0.1631 0.1972 0.1690 0.4845 0.1926 0.3051 -0.3013
-0.4845 0.3268 -0.3055 -0.2967 -0.3501 -0.1699 0.3008 0.4674
-0.1079 0.2171 0.3176 0.1997 0.3216 -0.3038 -0.4278 -0.0825
0.1355 0.1727 -0.0483 -0.0955 -0.0336 -0.0225 -0.2230 -0.4647
-0.0922 0.4671 0.3273 -0.2607 0.3382 -0.3045 -0.1212 -0.3156
0.0536 -0.4306 0.3292 0.1589 -0.1675 0.1379 0.0560 -0.1896
-0.3066 0.2511 0.2875 0.1845 -0.2944 0.2543 -0.4153 -0.1372
0.3863 -0.4431 0.4327 -0.0067 0.3761 0.1265 -0.0850 -0.0496
-0.2893 0.3398 0.4582 -0.1049 0.4428 0.1267 -0.0140 0.3477
0.0172 -0.0399 0.0983 -0.3530 -0.3724 -0.0564 -0.0106 -0.4780
-0.3285 -0.3311 0.0536 -0.1153 0.4039 -0.4993 -0.1213 0.2285
-0.0518 -0.0619 0.3166 0.2883 -0.0223 0.2645 0.2772 0.2251
0.0428 0.0409 0.0546 0.0563 -0.0227 -0.0607 -0.0926 -0.0122