78 32
8 7 7 9 1 5 9 4 4 9 2 2 7 9 7 5 9 7 7 6 8 4 7 4 6 6 8 2 8 7 8 5
5 2 1 1 8 5 7 6 5 4 4 5 8 2 7 8 7 2 6 3 3 3 7 7 4 1 8 8 4 7 3 2
9 3 8 7 2 1 8 4 4 1 4 3 9 8 1 6 7 5 9 6 6 3 8 1 4 1 2 2 3 3 6 7
7 5 5 2 2 1 7 2 1 7 7 2 3 3 8 7 5 6 5 6 1 6 5 1 9 1 9 8 2 5 4 2
3 1 9 3 2 5 1 7 1 4 1 2 1 6 3 5 2 1 3 2 2 2 1 9 3 9 2 6 2 9 7 3
5 8 8 1 9 7 3 4 9 1 2 6 7 6 3 7 8 8 6 9 8 8 8 2 9 4 3 1 2 1 9 5
6 1 3 1 2 5 2 9 9 1 5 7 5 7 1 5 3 8 8 8 9 6 2 4 8 7 4 9 1 6 7 9
2 1 7 2 2 2 2 2 1 7 2 5 3 7 6 4 1 5 4 5 1 7 5 1 3 2 7 7 4 4 3 5
7 7 5 9 5 5 2 8 1 9 6 8 6 6 5 4 6 1 6 4 6 5 2 8 5 1 7 7 3 3 9 1
5 2 2 7 9 5 6 7 6 1 7 5 2 5 4 8 2 1 1 9 5 4 9 8 5 9 5 2 2 6 5 7
6 7 8 1 5 3 6 1 1 2 5 4 9 5 9 4 5 1 8 5 2 4 9 4 8 7 5 5 6 9 1 8
9 2 5 3 5 1 5 6 6 1 5 1 3 1 3 4 4 2 1 5 7 8 9 7 4 1 2 7 5 4 6 3
8 8 1 4 5 3 3 5 1 5 9 1 6 8 8 3 5 1 5 9 4 1 4 7 2 1 7 6 2 7 4 5
9 8 7 7 5 4 8 3 2 2 5 9 8 6 6 3 8 3 5 7 7 1 8 5 5 8 8 4 1 7 1 9
3 7 5 2 6 2 1 6 5 1 4 1 2 2 4 6 6 5 9 2 4 1 1 9 2 9 8 8 9 4 4 8
9 2 5 7 4 6 6 3 4 5 4 7 1 5 3 9 7 9 2 1 9 7 7 6 8 6 3 6 7 8 9 7
6 9 7 3 4 5 7 5 7 7 5 9 9 8 9 7 7 6 1 1 1 4 4 6 1 8 5 4 1 3 4 5
7 1 6 4 9 2 1 7 5 5 9 1 1 4 6 5 1 6 9 9 1 1 8 9 9 9 5 6 2 2 6 4
7 4 1 9 9 8 8 5 2 8 7 8 4 9 9 2 9 7 2 4 4 4 7 6 5 4 5 9 1 1 2 3
6 4 5 3 4 2 7 7 2 2 8 4 6 9 2 4 3 1 7 8 7 7 1 7 5 8 3 7 9 9 9 2
3 5 3 9 9 7 3 6 8 9 6 5 5 4 5 7 7 9 9 5 1 2 4 9 7 1 6 9 4 3 7 5
3 1 4 4 7 3 2 1 1 7 2 7 3 9 7 6 1 7 3 2 7 1 8 1 2 1 9 9 1 4 5 4
1 2 3 7 1 9 7 3 4 4 7 8 2 9 2 6 5 8 9 6 4 1 1 5 4 8 2 9 8 4 9 3
9 3 5 3 1 6 9 7 7 6 5 3 9 8 8 8 1 3 4 2 7 7 1 9 1 6 9 8 2 7 2 6
9 7 3 1 3 7 2 5 2 9 7 5 4 6 9 7 7 6 9 8 9 1 6 7 8 7 1 3 5 7 9 8
6 6 1 2 3 6 4 9 6 9 7 1 8 3 7 9 1 9 2 7 4 9 1 4 3 2 5 3 9 3 5 4
7 4 2 4 4 1 2 8 3 6 8 8 7 4 5 1 6 5 4 3 9 6 9 9 7 2 8 7 3 2 4 1
5 3 3 4 7 5 3 3 6 1 4 3 9 1 5 7 4 7 2 7 4 4 7 7 1 8 3 9 2 4 2 6
1 3 7 2 1 1 5 1 2 4 9 3 4 1 9 8 7 8 1 4 1 6 1 6 2 9 4 5 3 9 6 6
2 9 3 2 1 6 7 2 1 9 7 1 6 7 4 8 3 8 5 1 5 2 5 8 7 9 4 8 5 3 8 2
7 4 4 1 3 7 8 7 3 3 3 1 1 5 8 9 4 1 3 2 5 7 6 9 1 2 1 3 3 8 1 2
1 6 6 9 7 4 7 1 6 1 2 4 6 7 9 1 7 8 8 8 2 1 2 1 3 2 5 3 9 2 5 4
5 2 6 6 7 4 3 9 7 2 7 8 6 4 1 3 2 1 9 8 9 6 8 4 4 3 8 6 6 9 2 3
9 2 1 1 6 2 5 3 8 6 6 7 5 2 8 5 7 4 2 9 4 5 2 2 3 6 9 4 2 4 5 5
3 6 7 4 4 7 2 1 1 3 4 5 8 2 4 2 3 7 3 5 6 9 3 3 2 9 1 8 8 2 5 6
1 8 3 7 8 1 5 6 5 8 8 8 9 3 7 5 9 1 1 4 6 8 4 5 6 7 3 7 6 9 7 1
7 2 5 2 7 2 6 1 5 4 3 8 9 1 9 5 2 8 4 5 1 6 8 9 4 8 7 5 4 8 3 8
3 2 2 2 4 7 4 4 7 8 7 9 4 9 8 1 9 2 8 8 6 4 3 9 6 9 6 3 4 5 8 5
6 6 1 1 8 6 9 3 6 7 7 1 4 5 1 4 2 1 4 9 5 2 6 6 8 4 2 3 9 6 3 7
8 4 3 1 4 1 7 1 8 1 9 4 8 6 3 9 4 6 9 5 8 9 6 9 5 4 8 3 1 2 5 9
8 3 3 1 3 5 5 9 3 9 2 7 3 2 9 7 8 3 3 2 6 3 4 8 7 4 5 4 7 8 6 7
3 1 4 3 7 7 7 9 6 5 4 9 5 2 2 1 8 8 5 1 5 6 9 3 5 6 7 1 4 2 5 3
1 5 5 4 4 3 5 5 3 2 2 9 4 9 3 7 4 3 5 9 7 7 1 8 6 4 8 6 5 3 1 8
2 4 2 5 6 9 3 9 3 7 6 2 2 9 3 9 1 2 1 8 7 3 8 4 7 9 2 9 2 7 4 5
1 3 9 8 3 5 2 6 6 4 5 3 6 6 9 2 5 1 6 9 4 2 6 1 9 8 3 1 5 2 8 4
2 2 6 6 2 3 5 1 1 6 8 7 4 9 2 5 8 3 9 4 6 8 9 7 5 8 4 2 1 3 9 3
7 7 4 9 3 1 7 1 9 9 4 1 7 4 6 4 2 1 2 2 7 4 6 6 4 6 3 7 4 2 3 2
6 5 2 5 3 6 3 1 7 6 4 2 1 4 4 5 4 9 5 9 5 3 2 1 1 4 2 8 8 9 9 7
6 3 2 3 9 1 5 7 4 1 7 6 9 8 3 1 3 3 1 8 6 1 3 2 9 2 6 8 7 7 2 7
2 1 7 9 9 6 9 2 6 8 5 3 4 3 4 8 9 3 9 3 4 7 6 2 6 4 3 3 4 1 8 6
7 8 8 2 2 6 8 1 3 5 7 3 7 1 7 6 7 5 5 9 1 8 2 7 6 2 7 9 8 4 7 1
2 9 7 6 7 5 9 2 7 8 5 4 4 1 2 1 7 4 9 3 6 7 6 2 1 6 7 9 3 8 7 1
6 8 8 7 5 9 8 1 1 6 2 6 2 9 6 8 4 6 5 9 8 5 6 9 5 2 7 4 2 8 4 3
5 9 4 6 9 7 9 2 3 3 7 5 2 5 7 2 5 3 4 1 2 7 2 2 1 9 5 8 2 6 8 6
3 2 5 8 3 8 7 1 2 8 3 8 8 2 9 8 3 3 2 9 2 7 1 9 2 9 7 1 5 4 8 6
4 2 9 5 3 4 4 1 2 9 3 9 8 2 1 8 8 7 1 6 5 3 3 4 6 4 3 2 2 6 3 6
4 3 7 6 8 5 1 3 6 1 9 4 2 8 6 6 2 4 6 1 5 2 7 4 1 7 8 9 9 6 1 2
4 3 5 3 3 9 6 9 6 7 6 6 8 7 4 9 6 3 1 4 6 6 4 7 9 6 3 4 6 2 4 6
7 1 6 2 3 9 7 1 1 1 5 6 5 8 3 3 1 4 1 5 4 6 1 2 8 5 4 2 4 1 2 2
1 6 4 4 4 7 5 5 6 2 2 7 8 8 7 2 3 5 1 9 7 5 3 4 4 7 3 6 5 4 3 8
1 9 7 6 1 6 2 3 5 9 7 9 1 8 7 7 5 7 5 6 2 7 6 9 5 8 4 5 9 2 8 7
9 6 8 3 6 1 1 2 2 1 8 4 4 2 1 4 6 9 9 8 1 1 5 3 9 3 2 3 5 7 3 9
4 9 5 8 5 1 7 5 7 9 7 7 5 2 8 1 1 6 1 2 2 2 7 9 9 2 3 1 5 5 2 9
5 7 2 1 8 2 4 4 7 2 2 7 2 2 6 1 1 2 3 3 7 1 7 9 9 5 9 4 4 3 3 8
8 3 6 1 9 8 5 7 6 6 6 4 7 2 6 3 9 3 7 9 1 8 5 7 5 3 8 1 3 6 3 2
4 3 4 2 2 7 5 4 1 3 5 1 6 7 5 6 6 5 6 7 8 6 5 9 6 8 4 3 9 5 7 5
1 2 2 5 4 6 8 4 9 3 4 1 5 2 6 5 6 3 8 7 1 1 7 3 7 7 5 1 8 1 8 4
9 6 8 1 7 6 1 1 2 1 1 2 6 4 5 2 5 9 1 8 8 6 6 9 1 5 5 3 7 4 8 1
1 7 2 7 5 7 1 5 5 7 9 5 1 7 8 7 5 4 2 9 7 9 3 2 7 9 3 6 6 1 9 7
1 4 8 6 4 4 7 7 5 2 9 3 5 8 1 9 7 7 1 8 6 1 5 4 7 2 3 6 6 6 7 9
2 2 6 3 5 2 2 4 3 1 6 7 9 1 9 1 9 5 3 4 4 8 2 6 5 9 6 2 3 6 4 5
8 9 5 5 6 4 9 8 8 4 7 8 3 5 9 4 7 4 9 2 6 8 9 9 5 7 5 5 4 1 5 6
6 6 3 9 6 1 7 3 2 2 1 6 2 8 8 3 4 5 8 7 7 8 3 2 1 9 2 1 1 9 3 8
1 7 1 9 1 1 9 7 6 6 6 6 3 4 4 8 3 5 9 5 7 9 6 4 9 9 3 2 7 3 5 5
8 3 5 9 2 4 8 5 6 1 8 9 5 2 3 7 3 9 3 8 8 4 3 9 2 8 7 3 8 5 4 7
9 9 8 4 2 4 8 2 4 4 8 9 2 7 5 3 9 8 7 1 5 2 1 9 9 1 2 1 4 3 8 7
1 4 9 3 5 5 8 9 8 7 5 5 8 7 4 2 9 8 4 2 4 3 4 6 9 8 8 6 6 9 1 6
5 4 8 8 4 1 5 2 7 5 7 7 4 6 3 3 5 5 3 4 7 8 8 6 1 4 5 2 1 5 9 2
0 1 0 6 0 12 0 13 0 14 0 15 0 20 0 30 0 31 1 3 1 4 1 10 1 11 1 12 1 17 1 19 1 21 1 25 1 29 1 30 2 4 2 5 2 6 2 10 2 12 2 18 2 23 2 24 3 2 3 4 3 11 3 16 3 20 3 22 3 23 3 24 3 30 4 0 4 8 4 13 4 16 4 18 4 20 4 21 4 22 4 25 5 0 5 11 5 13 5 14 5 15 5 16 5 17 5 19 5 25 5 26 5 27 5 28 5 31 6 0 6 1 6 2 6 3 6 4 6 8 6 9 6 14 6 23 6 24 6 26 6 27 6 30 7 0 7 6 7 10 7 14 7 19 7 21 7 22 7 25 7 26 7 28 7 29 8 4 8 6 8 7 8 10 8 14 8 17 8 21 8 25 8 28 9 1 9 2 9 5 9 9 9 13 9 18 9 19 9 24 9 29 10 5 10 7 10 9 10 10 10 12 10 15 10 18 10 24 10 31 11 3 11 4 11 5 11 6 11 12 11 19 11 22 11 25 11 26 11 27 12 0 12 2 12 8 12 11 12 17 12 23 12 27 12 31 13 2 13 4 13 7 13 12 13 20 13 28 13 29 13 30 13 31 14 3 14 6 14 9 14 15 14 19 14 26 14 27 14 28 14 31 15 7 15 8 15 9 15 11 15 13 15 19 16 5 16 6 16 7 16 8 16 19 16 21 16 24 16 30 17 2 17 5 17 7 17 9 17 10 17 15 17 17 17 20 17 23 17 24 17 26 17 27 17 28 17 31 18 0 18 2 18 6 18 8 18 13 18 15 18 18 18 22 18 30 19 0 19 1 19 2 19 6 19 10 19 15 19 26 20 0 20 3 20 15 20 20 20 24 20 25 21 11 21 26 21 27 21 28 21 31 22 4 22 5 22 9 22 13 22 18 22 19 22 21 22 23 22 28 23 0 23 6 23 7 23 13 23 14 23 15 23 18 23 24 23 27 23 31 24 0 24 1 24 2 24 6 24 10 24 18 24 25 24 31 25 2 25 7 25 8 25 15 25 16 25 22 25 30 26 1 26 7 26 13 26 19 26 23 26 25 26 26 27 0 27 2 27 6 27 12 27 13 27 14 27 18 27 21 27 24 27 30 28 4 28 5 28 20 28 22 28 31 29 0 29 1 29 3 29 6 29 11 29 12 29 16 29 18 29 20 29 24 29 27 29 29 30 6 30 9 30 12 30 13 30 25 30 26 30 27 31 5 31 11 31 16 31 17 31 21 31 25 31 29 32 2 32 5 32 6 32 11 32 14 32 15 32 17 32 19 32 20 32 23 32 28 33 10 33 11 33 14 33 16 33 18 33 21 33 22 33 24 34 10 34 12 34 19 34 21 34 22 34 23 34 27 34 28 34 30 35 14 35 16 35 23 35 25 35 28 35 29 36 0 36 1 36 2 36 4 36 5 36 6 36 11 36 12 36 14 36 16 36 21 36 22 36 24 36 26 36 29 37 1 37 7 37 12 37 16 37 25 37 31 38 7 38 8 38 14 38 16 38 21 38 22 38 29 38 30 38 31 39 0 39 1 39 2 39 4 39 6 39 11 39 15 39 20 39 21 39 22 39 25 39 26 39 27 39 29 40 5 40 8 40 11 40 15 40 26 40 27 40 31 41 4 41 5 41 9 41 10 41 11 41 20 42 2 42 7 42 18 42 21 42 23 42 27 42 28 43 2 43 3 43 5 43 7 43 8 43 10 43 11 43 12 43 14 43 15 43 17 43 18 43 26 43 27 43 28 44 4 44 7 44 10 44 13 44 16 44 24 44 26 45 2 45 6 45 17 45 23 45 26 45 27 46 6 46 7 46 11 46 12 46 15 46 22 46 25 47 1 47 8 47 9 47 10 47 14 47 19 47 20 47 22 47 24 47 26 47 28 47 30 47 31 48 4 48 7 48 8 48 12 48 17 48 20 48 22 49 1 49 4 49 5 49 6 49 7 49 10 49 13 49 16 49 18 49 22 49 23 49 25 50 5 50 9 50 10 50 14 50 15 50 16 50 21 50 22 50 27 50 30 51 5 51 9 51 11 51 14 51 17 51 18 51 21 51 25 51 29 52 2 52 3 52 4 52 10 52 14 52 15 52 17 52 23 52 24 52 26 52 27 52 28 52 29 53 1 53 3 53 10 53 11 53 13 53 24 53 25 53 26 53 27 53 28 53 30 53 31 54 1 54 2 54 8 54 10 54 15 54 22 54 23 54 28 54 31 55 0 55 4 55 8 55 17 55 19 55 21 55 23 55 26 55 27 55 31 56 1 56 3 56 13 56 16 56 17 56 18 56 19 56 20 57 2 57 6 57 7 57 9 57 12 57 14 57 19 57 21 57 23 57 24 57 25 57 27 57 28 57 29 58 1 58 4 58 5 58 8 58 16 58 18 58 19 58 24 58 26 58 28 58 31 59 3 59 7 59 9 59 16 59 18 59 21 59 23 59 26 60 0 60 1 60 4 60 13 60 18 60 30 61 2 61 5 61 6 61 10 61 12 61 20 61 24 61 27 61 28 61 31 62 4 62 8 62 13 62 20 62 23 62 24 62 26 62 30 63 0 63 2 63 5 63 7 63 15 63 27 64 0 64 3 64 8 64 10 64 12 64 15 64 16 64 18 64 20 64 21 64 26 64 28 65 0 65 1 65 2 65 7 65 10 65 12 65 14 65 16 65 19 65 23 65 25 65 26 65 27 65 28 66 7 66 9 66 10 66 11 66 12 66 13 66 14 66 15 66 19 66 21 66 23 66 25 66 26 66 28 66 31 67 8 67 29 68 8 68 9 68 10 68 11 68 12 68 15 68 20 68 22 68 24 68 28 68 31 69 0 69 2 69 5 69 7 69 12 69 13 69 20 69 22 69 29 69 30 69 31 70 0 70 4 70 6 70 14 70 16 70 18 70 24 70 31 71 1 71 3 71 4 71 5 71 10 71 21 71 25 71 28 72 9 72 10 72 13 72 21 72 22 72 23 72 25 72 26 72 29 72 30 73 3 73 7 73 8 73 10 73 13 73 14 73 15 73 18 73 21 74 1 74 2 74 3 74 13 74 15 74 18 74 24 74 29 75 3 75 4 75 5 75 6 75 13 75 17 75 20 75 22 75 24 76 0 76 3 76 11 76 14 76 16 76 22 76 25 76 26 76 31 77 5 77 11 77 20 77 30
73 6