83 95
7 9 3 5 2 1 4 4 7 2 4 4 2 5 1 6 1 3 2 3 9 5 4 8 4 4 8 9 1 3 8 1 1 4 4 5 4 8 3 4 2 4 2 1 4 1 6 8 8 2 3 8 8 6 9 7 1 4 8 5 6 7 9 1 1 4 3 2 2 7 2 9 7 9 4 4 1 3 6 3 5 9 6 3 7 4 6 2 8 9 8 7 6 2 7
2 7 5 5 1 5 3 8 1 2 3 2 8 3 1 4 7 6 6 3 2 3 5 7 1 6 5 9 5 7 5 3 3 3 3 8 3 6 7 1 7 9 2 6 9 4 6 2 8 6 2 8 9 1 6 4 6 8 1 8 1 3 5 2 1 3 5 9 4 3 7 5 9 3 8 1 6 7 2 6 3 4 2 6 4 1 6 9 6 8 6 6 9 8 8
5 9 5 2 4 2 9 9 9 5 9 1 6 1 7 6 8 4 6 2 2 4 6 8 7 9 9 3 2 4 2 4 9 2 7 3 2 8 3 5 2 2 9 2 6 2 2 1 8 4 6 7 9 6 1 1 9 2 6 4 6 8 3 8 9 4 6 1 6 2 2 1 4 7 5 6 1 2 7 9 4 7 6 5 5 8 3 1 3 9 9 5 7 1 7
8 2 4 6 1 1 3 6 2 1 5 3 1 7 6 9 8 7 6 8 8 3 4 4 1 8 7 2 3 1 5 7 4 8 6 7 7 8 7 4 9 4 2 1 1 5 6 2 2 8 8 9 6 2 1 6 8 3 4 5 4 2 6 8 2 8 9 1 7 3 3 8 1 2 9 9 5 1 3 5 1 7 6 3 3 4 9 7 3 8 4 9 9 6 7
7 6 5 3 1 9 8 6 5 2 5 3 5 5 5 6 5 1 7 8 5 2 1 6 4 6 4 8 5 1 3 2 2 7 7 6 5 5 8 9 3 1 4 2 2 3 6 7 2 5 8 1 6 8 4 9 3 5 2 4 5 7 6 1 7 2 8 6 4 5 8 8 8 5 8 8 1 2 6 3 7 6 2 3 6 2 5 2 4 7 7 2 6 7 5
5 7 3 1 7 1 4 2 6 1 1 9 4 4 5 1 4 4 1 2 8 1 1 9 1 7 3 8 1 5 4 5 5 2 2 5 8 2 4 6 4 3 7 9 4 7 2 4 3 2 1 9 5 6 5 6 9 3 4 1 4 5 5 8 8 1 5 5 2 4 4 3 3 7 1 7 1 8 7 4 9 7 6 7 4 3 7 1 4 4 3 1 2 2 2
8 2 9 5 5 3 1 3 4 2 1 6 7 7 8 5 4 5 6 4 9 1 3 3 5 2 6 1 5 6 1 1 7 6 2 1 4 2 5 7 8 4 6 4 9 3 1 3 3 7 2 6 8 6 4 5 5 7 9 8 1 1 3 7 1 3 2 9 1 3 4 1 8 3 3 8 7 3 3 4 4 6 5 5 8 3 4 2 4 9 4 1 7 4 9
3 2 2 5 5 5 6 7 6 6 9 7 4 5 9 2 6 7 6 6 4 4 9 3 3 5 8 6 8 9 2 9 5 5 2 5 5 4 3 9 6 4 7 1 2 3 8 3 2 6 4 9 6 7 7 5 6 3 1 1 8 7 6 1 8 4 1 3 6 8 8 5 7 4 4 9 6 5 9 8 8 3 6 9 2 6 4 8 5 4 7 1 8 1 4
2 1 8 6 4 3 7 4 1 7 6 2 2 2 6 7 9 6 1 7 2 6 3 7 3 1 2 9 6 6 5 9 8 5 7 4 8 1 4 6 9 6 8 7 2 8 9 1 3 7 1 7 1 3 5 3 9 1 5 8 5 3 2 7 1 9 1 1 6 8 4 1 6 3 1 9 1 9 9 9 4 2 7 4 9 8 5 8 6 8 6 6 4 1 9
3 3 9 3 9 4 6 3 2 5 9 7 3 1 9 1 3 9 5 5 4 2 1 2 7 8 4 5 6 7 1 8 9 2 8 1 5 4 5 6 5 7 1 2 7 6 8 6 7 7 1 8 9 8 1 1 3 8 6 4 1 6 1 9 1 1 2 1 8 2 8 2 5 6 1 1 3 6 2 4 4 1 6 9 9 5 7 8 1 9 6 4 4 9 5
1 6 1 8 2 4 5 8 4 1 4 7 4 7 2 9 9 2 2 9 5 5 8 4 2 9 9 6 9 4 4 3 5 5 9 7 6 7 5 4 3 7 3 9 3 1 4 2 6 2 2 3 7 2 6 7 6 2 7 1 8 4 7 5 2 1 2 8 7 4 3 1 3 3 9 5 6 6 5 6 2 6 6 5 4 7 2 9 2 7 4 6 9 8 9
1 2 9 6 5 9 7 6 9 4 7 9 7 3 6 7 2 3 7 4 2 1 4 9 1 4 5 7 7 1 1 4 4 9 8 1 2 3 1 5 7 3 1 9 8 7 8 9 9 6 7 6 5 2 3 8 9 3 5 2 5 9 3 6 8 4 4 7 1 4 7 8 3 7 8 9 4 7 3 1 4 7 8 3 4 4 2 7 4 6 2 9 1 7 6
6 1 8 5 3 4 3 4 4 3 8 1 9 8 7 9 3 4 7 2 7 4 4 9 2 9 2 3 5 4 8 2 5 7 6 4 3 6 8 5 5 8 2 9 6 1 6 3 4 2 8 4 2 5 8 4 5 7 9 4 4 1 7 6 6 7 1 4 1 9 1 6 7 2 8 3 6 1 8 1 9 9 3 5 5 9 5 7 1 4 9 8 5 4 9
2 9 4 2 9 8 5 7 9 8 6 6 4 1 8 5 8 3 1 8 3 6 8 1 1 6 6 8 2 1 1 1 2 2 5 6 3 3 5 2 8 7 7 7 4 3 6 8 2 8 1 2 4 7 7 4 2 9 3 1 5 6 9 3 7 9 8 7 5 3 7 3 3 1 9 2 7 9 8 2 1 1 7 5 3 6 1 1 1 6 1 3 1 7 2
4 9 5 6 7 4 2 5 1 4 3 5 8 4 8 1 9 3 1 8 4 5 8 5 3 3 8 5 8 8 6 6 2 6 9 7 3 2 1 8 6 9 4 8 8 5 3 9 4 4 2 3 1 5 7 2 5 6 6 6 5 9 5 6 8 8 2 8 7 5 3 6 3 1 5 6 3 9 5 5 9 2 6 6 4 4 7 7 8 6 1 2 6 1 1
8 4 3 9 3 6 2 3 8 9 3 3 7 3 5 5 7 9 9 6 7 3 4 4 6 2 5 4 5 4 1 2 6 2 6 6 7 4 8 9 9 8 3 3 8 1 9 2 6 1 9 9 4 1 7 7 3 6 1 3 6 7 8 9 8 4 5 4 9 8 9 5 4 4 8 9 5 8 9 7 5 6 9 2 1 7 3 9 9 9 3 9 1 1 7
8 5 3 4 3 1 4 2 9 5 8 2 1 5 8 1 9 2 2 5 7 7 3 9 7 5 5 5 3 3 7 3 5 5 1 6 2 9 7 6 5 3 3 7 6 5 2 7 5 2 2 4 7 2 9 8 6 6 8 5 9 4 8 2 1 2 3 7 6 1 4 7 6 5 2 1 3 9 5 3 8 1 5 1 3 6 8 2 9 3 5 5 6 9 6
3 7 8 8 6 8 8 3 5 9 2 8 8 6 7 7 2 1 2 3 8 1 3 3 9 1 7 4 4 7 1 6 3 2 2 6 6 2 8 1 3 6 5 6 6 5 5 4 4 1 3 6 3 5 5 5 5 5 1 7 1 9 1 2 9 2 7 5 6 4 7 4 8 7 9 9 2 2 6 1 1 8 9 8 4 1 9 6 4 2 9 6 9 6 2
6 5 8 5 5 7 3 6 1 1 2 1 4 5 4 9 8 1 5 4 9 4 8 4 9 9 5 8 4 8 2 9 3 8 7 3 5 6 3 3 9 7 5 4 2 3 5 1 3 6 7 4 4 3 6 6 1 3 8 5 1 3 1 3 8 8 3 4 5 2 5 2 9 8 1 7 1 6 1 3 9 3 3 5 2 1 9 7 1 7 2 8 3 6 5
6 7 3 7 3 7 8 3 5 8 7 1 2 5 5 1 5 4 9 5 7 9 6 4 8 5 3 1 8 9 2 5 3 4 8 1 2 1 5 3 1 5 7 5 9 1 1 6 3 1 9 5 2 7 5 3 6 7 9 5 9 7 3 9 2 5 9 1 8 5 3 1 2 2 8 9 2 3 6 1 9 3 9 2 8 1 7 3 1 3 4 6 4 8 9
3 8 5 2 4 9 5 8 2 1 4 8 2 3 9 3 9 1 2 5 3 3 2 6 5 4 6 7 4 7 6 4 8 5 3 9 3 6 8 2 6 3 5 3 3 1 6 3 7 6 1 7 2 1 7 7 4 9 2 5 4 5 6 4 8 9 2 5 2 8 9 8 3 4 4 2 4 2 9 3 2 4 7 1 5 8 8 6 2 1 5 2 6 8 3
1 2 8 1 1 5 8 2 5 2 4 2 4 5 6 7 7 3 5 8 6 7 3 4 2 2 5 3 4 9 5 1 8 5 3 7 7 2 2 2 5 5 2 8 4 8 4 7 9 4 4 9 3 3 5 5 8 1 2 2 6 6 8 5 8 4 1 6 5 7 3 1 5 9 7 7 6 4 7 6 7 1 2 1 2 4 7 1 7 7 8 7 9 8 1
1 1 9 7 8 3 4 1 4 4 2 5 7 9 9 2 5 9 4 7 9 2 6 2 5 9 4 7 5 7 9 6 6 6 3 4 9 8 3 3 1 9 2 9 3 9 7 1 8 2 4 4 3 9 9 3 4 1 6 1 6 2 2 2 3 4 1 9 9 9 9 9 2 8 6 4 5 4 3 2 9 1 5 5 1 3 7 7 4 4 2 2 3 3 4
6 3 8 2 7 6 3 3 3 2 3 1 9 7 7 4 3 4 1 5 8 2 7 3 3 3 3 1 7 6 8 4 6 8 3 8 9 1 4 5 6 5 2 4 2 1 2 2 7 4 7 5 5 5 8 5 7 6 5 7 5 4 7 5 5 1 9 2 3 9 6 8 5 6 4 7 6 9 2 9 4 6 1 6 1 8 7 4 4 3 5 5 3 3 9
9 5 4 5 1 3 3 4 3 7 2 6 1 8 8 1 3 7 3 6 6 9 4 2 3 4 7 1 6 1 2 8 9 8 7 1 4 9 2 9 3 9 5 5 6 7 8 6 2 9 3 5 2 7 2 9 7 3 3 1 2 4 2 9 1 3 6 4 7 9 6 6 9 1 2 7 8 6 6 9 9 2 1 5 6 4 9 4 6 4 3 1 6 2 1
1 1 5 4 5 2 8 7 1 7 4 1 6 8 2 5 3 8 8 2 7 2 6 2 5 3 5 8 2 5 3 7 4 3 4 5 5 7 6 5 6 5 3 3 5 4 3 9 1 9 1 3 2 7 9 6 1 2 6 8 5 2 1 3 1 9 8 2 5 5 9 1 1 5 9 1 9 4 9 6 3 8 8 1 3 3 4 7 3 8 5 2 9 7 7
7 5 8 3 2 7 9 2 5 2 7 2 6 7 1 3 8 4 3 6 2 9 9 5 4 5 4 5 6 5 8 7 1 7 8 8 4 5 5 4 3 6 5 6 9 4 7 8 3 1 6 6 5 5 4 6 2 5 2 1 6 6 3 7 5 7 3 2 7 9 4 3 3 1 1 2 7 5 5 6 5 7 8 5 4 7 4 1 8 9 8 5 6 6 5
7 9 3 6 8 5 6 5 3 9 1 2 1 8 3 1 7 1 7 2 1 2 7 9 1 9 1 2 5 9 6 5 4 6 5 6 6 6 2 7 9 5 7 8 4 8 3 9 4 8 4 9 2 3 1 7 3 7 5 3 9 8 4 3 2 7 7 6 6 2 2 4 4 3 8 4 6 9 5 6 1 4 7 1 8 8 6 2 5 5 4 6 7 2 1
7 7 5 9 7 9 2 8 1 8 5 3 4 3 6 2 1 7 4 9 4 2 5 7 5 5 6 9 1 9 2 2 2 3 2 5 7 7 1 5 6 1 8 4 8 8 1 3 3 5 7 1 2 7 3 2 5 3 6 2 3 9 9 9 1 6 9 7 5 6 8 5 1 8 4 1 5 5 9 8 2 7 2 8 2 9 1 2 2 2 5 2 8 2 7
5 5 2 4 2 3 1 6 8 9 4 7 3 1 1 6 5 7 3 4 2 2 5 1 2 1 6 3 8 1 2 9 7 3 2 4 1 6 8 7 5 9 5 3 8 2 8 7 4 7 5 3 8 3 3 8 3 3 7 1 8 9 6 6 9 1 2 7 4 2 9 6 5 1 1 5 6 7 9 6 7 8 5 8 3 8 1 9 7 1 6 4 9 5 5
1 5 3 2 4 4 2 3 3 7 3 1 1 2 2 1 1 4 2 2 8 9 7 2 1 6 5 7 8 8 2 8 6 6 2 6 3 1 9 2 3 7 5 5 4 3 8 7 3 5 2 9 5 5 8 9 5 7 9 3 1 1 7 9 8 7 7 8 4 1 9 9 8 3 3 9 1 2 7 7 5 8 2 8 4 2 5 7 3 8 1 2 6 8 9
1 8 5 7 8 6 3 2 3 6 9 9 5 8 3 7 1 7 4 4 6 8 3 1 2 6 9 1 9 2 9 3 8 3 3 7 8 2 6 8 7 6 2 6 1 3 1 3 7 2 6 9 6 6 7 6 1 7 5 8 9 3 1 1 8 5 6 1 6 8 4 5 3 7 2 2 2 1 5 2 1 2 2 3 1 1 6 2 2 7 3 3 8 9 7
3 8 1 7 8 6 9 1 6 6 1 4 4 2 8 8 3 6 8 4 2 5 1 2 9 8 1 5 9 3 5 9 8 1 3 9 9 6 3 3 5 2 6 8 7 7 6 1 8 7 4 1 7 5 8 2 8 1 9 8 3 2 8 5 2 4 9 9 2 7 5 1 5 3 4 9 3 3 8 8 4 2 4 1 1 9 6 1 7 5 6 3 3 5 8
4 9 4 4 4 8 9 3 9 9 3 4 3 3 1 5 5 5 1 1 1 2 6 4 8 8 5 6 2 2 8 4 4 1 4 5 6 3 4 2 9 7 8 1 1 4 8 5 3 6 9 7 7 4 6 7 9 7 7 1 6 3 3 2 3 8 1 7 7 5 8 1 9 2 7 2 8 3 2 6 1 7 6 8 5 4 3 5 8 1 2 6 6 3 4
3 4 6 1 8 3 3 6 8 2 7 8 2 5 4 1 7 4 7 1 7 9 3 1 1 1 1 8 5 9 4 8 3 3 2 5 5 3 2 4 9 2 1 4 2 5 8 2 7 6 4 8 3 2 1 3 1 7 2 8 5 7 7 7 5 6 6 3 5 8 8 3 5 8 1 7 3 6 4 2 7 2 9 7 4 6 5 9 4 3 7 6 8 4 1
6 8 4 3 8 5 7 9 1 4 8 1 9 9 8 2 1 7 2 9 4 1 4 2 7 8 5 8 4 2 7 1 2 1 9 8 5 3 1 8 3 3 6 8 7 6 1 2 7 6 9 9 9 5 6 4 8 5 6 6 1 8 1 1 1 5 4 2 6 7 4 1 9 3 7 8 9 3 1 2 2 6 5 2 5 7 2 2 3 1 6 7 5 1 3
3 6 1 7 4 3 8 5 9 8 4 7 5 4 5 2 8 7 5 8 9 2 8 9 4 5 7 2 8 3 7 1 7 7 9 9 8 9 3 8 2 5 4 5 3 1 6 5 2 2 7 7 7 7 1 6 7 8 2 2 9 9 1 4 9 6 3 7 6 1 2 1 4 7 4 6 5 2 2 8 9 7 4 2 5 5 6 2 8 3 1 1 4 6 4
8 6 9 2 9 4 5 4 3 7 6 6 8 5 9 4 2 4 3 6 7 4 4 5 7 7 3 7 4 8 5 6 8 1 2 9 3 7 6 9 2 6 2 9 5 3 1 2 3 7 9 6 9 8 3 3 3 5 9 9 8 1 4 5 1 3 9 7 3 1 2 6 6 6 7 5 3 6 2 6 6 8 5 6 3 7 3 9 9 8 4 2 6 4 9
9 7 1 4 7 4 2 5 7 9 8 8 5 1 9 9 5 3 7 4 8 5 7 5 1 1 5 1 2 1 2 2 5 4 2 6 3 8 5 7 4 9 1 1 2 5 7 5 4 1 8 1 8 5 5 3 8 8 8 1 6 2 2 1 2 9 1 5 9 1 2 4 5 8 5 1 5 4 2 8 8 9 3 8 7 9 4 4 6 5 7 4 3 3 5
7 8 6 9 8 7 2 1 9 3 1 2 8 1 1 9 4 5 9 4 7 1 5 2 5 8 9 2 4 9 2 2 6 4 4 7 8 2 3 2 7 1 5 7 6 8 9 9 5 2 3 8 3 9 4 2 4 1 3 1 3 2 7 1 3 7 2 1 4 6 3 7 8 7 9 1 3 3 7 5 7 4 2 5 8 1 8 8 9 5 1 8 8 9 8
9 3 9 6 7 2 7 3 3 1 9 8 1 5 6 2 1 9 2 5 7 3 8 2 7 5 9 4 6 6 2 3 8 6 9 8 1 6 8 8 5 1 5 6 5 7 4 8 4 9 8 3 7 1 7 7 8 3 8 5 5 6 6 6 2 9 1 2 9 2 4 9 8 9 1 6 7 7 7 5 6 9 7 4 5 7 4 7 4 8 6 5 4 6 3
1 8 8 8 3 4 8 1 9 6 6 7 2 9 2 3 4 9 9 3 5 8 8 2 8 9 7 9 3 7 3 1 6 7 4 8 4 2 7 3 5 3 3 1 5 3 3 5 1 2 4 6 4 3 2 7 5 4 8 6 7 9 4 9 1 1 1 8 2 7 6 8 1 9 2 2 3 3 1 6 6 9 9 4 3 3 9 8 4 7 1 9 6 4 9
8 9 5 3 4 6 1 2 3 8 8 2 8 1 7 1 5 6 7 2 8 9 8 9 9 5 5 5 8 5 8 2 9 4 7 2 3 9 5 4 3 3 5 6 4 3 7 6 6 6 8 1 6 5 8 7 8 1 3 5 1 3 1 3 3 2 9 4 1 4 6 3 4 4 7 6 2 1 6 4 4 1 1 5 9 6 2 4 3 3 8 4 4 1 5
8 8 6 4 2 8 7 1 4 7 2 6 9 6 8 3 1 5 5 5 6 6 9 2 8 8 2 7 7 2 7 6 4 9 4 8 6 1 8 4 7 7 6 4 8 6 4 3 8 6 2 4 7 9 1 1 5 6 6 2 2 8 1 3 8 5 3 4 3 7 7 4 4 2 8 1 6 6 1 2 5 4 3 2 4 8 5 9 6 1 3 2 7 8 7
5 8 8 9 1 5 4 7 2 4 1 3 1 7 1 6 1 6 6 1 1 2 5 5 6 9 3 1 6 5 3 5 8 7 3 9 5 2 6 9 5 3 2 7 9 8 8 8 2 4 1 4 9 8 1 7 6 9 9 5 1 5 8 6 8 7 9 8 4 2 6 3 8 7 4 8 2 6 4 6 2 6 3 4 4 5 8 9 4 7 2 3 9 3 7
9 5 2 2 9 9 3 6 6 3 9 6 1 4 2 6 5 7 8 2 6 1 9 6 6 2 1 6 8 3 2 6 5 9 6 3 5 5 8 6 9 2 4 8 7 8 3 2 8 2 9 7 3 9 7 2 4 7 5 5 3 3 1 7 5 8 1 5 1 5 3 6 8 2 6 1 3 6 6 8 4 6 1 6 5 3 9 4 6 8 9 7 2 3 5
8 3 8 8 4 3 1 9 6 1 8 1 2 8 5 2 3 3 1 5 8 1 8 5 8 8 2 1 2 4 2 6 5 8 1 5 3 4 3 5 7 1 6 8 4 5 4 8 4 1 2 3 2 6 2 9 6 1 7 6 3 1 9 5 2 1 8 8 7 3 8 7 8 3 6 6 6 4 3 1 3 4 5 2 8 4 6 2 3 6 7 2 7 5 9
5 5 1 1 5 9 8 2 6 5 9 1 9 2 3 9 8 5 1 3 7 6 6 5 2 1 3 1 9 9 3 8 1 4 3 2 7 7 8 6 3 5 5 4 5 9 3 8 3 3 3 6 1 5 5 5 2 6 3 3 9 9 2 3 7 2 7 8 5 3 7 5 8 4 1 3 4 3 7 2 4 3 6 4 8 7 3 7 5 2 3 8 3 8 9
6 3 7 6 2 3 5 1 3 9 1 7 9 6 4 6 2 5 7 3 1 3 3 7 2 7 4 3 9 7 1 2 3 6 8 8 3 2 8 5 7 1 1 4 6 4 3 4 4 3 4 5 1 6 3 8 5 4 6 7 5 4 6 5 9 8 4 5 7 3 9 4 3 1 2 9 1 4 6 4 7 3 5 4 6 5 8 6 5 5 8 4 3 5 9
1 7 4 9 1 4 1 5 7 3 6 4 1 7 7 3 3 4 3 1 8 8 3 2 4 4 8 9 5 8 7 4 6 7 2 5 7 4 6 1 9 5 9 6 8 3 6 7 9 6 4 3 1 2 1 4 2 3 5 3 7 4 1 1 9 7 1 8 7 9 9 7 1 9 2 4 4 9 6 5 9 5 5 3 6 5 4 1 3 3 1 8 2 2 8
5 4 5 7 1 6 2 3 7 9 8 7 1 5 6 8 7 1 5 1 1 4 8 7 1 2 7 6 9 3 2 5 2 9 1 1 7 9 4 9 2 6 8 9 3 5 9 5 1 5 4 4 9 8 3 8 7 3 3 9 6 8 7 2 4 6 8 7 3 2 4 9 8 8 8 6 2 7 8 1 8 2 3 2 4 7 9 6 7 7 4 7 3 2 4
1 6 2 7 4 4 2 3 5 5 4 8 8 5 3 3 8 4 6 5 2 2 2 3 1 1 8 6 1 3 2 5 6 4 4 5 1 4 5 1 7 2 7 3 2 7 5 6 6 5 7 7 2 1 9 8 5 4 5 2 7 6 5 1 9 4 1 5 3 8 9 6 5 6 3 9 9 5 3 4 1 5 1 5 2 9 1 6 1 9 8 5 1 8 7
8 3 8 5 3 7 4 6 7 1 9 8 8 4 3 6 7 4 2 3 6 7 7 6 9 5 4 5 1 6 3 1 2 8 6 5 6 3 7 3 5 8 8 5 2 2 8 3 8 4 8 7 9 8 3 9 3 4 9 5 7 6 4 5 7 1 3 2 6 6 4 8 3 4 6 5 5 6 7 3 9 8 4 7 7 2 5 9 3 5 4 5 8 8 4
9 4 5 4 9 8 1 2 7 8 1 3 1 7 7 7 9 2 7 5 5 5 5 4 3 4 1 9 1 7 4 1 4 2 2 6 1 6 9 7 9 2 1 7 9 8 3 5 1 2 9 6 3 2 4 7 1 6 8 6 5 3 1 5 4 9 8 8 4 2 3 9 6 5 9 1 5 2 3 9 8 7 9 7 9 4 3 7 6 9 5 7 5 4 9
7 9 7 5 7 2 5 1 3 4 4 3 6 5 6 3 6 1 2 1 5 7 2 8 5 9 1 1 1 2 6 4 8 3 3 5 1 2 3 8 9 3 7 9 3 5 9 4 6 6 4 9 7 2 7 8 9 3 2 6 3 8 1 9 7 1 3 3 5 4 2 6 5 8 4 6 5 3 5 3 5 1 5 2 2 4 1 2 2 3 9 5 1 6 2
3 8 6 7 4 1 4 4 3 1 9 1 6 4 5 7 5 4 1 4 7 8 8 4 9 6 1 2 9 1 5 7 9 9 5 2 4 7 8 2 1 2 8 2 2 2 6 4 3 1 9 1 5 5 2 2 9 1 9 6 8 1 5 3 2 6 5 8 3 1 4 3 3 2 2 9 7 2 8 6 2 6 5 3 1 2 8 4 6 9 9 1 5 2 4
5 9 7 1 2 2 4 2 5 6 8 2 2 6 7 6 9 7 8 7 8 4 6 3 9 5 4 5 5 3 7 1 6 4 7 1 9 9 4 9 1 6 2 2 8 8 2 4 7 9 8 2 6 1 9 7 1 7 8 9 5 9 9 8 5 2 6 5 8 2 1 7 5 2 1 2 4 1 8 8 8 6 6 6 3 7 3 5 6 7 3 6 9 7 6
5 1 5 2 1 4 3 5 7 4 1 9 4 1 4 2 1 8 2 4 2 1 4 5 7 3 9 4 1 3 8 7 7 9 5 3 5 9 9 9 1 1 6 5 6 2 1 6 3 9 5 9 8 3 8 7 4 3 2 2 1 2 3 1 6 4 6 7 7 6 1 3 7 5 2 3 1 5 4 7 1 9 6 7 5 9 4 1 4 1 2 5 2 9 1
8 4 7 3 4 1 1 2 6 4 6 8 1 1 6 7 8 3 1 6 7 8 6 2 7 5 6 1 4 7 5 6 1 4 7 5 2 9 2 8 2 2 2 7 3 6 9 1 6 4 4 6 4 6 1 6 7 5 5 1 4 3 8 5 5 7 3 6 3 8 1 2 1 4 2 3 8 1 1 8 6 9 7 2 5 3 3 3 3 2 5 5 1 1 4
2 6 4 7 2 4 1 1 7 6 1 3 3 5 2 6 3 3 7 7 7 7 4 5 2 8 9 9 8 8 2 8 6 1 2 5 7 7 7 2 8 2 3 2 2 2 2 6 2 6 8 7 3 2 2 6 9 5 4 6 7 3 1 2 5 6 1 3 3 2 7 2 4 7 7 7 9 3 5 5 3 8 5 3 4 3 2 3 8 5 7 8 9 1 3
4 2 8 5 5 6 2 3 5 4 7 7 5 1 1 2 5 7 9 9 9 4 2 3 7 8 3 4 1 5 6 2 2 8 3 4 3 9 4 2 5 7 5 5 7 1 1 5 1 3 5 4 8 4 5 9 5 7 2 4 9 5 8 2 2 9 1 3 4 7 4 5 3 6 5 1 5 5 5 4 1 3 3 6 1 8 4 8 3 6 5 8 4 1 2
4 6 1 5 3 8 9 8 5 7 5 1 4 8 4 1 9 9 2 2 6 5 1 6 1 1 5 7 9 6 9 4 1 5 9 1 1 6 6 5 1 5 7 5 6 3 7 8 7 3 7 9 1 8 7 4 3 2 1 4 3 5 4 3 2 1 3 7 7 4 5 3 7 2 2 5 6 4 6 8 6 6 2 3 9 2 8 5 5 1 4 8 8 5 6
6 7 5 5 1 5 8 1 6 8 6 6 5 9 1 4 2 4 6 8 4 6 9 4 1 9 9 6 6 4 9 9 1 4 4 3 4 4 1 8 6 6 1 2 1 5 8 7 6 5 3 6 9 6 8 3 1 7 5 2 3 5 3 8 5 3 1 5 3 5 5 8 8 6 4 6 5 6 1 9 7 3 2 6 9 5 1 1 9 6 6 2 5 4 1
3 8 6 5 5 1 4 7 5 5 5 1 7 7 8 6 9 1 5 7 2 4 4 6 2 3 4 5 7 7 1 4 8 2 5 5 7 3 1 5 2 2 8 3 5 1 7 5 8 3 9 2 9 3 8 2 1 7 1 6 2 6 4 2 9 9 9 4 3 5 4 2 9 2 3 4 1 4 4 2 5 2 3 2 3 5 7 6 5 1 2 8 9 9 9
3 3 6 6 8 9 2 6 2 2 9 8 3 5 4 1 3 3 3 1 7 4 3 1 8 7 1 3 2 7 4 5 4 6 7 6 6 1 8 3 2 3 9 9 5 6 6 8 8 7 7 8 3 9 7 1 4 4 5 8 9 9 6 5 6 1 6 3 8 8 3 1 4 2 8 9 7 6 9 8 9 2 8 1 2 3 9 4 8 1 9 3 6 9 4
5 3 6 2 7 3 6 1 1 9 3 1 6 9 4 1 8 3 4 6 8 3 3 1 7 4 8 5 7 4 4 6 8 1 7 5 9 2 2 7 5 5 1 2 3 4 9 9 7 4 5 9 5 8 1 3 9 9 5 7 7 2 9 9 9 8 9 6 6 8 1 3 5 9 1 9 6 7 1 2 1 6 3 8 3 1 4 9 6 3 7 7 9 6 6
4 5 9 6 1 1 5 5 2 3 5 1 9 2 7 4 9 7 2 2 8 1 5 7 2 2 9 4 3 8 2 1 7 3 7 7 5 5 7 4 3 6 5 2 7 3 7 7 8 2 7 2 3 8 5 6 2 8 3 4 5 9 3 1 9 7 1 2 4 9 2 8 5 3 6 4 2 1 7 1 1 9 9 2 8 5 8 2 5 1 5 1 1 3 8
4 9 1 9 9 9 7 2 4 6 2 9 8 1 3 9 8 4 1 4 5 6 6 6 5 2 2 2 5 4 3 7 8 8 9 8 4 5 4 9 8 4 9 7 2 1 2 8 1 8 2 4 3 5 1 8 4 9 2 4 4 3 1 5 2 5 2 1 9 3 2 4 3 8 1 5 8 9 3 2 4 6 2 7 3 1 3 3 7 9 8 2 3 8 7
7 1 9 1 8 9 6 4 2 1 8 9 2 4 7 6 8 3 5 3 4 8 7 7 9 8 8 5 2 9 2 9 4 3 4 7 1 4 7 4 9 1 4 2 8 8 9 4 3 9 8 3 7 9 1 7 5 2 8 7 2 6 4 9 4 4 8 9 5 9 2 9 8 4 3 8 1 4 8 8 3 9 6 3 3 4 9 7 8 8 7 5 1 1 6
2 8 3 4 6 7 7 4 4 1 4 8 2 2 1 2 8 4 7 1 9 9 5 9 6 4 1 8 1 3 6 2 5 7 7 4 5 7 8 7 3 2 6 8 4 5 3 9 1 8 3 3 1 1 2 9 9 4 9 8 2 3 8 2 3 8 2 8 2 7 6 7 4 1 7 6 4 9 3 2 4 1 2 5 2 8 4 3 3 7 2 3 5 1 3
1 2 1 4 1 3 6 8 9 8 1 4 2 1 4 1 9 6 1 7 1 8 1 1 2 8 3 3 8 1 9 5 8 4 1 2 3 2 1 7 9 8 3 6 6 4 4 4 1 2 4 3 2 4 8 4 3 1 6 9 2 3 2 6 9 5 8 8 1 4 2 5 3 1 8 5 1 8 2 1 8 7 8 1 1 2 4 9 4 1 2 4 8 3 5
5 8 4 6 4 3 9 4 7 4 8 3 3 9 1 1 3 4 5 5 5 3 4 3 2 4 1 9 4 7 3 1 5 9 3 6 3 6 3 5 7 2 6 2 5 3 8 6 3 7 7 6 7 8 3 3 7 3 1 8 4 7 1 9 1 5 1 8 1 2 4 5 8 1 5 9 7 5 3 1 6 1 8 8 2 6 8 7 6 8 9 6 7 2 5
9 4 1 9 1 5 7 3 6 4 1 6 6 5 7 1 4 8 8 8 1 2 7 9 9 7 3 6 8 1 2 6 9 4 8 5 8 2 5 8 5 9 6 1 1 7 4 2 1 8 9 7 6 7 7 5 5 3 4 9 6 8 7 1 8 7 7 6 4 5 1 7 8 4 7 1 9 8 1 8 9 2 9 4 7 3 1 2 5 4 4 3 1 2 4
4 2 6 1 5 1 2 8 8 7 5 9 9 7 5 7 3 2 2 9 9 5 1 4 7 2 8 9 4 2 1 3 9 7 1 6 4 6 1 4 7 7 4 3 8 5 5 2 3 1 9 5 7 6 2 1 8 1 2 7 6 2 7 2 4 4 3 6 1 7 2 4 1 4 2 5 2 4 1 7 6 1 1 7 6 7 8 8 7 9 1 4 5 7 3
3 9 5 9 1 3 7 4 4 1 7 3 7 8 1 1 7 5 2 9 2 1 1 6 3 1 9 5 4 2 9 5 5 1 5 5 3 1 1 3 9 9 9 3 4 1 2 1 9 2 7 1 2 6 7 2 1 8 6 7 6 1 7 9 7 5 4 8 4 6 6 1 8 3 7 8 1 4 1 4 7 4 1 5 4 6 9 2 9 4 3 8 7 7 8
4 3 4 1 7 8 2 4 6 7 2 6 9 2 7 8 9 8 5 8 3 2 4 9 5 5 9 2 4 5 7 8 7 9 1 9 3 4 6 7 4 3 5 8 2 1 9 3 2 8 4 3 5 9 7 6 3 5 3 4 7 6 6 9 4 2 1 8 8 7 6 9 5 3 3 8 2 7 4 2 3 2 8 6 4 4 4 9 9 8 4 5 8 9 4
3 2 9 1 7 7 1 3 5 9 7 4 2 8 3 8 1 2 8 3 4 6 2 7 1 6 3 3 2 4 3 7 6 9 5 9 6 5 9 1 1 9 2 8 6 8 7 6 9 4 3 9 6 6 7 1 6 1 5 4 5 6 6 2 7 1 1 3 2 8 3 8 5 8 7 8 7 7 2 9 2 1 5 7 2 2 8 9 5 7 6 5 9 6 9
3 8 4 8 5 2 7 9 7 2 4 9 4 7 4 9 1 3 9 9 6 8 4 1 2 1 8 3 2 1 8 9 6 3 7 2 8 7 1 2 5 3 8 2 6 5 5 2 3 1 6 6 3 1 3 4 4 2 1 6 7 9 6 6 3 1 3 4 7 2 9 6 2 1 5 8 4 1 5 1 5 8 3 4 8 9 1 2 2 9 8 5 7 4 7
2 8 9 1 7 6 2 8 5 3 3 2 4 5 6 5 9 6 6 6 9 6 9 2 4 7 2 3 1 2 3 9 4 9 4 7 8 3 5 3 5 6 5 1 7 5 1 7 1 7 4 1 4 3 3 3 8 6 2 2 3 4 2 4 7 2 7 4 7 7 5 7 3 5 3 4 7 5 1 9 8 3 1 7 5 3 9 8 5 9 6 8 1 5 2
1 7 3 1 3 3 1 6 1 4 7 6 8 6 4 9 7 5 3 7 4 4 2 2 8 9 8 9 4 7 4 4 2 9 2 4 7 6 1 6 4 4 3 4 7 3 2 1 1 6 8 2 6 8 9 3 5 3 5 6 4 2 8 7 4 3 4 2 1 3 5 6 6 1 5 6 3 2 6 3 9 3 9 9 4 9 9 9 8 3 8 9 3 6 9
9 2 3 1 1 2 1 8 9 1 9 7 6 9 4 4 4 5 3 6 4 3 8 3 1 3 3 5 3 3 4 1 3 3 7 4 2 7 4 7 1 2 9 8 7 1 9 4 1 1 9 5 7 9 5 9 1 3 7 6 2 7 5 9 8 6 1 2 6 8 7 7 8 6 6 8 1 9 2 1 6 3 8 4 5 3 2 7 4 5 1 4 1 3 4
1 8 3 6 5 1 4 8 2 6 9 9 7 3 1 3 8 8 6 5 7 1 9 9 6 7 6 1 1 3 6 3 9 9 6 7 9 2 9 4 2 9 2 7 2 4 6 8 1 1 8 6 3 9 3 9 2 3 8 1 4 8 7 3 8 7 9 6 4 2 7 1 9 2 3 7 9 6 8 8 1 7 2 6 2 3 5 4 2 5 2 9 4 4 7
9 9 3 7 8 5 4 4 6 6 6 6 8 5 2 2 7 9 4 5 2 9 5 1 6 1 9 9 2 9 9 4 7 4 1 7 5 7 6 6 7 3 5 4 1 6 2 9 1 9 3 3 1 6 9 4 7 3 6 6 6 5 3 6 8 2 7 6 3 5 6 5 2 6 4 2 2 3 1 3 1 9 4 8 8 7 6 5 1 2 6 6 7 9 2
0 1 0 8 0 13 0 23 0 27 0 34 0 36 0 37 0 52 0 77 0 80 0 81 0 87 0 91 1 2 1 3 1 15 1 22 1 24 1 31 1 86 1 87 2 10 2 20 2 38 2 47 2 69 2 73 2 76 2 78 2 84 3 17 3 18 3 31 3 80 3 82 3 84 3 94 4 0 4 12 4 14 4 19 4 30 5 11 5 13 5 26 5 27 5 30 5 41 5 45 5 60 5 70 5 71 5 79 5 85 5 87 6 1 6 3 6 5 6 8 6 45 6 50 6 58 6 84 6 86 7 7 7 9 7 14 7 22 7 37 7 62 7 73 7 74 7 76 7 83 7 85 8 7 8 14 8 24 8 54 8 68 8 79 8 89 9 4 9 5 9 9 9 45 9 57 9 60 9 81 9 92 10 5 10 10 10 14 10 17 10 24 10 29 10 32 10 34 10 36 10 37 10 50 10 58 10 72 10 73 10 74 10 79 10 81 10 85 10 86 10 93 11 2 11 5 11 9 11 14 11 25 11 34 11 39 11 44 11 71 11 79 11 87 12 20 12 29 12 36 12 42 12 44 12 71 12 77 12 92 12 93 13 33 13 47 13 55 13 66 13 73 13 74 13 80 13 81 13 87 13 89 14 16 14 22 14 36 14 48 14 52 14 59 14 60 14 61 14 62 14 79 14 92 15 1 15 9 15 22 15 81 15 91 16 12 16 16 16 19 16 34 16 44 16 56 16 65 16 69 16 80 17 3 17 7 17 8 17 47 17 48 17 52 17 56 17 70 17 73 17 81 17 88 17 90 18 1 18 4 18 9 18 10 18 12 18 14 18 35 18 37 18 46 18 52 18 60 19 15 19 31 19 32 19 46 19 50 19 59 19 67 19 68 19 73 19 84 19 91 20 7 20 11 20 27 20 33 20 43 20 47 20 70 20 74 20 83 20 90 20 92 21 22 21 26 21 35 21 37 21 47 21 57 21 68 21 76 21 90 22 2 22 10 22 18 22 20 22 21 22 29 22 32 22 50 22 59 22 60 22 62 22 67 22 75 22 76 22 84 22 89 23 5 23 11 23 18 23 27 23 39 23 40 23 42 23 86 23 91 24 10 24 12 24 34 24 36 24 42 24 48 24 57 24 76 24 83 25 0 25 3 25 14 25 20 25 36 25 43 25 54 25 63 25 85 25 89 25 90 25 94 26 8 26 12 26 21 26 24 26 30 26 39 26 40 26 42 26 49 26 51 26 61 26 69 26 74 26 76 26 77 26 83 26 92 27 2 27 3 27 14 27 28 27 73 27 90 27 93 28 2 28 10 28 31 28 37 28 41 28 51 28 52 28 61 28 65 28 68 28 72 28 85 28 89 29 2 29 10 29 21 29 51 29 57 29 58 29 65 29 71 29 78 29 79 29 86 30 2 30 8 30 14 30 21 30 27 30 31 30 33 30 48 30 55 30 57 30 79 30 86 30 88 30 89 30 94 31 3 31 22 31 36 31 39 31 59 31 82 31 84 32 8 32 18 32 21 32 31 32 39 32 53 32 55 32 63 32 66 32 67 32 81 32 91 33 8 33 13 33 16 33 18 33 20 33 27 33 59 33 61 33 74 33 81 34 8 34 14 34 35 34 39 34 44 34 52 34 61 34 63 34 69 34 88 34 91 35 5 35 12 35 13 35 18 35 21 35 29 35 38 35 53 35 68 35 69 35 72 35 75 35 77 35 78 35 80 35 85 35 91 36 11 36 21 36 40 36 57 36 69 36 81 36 82 36 93 37 30 37 46 37 53 37 54 37 60 37 68 37 79 37 90 38 13 38 39 38 43 38 55 38 56 38 73 39 2 39 3 39 7 39 8 39 11 39 15 39 18 39 29 39 31 39 75 39 81 39 82 40 0 40 8 40 10 40 27 40 72 40 78 40 83 41 7 41 10 41 21 41 28 41 32 41 37 41 38 41 44 41 46 41 70 41 73 41 76 41 88 41 89 41 92 41 93 41 94 42 16 42 25 42 27 42 28 42 54 42 63 42 65 42 66 42 71 42 74 42 79 42 85 42 89 42 92 43 2 43 10 43 21 43 29 43 31 43 40 43 44 43 57 43 66 43 68 43 70 43 72 43 78 43 82 43 88 44 0 44 8 44 11 44 20 44 24 44 33 44 43 44 52 44 77 44 86 44 91 45 16 45 23 45 25 45 29 45 35 45 41 45 45 45 49 45 53 45 58 45 60 45 61 45 73 45 78 46 6 46 9 46 29 46 39 46 41 46 43 46 62 46 63 46 75 46 82 46 85 46 93 47 16 47 22 47 37 47 39 47 40 47 55 47 58 47 59 47 76 48 9 48 14 48 18 48 31 48 42 48 52 48 70 48 89 48 94 49 42 49 53 49 58 49 69 49 83 50 0 50 14 50 17 50 47 50 53 50 67 50 71 50 91 51 13 51 16 51 20 51 27 51 37 51 40 51 42 51 48 51 49 51 53 51 62 51 72 51 76 51 82 51 83 51 88 51 92 52 44 52 53 52 55 52 60 52 75 52 91 52 92 53 2 53 25 53 31 53 34 53 39 53 58 53 78 53 88 53 90 53 92 54 9 54 23 54 34 54 37 54 42 54 62 54 69 55 14 55 20 55 22 55 29 55 37 55 39 55 50 55 51 55 61 55 72 55 90 56 2 56 17 56 25 56 32 56 46 56 54 56 62 56 67 56 69 56 73 56 77 56 78 56 79 56 83 57 4 57 8 57 9 57 40 57 49 57 53 57 57 57 66 57 69 57 71 57 74 57 88 58 0 58 6 58 7 58 14 58 15 58 22 58 25 58 29 58 32 58 36 58 40 58 49 58 65 58 73 58 82 58 84 58 86 58 94 59 0 59 1 59 3 59 7 59 49 59 51 59 74 59 78 59 94 60 2 60 15 60 20 60 23 60 33 60 35 60 41 60 43 60 50 60 67 60 69 60 86 60 88 60 89 60 91 61 0 61 44 61 69 61 76 61 84 61 88 61 92 62 5 62 45 62 46 62 60 62 63 62 68 62 91 62 92 63 14 63 16 63 18 63 24 63 26 63 37 63 41 63 47 63 49 63 54 63 55 63 81 63 85 63 88 63 89 63 92 63 94 64 1 64 19 64 24 64 39 64 63 64 67 64 76 64 78 64 79 65 14 65 26 65 34 65 48 65 51 65 68 65 89 65 90 66 9 66 14 66 22 66 26 66 60 66 76 66 78 67 4 67 42 68 11 68 18 68 34 68 49 68 53 68 55 68 79 69 0 69 2 69 10 69 14 69 19 69 28 69 38 69 40 69 54 69 66 69 81 69 88 69 92 70 38 70 44 70 49 70 59 70 60 70 67 70 80 70 91 70 94 71 4 71 6 71 25 71 33 71 48 71 61 71 66 71 74 71 83 71 84 71 87 71 89 71 91 71 93 72 3 72 6 72 19 72 41 72 53 72 68 72 77 72 83 72 86 72 88 73 3 73 18 73 19 73 24 73 29 73 35 73 43 73 61 73 71 73 80 73 84 73 87 74 2 74 10 74 15 74 28 74 39 74 50 74 71 74 72 74 83 74 86 74 88 75 2 75 18 75 29 75 34 75 39 75 64 75 80 75 83 76 4 76 6 76 13 76 18 76 32 76 42 76 50 76 62 76 66 76 83 76 90 77 13 77 18 77 32 77 33 77 40 77 48 77 51 77 58 77 72 77 75 77 77 77 88 77 92 78 0 78 19 78 54 78 61 78 64 78 70 78 76 78 80 79 0 79 5 79 12 79 14 79 48 79 54 79 67 79 69 79 84 79 91 80 5 80 9 80 12 80 13 80 15 80 17 80 20 80 27 80 42 80 49 80 62 80 65 80 67 80 71 80 81 81 4 81 6 81 18 81 30 81 42 81 43 81 53 81 57 81 62 81 65 82 3 82 16 82 23 82 27 82 34 82 48 82 54 82 58 82 64 82 68 82 71 82 72 82 73 82 74 82 90
75 31