200 205
1 2 21
2 200 21
1 3 21
3 200 21
1 4 21
4 200 21
1 5 21
5 200 21
27 118 70
35 101 94
148 199 91
139 153 99
17 85 91
31 118 66
112 126 64
143 147 59
162 179 99
126 188 67
3 185 61
68 154 68
24 98 89
85 190 88
109 158 68
162 195 59
23 158 64
1 136 71
78 185 67
25 59 59
118 148 60
37 130 74
68 185 55
169 194 65
52 174 72
34 71 81
80 120 57
35 51 69
1 84 64
101 164 66
49 133 88
48 67 57
93 157 58
23 115 84
3 114 73
57 59 65
22 164 82
147 161 88
71 129 61
19 81 75
20 141 57
67 83 52
167 174 57
13 167 61
38 122 63
80 133 61
175 194 73
66 155 74
5 90 59
21 162 61
58 71 86
16 25 90
34 198 68
98 170 80
112 142 84
69 114 89
71 114 74
190 196 78
25 67 100
99 141 86
51 70 68
98 169 91
102 151 92
107 196 90
38 84 91
124 197 63
71 170 68
107 192 65
59 156 67
48 179 93
28 111 96
11 117 64
133 194 88
110 174 84
97 129 64
47 126 63
97 102 61
39 182 59
14 121 56
124 178 90
78 143 99
8 198 88
39 115 60
14 77 81
115 176 67
61 78 54
49 175 67
177 192 55
33 126 56
152 165 62
95 170 93
30 89 52
9 178 71
180 192 100
86 189 72
68 125 100
111 139 71
81 190 57
87 180 75
1 83 98
80 159 82
14 38 96
79 184 84
93 96 99
46 60 74
67 84 84
95 163 66
119 142 59
80 110 92
42 89 89
14 68 76
65 116 72
1 179 91
137 148 57
9 167 91
64 143 52
24 186 85
7 12 78
5 108 85
49 86 85
60 143 54
161 172 86
2 173 89
109 118 98
6 157 57
87 197 82
46 47 79
108 167 67
3 57 85
17 162 91
21 173 66
53 185 91
62 138 86
133 195 91
131 167 72
60 179 61
100 118 86
18 197 88
31 108 55
82 192 95
5 151 64
149 195 88
153 166 86
82 178 83
177 187 78
44 128 61
19 161 76
66 169 73
101 103 70
117 136 95
21 181 81
14 75 67
39 148 82
40 145 52
31 177 85
171 177 60
56 121 78
27 87 77
18 65 77
21 127 76
41 116 78
52 69 71
20 68 54
4 53 69
178 179 79
15 151 62
54 71 82
118 158 81
90 133 75
104 179 77
11 124 71
103 173 66
64 90 92
26 189 92
5 71 76
121 158 73
150 191 71
46 180 90
94 116 98
32 148 60
36 170 89
18 83 76
80 137 68
109 174 92
32 123 99
154 155 64
16 82 70
13 142 73
62 120 94
55 156 58
13 66 75
1 72 53
149 150 93
68 137 57
30 159 73
147 195 86
73 170 87
1 200