100
4078
60 96 50 19 72 60 85 50 24 31 69 17 1 71 51 10 26 69 97 32 74 75 29 94 32 5 36 73 79 87 43 45 13 93 58 15 38 34 34 98 10 72 43 60 35 99 39 7 73 88 84 95 30 14 25 24 76 74 27 13 36 32 14 1 79 35 49 95 45 90 42 70 50 89 21 38 30 64 86 94 96 16 23 69 82 18 77 94 46 85 39 55 29 58 68 62 40 42 13 76 53 84 83 63 72 16 94 19 69 18 40 5 19 90 19 85 50 17 80 72 54 8 50 77 90 53 17 93 86 76 23 96 54 19 37 7 55 70 55 0 8 93 5 2 61 33 30 76 63 37 81 0 73 64 7 24 97 66 32 40 13 5 86 10 9 60 68 41 80 15 22 14 35 70 85 4 12 43 39 64 94 15 23 40 82 74 46 40 42 81 16 23 70 48 67 33 58 49 26 73 4 95 92 18 96 81 23 20 38 93 55 84 3 7 50 99 60 75 92 39 32 78 16 13 88 9 30 21 70 57 32 53 54 79 23 77 13 25 32 8 40 19 11 64 51 19 48 9 36 95 34 88 20 20 35 84 83 75 42 34 66 37 0 88 45 8 23 15 76 3 87 6 87 4 0 77 79 94 55 74 95 95 36 24 14 44 60 74 68 68 36 81 17 69 7 46 64 25 86 1 45 21 1 60 48 95 38 92 62 9 11 5 30 3 19 91 24 57 64 75 37 98 52 54 41 45 88 47 23 63 53 6 96 17 82 70 97 83 47 48 28 64 95 41 98 86 16 37 10 50 57 14 64 84 96 97 56 13 78 79 93 86 59 11 65 47 7 34 90 15 19 39 28 97 73 3 34 72 13 68 57 18 36 88 45 15 93 94 92 77 21 25 84 75 12 1 87 16 44 85 69 41 89 79 28 90 42 1 76 33 1 98 60 16 87 39 42 17 46 36 74 44 10 95 3 19 99 1 73 20 4 31 28 60 30 40 52 72 9 62 82 33 92 64 2 20 51 96 77 53 5 19 45 30 15 12 32 11 1 31 9 18 37 47 76 31 86 34 96 75 36 8 75 24 0 24 59 87 46 37 69 72 62 97 66 82 12 0 17 73 78 93 39 93 59 48 35 2 12 34 1 66 30 23 38 95 0 99 59 23 10 40 63 0 0 76 4 78 41 53 42 33 38 1 95 54 98 53 33 20 23 41 75 43 83 23 35 55 97 71 88 29 34 16 5 99 99 70 74 51 87 28 0 63 81 10 71 11 32 28 8 38 58 68 55 42 70 38 40 82 63 9 67 16 57 56 63 30 99 57 78 47 58 64 10 19 16 11 65 30 33 11 10 60 30 57 21 93 31 46 57 99 78 90 42 45 62 50 46 27 57 35 53 20 55 99 9 92 16 35 38 69 7 99 50 9 55 47 36 20 51 37 25 58 36 75 71 71 23 81 84 76 63 40 39 16 13 14 81 68 31 89 17 40 52 41 35 20 91 13 60 83 6 73 23 23 60 89 91 67 5 88 57 23 6 28 20 57 17 67 38 19 43 24 6 87 54 22 87 98 85 39 58 99 40 33 71 58 69 54 19 31 86 20 95 33 67 49 89 72 88 36 68 56 78 95 54 53 62 15 6 55 91 73 30 62 98 16 60 60 78 59 47 72 1 48 27 58 60 47 71 55 5 37 27 95 36 55 29 37 47 53 66 86 25 13 65 89 87 26 74 70 66 66 39 11 57 34 26 57 97 64 14 5 26 83 36 67 28 17 27 11 52 26 75 68 33 69 49 50 67 45 46 9 94 39 57 25 93 93 45 56 18 21 79 70 82 45 41 3 3 17 19 37 25 10 52 39 30 25 50 59 89 71 65 33 24 78 44 58 4 26 91 29 75 51 40 25 28 43 7 75 6 53 85 77 49 13 41 5 40 31 58 27 75 82 75 66 34 47 79 21 99 18 53 43 74 67 38 4 65 26 48 12 65 50 43 78 54 29 19 59 85 27 0 94 34 18 60 79 28 16 31 61 96 76 93 17 81 15 11 21 72 57 84 51 58 52 39 56 3 3 24 33 25 30 80 62 3 60 12 32 24 12 46 94 16 1 24 19 62 42 85 95 74 40 91 61 67 42 9 9 35 52 41 68 92 57 71 74 14 2 94 10 50 36 18 83 19 46 81 62 13 96 19 88 99 5 70 7 19 67 97 51 43 59 35 45 79 82 73 84 71 29 35 29 91 84 14 60 77 22 83 82 91 72 62 20 14 78 19 47 76 4 8 95 25 57 29 10 80 0 45 52 8 10 84 85 46 56 68 21 17 22 4 76 45 11 68 32 6 22 19 0 42 61 0 67 66 9 27 97 92 32 90 91 33 6 49 30 18 10 53 7 5 97 47 35 94 25 6 77 75 17 16 64 91 57 78 37 69 3 9 28 32 29 73 41 80 47 11 46 72 73 23 53 82 89 37 78 67 13 43 19 17 46 85 10 68 7 79 16 91 17 95 47 85 20 90 92 45 91 25 48 12 13 71 24 86 77 35 6 62 57 57 72 46 65 19 30 89 93 0 29 89 33 85 43 36 25 78 86 61 47 12 53 35 9 2 95 56 9 46 97 43 25 49 78 42 91 7 58 93 97 29 41 55 14 78 96 62 44 20 85 20 80 39 13 39 60 22 59 84 0 96 1 37 23 50 96 25 38 98 57 77 70 46 39 23 87 86 46 11 11 71 10 84 84 38 70 11 78 8 30 47 65 49 83 64 14 44 83 53 99 94 3 94 57 42 73 89 55 46 68 21 97 61 58 61 45 67 34 42 97 77 46 25 39 52 13 90 84 9 67 0 49 25 78 84 42 86 61 59 12 65 68 90 62 33 2 89 10 57 12 15 23 75 80 24 63 6 96 10 8 14 59 41 85 49 59 13 91 69 8 55 65 73 14 99 22 75 5 9 19 22 61 62 6 58 72 64 58 12 90 45 1 16 5 61 81 49 62 92 56 2 24 71 39 83 88 51 26 7 53 78 85 77 88 11 92 85 31 42 68 90 56 52 55 33 40 59 74 72 62 56 16 60 52 23 91 56 91 72 22 7 14 58 34 31 24 33 3 7 18 41 50 53 31 3 67 33 92 53 71 90 81 34 61 62 90 44 94 2 79 6 47 14 37 0 61 69 45 59 63 40 35 3 59 14 10 73 97 5 60 76 59 72 83 76 22 2 42 88 14 80 49 29 26 62 10 90 88 84 61 45 66 11 1 15 96 17 30 46 59 70 37 86 33 81 9 99 24 13 10 45 63 24 65 7 79 45 67 31 86 11 72 97 63 54 36 93 14 38 75 63 22 8 90 55 25 26 4 62 76 79 73 11 85 94 71 48 35 65 65 38 68 16 7 8 60 95 68 26 7 75 94 77 17 93 35 68 51 59 88 34 10 14 14 47 3 62 5 5 4 82 22 39 50 40 76 55 63 53 42 81 26 46 23 94 45 4 9 67 60 88 87 78 5 39 58 44 18 38 60 48 86 44 64 62 40 64 86 6 0 77 66 24 20 10 9 89 50 7 2 46 5 56 12 75 35 52 99 16 48 65 66 22 16 78 34 79 22 73 50 50 43 16 68 84 30 92 43 78 57 76 65 22 97 42 30 67 41 43 62 60 84 46 52 29 75 22 95 33 67 28 58 24 47 94 32 47 39 70 96 27 7 93 71 87 60 31 97 21 13 66 4 82 86 17 42 5 70 53 91 37 50 26 68 28 26 87 76 10 46 80 81 18 43 27 33 63 46 74 49 92 9 96 80 74 94 80 51 76 42 57 73 0 10 61 91 0 22 88 81 95 72 94 99 29 2 95 16 23 21 38 16 13 32 35 4 62 72 76 67 96 22 53 25 35 69 65 24 83 5 42 32 32 91 84 93 30 59 76 82 30 83 11 71 50 58 71 23 41 90 67 22 50 47 80 57 86 3 51 65 52 74 8 57 81 12 97 58 72 91 36 72 41 29 24 41 92 0 29 66 65 56 49 34 42 52 84 12 58 13 46 33 39 69 90 82 28 72 82 59 41 55 44 1 43 44 84 92 95 69 81 58 64 21 94 0 60 91 49 57 99 7 14 53 85 28 65 52 74 97 78 45 98 19 67 96 46 76 14 73 90 28 26 97 87 19 67 74 31 81 47 29 18 49 28 66 83 56 18 69 52 4 40 16 20 28 2 67 56 52 1 77 95 76 83 20 65 39 13 60 41 58 11 37 95 74 75 40 16 96 64 36 93 27 90 99 92 70 67 7 64 87 7 10 28 29 39 17 98 29 28 50 63 85 17 15 40 54 73 52 11 54 63 79 22 86 51 33 13 22 33 57 16 69 23 52 37 72 64 46 9 82 86 66 49 37 87 17 34 94 3 61 75 87 82 26 20 44 10 45 86 93 46 18 19 96 70 18 84 78 57 7 86 60 68 53 94 53 27 93 36 39 18 86 28 62 35 22 4 37 19 36 57 9 27 49 77 71 41 43 16 19 13 67 38 8 79 15 73 45 7 37 48 83 25 40 97 31 2 28 89 67 23 27 71 91 80 61 16 15 21 34 5 75 18 70 64 98 6 42 73 37 5 85 95 97 27 47 48 23 10 10 74 47 62 69 84 8 25 82 63 10 74 10 0 48 40 68 53 29 69 10 93 89 22 51 10 48 3 84 47 18 55 60 31 27 27 73 67 51 69 84 29 85 22 40 65 2 80 70 24 9 10 94 51 30 35 10 50 67 46 48 22 19 63 98 99 46 44 31 22 45 15 46 50 63 74 4 44 24 32 80 88 79 16 73 31 33 21 19 26 65 47 86 27 21 8 20 93 77 73 11 92 20 9 93 33 7 71 56 69 96 43 81 58 14 77 82 0 93 99 41 21 24 12 6 53 75 36 18 62 64 10 62 31 39 79 49 71 9 29 92 30 67 58 30 57 53 87 88 20 77 57 5 96 7 24 37 89 40 54 82 86 43 59 73 79 34 77 41 48 22 94 69 64 28 4 87 65 95 88 57 20 50 8 24 38 17 81 71 75 49 85 67 88 34 66 2 84 81 6 45 22 46 79 40 67 87 4 73 26 62 52 44 26 22 71 6 59 72 1 46 7 43 14 50 93 56 80 55 48 64 17 32 20 91 46 26 49 22 20 69 25 56 35 56 63 56 72 61 88 35 9 24 1 13 78 75 93 82 43 51 21 99 6 52 15 20 16 41 17 17 11 35 7 20 25 54 16 53 66 1 27 43 0 23 36 66 85 3 27 87 3 77 48 63 88 85 74 36 96 83 53 92 49 90 38 77 64 12 22 84 49 93 48 70 29 65 38 99 47 44 74 85 35 54 18 59 23 18 3 98 51 28 38 52 99 80 87 82 45 3 31 87 97 52 50 66 27 79 39 62 17 51 98 45 6 65 41 24 68 95 98 90 46 70 66 63 96 38 65 37 52 64 60 81 11 86 30 44 80 75 78 12 78 83 74 84 95 62 77 60 11 81 61 0 5 25 0 97 13 0 99 40 41 8 29 42 42 43 78 1 74 20 88 37 75 26 24 90 4 66 76 56 80 73 39 67 20 67 41 41 84 59 71 72 72 10 66 99 62 95 96 0 77 11 23 95 14 18 71 60 18 74 7 47 65 63 12 55 75 6 60 63 76 15 83 31 74 12 90 71 62 36 81 78 43 35 2 82 72 69 48 4 2 89 76 98 45 69 61 82 81 92 98 76 62 7 85 49 67 67 19 28 82 37 65 29 93 73 1 81 99 66 92 6 5 44 44 74 5 26 90 16 63 68 70 8 27 51 96 32 85 2 42 99 15 93 40 73 90 51 0 6 75 45 77 43 70 34 50 50 84 20 93 87 62 60 5 17 17 19 88 84 82 68 27 56 2 50 56 90 18 80 58 76 23 71 45 20 67 38 18 6 17 83 89 13 8 21 17 70 6 92 27 37 8 54 11 67 31 63 59 57 12 14 46 1 37 48 34 46 98 41 14 82 57 37 88 94 31 44 43 65 60 14 57 4 49 96 10 66 72 95 25 80 4 49 72 20 52 31 80 38 15 53 17 18 95 12 30 46 57 83 72 39 75 50 96 29 10 74 99 67 15 97 27 75 79 88 22 67 14 81 87 69 95 50 8 58 72 23 12 80 63 4 47 25 14 98 80 69 5 89 40 27 98 87 14 46 63 28 45 39 38 10 22 21 2 32 60 59 65 44 6 35 55 90 33 97 50 97 94 28 33 34 9 37 81 41 77 55 82 58 47 16 89 66 59 78 15 99 41 40 88 1 63 18 35 68 44 16 75 78 7 23 42 62 85 36 20 26 57 20 13 79 69 43 25 93 68 6 56 19 35 78 90 61 85 33 49 4 98 59 45 77 2 94 53 58 21 74 78 74 61 53 28 52 46 98 91 5 61 9 89 35 33 4 14 93 12 41 64 26 23 32 22 65 93 0 65 83 22 93 69 22 29 54 87 72 74 55 33 17 30 56 44 84 98 75 64 53 34 76 56 11 2 7 30 8 15 3 30 60 55 6 4 86 47 81 4 62 36 6 96 53 28 59 12 64 81 42 11 17 53 35 79 26 13 39 36 94 64 57 76 51 78 53 59 67 62 24 32 43 44 22 2 47 85 94 6 51 52 7 99 8 76 21 90 58 49 60 36 60 47 40 43 37 2 98 58 28 48 55 32 16 21 59 38 6 7 68 22 73 20 3 47 15 12 48 76 12 74 19 23 86 16 32 77 47 57 21 60 20 41 7 24 61 57 96 80 48 59 99 25 14 68 28 19 52 56 44 5 71 38 13 64 10 85 83 82 42 24 36 60 27 79 84 71 50 15 17 24 69 4 61 4 6 59 36 87 70 42 83 50 65 42 94 5 81 49 98 93 12 44 97 61 52 97 95 76 80 66 40 68 37 24 48 29 69 10 99 68 97 7 38 95 70 9 85 29 44 25 79 45 13 66 84 81 16 19 69 57 85 84 2 45 50 17 84 31 51 51 99 22 49 3 15 62 17 52 63 22 3 84 79 20 83 29 55 13 72 8 92 18 81 2 39 5 14 53 79 83 38 78 19 41 9 6 12 40 90 66 12 52 30 44 46 11 60 51 57 23 19 27 76 55 7 12 58 77 91 58 3 83 60 8 32 79 7 26 75 71 16 12 36 1 59 43 21 36 0 23 99 27 32 20 59 61 32 2 9 15 62 93 91 81 29 90 50 33 24 96 26 44 51 22 31 10 33 27 89 10 58 86 39 12 39 93 23 87 12 90 29 50 27 62 92 54 56 11 19 28 25 16 34 7 1 86 11 76 46 61 54 11 94 22 50 95 23 89 49 34 12 86 89 10 92 97 20 87 1 97 12 41 70 70 90 70 97 22 48 75 52 43 80 72 63 63 38 32 7 17 14 6 19 26 84 96 19 55 61 36 51 51 84 31 14 23 94 85 35 7 40 93 69 3 94 78 8 8 3 18 51 89 15 41 49 90 19 60 35 27 94 15 21 87 27 22 91 18 95 78 77 91 36 98 52 14 19 18 89 76 6 34 29 19 58 15 38 2 52 63 82 12 93 47 85 10 86 80 17 48 25 83 36 41 17 70 30 86 59 38 48 39 33 43 13 54 46 44 95 3 23 17 72 49 47 89 48 44 9 97 57 63 47 92 24 97 97 13 20 83 33 87 65 22 32 56 24 51 91 45 68 13 28 74 39 20 78 94 30 24 45 25 2 97 25 32 52 50 21 64 62 31 10 54 2 51 2 43 48 21 55 95 39 30 38 12 59 51 81 71 52 59 53 89 91 0 40 58 5 27 31 80 76 55 69 34 21 79 19 82 76 93 19 15 39 73 81 6 79 44 60 32 46 36 26 15 84 39 70 91 32 26 48 68 13 75 65 40 23 69 50 66 65 61 38 96 6 17 48 6 23 56 3 80 78 70 4 31 41 34 8 17 45 45 83 86 65 84 66 66 88 61 93 9 43 95 84 37 56 24 86 33 72 52 93 13 8 21 27 16 14 83 2 52 98 88 45 5 91 95 7 55 97 18 60 85 1 30 85 17 98 50 44 82 83 38 64 1 89 89 83 85 48 76 72 16 8 58 75 23 46 86 84 7 49 95 66 65 86 86 5 52 49 55 28 71 8 39 54 64 34 53 45 75 11 60 82 38 14 18 64 87 64 91 37 24 68 26 54 60 33 99 48 33 59 89 85 76 32 18 8 16 25 47 42 42 28 17 91 72 53 81 77 10 89 88 44 42 38 57 3 94 31 0 90 4 97 74 41 77 48 77 84 21 2 63 52 21 83 1 15 97 15 60 9 99 65 7 45 14 96 66 16 54 61 43 87 82 43 91 35 87 30 99 99 13 26 24 96 64 15 91 39 1 99 60 34 84 60 49 84 98 77 42 98 21 60 45 5 6 63 69 90 61 44 3 31 7 25 66 64 76 93 31 79 58 39 50 80 53 55 53 83 77 20 76 39 55 52 95 65 39 5 25 98 17 55 96 35 35 89 74 89 18 93 32 38 79 9 91 42 6 95 85 62 45 59 33 60 34 40 37 32 30 6 48 89 97 23 21 86 87 21 43 20 91 89 73 8 15 68 41 76 78 56 91 51 14 30 73 82 95 67 61 2 87 11 27 60 63 41 68 47 89 76 92 15 14 85 64 81 12 65 90 55 68 96 31 16 63 94 94 83 47 73 85 5 44 98 53 52 5 8 71 62 44 79 5 64 81 82 15 5 80 68 91 65 79 85 53 64 17 9 8 40 15 49 35 32 0 54 52 79 80 5 87 40 55 8 64 91 62 16 46 57 0 14 37 89 11 56 93 64 11 47 33 50 35 24 77 80 30 13 64 59 96 92 74 23 17 77 76 81 1 50 64 80 50 68 11 69 78 28 27 84 19 95 65 91 38 18 30 69 24 26 40 17 5 92 35 86 84 26 62 52 17 36 46 22 24 88 37 93 14 7 29 98 82 13 68 88 54 81 37 80 6 94 54 78 68 69 1 25 61 97 92 91 61 92 54 64 24 51 50 83 37 53 18 42 90 48 34 22 75 23 82 16 51 56 24 18 73 96 45 23 73 10 92 79 88 51 26 31 99 19 53 19 16 90 31 53 86 96 21 16 90 41 86 74 32 50 76 61 87 89 6 82 47 27 97 27 34 57 38 59 94 23 43 31 69 48 43 73 47 45 20 36 12 26 93 22 60 32 39 30 96 74 18 77 22 43 14 22 91 85 84 33 44 78 69 44 24 16 31 57 14 23 67 5 92 13 94 68 25 68 41 77 59 61 40 98 48 3 90 86 41 33 45 46 38 78 87 23 5 6 54 16 56 2 17 23 63 78 61 89 94 21 61 49 12 24 12 79 2 59 36 37 6 7 14 68 11 3 48 50 15 77 39 61 84 58 75 95 77 10 57 55 66 61 13 80 91 0 43 89 88 24 34 28 65 84 88 56 51 93 95 86 13 56 36 35 64 6 99 42 47 61 8 39 40 41 47 13 71 1 66 49 88 42 83 55 96 58 38 50 7 57 47 55 94 12 65 64 83 6 74 37 50 11 37 24 65 20 76 9 19 34 85 56 43 56 0 18 94 48 89 87 61 16 55 11 20 5 29 33 54 92 28 47 50 76 37 83 45 65 45 4 58 56 81 47 19 23 60 98 7 30 92 76 18 48 16 56 44 93 34 45 64 27 0 95 28 9 76 30 66 96 18 40 31 13 38 72 0 87 15 41 43 12 38 7 80 99 62 4 30 55 13 62 29 0 92 66 1 87 10 69 0 66 51 51 5 22 38 11 45 40 31 7 38 62 68 44 20 89 40 69 58 32 76 11 95 91 2 73 62 30 15 95 19 5 96 55 3 9 19 3 34 81 53 53 70 49 59 44 37 68 52 96 82 23 79 0 51 16 53 97 55 32 68 71 84 94 8 97 14 29 15 9 14 62 32 88 35 90 17 65 20 58 64 67 91 75 81 99 67 39 67 2 88 18 54 93 59 5 78 17 21 48 87 38 72 54 85 82 42 12 27 91 13 6 3 50 56 66 58 70 37 29 98 71 80 97 21 26 14 64 47 8 57 54 67 63 31 78 41 78 33 44 40 0 71 77 33 58 70 19 53 73 24 66 86 28 34 62 35 35 68 15 1 28 19 80 52 84 71 75 93 3 49 85 90 30 73 79 64 92 88 27 34 56 95 15 55 83 29 1 70 74 82 20 99 74 51 31 36 48 37 82 47 60 5 50 83 4 85 51 93 88 92 71 76 92 79 80 26 96 63 45 13 89 58 92 28 7 98 89 70 88 0 8 50 23 61 87 74 99 73 92 26 78 66 73 86 57 4 44 28 67 6 98 95 48 4 52 52 20 13 95 79 44 86 9 90 5 5 5 42 55 83 14 99 13 2 21 15 8 22 89 70 5 37 49 99 75 17 47 4 68 70 83 70 12 64 35 40 44 84 9 33 41 68 85 31 40 0 2 40 97 11 12 66 26 65 17 69 13 91 83 1 27 26 39 84 90 60 22 75 89 98 32 85 22 11 83 28 61 51 27 88 67 73 72 30 72 9 44 90 83 47 76 64 65 99 10 50 98 35 3 15 30 24 50 7 4 86 87 57 44 68 19 84 82 7 78 99 89 75 14 17 62 71 84 70 46 46 10 12 18 14 88 67 44 24 93 31 84 73 91 92 61 90 17 96 46 40 20 33 47 29 19 64 18 59 68 46 53 31 94 88 76 7 54 72 92 17 29 25 5 24 79 90 42 88 62 67 61 55 29 78 78 6 71 93 1 16 39 34 97 98 88 54 57 72 17 93 24 80 16 37 17 20 49 49 27 55 51 11 88 98 98 9 23 39 96 7 41 18 66 31 15 66 91 44 34 3 51 65 16 20 9 34 89 63 43 6 80 28 15 34 96 81 32 93 20 61 19 69 35 49 40 91 23 41 36 58 38 13 65 20 43 71 20 55 58 89 34 27 69 94 76 98 27 57 97 33 78 29 63 44 33 21 5 45 43 52 52 27 39 9 54 45 87 70 70 90 96 90 32 28 65 36 91 97 82 65 70 96 34 67 8 67 23 49 88 22 77 67 30 67 46 9 40 38 23 13 33 90 75 19 17 84 44 39 52 44 14 81 74 85 89 64 88 16 82 19 1 9 27 74 96 28 36 86 54 51 29 77 92 82 50 70 92 64 30 70 20 41 2 2 25 91 54 32 3 85 76 75 56 40 77 53 2 51 48 37 95 66 3 18 67 80 43 46 12 63 54 69 86 35 46 1 72 64 50 6 21 32 42 63 66 16 95 93 5 73 75 32 23 29 39 63 42 2 64 77 42 65 54 50 41 1 30 53 28 40 67 90 46 48 28 84 1 50 0 18 45 21 58 14 45 83 84 39 2 8 9 24 29 34 85 24 92 16 3 83 81 3 90 93 32 87 10 28 39 56 75 85 41 1 17 71 26 78 87 81 44 69 62 40 18 28 76 36 57 60 64 83 10 53 48 8 50 86 75 65 42 54 73 5 54 71 76 5 7 22 44 47 34 97 43 89 97 17 64 93 4 77 77 9 95 93 58 8 11 53 69 27 74 34 54 71 93 19 61 47 19 98 74 17 10 88 72 83 89 31 22 97 53 12 70 36 31 56 64 69 79 55 45 9 86 28 42 29 64 52 17 57 42 16 81 81 36 66 58 81 54 76 13 53 40 14 25 49 61 48 48 81 35 64 89 7 39 72 49 52 36 10 83 45 86 40 12 19 45 77 21 98 49 46 13 15 61 98 3 50 8 81 67 26 5 51 53 18 53 21 88 99 35 25 32 58 9 48 69 97 91 59 22 81 64 93 67 4 27 74 92 20 51 87 77 31 85 25 27 96 99 9 22 70 82 92 85 13 98 69 71 18 65 29 18 61 34 83 97 94 40 74 76 83 28 82 29 64 52 41 99 86 23 36 83 30 93 42 85 81 59 52 77 52 38 52 23 79 38 14 26 86 12 92 72 85 44 89 69 10 44 96 65 36 33 4 71 97 2 71 82 19 98 86 38 32 49 19 25 36 58 8 52 76 57 97 48 70 59 52 73 61 75 15 76 97 35 6 31 81 60 81 5 38 84 95 73 75 92 59 8 75 0 33 39 59 41 58 96 89 61 68 49 51 1 98 26 25 70 78 61 51 61 72 85 82 36 17 61 20 71 46 74 29 99 16 42 24 42 73 39 33 46 29 96 31 17 8 87 1 78 23 75 77 50 22 20 24 6 61 95 65 53 71 61 54 20 9 33 27 41 62 51 81 3 44 99 80 66 65 85 32 33 77 23 2 54 16 98 34 3 88 13 25 88 35 40 47 66 20 38 59 58 73 62 5 43 18 7 83 21 71 79 87 51 9 81 60 17 91 12 53 74 16 91 75 98 71 64 67 14 15 31 24 15 88 65 15 2 62 39 75 74 93 85 79 93 37 5 50 74 33 25 92 40 74 54 47 56 32 83 60 36 10 87 62 77 1 23 36 64 29 13 43 29 89 24 40 6 64 56 32 61 13 69 72 38 29 3 17 59 36 96 6 64 72 33 51 92 30 34 21 10 21 82 45 0 66 10 69 93 39 75 47 99 90 63 90 89 8 19 51 60 63 72 69 61 81 69 75 28 7 87 21 11 71 95 6 32 29 56 29 20 47 97 16 79 40 10 46 0 4 65 71 97 26 71 54 14 79 72 24 27 72 66 76 16 52 57 30 45 65 51 14 20 80 42 9 80 22 9 87 79 39 94 50 87 95 61 26 90 32 96 83 22 51 36 98 73 24 58 49 99 54 54 75 61 0 46 10 38 21 47 43 23 12 19 90 40 69 91 38 29 60 41 74 56 5 82 18 20 37 33 67 73 10 42 40 50 82 80 48 57 5 96 71 15 65 88 83 52 80 10 19 68 65 49 83 41 98 0 5 33 69 66 75 85 29 74 39 83 76 78 33 1 19 40 14 51 24 82 64 55 22 23 80 34 82 92 37 40 90 85 25 74 76 99 43 34 22 13 94 94 50 71 73 78 73 33 57 29 81 4 84 55 62 75 91 2 77 27 89 47 42 84 44 29 70 62 74 80 24 74 96 71 23 5 61 27 41 80 33 83 11 23 71 21 93 81 9 74 8 15 59 21 38 81 56 73 77 37 18 94 20 21 49 17 0 36 91 90 30 20 75 59 70 17 96 36 17 97 50 2 74 5 69 21 87 13 39 10 61 70 79 29 57 40 33 29 78 81 96 70 85 13 1 75 85 86 32 60 12 73 4 59 76 53 9 38 1 86 54 4 50 6 95 21 43 68 18 22 82 81 19 82 64 73 93 79 30 4 69 89 36 4 14 74 74 53 37 25 6 17 1 70 96 48 3 80 35 71 12 72 58 55 28 0 61 63 52 10 61 46 44 61 41 65 79 18 39 53 60 21 88 15 34 42 10 35 27 30 82 94 86 17 93 92 32 14 61 94 32 44 20 87 10 0 46 95 37 26 4 84 29 57 12 21 32 75 99 58 55 81 60 3 6 57 89 98 15 65 0 70 86 82 46 87 48 67 66 97 13 17 42 69 26 95 87 36 15 11 92 1 20 17 21 7 98 94 43 71 93 63 16 60 96 13 30 53 98 66 41 44 6 20 45 61 89 60 53 78 81 97 26 11 90 49 66 34 44 11 10 34 58 58 47 63 17 37 96 23 62 33 46 61 78 29 82 65 31 77 30 90 82 48 25 89 59 32 9 5 53 88 64 79 21 77 44 27 2 65 69 95 57 52 57 41 84 46 40 4 92 22 50 48 85 40 50 28 1 14 55 48 90 7 40 95 79 41 27 77 46 17 80 93 73 6 7 27 84 24 33 66 4 47 53 37 56 89 40 62 73 27 66 80 17 90 80 84 54 1 61 39 14 12 5 73 50 69 84 5 96 50 72 67 71 17 29 88 81 38 5 12 73 51 37 77 0 80 95 43 96 33 44 90 75 7 80 83 38 36 42 26 17 80 75 10 82 41 88 43 40 21 2 14 10 3 56 18 72 80 3 26 97 10 86 53 53 62 97 24 24 81 75 96 3 69 93 45 48 87 95 56 58 12 83 51 34 37 5 27 13 9 18 92 11 58 4 63 29 77 19 72 92 12 3 25 91 21 2 33 54 5 61 42 26 28 71 90 25 73 97 22 15 27 28 13 3 56 21 45 67 68 25 53 74 78 1 20 1 43 37 30 92 93 22 88 99 87 69 28 19 84 20 54 31 42 70 41 66 32 22 82 55 66 93 96 0 35 94 27 70 25 87 80 46 51 1 51 74 24 75 44 97 56 71 40 10 77 77 74 72 29 95 81 1 10 62 21 93 80 38 89 88 41 88 82 8 77 19 66 90 3 5 95 35 80 45 73 34 31 66 79 78 68 1 53 79 95 15 71 36 7 46 47 50 51 44 44 71 47 30 31 13 27 17 12 49 65 53 9 34 19 56 39 39 21 16 45 90 8 84 53 98 23 52 35 17 41 14 43 92 29 16 36 73 38 58 22 65 25 8 16 29 25 15 52 96 47 86 42 20 68 62 32 79 78 3 8 56 95 87 47 60 54 24 84 48 27 8 83 26 41 9 14 61 24 66 8 82 72 30 79 57 62 42 27 51 66 69 92 18 18 80 14 38 25 39 74 67 24 90 25 46 38 50 53 17 49 56 35 28 44 82 28 10 81 10 11 85 66 84 38 72 32 17 57 0 39 90 13 98 22 14 40 57 15 55 56 73 54 71 12 88 83 1 21 39 65 45 48 57 68 38 65 61 67 9 99 20 64 12 98 39 36 86 7 57 1 30 51 95 2 18 2 5 18 71 83 18 33 34 67 24 8 12 3 35 39 26 82 42 42 53 49 77 2 7 72 97 78 98 25 68 16 25 97 91 53 45 99 47 78 15 86 48 80 40 29 3 74 42 58 60 8 23 37 54 63 80 13 83 15 11 52 72 40 67 48 91 94 48 53 68 43 11 99 35 26 86 26 26 43 82 8 75 47 61 77 60 29 36 19 66 76 59 92 63 88 9 42 60 86 13 86 32 37 92 10 35 51 8 79 43 90 81 46 95 92 10 27 82 3 84 52 16 30 14 83 8 84 72 90 51 90 94 65 34 93 63 96 74 65 52 21 48 15 95 94 69 16 14 39 12 76 11 22 8 14 45 28 45 75 79 83 27 0 65 97 41 96 83 48 64 11 37 69 28 74 38 79 22 30 68 90 47 98 4 79 25 47 75 25 31 75 9 30 54 62 92 14 48 91 11 10 8 0 22 60 67 35 81 98 96 59 52 81 98 21 10 26 93 2 78 33 28 71 20 75 90 38 71 28 40 60 91 31 44 7 72 65 47 52 25 81 57 60 14 87 70 16 12 2 93 59 95 13 62 8 34 92 8 88 83 11 1 16 75 81 70 35 55 9 32 25 10 31 84 73 49 10 7 29 94 56 67 91 63 1 35 27 72 99 44 26 10 91 49 44 89 26 3 83 20 8 27 96 49 14 79 55 46 46 67 25 20 33 41 82 69 59 54 91 11 80 29 97 83 8 56 10 5 36 80 64 69 63 16 33 44 89 19 75 98 30 76 71 34 55 27 42 22 87 84 98 38 53 3 65 61 68 91 97 71 65 75 42 24 71 27 99 61 10 52 75 1 24 84 39 62 96 86 2 35 62 51 0 25 71 44 88 30 35 36 40 44 49 12 17 65 22 54 69 74 86 39 39 4 14 77 58 59 35 55 38 35 43 82 69 17 68 47 82 33 9 43 30 71 70 38 37 20 19 96 56 77 24 20 70 39 46 54 50 79 89 90 2 87 63 28 53 78 30 22 42 4 24 91 66 67 56 13 23 96 93 33 16 50 94 42 89 11 4 3 12 67 75 47 4 64 76 8 96 10 76 51 15 59 40 49 58 66 21 22 90 72 41 61 35 53 66 44 45 35 94 66 72 20 23 89 77 4 94 13 45 75 58 68 40 48 45 58 25 50 14 39 59 97 55 82 11 87 78 59 27 10 79 56 55 66 44 95 31 69 19 29 71 64 0 56 26 18 36 89 65 83 12 96 84 26 86 21 41 51 25 19 54 39 89 2 26 72 51 92 27 83 72 95 42 13 58 90 23 24 80 75 34 23 17 57 84 24 70 99 55 57 39 61 96 51 98 65 36 56 98 64 39 10 37 56 38 19 32 49 20 59 59 13 70 26 61 5 20 52 91 72 86 26 98 69 77 54 38 66 95 76 5 26 42 62 83 92 99 91 45 38 22 2 86 91 55 53 10 0 27 55 37 95 1 54 41 50 18 88 89 29 30 63 92 18 13 72 27 7 66 76 60 98 2 34 77 17 85 74 60 23 35 3 95 48 73 21 52 77 13 31 23 13 77 4 1 82 51 97 77 6 34 87 32 14 99 28 79 28 10 20 39 8 85 83 62 92 54 54 13 42 31 34 2 15 37 80 46 95 40 17 44 15 47 2 70 28 24 18 32 61 73 16 20 93 8 89 3 65 1 26 8 98 61 59 50 49 2 84 57 49 6 82 88 4 43 49 19 31 6 43 84 21 21 82 31 96 57 48 29 59 70 69 80 91 63 11 45 31 92 10 85 76 36 41 83 7 71 63 55 13 59 14 49 58 87 95 24 14 54 20 7 32 70 54 9 96 85 19 43 22 70 95 0 65 55 30 52 94 66 57 59 71 78 97 81 56 45 69 15 31 50 64 95 14 0 1 88 52 2 9 3 13 16 77 31 86 56 59 80 42 5 89 58 92 63 71 53 24 43 69 11 41 13 40 89 20 94 77 18 91 69 39 95 79 86 65 0 44 86 37 19 84 64 59 69 47 21 6 39 35 37 42 22 73 58 26 0 68 14 28 93 69 88 13 57 62 63 74 35 72 13 99 43 80 28 28 82 82 77 77 3 29 90 56 58 43 97 30 61 43 52 0 79 97 16 54 72 99 73 22 83 12 61 50 88 19 62 22 38 69 85 35 65 47 10 79 77 18 25 39 48 97 13 8 34 92 62 69 37 78 46 49 53 95 9 8 71 93 44 7 88 98 38 43 9 62 47 69 58 13 41 84 89 50 91 30 97 60 65 90 76 65 78 21 39 88 60 0 85 75 64 63 69 60 55 56 72 83 77 29 15 29 38 97 17 15 63 36 11 92 46 99 14 93 34 58 51 86 58 42 56 2 3 79 25 37 59 57 70 39 97 49 64 80 22 88 25 76 41 66 27 40 46 76 20 79 43 34 60 63 20 18 12 73 61 83 25 68 10 36 87 21 43 12 28 42 11 39 38 89 18 79 14 47 93 5 13 86 21 31 83 96 3 48 72 19 16 38 30 28 11 40 84 4 58 71 32 75 86 16 16 74 95 97 94 12 35 53 77 57 77 76 91 87 45 73 48 86 78 45 29 60 77 14 31 65 27 78 25 28 14 64 7 59 37 65 32 70 32 40 1 89 19 59 13 79 90 89 1 54 59 92 28 48 60 97 87 75 83 91 22 65 46 64 5 76 86 68 1 12 63 76 23 85 47 7 28 93 62 78 40 84 19 78 67 74 83 56 20 97 19 10 90 52 34 42 18 79 51 43 82 81 25 70 28 69 1 41 22 21 30 73 4 45 36 39 6 33 27 46 91 44 75 63 13 52 11 27 26 90 34 74 62 57 74 36 65 96 10 46 42 48 17 23 7 89 53 37 28 48 77 19 10 47 69 0 45 9 61 59 31 93 29 98 48 7 64 56 59 5 83 51 85 12 94 35 34 64 78 33 96 70 51 99 52 86 70 25 45 29 22 42 8 19 11 87 44 85 65 44 23 69 32 66 31 5 0 9 29 34 50 11 62 53 12 27 54 26 24 74 43 62 23 47 90 85 34 19 14 13 90 78 10 64 54 12 92 16 6 42 39 57 65 49 16 3 34 69 6 84 17 39 22 89 45 78 3 50 49 9 7 79 1 78 11 3 29 9 8 74 1 61 64 28 68 53 17 29 27 32 57 84 13 10 4 79 91 69 78 19 76 81 31 18 61 40 48 13 1 41 1 87 74 10 36 43 40 16 76 22 78 42 49 8 56 76 1 44 67 21 1 4 67 1 56 45 27 51 87 0 9 91 16 30 19 66 90 85 42 58 29 70 56 26 88 4 77 10 73 21 40 59 20 14 4 11 26 42 21 2 90 3 6 25 26 15 18 80 26 53 63 96 86 92 59 58 2 49 70 16 51 36 54 18 5 8 2 7 7 56 49 15 90 19 93 86 40 1 1 64 13 94 35 18 71 11 18 98 6 50 3 51 72 4 82 14 58 99 69 99 82 7 13 52 40 78 48 86 81 51 7 69 53 83 26 77 51
26 74 84 35
001 011 011 001 001 011 000 001 011 101 111 010 100 100 011 101 100 110 011 010 111 101 010 001 001 000 100 000 011 100 110 001 000 110 111 101 011 010 101 011 011 000 100 111 100 100 111 111 010 101 110 000 111 010 001 010 100 101 011 100 110 000 000 101 010 001 000 110 000 011 000 000 110 010 110 101 110 110 000 110 000 101 010 011 010 001 000 101 101 100 010 101 111 100 000 100 010 001 010 111
001 100 100 111 111 011 010 111 110 011 011 000 000 101 000 100 100 101 010 111 111 101 000 010 001 101 101 011 111 110 010 001 000 000 110 101 000 100 111 000 011 110 010 100 110 011 101 011 011 011 100 011 011 111 010 100 101 101 110 001 100 000 111 110 100 011 110 101 110 010 000 010 000 111 111 011 100 100 011 101 001 010 101 010 000 011 011 001 011 011 101 100 101 101 011 100 100 101 101 110
011 011 001 001 101 010 101 001 111 000 100 011 111 101 100 111 101 010 000 001 101 010 011 110 100 111 111 111 011 110 100 000 001 110 011 100 111 010 111 010 101 110 001 011 011 110 100 100 011 001 011 000 110 100 100 100 011 001 110 111 111 101 110 010 010 100 111 011 111 111 110 110 101 101 010 111 111 000 100 101 110 100 100 101 011 011 100 011 100 011 001 000 100 010 000 000 011 011 000 110
000 101 001 111 111 100 111 100 100 111 101 001 110 000 101 011 111 111 000 110 011 001 100 011 100 110 010 001 010 000 010 101 101 100 000 010 111 001 001 100 110 010 101 001 100 011 010 000 100 110 101 100 101 000 100 111 101 011 111 101 111 110 100 000 011 110 010 001 100 010 000 000 011 111 011 010 101 100 101 001 011 101 100 101 111 000 110 001 001 010 100 001 111 011 111 010 001 110 110 001
011 110 111 001 011 010 101 100 001 101 000 001 101 111 010 010 111 101 010 110 011 111 001 101 011 100 000 101 011 011 010 110 000 001 011 001 010 100 100 101 110 011 011 011 010 110 000 100 011 101 010 111 011 101 111 111 110 010 001 110 000 001 110 100 011 111 010 101 101 011 100 010 111 001 100 010 011 011 111 111 111 101 111 011 001 111 001 000 001 101 101 100 101 110 101 101 101 101 111 000
001 101 000 111 100 110 011 111 000 110 100 110 110 000 011 101 000 001 011 000 101 110 010 110 001 011 100 010 010 010 000 100 000 000 110 011 100 101 111 010 010 111 011 100 000 100 101 110 111 011 001 101 010 111 011 000 101 000 001 000 100 001 111 011 111 100 000 000 110 100 110 111 111 000 011 011 000 100 110 110 000 001 101 111 101 100 111 100 011 111 000 000 100 011 001 000 100 100 000 000
001 011 101 010 111 100 111 011 001 001 011 101 010 001 000 100 011 100 100 101 100 110 011 001 010 101 101 110 011 010 110 001 001 011 111 011 111 100 001 111 111 110 100 001 100 111 110 101 000 011 001 000 111 000 100 000 111 010 101 011 000 111 000 111 100 011 110 101 001 101 001 101 011 000 001 111 110 010 000 111 011 100 100 111 011 100 100 111 001 000 110 100 000 111 100 110 101 110 010 100
101 010 111 110 001 011 110 000 101 101 010 000 001 110 111 011 000 000 110 011 110 010 100 010 010 100 001 010 110 111 011 010 000 101 110 100 110 000 111 011 010 000 010 011 011 111 000 010 010 110 011 010 111 101 010 111 110 000 000 110 111 010 110 100 011 011 011 111 101 001 110 101 011 100 011 001 001 100 001 011 000 101 010 000 000 010 000 110 100 111 010 011 001 111 111 001 100 111 010 101
000 111 111 100 101 111 001 000 111 000 110 010 100 001 000 000 111 010 110 111 011 011 010 010 100 011 101 001 111 001 011 010 110 000 111 111 101 111 010 011 011 011 010 111 010 110 100 000 000 111 011 100 111 110 011 000 000 000 011 110 111 110 011 010 010 000 010 100 101 110 101 101 110 000 011 000 010 110 010 101 011 100 000 111 101 010 100 010 110 100 101 111 100 001 001 011 001 110 100 100
001 000 110 000 111 001 010 000 100 011 110 111 110 001 001 000 110 011 011 010 111 110 001 011 010 000 001 010 110 010 101 011 101 111 100 101 001 000 010 110 011 000 110 100 101 001 000 100 011 010 010 001 010 011 001 101 100 011 010 000 001 111 010 111 101 111 110 100 100 011 101 100 100 110 011 111 101 100 100 000 010 010 100 101 100 000 011 111 011 110 100 111 100 000 100 010 101 001 110 001
000 010 001 110 111 101 100 101 010 011 101 100 000 101 011 111 111 110 011 011 110 001 110 000 101 000 000 111 110 001 011 001 110 101 001 101 110 010 001 000 100 001 000 011 101 100 111 010 101 000 101 011 011 110 101 110 100 000 000 111 100 111 010 001 011 000 011 101 111 000 000 010 111 110 111 111 101 011 110 001 101 100 100 011 011 100 000 001 000 001 111 111 001 110 101 000 011 110 011 010
001 101 000 001 010 101 111 010 101 010 100 010 001 100 111 011 011 011 101 101 111 010 011 100 100 010 101 100 100 011 101 000 011 100 100 110 100 110 001 010 001 001 100 001 010 100 100 010 010 110 011 010 110 111 000 010 000 100 110 011 011 101 011 010 111 010 110 100 101 111 000 110 011 010 101 011 010 010 011 111 110 100 000 000 110 110 001 111 111 010 011 101 001 111 111 001 000 110 001 011
101 001 100 111 111 010 000 111 010 110 111 101 101 100 000 111 000 010 110 000 100 100 000 011 110 111 101 111 111 011 010 101 101 010 110 100 111 010 001 100 011 000 000 111 011 011 011 000 111 101 011 111 100 000 010 100 100 100 010 011 110 011 011 100 000 111 001 001 101 101 100 010 010 000 111 101 101 000 011 101 001 011 100 111 100 100 110 100 101 110 111 110 011 110 000 001 100 001 101 010
100 111 110 000 001 001 011 111 111 111 001 100 111 101 110 001 011 001 110 101 010 101 001 111 100 000 000 010 111 110 011 001 110 101 111 010 001 100 000 101 100 000 110 101 111 100 010 110 001 100 100 111 100 000 111 110 110 111 101 110 110 011 101 110 101 101 100 111 001 001 101 001 000 100 110 001 011 000 110 110 101 000 010 001 110 011 010 000 011 010 001 111 111 000 000 001 001 010 010 100
100 100 000 101 100 001 001 110 100 001 100 111 011 000 010 000 000 010 100 000 010 000 101 100 000 010 011 001 111 111 111 001 011 111 010 101 101 111 010 100 001 011 101 010 101 110 010 010 110 110 000 110 110 110 001 010 110 100 010 010 110 101 001 111 110 000 101 010 110 010 100 011 101 101 011 110 100 000 011 111 000 010 011 001 101 100 000 000 010 011 011 111 110 101 010 111 000 001 101 101
111 011 011 010 111 011 010 101 001 100 010 101 000 101 001 110 011 001 011 010 010 000 001 101 011 011 010 100 100 100 011 111 011 001 010 001 110 011 111 000 111 010 000 000 101 101 011 001 110 001 000 010 011 101 010 010 100 101 011 110 100 110 111 000 110 100 110 010 010 100 000 101 110 001 101 110 011 110 101 000 010 001 110 001 111 100 111 011 100 110 011 110 101 101 110 000 000 010 100 011
110 111 011 100 100 011 110 001 000 001 011 011 011 001 100 101 110 111 000 100 010 010 110 000 001 000 001 000 011 001 001 011 101 100 101 010 000 100 111 101 100 100 000 100 110 000 100 111 011 010 101 010 101 100 100 110 000 011 000 101 101 001 100 101 110 000 111 110 011 101 110 110 010 010 100 111 011 101 101 010 101 010 101 011 101 110 110 111 011 100 011 111 100 000 001 010 100 101 001 010
111 100 011 001 101 001 001 000 111 000 001 111 101 000 110 001 011 111 011 111 110 111 001 101 101 010 101 101 111 001 100 111 111 010 010 101 101 100 101 011 111 001 111 010 110 011 000 110 100 000 001 011 010 100 111 101 000 010 101 111 110 101 011 100 101 000 001 110 001 001 111 111 000 101 100 111 100 001 010 111 010 100 000 001 111 011 111 011 001 110 101 110 101 111 110 011 101 010 100 001
110 000 110 010 100 001 001 111 110 011 010 111 011 101 110 011 001 110 011 000 110 100 100 101 111 010 001 111 000 010 000 101 100 111 011 011 000 111 000 111 110 110 100 101 111 000 110 000 111 010 111 010 000 010 001 100 100 110 010 111 011 011 010 111 110 111 101 110 001 011 111 000 000 010 100 100 011 101 111 101 100 010 110 110 011 101 100 010 011 101 011 000 100 101 000 011 110 100 000 110
110 001 100 100 010 000 001 011 101 101 111 011 001 011 010 110 011 010 001 001 011 000 111 010 011 110 010 011 100 111 001 010 111 010 101 000 110 000 010 110 011 010 001 001 100 110 100 010 110 110 011 110 011 101 010 111 010 010 101 000 000 110 011 000 110 001 100 101 000 010 111 100 111 001 011 011 111 001 010 000 111 110 001 110 101 001 001 001 000 100 100 100 110 001 000 110 001 100 110 000
001 110 110 100 011 101 000 110 101 101 011 100 111 101 101 000 000 001 101 001 111 000 110 101 001 001 001 111 101 001 010 100 001 111 101 010 000 110 010 001 111 110 101 111 110 011 000 011 101 111 000 111 100 111 011 111 101 000 101 000 011 000 001 001 000 011 101 110 111 000 111 110 011 001 110 110 010 010 110 100 011 111 010 001 110 110 010 101 111 000 011 000 000 001 111 011 111 010 000 010
101 001 110 111 110 101 000 010 000 100 110 111 010 000 111 101 100 110 110 001 110 110 000 000 110 000 110 111 111 110 001 000 100 001 100 110 101 000 000 001 111 000 111 011 011 011 011 101 010 111 011 000 010 101 000 000 001 111 011 001 011 011 010 111 100 010 100 010 101 000 010 110 011 010 101 101 101 001 111 110 110 110 011 001 101 010 011 101 110 001 011 111 010 011 110 101 001 100 110 001
111 101 111 110 010 000 001 010 000 100 000 111 011 000 101 000 010 110 011 111 111 101 100 000 010 110 101 011 111 001 101 000 000 001 110 110 010 110 011 010 101 010 001 110 001 010 010 010 100 010 101 100 011 001 000 100 011 000 100 011 010 001 001 100 000 100 110 011 011 100 011 000 010 010 000 100 010 011 110 010 011 010 000 010 110 001 001 100 100 010 100 001 100 010 101 100 010 110 111 110
010 001 010 100 100 110 101 001 011 010 010 101 110 010 110 100 000 100 001 011 111 010 010 100 100 111 101 110 100 100 001 000 010 101 110 010 011 100 100 001 110 000 101 100 110 101 110 111 010 101 100 101 001 001 000 100 010 110 110 001 011 001 010 011 101 010 111 100 110 000 010 111 100 000 011 100 100 011 000 110 001 011 011 110 001 010 110 001 011 111 100 111 011 101 100 001 000 010 101 111
000 010 001 110 010 001 110 000 100 100 100 001 001 110 100 101 110 000 111 100 010 001 110 111 100 100 011 101 000 000 100 000 001 101 001 100 110 011 100 101 110 101 010 111 010 011 110 110 010 000 110 011 111 110 100 010 001 000 111 100 101 010 011 001 010 000 010 100 010 001 110 100 010 010 010 001 011 010 111 010 100 011 001 100 000 001 000 011 011 100 110 001 110 110 010 101 100 000 011 110
011 001 000 110 100 001 011 101 000 111 000 011 101 010 011 110 100 010 001 101 010 110 111 100 001 001 110 110 011 110 001 001 011 011 110 111 000 010 101 000 001 010 010 101 010 101 100 011 100 100 000 001 100 110 010 001 110 001 000 001 101 101 101 001 110 100 110 000 101 011 111 011 000 110 011 101 110 010 100 011 010 011 111 010 011 000 111 110 000 010 110 100 010 110 101 001 011 101 001 111
000 000 010 011 011 000 000 111 100 100 100 001 010 001 110 101 100 000 000 000 001 001 010 010 011 110 111 100 010 110 111 010 011 101 001 001 101 000 100 011 101 100 011 001 101 100 110 000 011 001 000 100 000 000 010 110 101 001 000 111 000 000 101 110 001 000 011 101 011 101 110 110 010 111 000 111 111 000 110 101 001 000 011 111 111 011 100 110 001 000 101 011 111 101 001 111 000 111 110 010
111 100 111 001 010 100 110 010 001 011 000 000 010 010 111 010 001 111 011 000 001 011 100 111 110 110 001 011 100 011 001 111 011 111 000 011 011 001 001 010 100 100 001 101 100 010 111 100 011 101 100 011 010 111 100 111 100 001 101 101 111 010 011 100 101 011 000 111 111 011 101 100 001 001 001 100 101 100 100 011 100 100 011 000 110 101 101 010 110 101 111 110 110 110 110 010 010 110 111 000
111 100 100 111 110 010 110 111 011 111 001 100 111 101 101 110 111 001 000 101 001 011 100 111 100 011 111 101 010 101 101 010 001 000 001 111 000 111 111 010 100 101 100 010 101 001 110 101 101 111 000 100 001 000 101 001 001 100 010 010 110 011 101 000 101 101 001 101 000 100 011 111 010 111 101 100 110 000 011 001 111 111 101 010 101 000 100 100 001 111 111 111 101 001 010 101 101 010 111 001
111 101 011 010 101 001 000 110 010 011 110 011 111 111 111 111 011 000 011 001 010 011 100 000 101 110 100 100 100 000 010 001 010 110 110 011 100 010 100 001 110 001 010 100 001 011 111 010 001 001 010 101 110 001 001 111 100 010 111 100 110 111 001 001 001 111 110 100 011 001 111 101 011 011 101 011 111 010 010 000 011 111 101 110 111 010 100 100 101 100 011 010 011 110 010 100 101 010 000 101
110 101 110 101 110 101 010 000 100 011 101 100 100 001 111 011 100 000 011 001 001 001 110 101 011 001 111 111 011 110 000 111 111 111 001 101 101 000 010 011 001 010 011 011 010 010 110 110 000 000 110 011 111 011 000 000 010 110 110 101 101 111 001 100 110 101 101 010 101 001 011 111 001 010 001 011 010 101 111 000 101 110 000 011 001 000 111 110 101 001 001 001 011 000 101 011 010 100 011 001
011 111 011 110 111 111 011 111 101 001 010 101 100 101 010 111 101 010 110 111 101 101 111 100 101 000 010 111 010 010 011 001 001 100 110 000 011 001 101 101 000 010 011 010 100 010 111 100 010 001 000 101 010 001 101 100 101 011 010 011 010 110 001 110 001 110 111 111 100 100 001 001 111 011 100 111 001 100 100 100 000 011 100 101 100 111 100 000 101 100 100 111 010 001 001 110 000 000 111 010
100 000 101 011 010 101 010 010 001 110 111 010 111 110 101 001 011 010 011 011 000 111 100 100 101 101 000 100 010 000 000 010 100 110 011 011 110 100 100 001 011 001 101 001 000 100 100 101 101 001 101 011 110 011 101 111 100 000 101 010 100 010 100 100 111 101 001 111 110 011 111 011 000 011 111 110 111 101 011 010 000 010 110 000 011 111 111 100 110 010 111 001 010 111 101 101 001 001 001 010
100 000 010 001 101 010 010 101 011 101 111 110 100 110 101 010 100 110 000 111 001 000 010 101 100 101 100 111 110 000 010 101 010 011 010 011 010 000 010 000 001 100 100 111 110 101 110 000 000 011 100 001 000 001 101 010 010 110 000 011 000 010 001 111 110 110 100 001 011 110 011 100 111 100 111 111 001 101 011 111 111 000 011 001 110 111 011 110 011 111 110 101 100 011 110 111 101 100 101 000
000 010 101 111 011 111 101 001 111 111 001 000 011 001 110 011 101 010 100 011 011 011 000 011 101 101 100 011 001 011 100 111 111 101 100 110 111 100 010 100 101 011 001 000 000 010 001 100 000 001 001 110 111 101 011 101 101 000 000 010 010 001 101 111 110 101 000 010 101 101 011 100 001 100 100 010 100 101 110 110 100 000 001 011 110 001 001 011 010 011 111 111 011 010 011 011 000 100 101 110
111 111 011 100 011 011 011 100 110 010 011 000 001 001 111 001 100 000 100 001 011 111 010 111 001 101 011 000 000 100 110 111 111 111 011 111 011 000 000 001 010 100 110 001 111 110 101 110 100 011 101 011 100 110 001 000 011 100 110 010 110 110 011 101 001 100 101 111 110 100 000 111 011 011 011 011 001 001 010 001 100 010 001 000 100 000 010 010 000 000 101 001 010 100 111 001 011 110 111 010
000 110 100 111 110 011 011 101 111 101 111 011 101 100 000 111 011 110 111 010 010 111 100 111 001 001 011 001 001 111 101 100 111 010 111 010 010 100 101 010 100 110 111 010 111 001 110 100 111 110 010 001 000 011 001 001 010 111 011 100 110 100 100 000 111 100 000 100 111 011 101 010 101 011 011 111 101 011 100 110 111 000 111 111 110 111 100 010 111 101 011 010 111 111 100 000 010 110 010 001
000 100 100 000 001 011 111 001 011 110 001 011 100 011 011 101 100 101 000 010 001 000 111 110 000 000 011 000 000 010 100 111 001 001 000 101 100 010 001 010 011 001 001 010 000 011 111 011 001 110 100 011 100 000 110 011 101 110 100 000 100 001 100 110 011 110 000 000 101 110 110 000 101 000 111 101 010 000 001 100 110 101 001 000 101 110 110 110 001 001 100 001 010 001 101 001 010 001 110 111
111 010 011 111 111 111 010 101 110 011 100 111 101 000 000 110 100 010 111 100 101 000 011 101 000 000 111 010 111 100 000 011 000 011 100 110 010 111 110 111 000 101 111 011 100 101 000 100 111 010 000 101 111 010 001 100 011 110 101 100 010 101 000 010 111 100 000 010 010 000 001 010 110 001 100 010 101 110 000 000 001 010 110 001 101 011 010 001 100 001 000 101 101 010 001 100 000 001 111 111
000 111 010 111 100 010 110 101 000 000 000 011 101 110 011 011 011 100 110 110 100 110 110 101 010 110 101 100 010 100 001 110 010 011 110 011 011 011 101 100 011 001 011 010 001 010 011 100 100 001 110 000 001 110 011 001 000 001 001 001 111 101 001 011 000 110 111 010 101 000 011 000 110 100 111 100 111 111 101 101 000 101 010 001 101 000 111 111 111 010 101 101 011 011 010 011 001 101 100 100
011 001 100 101 011 110 100 101 110 100 000 010 101 001 011 000 101 101 101 000 011 011 100 100 001 111 111 010 010 001 111 110 010 011 111 010 100 101 000 110 000 011 010 111 000 000 111 100 000 101 101 101 011 100 111 010 000 110 001 111 001 010 000 101 011 011 000 101 110 000 101 101 101 101 111 110 000 010 001 111 101 101 010 000 110 000 011 111 000 001 010 111 100 011 000 001 011 000 101 111
011 000 100 110 100 110 110 011 111 001 101 100 110 100 111 011 100 000 111 010 101 100 101 011 011 111 101 001 010 101 011 111 010 001 100 111 101 000 011 110 110 011 001 011 101 000 000 111 000 011 101 111 110 000 101 101 110 001 010 001 101 110 010 101 010 011 001 110 100 011 111 000 100 111 101 101 001 100 111 011 010 100 110 100 000 110 001 100 000 011 110 001 000 000 000 111 010 100 100 001
100 000 000 001 101 000 000 110 100 011 110 110 001 011 011 000 111 010 100 101 101 000 010 111 011 111 001 000 111 100 010 010 101 011 011 111 101 101 101 011 100 101 100 101 110 110 111 110 110 111 110 101 101 001 110 010 011 001 100 001 010 101 001 010 010 001 101 011 110 111 100 001 111 110 101 111 101 011 110 101 011 100 110 100 110 010 000 101 010 001 101 011 010 101 111 001 010 000 000 101
010 100 110 111 011 011 110 001 100 011 101 111 011 101 011 101 111 111 000 110 011 001 000 011 100 000 111 000 101 001 101 111 011 110 001 010 000 101 110 011 110 100 001 010 001 100 010 010 100 011 001 100 110 001 110 001 100 101 011 011 100 100 001 001 000 111 111 101 011 110 100 011 001 010 011 001 001 000 000 001 101 100 111 110 101 010 110 111 000 010 111 111 110 010 001 001 111 110 100 011
000 001 001 110 011 011 111 101 100 100 110 011 011 101 011 010 101 001 000 011 000 010 100 111 110 011 001 011 100 010 010 011 111 011 100 111 010 110 010 000 101 000 100 100 110 100 101 000 001 001 110 111 010 100 010 011 001 010 101 010 110 100 100 010 111 000 001 110 100 110 111 000 000 011 000 001 110 001 010 010 110 111 100 110 001 001 001 011 001 010 001 100 001 010 000 100 011 011 001 011
111 011 001 111 101 100 110 010 101 000 111 011 101 110 011 110 110 101 010 110 111 010 111 111 110 011 110 110 001 111 000 001 100 101 000 111 011 111 000 000 110 111 011 000 010 101 100 001 000 111 000 100 011 000 101 000 011 100 111 101 001 001 011 110 010 010 011 101 010 110 011 100 100 100 110 100 000 111 110 010 110 000 000 101 110 011 010 010 010 110 111 101 110 011 111 111 111 001 110 010
000 111 110 111 101 110 100 000 000 111 100 100 001 111 001 001 101 010 011 100 001 011 000 000 101 111 000 101 001 101 111 011 001 010 111 001 011 011 000 011 111 100 001 111 100 110 110 111 111 000 001 010 100 101 011 101 110 101 110 010 010 000 110 111 100 101 010 001 111 100 101 011 000 000 100 101 000 111 100 010 111 111 100 110 001 000 100 100 010 110 010 010 101 011 111 101 111 010 100 000
000 001 100 110 100 000 111 101 110 000 011 000 101 000 010 101 011 110 111 000 010 000 101 010 010 001 010 101 100 111 111 001 011 100 010 010 111 100 001 100 110 001 011 100 101 000 010 000 000 001 011 100 010 101 010 011 011 110 011 011 110 100 101 101 010 110 011 011 000 000 011 100 100 010 110 111 110 110 101 100 011 110 110 111 001 010 000 011 000 110 100 001 111 110 100 100 111 111 100 100
111 001 010 010 011 011 001 110 100 010 100 110 111 010 011 001 100 001 111 000 000 101 100 100 000 111 110 001 011 010 000 111 101 101 110 011 111 101 111 010 010 100 111 100 011 001 011 000 000 100 010 001 100 110 110 111 011 010 011 110 100 001 000 111 011 111 001 000 101 000 101 010 001 100 000 110 100 011 011 101 111 010 001 100 111 000 001 000 100 101 010 100 010 110 111 110 100 101 000 000
001 101 000 111 111 001 011 111 011 001 110 000 001 010 010 010 011 000 000 011 000 100 111 101 000 111 011 000 101 001 001 011 000 001 111 001 110 101 000 011 000 101 001 100 100 000 110 100 000 011 110 101 110 010 000 001 111 100 101 111 101 000 011 011 100 101 100 010 111 010 100 000 101 010 100 110 011 000 000 100 010 100 011 011 000 000 000 110 010 001 011 001 111 010 000 010 101 110 110 010
100 111 001 100 000 100 010 100 000 010 101 001 111 001 100 001 111 100 010 111 100 000 001 101 001 101 010 110 011 010 011 110 110 010 001 001 110 101 111 011 101 111 100 011 101 001 010 011 000 011 101 110 001 111 000 101 100 010 111 101 100 011 101 100 101 110 100 010 000 001 000 100 011 101 010 011 011 011 111 101 010 111 100 100 000 101 100 111 111 100 011 101 010 100 001 111 101 111 010 110
001 010 000 010 000 111 110 011 001 010 100 010 100 011 001 010 001 101 011 101 001 101 101 100 000 110 110 011 100 001 011 100 101 110 000 011 010 000 101 010 001 001 100 001 011 110 001 011 101 111 100 010 010 001 000 100 010 010 111 110 100 100 101 101 001 001 101 010 101 011 101 111 000 000 110 011 111 001 001 001 010 101 100 111 110 110 101 111 011 100 101 000 110 111 110 110 000 010 011 100
000 110 111 100 010 111 001 100 000 110 000 111 001 000 111 000 010 100 011 100 011 101 000 000 101 011 111 010 111 100 111 010 111 111 110 011 110 111 110 101 011 011 101 111 011 000 100 010 110 110 011 000 010 000 011 010 111 111 100 110 011 111 110 011 011 101 110 000 100 010 000 010 111 111 110 111 010 010 101 011 110 110 101 010 101 001 101 101 110 001 110 100 000 000 001 101 010 000 100 110
000 101 001 011 000 010 010 001 101 110 111 000 100 101 100 111 001 001 101 100 101 100 101 010 010 010 101 010 000 000 110 010 110 110 101 010 000 100 111 001 000 001 001 000 010 100 101 001 000 111 001 110 100 001 111 110 110 000 000 001 000 100 001 010 010 011 110 010 011 101 011 010 010 010 001 111 010 100 111 001 100 001 011 001 110 010 000 110 111 101 001 001 000 001 100 110 100 001 110 110
101 001 001 110 110 101 000 101 101 101 110 000 001 100 000 111 100 111 111 011 000 001 110 010 111 111 001 110 101 100 001 101 101 110 110 100 100 101 001 101 111 011 101 011 100 000 110 010 001 111 111 000 000 111 001 000 101 011 110 100 111 011 010 000 101 000 001 100 110 001 010 001 001 000 111 101 000 011 100 100 011 111 011 100 011 000 101 100 000 111 010 111 101 101 001 100 000 110 011 101
111 111 100 010 101 111 011 111 010 110 100 011 000 101 001 011 010 111 001 111 110 010 100 100 110 001 010 100 100 001 110 111 010 100 001 000 011 011 111 101 001 100 000 110 101 001 000 110 100 111 110 011 000 101 001 010 111 100 111 111 010 110 011 111 101 011 100 110 100 001 011 110 101 010 111 110 111 000 110 101 110 011 110 101 011 110 011 010 100 000 110 101 000 111 100 101 100 100 110 011
000 001 111 010 111 001 101 110 100 111 101 110 010 111 100 111 101 101 110 100 011 100 111 000 101 100 101 110 001 001 111 000 011 100 111 101 001 110 010 111 110 101 000 000 011 101 000 011 000 101 110 100 010 001 011 001 011 110 010 100 010 111 110 001 011 101 010 110 010 001 100 101 110 011 100 101 110 010 010 000 011 001 000 110 011 011 000 000 011 101 001 111 100 100 000 010 100 010 100 100
011 110 111 110 111 110 100 010 000 011 001 111 110 010 110 111 100 111 100 100 111 110 000 111 010 011 001 000 011 101 111 010 110 010 101 110 101 111 101 101 010 101 010 001 010 100 011 001 001 000 111 111 110 110 100 110 001 001 110 111 011 110 110 110 000 110 111 011 111 111 000 101 100 001 110 010 110 101 101 100 010 110 111 010 011 110 111 011 111 111 010 111 110 111 010 000 010 000 011 000
111 111 010 011 010 000 111 010 100 011 110 000 011 111 001 011 001 100 110 000 100 010 010 010 111 001 011 100 001 110 111 011 000 011 110 110 101 001 010 100 001 001 101 011 100 010 111 110 111 001 111 111 110 111 111 001 101 011 101 111 101 100 111 010 100 011 011 110 101 100 101 010 011 010 011 000 000 110 011 101 011 100 010 010 101 111 010 101 001 010 100 000 001 010 011 000 100 101 110 111
101 001 011 010 110 010 010 011 011 001 011 110 101 010 110 101 100 101 100 100 101 111 001 001 111 110 000 001 011 001 010 110 011 100 100 011 100 111 011 110 111 000 001 111 111 010 011 001 000 111 111 011 010 011 110 100 100 110 110 111 110 100 011 110 001 110 011 011 010 011 011 110 001 000 110 111 100 110 001 110 001 111 101 000 100 101 000 001 111 101 000 100 010 100 001 101 001 111 101 011
011 101 100 001 101 101 100 010 000 010 110 110 010 001 011 001 111 001 001 110 011 011 110 110 010 111 000 010 100 111 101 011 010 111 011 110 000 001 010 010 000 110 001 001 010 110 001 010 111 110 010 111 010 001 011 101 001 101 101 110 101 011 001 101 001 000 001 111 100 101 100 000 111 011 110 010 110 001 001 010 011 001 000 110 000 000 000 111 101 011 010 111 100 000 101 101 000 011 000 111
110 110 101 111 010 001 100 111 011 000 101 111 111 100 110 111 110 001 011 000 111 010 010 100 001 100 100 111 111 000 011 000 111 010 001 010 110 111 000 011 111 101 100 110 110 100 111 000 101 110 011 010 110 101 111 011 100 101 001 101 011 111 010 101 111 101 010 010 001 111 101 000 101 010 001 001 001 110 001 101 011 101 000 110 101 000 001 000 111 000 101 110 100 111 011 011 000 000 000 111
110 000 001 100 001 011 011 011 110 101 101 001 100 101 000 000 011 010 111 010 011 010 010 111 001 000 001 001 101 110 010 110 111 010 101 111 011 001 101 011 111 000 111 011 100 001 000 001 001 101 010 101 010 001 010 100 001 011 110 100 100 010 010 001 010 100 000 010 111 001 000 000 000 100 011 000 101 101 110 010 010 011 010 101 000 100 010 111 011 111 110 101 111 101 100 111 001 110 111 011
100 011 100 001 110 010 100 100 000 100 111 101 100 001 101 101 011 000 001 000 010 010 011 111 000 110 110 011 011 010 000 101 010 001 000 001 110 110 100 000 010 111 100 000 000 000 000 001 011 100 100 101 000 110 101 001 001 011 010 101 101 001 101 000 100 101 010 111 111 110 010 101 011 100 101 001 000 000 100 001 101 010 001 010 010 010 110 001 010 101 111 101 100 010 100 000 100 101 111 010
100 010 110 001 000 111 100 010 101 110 011 001 001 010 111 110 110 100 111 100 011 010 110 110 110 110 101 100 111 011 100 000 110 100 100 101 100 110 111 111 011 010 100 100 100 011 100 010 111 010 111 111 101 000 101 001 111 011 100 101 110 101 101 100 010 011 101 011 010 011 100 111 110 110 100 010 000 101 101 001 000 001 100 110 010 110 000 011 100 001 001 000 111 111 100 100 100 001 011 110
010 110 110 111 111 101 010 110 001 110 101 100 010 010 001 100 101 000 110 011 000 001 000 000 100 001 100 010 100 110 011 110 111 110 111 000 101 010 110 110 010 001 111 111 000 100 001 010 110 100 100 101 011 100 000 010 110 100 010 001 001 010 111 111 100 011 010 010 101 111 101 110 001 100 001 000 111 001 110 110 101 100 111 101 100 101 100 011 101 100 000 111 001 111 101 110 110 010 100 101
011 001 010 101 011 010 100 010 110 000 010 001 101 101 001 000 110 101 110 101 100 011 000 010 011 000 000 010 110 010 001 011 101 001 111 101 011 011 111 001 010 001 000 011 101 111 001 010 110 000 100 100 011 000 000 001 000 100 010 010 000 011 011 001 100 100 111 100 010 101 110 010 110 000 111 000 000 011 100 111 100 000 010 100 110 000 001 000 001 000 111 110 000 000 010 010 010 110 011 010
001 011 101 001 101 010 110 111 010 011 001 111 110 000 110 001 000 100 000 100 010 001 100 100 001 001 001 010 100 001 111 010 000 010 001 100 111 100 000 101 011 101 000 101 001 100 001 101 000 010 001 000 000 110 101 110 100 111 110 000 110 110 101 100 111 110 010 101 111 101 100 100 111 001 010 000 010 010 001 101 110 100 111 100 100 100 011 001 011 111 011 000 000 101 000 100 101 100 000 001
000 111 111 101 101 010 111 100 010 000 101 110 111 011 100 001 000 001 111 010 101 010 000 001 110 010 001 001 010 101 100 011 100 000 011 100 001 111 011 011 110 111 010 010 011 001 000 111 010 000 001 000 000 100 000 011 011 011 100 000 110 011 001 010 110 000 101 000 001 000 011 010 010 011 011 110 101 101 011 010 110 100 011 011 001 101 111 001 011 010 101 110 101 111 010 001 110 010 110 111
011 100 111 101 101 110 011 111 110 001 001 100 110 110 101 000 000 110 010 001 011 101 100 011 011 011 110 010 111 100 000 111 000 010 101 101 001 100 101 100 011 000 010 110 000 001 101 100 010 001 111 111 001 101 100 010 001 010 010 000 010 011 001 111 100 110 101 000 101 100 000 011 101 101 010 111 110 010 000 111 000 010 101 111 110 111 110 000 010 110 001 111 101 110 100 011 111 010 111 001
010 100 010 011 000 010 111 110 100 010 011 000 011 011 001 000 110 101 101 110 101 000 100 011 011 111 111 100 000 100 011 100 110 011 100 010 100 100 101 100 100 011 101 101 001 011 011 111 101 011 111 111 101 000 010 001 110 011 010 111 111 010 110 110 010 010 111 011 011 001 011 100 011 011 111 001 101 100 111 001 111 110 011 101 000 001 100 101 000 011 011 001 111 000 100 110 010 011 100 011
111 111 111 011 001 001 001 101 000 001 001 011 111 110 110 110 110 011 111 110 000 101 111 111 111 101 111 111 001 010 110 101 001 001 111 111 001 001 100 101 100 011 001 000 000 110 110 000 000 011 010 001 011 001 000 101 101 011 110 100 000 011 101 010 101 000 010 111 101 011 010 100 001 010 101 000 110 101 111 110 001 100 100 101 000 011 110 010 001 110 100 101 110 010 100 010 010 111 001 011
101 101 001 000 100 110 001 100 010 000 000 100 001 010 110 101 101 101 011 110 111 001 010 001 011 010 011 111 001 110 011 011 011 101 000 101 011 001 010 000 010 000 011 111 000 010 001 010 100 001 001 110 001 011 110 101 110 110 101 110 011 010 101 110 011 001 010 010 111 010 110 010 010 011 011 011 110 010 101 111 011 101 011 100 000 001 000 111 100 110 000 000 000 011 100 110 011 110 111 111
000 001 010 111 001 001 110 010 100 010 111 000 011 001 110 000 001 001 101 100 111 110 100 000 110 110 100 010 111 010 101 110 110 100 100 001 001 101 010 011 010 100 011 000 111 010 000 111 000 000 001 100 111 000 111 110 011 111 110 110 011 000 000 001 001 001 111 000 000 101 000 110 110 001 000 011 010 000 111 101 010 010 100 010 110 111 000 111 110 100 111 010 100 011 110 001 100 000 001 001
101 101 101 110 101 111 111 010 111 101 101 101 001 001 111 101 010 110 101 010 110 001 010 011 010 101 111 110 011 010 010 000 111 100 101 000 001 001 011 110 010 010 101 011 110 111 011 001 000 110 010 111 011 110 000 110 100 011 101 010 000 001 101 111 111 101 110 110 001 111 011 100 100 001 000 010 011 100 100 111 100 101 101 100 101 011 100 100 100 011 111 000 000 110 010 110 011 011 001 111
001 101 110 011 110 001 011 010 010 010 001 010 111 100 100 101 100 101 001 111 010 000 101 010 110 111 101 011 000 101 010 101 010 100 100 001 010 000 101 001 011 010 101 100 111 011 110 101 101 000 111 000 010 000 110 010 001 001 000 110 000 111 011 000 100 010 000 001 101 010 011 001 001 000 001 010 100 010 110 101 101 000 111 001 010 111 111 010 001 110 011 100 110 000 100 101 111 100 001 000
001 111 110 010 011 111 111 111 010 100 011 101 000 010 101 001 111 101 110 000 010 011 111 100 111 010 010 110 100 111 101 100 101 110 001 101 000 011 111 101 100 000 010 100 011 100 110 010 011 011 110 111 111 011 100 101 101 101 011 011 010 110 100 111 011 010 110 110 000 010 101 100 000 011 110 110 011 001 111 010 010 001 100 100 001 100 110 010 101 111 100 111 001 011 010 101 000 110 000 011
011 101 000 110 101 001 101 110 100 111 111 001 110 000 100 100 101 101 101 110 010 100 001 000 100 001 101 010 110 101 101 001 001 011 110 011 110 001 111 001 001 010 110 100 000 101 111 110 000 110 100 100 000 010 100 010 011 000 110 000 000 000 101 100 100 101 011 111 010 100 011 011 000 100 010 011 100 110 001 111 101 100 100 000 100 111 011 100 010 010 001 000 101 000 111 010 011 110 110 010
001 011 101 111 010 101 111 111 110 010 000 011 111 101 011 110 010 001 010 110 101 100 111 011 100 101 001 011 011 001 100 001 111 100 001 010 011 111 011 100 100 110 110 100 001 000 110 010 111 001 110 111 100 010 110 011 111 101 101 001 110 101 010 010 110 000 001 110 010 101 100 111 010 000 100 110 110 010 010 111 110 000 111 111 000 000 011 111 100 100 101 111 100 011 101 011 111 001 010 011
011 011 100 100 111 011 001 011 010 011 001 101 001 011 111 110 001 111 110 010 000 000 010 010 011 011 010 101 111 110 001 110 011 100 010 010 001 111 110 010 100 110 100 100 011 001 000 001 101 111 111 010 110 101 010 001 100 101 000 011 100 111 110 100 010 001 011 111 100 111 111 010 100 111 000 001 001 101 100 110 001 101 001 011 011 011 110 101 000 100 110 010 101 011 110 001 111 000 101 000
110 111 011 010 000 101 011 001 001 111 011 101 000 110 011 010 000 111 010 011 111 001 110 101 001 111 001 001 000 101 000 011 011 000 100 011 011 000 001 111 001 001 111 001 001 101 011 110 011 010 001 000 010 001 000 001 011 011 111 100 100 010 011 100 001 111 110 101 101 100 100 001 010 100 010 001 011 010 110 111 110 000 011 000 100 101 011 001 111 001 001 010 010 000 011 100 000 100 110 010
111 111 100 010 101 101 001 010 000 100 101 000 010 101 001 010 101 001 111 100 110 100 100 000 100 110 101 101 010 101 000 001 101 001 010 000 100 010 110 000 000 101 110 110 100 011 010 100 011 100 100 001 100 110 100 010 001 101 110 010 010 000 110 011 000 000 100 111 000 101 001 100 010 101 101 111 110 010 101 010 000 000 011 111 001 011 110 011 100 101 110 010 101 010 101 101 000 111 101 110
111 011 111 111 001 010 110 111 110 000 001 000 110 000 101 010 000 101 010 011 111 110 011 001 000 101 111 000 100 001 010 100 011 000 000 110 000 111 101 011 101 110 101 101 111 000 111 011 111 001 011 110 100 111 100 010 101 011 111 011 000 010 011 111 011 111 111 110 000 001 010 100 000 100 010 100 000 011 100 110 111 101 001 011 001 110 010 001 011 001 101 011 011 001 111 000 110 111 110 010
011 000 110 000 010 011 101 000 111 101 000 000 001 111 000 111 011 011 011 110 100 111 011 000 101 110 011 010 011 011 000 001 101 110 011 010 001 011 111 110 111 011 001 111 001 010 010 101 010 011 110 001 111 010 001 111 100 010 111 101 101 101 000 110 111 101 001 001 111 100 010 100 111 111 110 001 011 110 000 001 000 011 000 110 110 001 110 101 110 000 010 110 100 010 110 101 001 100 001 011
101 101 101 010 111 111 000 111 110 110 100 111 101 001 110 010 000 001 111 101 100 101 111 101 000 010 110 110 001 001 011 110 001 111 100 000 101 011 100 011 101 100 100 100 000 110 010 111 110 011 110 110 101 101 110 001 110 000 001 011 110 010 100 100 110 000 110 101 001 111 110 110 100 101 101 111 001 001 110 001 111 111 101 110 100 000 000 111 111 100 001 101 100 000 100 000 110 101 000 011
001 001 101 100 001 000 010 111 001 101 000 011 111 001 010 000 111 110 011 000 110 110 000 000 001 101 010 100 011 000 000 010 000 001 011 100 100 000 010 011 101 010 100 100 100 001 100 000 101 100 011 010 110 010 100 110 110 111 101 010 010 110 011 010 000 010 110 111 000 000 010 011 010 010 101 011 101 100 100 110 000 011 010 010 001 100 110 010 010 101 001 011 101 001 111 001 100 100 101 100
111 110 000 101 000 100 101 110 101 101 111 011 011 100 001 110 001 101 000 110 000 111 011 101 011 001 011 101 011 011 111 010 100 100 000 101 010 101 000 011 011 111 111 100 011 111 110 111 111 010 000 111 100 110 000 010 000 110 011 100 011 000 010 010 010 001 011 001 010 010 011 100 000 110 111 000 001 000 100 010 011 010 010 100 111 010 001 111 011 011 101 011 011 010 110 011 110 101 110 001
001 101 111 000 101 010 111 011 101 111 110 001 011 011 101 101 011 001 110 111 100 010 000 000 111 100 110 000 101 100 101 100 000 111 100 111 000 000 101 011 101 110 001 101 111 100 001 011 101 001 101 101 010 111 101 101 110 110 101 101 110 000 001 111 101 010 000 011 001 001 000 001 110 110 111 101 010 111 110 011 000 010 010 010 011 010 010 011 010 100 101 000 001 010 110 011 100 010 011 101
011 010 111 100 101 101 111 011 101 101 100 101 010 011 010 001 011 100 001 011 101 100 001 000 011 011 011 110 110 110 001 111 100 111 100 100 000 101 100 010 101 010 110 000 001 001 100 110 100 110 011 010 101 000 110 110 011 101 110 011 110 000 111 001 010 101 010 001 001 010 110 111 011 111 011 100 100 011 100 110 101 110 011 010 010 001 001 000 011 110 111 111 001 111 101 101 100 010 101 011
110 101 010 100 110 100 001 011 110 111 110 011 011 001 011 001 100 110 100 010 001 010 010 100 010 000 010 110 011 110 111 110 101 101 011 011 110 011 000 010 111 111 101 110 111 001 010 000 100 110 111 101 000 001 100 001 100 101 010 111 101 101 100 000 110 010 011 001 100 111 101 110 010 010 001 000 011 010 001 111 111 100 100 101 000 111 110 110 110 001 100 010 010 110 000 010 010 001 000 001
001 010 100 001 100 001 011 011 001 110 101 010 100 101 010 100 111 011 100 000 001 110 110 001 111 000 011 101 010 100 000 001 011 000 101 010 010 100 001 011 010 100 101 010 101 011 001 001 011 001 010 100 010 110 000 010 001 011 100 001 101 100 010 010 111 110 101 011 100 000 010 001 001 001 000 110 111 111 001 000 011 110 001 101 110 000 111 001 011 110 001 001 110 110 001 000 110 010 000 011
000 010 100 000 010 101 001 010 001 011 001 101 010 101 101 100 011 010 010 001 011 100 000 110 111 110 011 111 101 000 101 110 011 010 110 101 000 100 010 010 111 000 100 101 000 111 101 100 100 110 110 010 001 101 001 110 111 010 010 100 010 110 010 001 001 111 001 100 101 101 100 011 110 110 010 101 010 010 000 111 100 111 000 110 001 001 111 110 001 001 111 010 011 101 110 001 101 110 001 111
001 101 001 110 101 110 010 100 101 100 010 100 001 001 011 011 000 100 111 000 010 111 010 000 010 001 101 000 001 110 100 111 001 010 011 110 000 101 101 101 011 111 010 101 101 001 110 101 101 101 001 110 100 000 000 001 011 100 001 001 000 100 010 000 011 101 111 011 011 101 001 110 111 011 111 010 110 111 010 101 010 110 111 001 000 101 101 101 010 101 010 111 111 101 011 100 100 111 110 011
110 000 111 110 101 001 101 001 100 101 101 101 000 001 110 110 010 011 011 010 010 011 001 001 010 011 111 110 101 001 101 100 001 001 101 111 110 010 101 011 010 000 001 001 010 111 111 110 101 110 101 010 011 010 000 101 000 101 010 000 101 111 001 000 111 000 010 111 010 111 011 111 110 110 101 101 101 011 100 010 000 010 110 100 110 110 010 000 101 110 001 110 111 010 101 010 000 010 111 101
010 111 110 011 101 101 100 101 100 011 101 110 010 001 001 010 001 111 110 111 000 110 111 010 101 101 100 010 010 111 110 010 110 111 000 011 100 001 110 001 011 001 010 111 110 001 100 101 100 111 000 011 011 010 001 011 001 111 110 101 000 001 100 000 000 010 110 010 110 111 101 100 010 100 101 110 001 110 100 001 100 110 010 101 000 010 111 001 101 000 010 101 111 111 011 011 011 001 101 011
011 111 100 100 011 101 011 000 011 000 101 100 110 001 000 111 000 100 011 011 110 111 001 101 111 111 101 101 011 010 010 011 101 100 001 001 010 101 100 000 111 111 110 000 011 010 110 010 000 100 101 100 010 001 100 101 101 100 010 111 010 010 101 111 001 100 110 001 011 011 100 001 100 110 001 110 101 101 011 100 000 100 100 001 100 100 000 011 100 010 110 101 010 000 110 111 001 001 000 100
111 110 110 111 101 000 101 101 010 111 111 111 100 111 100 001 000 000 110 110 010 100 010 010 011 001 001 111 101 100 001 011 001 101 100 011 010 110 011 001 111 101 100 001 001 111 111 110 011 111 100 101 110 000 011 011 110 000 000 011 111 000 000 111 010 000 001 110 100 100 111 010 011 001 101 100 011 111 000 001 101 100 001 110 000 011 100 001 110 011 111 011 001 000 101 011 001 000 101 111
111 110 000 011 101 010 110 100 110 010 100 111 000 000 010 000 100 111 100 001 001 100 011 000 111 000 110 000 101 101 010 011 110 101 000 000 101 110 000 101 111 100 101 011 110 100 100 001 011 101 101 010 100 001 011 100 110 010 111 110 101 101 110 111 100 110 001 111 111 001 110 111 011 010 001 100 001 010 100 100 110 101 000 111 101 101 011 111 100 100 110 100 000 100 011 101 011 000 000 110
001 010 010 100 101 010 001 101 001 010 111 010 000 100 001 000 101 111 010 001 011 110 101 100 101 010 110 111 101 100 100 011 100 011 100 000 101 110 101 011 011 100 101 010 011 100 101 100 001 111 110 010 001 000 111 001 100 100 101 111 101 101 001 010 101 100 101 010 010 101 101 111 010 010 110 110 110 001 001 111 100 110 101 111 001 011 111 111 110 001 111 111 100 110 010 111 100 101 000 111
001 100 000 011 011 100 011 011 101 010 001 101 110 000 111 000 011 101 110 101 100 111 011 011 000 100 100 001 010 011 001 101 111 110 001 001 111 001 101 010 111 011 011 110 010 000 010 010 101 110 110 111 111 000 111 001 011 011 011 101 110 011 110 100 000 001 100 111 111 011 011 101 100 001 101 010 000 100 000 011 010 111 111 011 001 000 001 011 110 110 000 101 110 110 100 111 000 010 101 110
