2000 75 179
1 2
1 5
1 7
1 25
1 143
1 169
1 125
1 126
1 147
1 195
1 182
1 117
1 71
1 43
1 51
1 11
1 125
1 47
1 53
1 147
1 52
1 146
1 134
2 3
2 4
2 6
2 8
2 42
2 98
2 50
2 194
2 173
2 137
2 122
2 68
2 38
2 100
2 126
2 15
2 137
2 122
2 105
2 135
2 113
2 122
2 151
2 160
2 8
3 15
3 18
3 45
3 32
3 35
3 111
3 140
3 183
3 193
3 5
3 98
3 81
3 168
3 22
3 92
3 185
3 57
3 150
3 63
3 49
3 13
3 113
3 105
3 72
3 102
4 11
4 13
4 32
4 49
4 111
4 99
4 129
4 134
4 146
4 200
4 146
4 42
4 14
4 185
4 104
4 197
4 50
4 125
4 197
4 154
4 95
4 31
4 178
4 91
4 81
4 36
5 9
5 83
5 117
5 76
5 64
5 70
5 139
5 169
5 100
5 39
5 90
5 70
5 38
5 198
5 8
5 96
5 31
5 23
5 60
5 114
5 172
5 28
5 76
6 10
6 36
6 154
6 46
6 71
6 192
6 187
6 124
6 95
6 82
6 35
6 66
6 72
6 65
6 87
6 111
7 19
7 31
7 10
7 34
7 53
7 193
7 153
7 102
7 15
7 101
7 126
7 153
7 60
7 194
7 106
7 84
7 131
7 157
7 166
7 102
7 50
7 161
7 121
7 21
7 35
7 61
8 146
8 147
8 101
8 135
8 12
8 120
8 75
8 155
8 120
8 175
8 171
8 143
8 47
8 176
8 72
8 123
8 187
8 170
8 191
8 13
8 161
8 48
8 52
8 93
9 12
9 20
9 30
9 52
9 134
9 20
9 154
9 152
9 71
9 167
9 148
9 54
9 200
9 104
9 189
9 59
9 64
9 124
10 22
10 27
10 168
10 73
10 44
10 19
10 11
10 26
10 149
10 45
10 13
10 166
10 79
10 105
10 154
10 38
11 24
11 35
11 41
11 89
11 45
11 170
11 93
11 198
11 130
11 73
11 192
11 104
11 52
11 156
11 171
11 138
12 14
12 53
12 56
12 191
12 14
12 22
12 26
12 35
12 181
12 110
12 113
12 117
12 123
12 196
12 63
12 73
12 192
12 140
12 67
12 190
12 75
12 150
13 16
13 17
13 26
13 34
13 37
13 101
13 134
13 38
13 67
13 129
13 86
13 156
13 188
13 125
13 91
13 100
13 116
13 133
14 110
14 145
14 50
14 53
14 51
14 134
14 32
14 80
14 31
14 120
14 86
14 62
15 63
15 97
15 121
15 134
15 76
15 195
15 125
15 121
15 147
15 95
15 189
15 35
15 45
15 48
15 144
15 194
15 27
15 133
15 69
15 184
15 45
15 148
15 96
15 83
15 101
15 38
15 17
15 144
15 56
15 78
16 33
16 92
16 17
16 200
16 28
16 88
16 101
16 185
16 192
16 55
16 185
16 98
16 45
16 147
16 196
16 93
16 147
17 21
17 28
17 38
17 50
17 59
17 94
17 108
17 92
17 169
17 49
17 150
17 115
17 138
17 164
17 151
18 172
18 176
18 128
18 143
18 105
18 195
18 164
18 28
18 61
18 58
18 165
18 57
18 130
18 113
18 89
18 198
18 30
18 116
19 68
19 70
19 80
19 128
19 108
19 186
19 179
19 122
19 124
19 93
19 152
19 69
19 145
19 39
19 83
19 190
19 22
19 95
19 81
19 194
19 88
20 149
20 74
20 67
20 127
20 46
20 168
20 48
20 46
20 35
20 57
21 23
21 50
21 85
21 109
21 24
21 95
21 28
21 197
21 135
21 41
21 86
21 191
21 168
21 80
21 47
21 142
21 78
21 123
21 96
22 52
22 150
22 196
22 120
22 102
22 93
22 183
22 198
22 95
22 54
22 183
22 84
22 196
22 166
22 138
22 165
22 23
23 89
23 95
23 44
23 65
23 94
23 151
23 114
23 192
23 122
23 117
23 78
23 30
23 146
23 97
23 49
23 168
23 115
23 188
24 43
24 107
24 52
24 166
24 62
24 189
24 76
24 42
24 113
24 35
24 80
24 60
25 74
25 116
25 149
25 51
25 58
25 122
25 93
25 139
25 47
25 184
25 152
25 131
25 162
25 186
25 113
25 111
26 107
26 119
26 133
26 167
26 129
26 100
26 37
26 55
26 156
26 127
26 102
26 143
26 80
26 138
26 169
26 136
26 31
26 140
26 163
27 29
27 87
27 131
27 144
27 185
27 50
27 86
27 183
27 178
27 166
27 199
27 181
27 114
27 125
27 197
27 80
27 96
28 51
28 58
28 52
28 124
28 29
28 80
28 169
28 113
28 164
28 173
28 71
28 152
28 94
28 199
28 72
28 108
28 77
28 40
29 69
29 79
29 120
29 83
29 115
29 195
29 156
29 36
29 79
29 144
29 177
29 181
29 70
29 179
29 69
29 72
29 196
29 128
29 135
29 65
29 125
29 61
29 59
30 149
30 177
30 168
30 89
30 153
30 33
30 155
30 159
30 149
30 149
30 134
30 155
30 70
30 162
30 87
30 129
30 156
31 133
31 144
31 67
31 121
31 92
31 45
31 103
31 167
31 124
31 98
31 76
31 181
31 144
31 130
31 113
31 139
31 111
31 173
31 121
31 61
31 59
32 47
32 93
32 114
32 86
32 96
32 65
32 123
32 150
32 48
32 98
32 151
32 59
32 49
32 93
32 126
32 54
32 148
33 46
33 65
33 142
33 67
33 177
33 63
33 52
33 58
33 103
33 52
33 135
33 169
33 59
33 168
33 87
33 161
33 58
34 40
34 84
34 55
34 85
34 60
34 155
34 195
34 159
34 118
34 136
34 170
34 39
34 35
34 167
35 186
35 188
35 102
35 136
35 200
35 194
35 159
35 37
35 192
35 101
35 141
35 194
35 188
35 60
35 42
35 117
35 127
35 84
36 55
36 178
36 47
36 147
36 162
36 135
36 100
36 155
36 66
36 44
36 117
36 162
36 79
36 182
36 156
36 106
36 150
36 174
36 188
36 195
36 146
36 74
36 149
36 69
37 39
37 50
37 122
37 129
37 52
37 82
37 141
37 41
37 153
37 105
37 97
37 105
37 59
37 70
37 120
37 82
37 98
38 75
38 176
38 61
38 158
38 190
38 184
38 101
38 174
38 158
38 45
38 178
38 194
38 182
38 186
38 79
39 67
39 81
39 103
39 112
39 197
39 87
39 159
39 75
39 93
39 169
39 94
39 154
39 140
39 95
39 98
39 76
39 109
39 101
39 181
40 60
40 171
40 191
40 53
40 137
40 155
40 55
40 160
40 163
40 133
40 146
40 105
40 168
40 148
40 119
40 183
40 135
40 147
40 109
41 81
41 73
41 158
41 99
41 62
41 123
41 63
41 131
41 185
41 168
42 48
42 135
42 50
42 61
42 87
42 172
42 130
43 44
43 86
43 168
43 159
43 185
43 146
43 69
43 126
43 94
43 164
43 195
43 134
43 107
43 127
43 86
43 87
43 180
43 114
43 45
43 148
43 124
43 135
43 49
44 181
44 91
44 79
44 158
44 155
44 73
44 95
44 108
44 145
44 70
44 200
44 158
45 77
45 171
45 51
45 129
45 82
45 86
45 179
45 80
45 195
45 151
45 57
45 198
45 73
45 58
45 191
45 175
46 99
46 123
46 187
46 102
46 167
46 112
46 121
46 169
46 53
46 171
46 98
47 139
47 123
47 93
47 152
47 121
47 66
47 114
47 150
47 105
47 133
47 102
47 192
47 146
47 196
47 145
47 87
47 137
47 152
48 57
48 82
48 96
48 177
48 181
48 84
48 80
48 123
48 114
48 172
48 90
48 112
48 164
48 148
48 88
48 94
48 96
48 61
48 165
49 91
49 140
49 101
49 65
49 142
49 148
49 119
49 53
49 102
49 91
49 126
49 72
49 91
49 74
49 92
49 65
49 133
49 116
49 161
50 132
50 198
50 53
50 144
50 167
50 77
50 149
50 72
50 110
50 54
50 116
50 124
50 165
50 127
51 104
51 113
51 141
51 115
51 109
51 161
51 145
51 184
51 144
51 80
51 60
51 133
51 149
51 159
51 192
52 118
52 188
52 184
52 154
52 53
52 154
52 193
52 109
52 61
52 121
52 151
52 102
52 85
52 183
52 82
53 54
53 64
53 66
53 85
53 88
53 168
53 124
53 79
53 89
53 126
53 147
53 122
53 154
53 130
53 117
53 137
53 153
53 78
53 134
53 103
53 199
53 102
53 152
53 59
53 84
53 94
54 61
54 148
54 55
54 79
54 145
54 97
54 87
54 179
54 182
54 93
54 121
54 98
54 112
54 103
54 117
54 58
54 191
54 137
55 60
55 129
55 182
55 194
55 145
55 129
55 170
55 161
55 155
55 178
55 79
55 182
55 137
55 192
55 63
55 123
55 174
56 167
56 137
56 65
56 143
56 188
56 138
56 134
56 182
56 160
56 158
56 76
56 114
56 94
56 79
56 125
57 62
57 173
57 183
57 89
57 119
57 68
57 70
57 159
57 68
57 135
57 89
57 80
57 76
57 105
57 146
57 104
57 171
57 180
57 76
57 114
58 130
58 162
58 68
58 59
58 122
58 110
58 193
58 181
58 82
58 70
58 121
59 170
59 126
59 81
59 197
59 119
59 74
59 116
59 169
59 187
60 71
60 73
60 111
60 171
60 179
60 91
60 85
61 78
61 195
61 93
61 79
61 120
61 180
61 171
61 172
61 116
61 199
61 70
61 179
61 175
61 174
62 165
62 126
62 66
62 154
62 146
62 117
62 175
62 184
62 167
62 78
62 88
62 120
62 183
62 74
62 152
62 157
63 72
63 114
63 105
63 88
63 132
63 132
63 132
63 133
63 115
63 143
63 71
63 95
64 120
64 72
64 174
64 66
64 199
64 88
64 122
64 136
64 71
64 138
64 161
64 99
64 198
65 90
65 105
65 166
65 146
65 176
65 97
65 81
65 164
65 89
65 96
65 82
65 79
65 179
65 108
65 86
65 190
66 112
66 90
66 137
66 104
66 73
66 71
66 193
66 193
66 145
66 183
66 171
66 127
66 144
67 72
67 88
67 87
67 87
67 178
67 81
67 78
67 149
67 168
67 177
68 122
68 172
68 111
68 91
68 160
68 175
68 86
68 109
68 116
68 155
68 162
68 154
68 133
68 78
68 96
68 71
68 87
68 71
69 185
69 172
69 124
69 180
69 195
69 144
69 196
69 97
70 151
70 113
70 106
70 98
70 83
70 147
70 196
70 88
70 94
70 135
71 142
71 76
71 88
71 115
71 75
71 122
71 167
71 198
71 148
71 123
71 103
71 92
71 153
72 76
72 195
72 86
72 102
72 140
72 150
72 167
72 96
72 94
72 200
72 85
72 156
72 81
72 166
72 166
72 121
72 165
72 169
72 83
72 93
72 164
72 111
72 192
72 91
72 101
73 200
73 172
73 109
73 144
73 143
73 170
73 146
73 131
73 107
74 144
74 166
74 190
74 117
74 81
74 107
74 97
74 106
74 166
74 141
74 145
74 130
74 187
74 160
74 185
74 126
74 117
74 172
74 101
75 78
75 194
75 98
75 131
75 77
75 185
76 169
76 147
76 187
76 106
76 185
76 128
76 130
76 185
76 189
77 117
77 153
77 151
77 192
77 181
77 80
77 192
77 132
77 195
77 135
77 200
77 145
77 132
77 119
78 160
78 123
78 159
78 109
78 190
78 150
78 180
78 97
78 97
78 90
78 111
78 82
78 109
78 194
79 142
79 147
79 181
79 130
79 153
80 140
80 91
80 173
80 146
80 196
80 160
80 168
80 120
80 166
80 149
80 108
81 106
81 141
81 195
81 137
81 195
81 173
81 179
81 86
81 155
81 96
81 118
81 183
81 127
82 156
82 142
82 181
82 84
82 181
82 152
82 190
82 114
82 179
82 179
82 107
82 86
82 104
83 125
83 184
83 111
83 137
83 179
83 90
83 131
83 171
83 105
84 101
84 199
84 125
84 90
84 144
84 102
84 191
84 158
84 110
84 193
84 86
85 100
85 185
85 172
85 166
85 102
85 164
85 128
85 91
85 192
85 137
85 138
86 126
86 143
86 128
86 143
86 191
86 198
86 188
86 110
86 150
86 150
86 122
86 136
87 157
87 175
87 88
87 180
87 145
87 155
87 197
87 130
87 102
87 190
87 162
87 155
88 137
88 159
88 111
88 108
88 141
88 157
88 174
88 180
88 185
88 145
88 182
88 134
88 143
89 95
89 119
89 170
89 111
89 99
89 169
89 139
89 160
89 189
89 90
90 102
90 170
90 171
90 99
90 103
90 151
90 147
90 172
91 148
91 180
91 117
91 126
91 151
92 119
92 184
92 176
92 181
92 172
92 103
92 123
93 131
93 151
93 114
93 175
93 180
93 108
93 189
93 174
93 180
93 153
94 116
94 111
94 147
94 142
94 136
94 114
94 130
94 95
94 129
94 197
94 117
94 176
95 179
95 199
95 192
95 132
95 140
95 101
96 116
96 175
96 128
96 102
96 194
96 128
96 107
96 175
96 146
96 186
97 129
97 139
97 151
97 184
97 123
97 189
97 159
97 185
97 129
97 195
97 117
97 121
98 108
98 115
98 141
98 157
98 114
98 156
98 120
98 144
99 159
99 154
99 150
99 137
99 113
99 104
99 180
99 150
99 174
100 143
100 154
100 109
100 193
100 117
100 159
100 182
100 153
100 147
100 173
100 155
100 185
100 182
101 190
101 177
101 187
101 117
101 194
101 184
101 119
101 125
101 140
101 163
101 145
101 184
102 113
102 171
102 111
102 198
102 109
102 109
102 186
103 154
103 108
103 199
103 125
103 121
103 195
103 150
103 159
103 153
103 106
104 109
104 127
104 161
104 157
104 167
104 185
104 165
104 122
104 166
104 166
104 131
104 135
104 170
105 178
105 129
105 115
105 192
105 173
105 137
105 120
105 158
105 137
105 125
105 123
106 128
106 152
106 125
106 144
106 111
106 180
106 154
106 174
106 126
106 149
106 128
106 125
107 181
107 173
107 174
107 145
108 136
108 155
108 175
108 116
108 154
108 131
108 160
108 124
108 158
108 157
108 193
108 113
108 200
108 180
108 141
108 136
108 124
108 118
108 161
108 113
109 115
109 185
109 178
109 122
109 182
110 189
110 113
110 120
110 174
110 119
110 162
110 183
110 177
110 133
110 178
111 193
111 127
111 164
111 153
111 119
111 157
111 132
111 186
111 148
112 151
112 151
112 185
113 140
113 161
113 180
113 177
113 149
113 171
113 164
113 117
114 159
114 170
114 120
114 161
114 125
114 160
114 167
114 173
115 129
115 171
115 152
115 193
115 139
115 185
115 155
115 133
115 186
115 166
115 127
115 186
115 118
115 153
115 188
115 147
115 154
115 190
116 158
116 148
116 151
116 140
116 190
116 145
116 119
116 187
117 158
117 190
117 138
117 123
117 153
117 133
117 200
117 174
117 186
117 120
117 195
117 139
118 178
118 181
118 200
118 174
118 138
118 197
118 186
119 177
119 173
119 170
119 127
119 198
119 170
119 142
120 174
120 131
120 151
120 121
120 137
120 162
120 125
121 124
121 191
121 137
121 200
121 187
122 143
122 125
122 170
122 193
122 124
122 158
123 163
123 196
123 170
123 181
123 178
123 189
123 158
123 147
123 136
124 161
124 161
124 188
124 144
124 141
124 172
124 153
124 155
124 158
124 128
125 151
125 195
125 188
125 189
125 195
125 190
125 155
125 166
126 186
127 130
127 132
127 183
127 174
127 136
127 161
127 139
127 182
128 138
128 142
128 147
128 183
128 172
128 199
128 160
128 183
128 132
129 160
129 161
129 168
129 165
129 183
129 133
129 174
129 132
129 146
129 146
130 133
130 176
130 147
130 199
130 154
130 191
131 150
131 169
131 141
131 141
131 194
132 145
132 155
132 180
132 179
132 134
132 189
133 188
133 152
133 179
133 198
133 157
133 148
133 158
133 135
133 173
134 135
134 152
134 173
134 190
134 177
134 144
135 193
135 165
135 139
136 162
136 187
136 163
136 145
136 176
136 139
136 189
137 154
137 151
137 169
137 145
138 188
138 146
138 153
138 142
138 187
139 178
139 174
139 176
139 173
139 174
139 148
139 162
140 160
140 197
140 195
140 151
140 158
140 164
141 186
141 150
141 183
141 165
141 173
141 170
142 178
142 169
142 160
142 198
142 173
142 159
142 156
142 180
143 200
143 147
143 144
143 164
143 173
144 151
144 152
144 198
145 200
145 180
145 182
145 173
145 168
145 159
145 160
146 156
147 149
147 173
147 149
147 193
147 179
147 163
147 168
148 190
148 190
149 190
149 188
150 191
150 164
150 156
150 168
150 187
151 164
151 160
151 173
151 169
151 158
152 184
152 161
152 162
152 199
152 164
152 163
152 194
152 163
153 188
153 168
153 175
154 173
154 197
154 156
154 173
154 195
154 163
155 194
155 200
155 156
156 192
156 185
156 194
156 193
156 189
156 167
156 199
157 193
157 162
157 172
157 191
157 168
158 166
158 194
158 185
159 169
159 173
159 191
159 197
160 190
160 175
161 182
161 195
162 166
162 194
162 173
162 187
162 189
163 165
163 172
164 193
164 171
165 183
165 183
166 169
166 180
166 188
167 190
167 196
167 189
168 169
168 196
170 199
170 172
170 182
170 189
170 196
170 192
171 175
171 188
171 175
174 192
174 188
174 177
175 179
175 198
175 184
175 184
176 188
176 193
176 195
177 180
177 197
177 195
178 183
178 194
178 192
179 184
179 185
179 181
179 192
180 196
182 198
183 200
183 191
183 198
186 191
187 200
187 200
188 199
188 189
189 197
190 197
191 199
193 197
195 200
195 197
196 198
199 200