100
uO 83167714
bxoYgAa 83167652 83168261
ffjl 83167606 83167746 83168328 83167452 83168330
YzVpp 83168100 83168085 83167759
xBVyotRt 83167447 83167532
oZeudN 83168212 83168272 83167654 83167990
lc 83167500 83168231 83167577 83168288 83167881
qd 83167760
eUjABVKd 83167717
vCCrU 83168235
p 83168350
EXodCx 83167847 83167974 83168287 83168001
Ueb 83167617 83167869
IxEacMS 83168106 83167409
fiBMullzB 83167618
dExUBCCX 83167791 83168266 83167960
l 83168050 83168285 83167888 83167919
eRMojekpn 83168131 83167659 83168178
ugt 83168025 83167768 83168049 83168278
p 83167633 83167812 83168401
cmCmg 83167512 83168099
lnng 83167478
xthHBg 83168229 83167623
wnPve 83167477
A 83168092 83167602 83167811 83167658 83168134
EDrXxUzVOy 83167434 83168319 83167683 83167867
FeFwXarPP 83167518
UjnfPhN 83168346 83167522 83168137 83167408
HJzcW 83167541 83167992 83168065 83167987 83168126
Pi 83167580 83167691 83167671 83168039
nS 83168192 83167605 83167628
KELll 83167748 83167749
bDLkuXec 83168169 83168222 83168374 83167438
WB 83168397
GPLOEbC 83167640 83168021 83167954 83168043
T 83168343
g 83168362 83167417
XRlDsLqq 83168361 83167742 83167860 83168234 83167590
Vwuk 83167589 83167712
JyLirkDAuv 83167433 83168329 83168381 83167785 83168104
zLbfAsu 83167920 83167773
DLcrZ 83168213 83168172 83167567 83167530
zqyfJUNF 83168017 83167985 83167464
YNz 83167719 83168195 83167776
aRyVInZ 83167921 83168193 83167614
LSYdwp 83167665 83168160 83167815
vFwmwSvenJ 83167645 83167616
OlhmXZReqI 83167865
YVJU 83167836 83167613 83167835
MTYl 83168389
XFJPoPjFiS 83167587 83167569
rpDsOPLEEY 83167556 83168191
XuEFb 83167973 83167433 83167905 83168228
RCsNNy 83168291 83168266
XOkEyRYXlG 83167681 83167489 83168228
VjOKuvs 83168116 83168317 83168090 83168346
gJxppDqg 83167607 83167452 83167607
p 83168400 83167551
qrgKeMnVi 83167498 83167906 83168291 83167570 83167763
ITKnkBDVX 83167959 83167408 83167867
bb 83168017 83167572 83168100 83167868 83167517
d 83168163
NLibPUfhG 83167579 83167423 83168252
THizHX 83167749
LPskwaaHO 83167668 83168136
TtRSxpi 83167625
IeOQl 83168285 83167479 83168257 83167714
tTeiNtkc 83168272 83167867 83167528 83167689
PVK 83168271 83168128 83168309 83167789 83168234
RAarf 83167815 83168009 83167407 83168148
tbEy 83167519 83167605
yMJnHB 83168278 83168063 83167731 83167412 83168360
XM 83167778 83168266 83167640
udD 83167422 83167495 83168205 83167867 83167726
oW 83167897 83168029
cGUnlnym 83167616 83167745 83167499 83167553 83168122
alVKyCgB 83168284 83167553 83168389 83168115
ffjO 83168278
WNqhh 83168138 83168127 83168294 83167856
uKKMjza 83168270 83167943
kLG 83168341 83167650 83167535
ZGKMszFMXj 83167528 83168114 83168287
Xkvp 83167625 83168269
xKtTXuQWY 83168349 83168060 83167764
chEFIxHfB 83167533 83167983
KlQcFdjm 83167891 83168113 83167494
NBxUVimpf 83167605
wK 83167470 83168096
zGClU 83167586 83168056 83167448
ri 83167681
lelcp 83168098
r 83168142 83168315 83167926 83168308 83167718
vOmxkLhKUD 83167751
rDKPzVjv 83168250 83168141 83168209 83167598 83167584
hlQyqQey 83167822 83168216 83168171
skOqOG 83167821 83167880 83167624
lQfO 83167506 83168005 83168135 83167863
zrRzSD 83167971
Dvj 83168204 83167463 83167907 83167946 83167936
Owvpp 83167586 83168316 83167874 83167915
