100
QGHpHro 6002389 6002420 6002144
tTEdxiyQNR 6002828 6002023 6002531 6002152
hs 6002740 6002452
VZwqNzSEPu 6002879 6002628 6002433 6002402 6002549
CI 6002854 6002096
GzizhsemZ 6002063 6002690 6002466 6002329 6002741
WmTxLn 6002905 6002158 6002387 6002991 6002797
S 6002660 6002815 6002267 6002906 6002676
MMRsgxENZo 6002667
AYEbmXqHd 6002235 6002568 6002948 6002740
r 6002815 6002377 6002980 6002415
MoNL 6002493 6002496 6002337 6002187
ldLz 6002129 6002405 6002377 6002659 6002500
nOyFqcLdal 6002943 6002638
wpwtXKXx 6002205 6002846 6002873
AAB 6002244 6002121 6002713
WoXOh 6002329
i 6002841 6002813 6002105 6002013
QltarOOgQ 6002470
WYvBXA 6002156 6002029 6002430 6002175 6002222
Rrn 6002400 6002253 6002176 6002134
urAz 6002302 6002632
ThEt 6002382 6002511 6002369 6002514
e 6002677 6002466
cROaJ 6002657
uwNf 6002216 6002809 6002934
NOjWfqQjR 6002107 6002544 6002075 6002541 6002654
RfUQmPkt 6002186 6002764 6002228 6002481
f 6002455
GzDdRMk 6002512 6002206 6002528 6002882
YGYFvwUZb 6002103
LMlz 6002965 6002472
ofp 6002824 6002742 6002200 6002898
lEhBOh 6002514 6002851
v 6002686 6002502 6002064 6002543 6002904
FSFoI 6002209
RwG 6002744
nXUqyHsTLz 6002870 6002869
VLyBOx 6002430 6002836
gsgQRyxz 6002068 6002774 6002460
jYdUTm 6002102 6002495 6002593 6002272 6002640
aJXvKcu 6002282 6002913 6002474 6002977
xTubCC 6002048 6002982 6002566
SEuELy 6002809 6002868
T 6002668 6002350
REjrv 6002766 6002477 6002018 6002063
Fm 6002931
LKK 6002180
MeV 6002705 6002187 6002117 6002336
RiIOYjos 6002238 6002553 6002446 6002155
KGs 6002231
jshj 6002114 6002227
wgdGGr 6002488
KBdkr 6002724 6002107 6002911 6002968
jZ 6002499 6002624
Ja 6002276 6002176 6002574 6002871 6002522
umWzZpmB 6002704 6002725 6002018
mlbYI 6002194 6002090 6002311
oAqxxEof 6002111 6002824
E 6002054 6002746 6002814 6002579
znTZFviou 6002780 6002965 6002598 6002303 6002831
cFbZSrumO 6002561 6002573 6002110
hKKo 6002689
BNUYWLu 6002043
VRgZMH 6002182 6002948 6002881 6002226 6002815
ZRfezeZO 6002322 6002809 6002215
w 6002276 6002703 6002096 6002601
xsOO 6002698 6002006 6002061 6002525
nyLVNR 6002709 6002978
gjTQk 6002023 6002996 6002882 6002282 6002198
RAmpHgfMyI 6002539 6002448
rylcljzJN 6002276 6002207 6002544 6002108
J 6002325 6002309
IxZYnT 6002359
tdwve 6002388
TuHqZVAm 6002052 6002715 6002164 6002399
zOiAqFJLYg 6002726 6002692 6002259 6002015 6002489
GxCqBGI 6002024 6002687 6002837
UM 6002822 6002677 6002208 6002971
xOiuZ 6002648
XwKogRYh 6002504
YbGUEhuKB 6002540 6002368 6002615 6002372 6002236
lVcz 6002326
lkU 6002655 6002611
v 6002676
jWWxs 6002221 6002974 6002630
DhGUC 6002409 6002648 6002895 6002733 6002631
hVGPxfrWL 6002323 6002914 6002583 6002852
ygjFfcRuUl 6002585 6002061
BMOpciKQtC 6002982 6002150 6002332
MAyhGtoGsr 6002241 6002010 6002276 6002440
oVow 6002294 6002194 6002713
qLt 6002389 6002943 6002583 6002688 6002142
j 6002733 6002694 6002001 6002889 6002466
CFWj 6002785
hPQv 6002281 6002126 6002843
TElYeoRR 6002510 6002944
otrAvI 6002952 6002763
wlhxVrmX 6002835 6002634 6002409
DjuRwTNG 6002257
