500
ru 47457285 47457848
cNLyiy 47457617 47457372
VnvzhGscc 47457584
PW 47457886 47457156 47457192 47458020 47457136
KHRvcu 47457617 47457906 47457130
qOclJwG 47458009
uNAhxnI 47457419 47457362 47457454 47457672 47457728
HjFZHi 47457112
gWAQxUU 47457715
sik 47457428
teg 47457853 47457733 47457404 47457272 47457439
bowhPWWCXm 47457375 47457863 47457861
vOqpQYyo 47457850 47457654
ZfjnFblK 47457348
sSRoW 47457935 47457396
EdBLDbfDI 47457428 47457720 47458038 47457972
T 47457177 47457925
zIYQ 47457296 47458098
Xw 47458058 47457953 47457156 47457249
ZSVJYgBjt 47458039 47457730 47457487 47458085 47457135
wXjKntzloO 47457139 47457874 47457766 47457655
HdqyNYHmlH 47458011 47457133 47457660 47457349 47457141
SLxLZ 47458042
Swkd 47457840 47457675
NVMoOziB 47457241
YtsmFA 47457505 47457550 47457173 47457354
bXzGCCd 47457937 47457628 47457754 47457794
BJpvOWzM 47457463 47457788 47457665 47457269
NYSfBhI 47457811
os 47457616
jnZmBr 47457218 47457115
zGUCjLt 47457145 47458041
PRxsospP 47457660 47458017
p 47457413 47457200 47457431 47457556 47457541
qPR 47457596 47457894 47458000 47457554
kfST 47457397 47457890
Zay 47457405 47457816 47457998 47457666 47457851
nwgvYru 47457932 47458074
KH 47457523 47457254 47457630 47457269 47457231
TSTDmez 47457420 47458077 47458055 47457139 47457520
HyABsDNAUS 47457729 47457232
JmVQLtIxG 47457296 47458083
SNYTaREcCN 47457765 47457552 47457844 47457286 47457580
JFCy 47457249 47457510 47457786
cMdchHJR 47457206 47457370 47457416
Yq 47457959
yjFAJXKi 47457451 47457927 47457124
HvkpuDZ 47457955
dXI 47457378 47457671 47457570 47457694
DMcDVWN 47457635 47457359 47457368 47457568
L 47457830 47457835
PUnNUlQ 47457365 47457614 47457536 47457692
HbisGXddAB 47457375 47457642 47457677 47457606 47458037
UfFKRs 47458045
V 47457277 47457881 47457424
CVzOKlvPMF 47457261
GKaIUQm 47458015 47458073 47457351
C 47457722
dlStzhwLX 47457335 47457522 47457414 47457137 47457851
oiNWZU 47457723 47457659 47457270
EZVVtn 47457144
axjTropOJ 47457847 47457437 47457652
C 47457749
EcnNWWUAN 47457300
uxAsiLnvk 47457623 47457332
MvgythnhY 47457934 47457104
ZeH 47457787 47457335 47457798
hrD 47457743 47457675 47457569 47457511
rHbM 47458072 47457689 47458049 47457629
ebRQkr 47458087 47457285 47457829 47457279
DmSyNcb 47458029
uX 47457420 47457163 47457868 47457930 47457753
gvgMr 47457261 47457454 47457549
CEDjznpvCn 47457628 47457493
bkaSoXpMW 47457685 47457622 47457419
B 47457224 47457949 47457924 47457985 47457356
WyLeAnDgz 47457792 47457665 47457322 47457139
Ougbr 47457933 47457987 47457557 47457833 47457477
gJGvZefD 47457980 47457904 47457421 47457145
iHXziXrV 47458017 47457645 47457762 47457816
eyH 47457916 47457502 47457309
BOXBmdTfiD 47457483 47457315 47457726 47457724
Jxkq 47458059
xXodRV 47457434 47457786 47457434 47457476 47457238
ECUmZi 47457420 47457324 47457951 47457408 47457922
kKDQOCsYV 47458032
HXyB 47457328
nkO 47457542 47457470 47457559
QVO 47458021 47458049 47457898 47457872 47457573
yzNgliJLmX 47457792 47457348 47457401 47457675
sxLqcfWQdL 47457795 47458071 47457189 47457935
nW 47457355 47457357 47457493
WBNnp 47457796 47458019 47457522 47457198
XVBKvkXb 47457445
iKcTckPz 47457325
KmmzT 47457373
weoItBi 47457321
iJnFwAd 47457269
FbTi 47457304 47457374 47458063 47457270 47457117
PsPTEca 47458024 47457670 47457634 47457598
jEy 47457548 47457914 47457115 47457464
NRz 47457407 47457298 47457762 47457135 47457584
PK 47457423 47458016 47457734 47457211 47457422
OcOcvr 47457935
Xfz 47457248 47457459 47457318 47457104 47457102
OVHIvbeQA 47457555 47457185 47457279
FBFEavQ 47457329
V 47457509
qlzQt 47457514 47457217 47457240 47457793
Wc 47457729 47457911
ZPqquE 47458084
fFqjWdsU 47458018 47457204 47458053 47458058 47457652
EBXtr 47457475 47457773 47457466
wgSbhdThSq 47457323
wawVpq 47457418 47457331 47457301 47458009 47457763
AvCN 47457255
VNZ 47457106 47457136 47457606 47457241 47457877
o 47457578 47457537 47457753 47457879
K 47457694 47457832 47457780 47457915
FzCNVlaS 47458095 47457948 47457320 47457330
kNlLT 47457611 47457395 47457607
aJAKK 47457148 47457212 47457166 47458053
WagTbgm 47457263
W 47457370 47457952 47457687 47457199 47457252
t 47457763
Fd 47458080 47457649
HbBEs 47457962 47457678 47457858 47457866 47457141
k 47457777 47457320 47457267 47457882
RPGYzELws 47457203 47457170 47457538 47457117
GxvndabpcI 47457196 47457805 47457986 47457306 47457762
vVIT 47457202 47457706
luFlJA 47457209 47458082 47457884 47457105
Ep 47457505 47457235
c 47457944 47457424 47457817
hWasVfM 47457415 47457249
ItgITHxddE 47457328 47457630 47457407 47457344 47457783
pPPoOG 47457729 47457156 47457760 47457597
dUm 47457390 47457875
yPMH 47458081 47457353 47457681 47458079 47457591
WTeKLsOJ 47457994 47457202
glwHAh 47457735 47457925 47457148
dVSq 47457603
JBIqsxwBq 47457421
sOsLVJZ 47457527 47457478 47457623
HkreLDx 47457816 47457680 47458019 47457952 47457141
TqSBR 47457979 47457588 47457283
myJBBUKQ 47457848 47457567 47457768 47457362 47457814
DCOaw 47457512 47457911 47457175 47458083 47457233
a 47457671 47457165
DsuVY 47457368 47457375
xYVYoOAk 47457915
VipWxfNga 47457963 47457321 47457713
adXQS 47457171 47457816 47457802
YL 47457840 47457899 47457433 47457830
JIF 47457994 47457821 47457336 47457223 47457188
JqoqY 47457306 47457350 47457627
ulhICfm 47457159 47458012
nglKqnX 47457804
l 47457391 47458004 47457314 47457393
eq 47457314 47457130
vgJRj 47457890 47457739 47457804
eNm 47457789 47458006
KTJX 47457319 47457693 47458007 47457555
rka 47457508 47457411 47457495
SXmEOvLkQi 47457423
AVx 47457448 47457129 47457755 47457768 47458030
TLlX 47457814
Ywa 47457822 47457716
eDjn 47457728
ZKv 47457937
pQ 47457787 47457973 47457213
TfXCIxgo 47457159 47457150 47457368 47458070 47457458
oEHBJrO 47457266 47457467 47457560 47457867 47457664
oBIefkU 47457875 47457420 47457162 47457260
VNIChrlN 47457423
cgmOwgoA 47457249 47457890
fwUCajMRmz 47457321 47457761
UVflvyC 47457534 47457164
LMZc 47457144
m 47457890
LXnRQYHe 47457722 47457808
ofPy 47457112
CUVoQupLa 47457123
VZE 47457820
ABinOdbKu 47458051 47457455
aWxvUooc 47457669 47457636 47457894 47457969
KK 47458033 47457962
YYfAjBbx 47457204 47457624 47457218 47457901
uBxgo 47457321 47457917
ASsDfjKy 47457450 47457630
EodQ 47457623 47457911
JcODSvw 47457837 47457641 47457219
L 47457619 47457302 47458071
wcDHKkw 47457534 47457197
GB 47457327 47457736 47458097
NfOvgushd 47457261 47457952 47457901
WYZh 47457102 47457454
mEXddvgIDu 47457639 47457346
Dqj 47457331 47457892 47457636 47457550 47457145
fIi 47457885 47457726 47457503 47457980 47457904
bqXuxhxqF 47457106 47457161 47458076 47457333
wSmH 47457438 47457529 47457218 47457636
FkTq 47457662
COnnlGcVw 47457190 47457268 47457576 47457203 47457328
vzk 47457474 47457471
qO 47457123
cjWUK 47457985 47457400 47457561 47457881
AWxvNn 47457162
PnnXHn 47457463 47457653
tcTd 47457898 47458062
QOJG 47457284 47457279 47457119 47457433 47457795
yImnMZ 47457109
x 47457828 47457767 47457262 47457578 47457650
tObzp 47458029 47457975 47457759 47457863 47457738
Jvno 47457845 47457571 47457851 47457365 47457137
ZLgJftKfHh 47457621
o 47457718 47458004
iLNpCYRDRq 47457173
xROxKGv 47457821 47457207 47457145
sKFBvcFcm 47457323 47458055 47457270 47457712
AAfYji 47457569 47457586
nRjfff 47457575 47457441 47457318
nSptKl 47457752 47457267 47457961 47457169 47457999
WzRhfYT 47457391 47457351 47457514
gGd 47457501 47457543 47457605 47457666
RH 47457789 47457841
ksyfyvH 47457691 47457830 47457226 47457556 47457105
HIwFTJ 47457882 47457700 47457434 47457199 47457501
joXLSJU 47457513 47457659 47457297 47457674 47458085
ROLTPuCKi 47457987 47457369 47457203 47457554 47457468
jxLaq 47457637 47457229 47457189 47457525 47457846
RpBoFEhmk 47458064 47457682
mKFL 47457239
YGcH 47457639
ZGsS 47457743 47457136
hgsppL 47457961
fVcHOq 47457419 47457550 47457222 47457986 47457728
WbceBihcYl 47457243 47457293 47457206 47457249 47457408
zqam 47457144 47458033 47457609
jbDQVJHdu 47457340 47457191
Rqlj 47457300 47458064
Ka 47457596 47457395
Grz 47457900 47457259 47457961 47457756 47457331
ZiVN 47457418 47458094 47457916
Jckiuo 47457655
MkrFsAeoxW 47458076 47457800 47457753
eGAbQdk 47457358 47457717 47457472
Ow 47457151
iBbnvcoOA 47457708
WSZQZ 47457585 47457673 47457617 47457747
vuThA 47457690 47458012 47457222
VozI 47457471 47457140
jUJnWmZp 47457527 47458051 47457382
go 47457715
WoZ 47457104 47457537 47458032 47457956
QpW 47457175 47457336
tlD 47457667 47457993 47457196 47457245
HoFyBH 47457427
Osq 47457514 47457569 47457937 47457990
KM 47457209 47457146 47457488
HwN 47457620 47457305
bYhrgYj 47457617 47457842
DouOB 47457926 47457195 47457816 47457163 47457273
dmUvvEtjA 47457525
lsOywm 47457442 47457191
AlHWVwIV 47457172 47457728
DKfKIZt 47458082 47457719 47457567 47457905 47457334
AmDIjrYNJ 47457490 47457195
IFmS 47457933 47457878 47457902
IqU 47458050 47457394 47457633
hDs 47458090 47457223 47457970
K 47457208 47457800 47458041 47457431
MIEiC 47457413 47457174 47457810 47457627 47457682
TL 47457687 47457528
DFK 47457995 47457174 47458057
Y 47457492 47457320 47457837 47457815 47457706
EJbsguAg 47457552 47457713 47458057 47457274
CowZrFMgFD 47457411 47457807
i 47457143
YT 47457956 47457451
Mjes 47457645 47457454 47457596 47457324
yAQVbamY 47457336
jAzFjk 47457339 47457615
QHewyqUkP 47457384 47457565 47457145 47457801
JynXYTHD 47457590 47457227 47457341
LIEGAeG 47457365 47457478 47457384 47457678 47457956
eqH 47457438 47457744 47457884
Hxzn 47457272 47457995 47457346 47457283 47457544
qtYSOLGVOh 47457397
KwGFjd 47457352 47457988 47457265
U 47457206 47457172 47457105
Rm 47457241 47457256 47457587 47457486 47458028
u 47457811 47457666 47457801 47457134
hrbjpqgUer 47457746 47457877 47457843
shnYxFY 47457670 47457319 47457481 47457804
jNUCntV 47458086 47457670 47457614 47457394
ATZBAUaoKP 47457723 47457251 47457212 47458095
o 47457155 47457252 47457137
jkNJXtCLu 47457886 47457752 47457328 47457470 47457185
b 47457755 47457255
ejmtSYvdre 47457252 47457919 47457142
ETWS 47457253 47457966 47457190 47457198 47457500
jOBFktUgFS 47457792 47457308
rCcPZMHXLP 47457145 47457202 47457521
qgyQDjFU 47457661
jqXoEv 47457492 47457220 47457280 47457356 47457510
yfFMasZNF 47457558 47457553 47458033 47457269
qwgDPWosTE 47457765
PIMu 47457987 47457111 47457351 47457215 47457591
YrAnU 47458030 47457534 47457457
wEK 47458006 47458056 47457969 47457119
ZcqUOSmYIi 47457927 47457903 47457196 47457515 47457776
Vv 47457927 47457232 47457615
OiBVGgdjG 47457661 47457186
FI 47457422 47457992 47457159 47457966 47457270
wwUQFTZrL 47457597
Z 47457591
OJl 47457345 47457766 47457881
MzT 47457987 47457310 47457626 47457950
APrABZNj 47457991 47457382
srmFTIlQwC 47458097
bgA 47457996 47457904 47457534
UPlhHXWvhq 47457197 47457373 47457692 47457122
wL 47457325 47457607 47457751 47457645
oFXUZ 47457121 47457438 47457385 47457593
TLGPA 47457844
Xbx 47457914 47457656 47457970 47457447 47457339
NAAv 47458042 47457901
tX 47457605 47457661 47457650 47457769 47457107
Jjewh 47457770 47457638 47457362
OLG 47457881 47457248
NUF 47457576 47457100 47457190 47457733 47457716
HwCwdc 47458055 47457561
RHXacQfY 47457650 47457474
GAgwo 47458073 47458023
W 47457126 47457387 47457149 47457886 47457285
wGsulZVE 47457559
i 47457963 47457184 47457680
pkcA 47457867 47457368
LX 47457890 47457790 47457312
SCGwSkAl 47458069 47457195 47457170 47457815 47457263
VD 47457545
yzDOGI 47458079 47457173
byALACn 47457969 47457496
I 47457984 47457414 47457888 47457484 47457416
z 47457558 47457549 47457129 47457232
kJf 47457763 47457103 47457325
Mpsv 47457879
NiLLEUUqO 47457872 47457329 47457138 47457453
locNcsa 47457955 47457563 47457688 47457482 47457359
Rqo 47458086 47457859 47457155 47457516
WOkwAdImtN 47457777
jNbQuu 47457609 47457804
etcZkf 47457141
xDGOamr 47457583 47457131 47457562 47457492
KCzOVaCJY 47457275 47457737 47457320 47457907
bpOYNUeiL 47457447 47458038 47457248 47457299
nzIMcBtH 47457238
kSux 47457543 47457609
MrOwB 47457509 47457825 47457410
FlW 47457683 47457306 47458040 47457398
QUfkwPIZH 47457806 47457275 47457111 47457559 47457787
jOLJwPDFh 47457129 47457119 47457646 47457882
QOqSJn 47457725 47457343 47457937
lx 47457448 47457586 47457481
RYgYjcML 47457692
Zetu 47457144 47457744
TPyxnGtta 47457569 47457661 47457993 47457690 47457507
a 47457626 47457764 47458096 47458006
YSpKN 47457333 47457898
QRaalK 47457119 47457157
rDwbtAMfh 47457368 47457742
gbkK 47457965 47457939
O 47457432
phz 47457936
BvHzVV 47457771 47457723 47457619 47457164
EJz 47457803
WmzFrz 47457633 47457810 47457317 47457578 47457892
jyA 47457315 47458059
aFCM 47457658
ywVfjeDQGm 47457409 47457685
n 47457244 47457851 47457561 47457646
xRrU 47457308 47457537 47457607
WjiaiQuXMv 47457511
hGocpQA 47457418 47457954
rbn 47457510 47457552
rmSgR 47457651 47457513
TNNWerRKH 47457205
FjicV 47457797 47457143
rGYgBwu 47457577 47457869 47457283 47457615 47457272
Z 47457683 47457160
ojjI 47457302 47457392 47457882
AuFAekOgyG 47457470 47457705 47457547
iX 47457995 47457661
wKsGFO 47457569 47457292 47457942 47457335 47457763
LBFL 47457699 47458095 47457932 47457657
jgAKhwOdN 47457528 47457110
lN 47457984 47457585 47457785 47458003 47457694
iCqD 47457413 47457178
VKmG 47457870 47457275 47457415 47457301
RjZqQM 47457511 47457760 47457726
MMfZDkESJQ 47457545 47457974
jqV 47457115 47457404 47457652
d 47457223 47457662
TV 47458094 47457501
hGLDqci 47457352 47457619 47457275
H 47457310
k 47457680 47457685
lxYzzZP 47457521 47457106 47457860
nftsjNUbI 47457304 47457750 47457288 47457754 47457775
SvNty 47457961
COMEyxc 47457416 47457315
PudMLkLo 47457826 47457774 47457903
Uje 47457220 47457847 47457317 47457538 47457454
WRLjbYB 47457195 47457849
PwEsRZLv 47457154
UroCpEKjrE 47458071 47458023 47457421
Aax 47457549
rhL 47457486 47458075 47457796 47457694 47457460
tDEHsIRxm 47457981 47457556 47457281 47457881 47457417
zOcPpdcNhf 47457383 47457597 47457465 47457707
XFW 47457724 47457651 47457919 47457745
sYvavzsVW 47458076
vfXksQ 47457585 47457231
dCasGnuff 47457300 47458024 47458001
AXhh 47457431
dNWfIrW 47457854 47457234 47457526 47457334
FDNAmxpco 47457213 47458054 47457212
NqmQhmZ 47457870 47457945 47457245
X 47457916 47457239
jszydJldi 47457163
YbhXhfHzy 47458005 47457640
qu 47457365
DFjdcuX 47457207
b 47457565 47457981 47457548 47457663 47457226
UjtwltrH 47457144 47457519
DZLgJhZSkV 47457525 47457662 47457132
bdLmOIsg 47457339 47457747 47458057
zg 47457613 47457216
LR 47457277 47457665
qhjge 47457267
UxMX 47457399 47458008 47457360
FCEf 47458061 47457612
wiSNCCc 47457277 47457922 47458091 47457413 47458013
cqrAGJjE 47457898 47457152
qRVSsLR 47457601 47457253
o 47457576 47457918 47457448 47457496 47457512
keOlP 47457241 47457230 47457439
EyNdy 47457807
sYM 47457336 47457921 47457660 47457120
fRiPQ 47457120 47457153
uR 47457167 47457654 47457745 47457133
osuRQ 47457663
KCXJXizd 47457509 47458060 47457753 47457609 47457706
YAVg 47457769 47457766
te 47457518
HjTWuPA 47457853 47457244 47457885 47458041 47457788
S 47457388
RQQ 47457424 47457136 47457307 47457719
NdwE 47457529 47457586 47457708 47457737 47457406
uKR 47458032 47457610 47457720 47457790
eOaK 47458080 47457940 47457649
nNVpYzjRAq 47458071 47457984 47458054 47457382 47457642
WGzjg 47457122 47457888 47457995 47457961 47457892
VWhcPqMAJU 47457496
BhTWb 47457334 47457597
mG 47457771
tNXVobbG 47458042 47457682
AKENiZZK 47457352 47457289 47457214 47457714
li 47457374 47457492
jStvvygxcT 47457959
hOyXd 47457270 47457725
oIhClnosf 47457557 47457605
l 47457269 47458093 47457651 47457747 47458048
FthMoha 47457660 47457299 47458048 47457351
pwlxDJK 47457285
xnaFiU 47457597 47457406 47457514
IcYIoOvW 47457249 47457225 47457349 47458051 47457600
mlFVXgEsdg 47457380 47457878
CchmeuVS 47457171
F 47457891 47457558 47457500
UGgi 47457764 47457188 47457734 47457851
OYIn 47457337 47457291
FDcAz 47457525
n 47457589 47457811 47457996 47457701
BiLHL 47457656 47457588 47457439
VwhhtL 47457357 47458060 47457195 47457122 47457457
VD 47457921 47457526
QSSy 47457905 47458012
bCoeGgMDMk 47458056 47457620 47457214
ybohXA 47457462 47457784
MB 47457659
NFKhTXum 47457820
WLSeB 47457884 47457492 47458100 47457664
KQGTi 47457854 47457167 47457133 47457855 47458057
IIDD 47457237 47457762 47458083
m 47457612 47457813 47457428 47457740
HxpnYjZQYa 47457343 47457116 47457888
TPIeiDx 47457407 47457580 47458056
gGfCZxWjTh 47457716 47457567
