381 255 92
6 52 344 6 51 318 111
2 6 80
3 6 156 283
6 6 65 168 34 107 309
5 80 6 229 270 175
2 378 6
4 244 6 302 52
4 307 30 51 6
3 6 367 113
2 6 65
2 74 6
5 6 366 177 214 233
2 6 359
2 6 169
7 102 54 152 211 301 240 6
7 21 35 294 185 96 149 6
2 6 335
3 294 143 6
4 160 6 23 199
4 48 284 6 209
3 32 6 234
5 29 321 117 285 6
2 54 6
3 231 33 6
2 197 6
5 13 129 161 6 226
4 195 191 216 6
5 6 10 296 370 140
3 160 6 198
7 299 159 109 6 33 307 337
5 6 355 334 315 133
3 6 302 96
5 71 214 6 206 312
7 252 6 177 366 268 133 55
2 6 301
2 6 60
4 193 6 98 309
5 6 81 360 41 22
2 273 6
3 257 164 6
3 370 340 6
2 88 6
2 198 6
3 267 6 87
5 271 6 197 11 212
2 317 6
5 219 131 50 6 148
2 212 6
5 156 63 225 6 137
6 169 275 191 148 85 6
3 191 134 6
6 326 165 317 52 157 6
3 249 6 324
5 154 6 368 211 271
3 6 234 266
3 334 6 349
6 262 346 125 355 6 123
6 121 206 6 367 352 90
5 373 31 263 6 316
2 86 6
2 6 182
3 327 3 6
5 156 39 6 302 289
3 103 363 6
4 6 224 147 216
4 222 6 317 162
2 6 358
6 69 6 58 241 120 341
6 364 265 6 117 163 375
7 319 228 6 178 32 51 179
4 132 164 267 6
2 6 84
4 176 6 252 254
4 6 340 226 170
4 122 6 3 125
5 233 30 6 250 129
2 379 6
4 6 307 59 356
5 245 167 8 285 6
2 6 121
5 63 40 86 269 6
2 6 308
3 271 6 224
6 25 217 10 283 6 31
2 6 216
2 78 6
2 6 20
3 6 149 304
2 6 157
5 317 280 156 245 6
3 6 26 326
5 6 175 164 242 99
2 6 122
2 6 172
2 361 6
6 379 163 92 6 353 304
5 70 214 6 295 212
3 284 6 261
3 134 327 6
3 6 111 67
2 6 363
2 6 159
5 358 334 227 42 6
5 115 6 218 175 65
4 6 297 338 142
6 236 307 6 129 116 354
7 101 267 6 374 256 120 367
2 226 6
7 343 6 291 364 124 131 310
2 262 6
4 6 22 221 222
2 111 6
5 128 6 110 310 325
5 329 165 249 206 6
3 352 6 360
6 367 106 323 257 113 6
4 228 94 45 6
6 20 255 6 185 21 164
3 201 259 6
5 248 35 52 364 6
4 144 173 223 6
5 194 6 31 263 4
2 286 6
6 357 88 111 273 38 6
5 264 325 14 6 211
5 22 349 242 130 6
5 246 215 6 300 292
3 124 193 6
5 6 285 36 15 359
3 78 166 6
5 28 321 287 116 280
7 276 80 121 6 138 315 69
5 130 64 379 46 6
5 203 172 303 254 190
2 6 296
3 317 63 6
6 130 13 208 174 231 356
7 8 331 127 6 370 367 216
6 356 175 177 188 180 339
3 6 29 110
5 374 114 172 284 376
7 47 276 90 51 93 6 301
4 276 105 125 162
7 54 59 220 317 6 355 140
5 6 96 314 254 125
2 196 65
4 305 205 6 32
6 364 352 160 362 203 367
4 379 329 99 6
5 172 241 271 29 350
3 22 6 291
3 128 151 6
5 358 375 172 219 329
5 6 104 131 45 346
2 370 6
5 377 339 157 198 6
4 193 346 272 6
5 234 174 306 301 72
5 6 370 192 96 161
3 232 6 262
4 6 188 178 68
6 163 195 365 6 165 55
4 293 80 317 6
2 264 228
5 123 160 6 240 334
2 308 98
3 216 357 233
3 6 184 358
7 72 136 23 190 114 185 117
3 97 243 133
5 156 271 376 345 173
5 172 375 133 357 189
6 183 161 140 129 6 325
4 300 227 148 58
4 163 112 196 345
4 308 107 317 265
2 99 56
4 27 148 6 232
2 61 246
2 125 186
3 126 6 57
2 348 66
7 148 102 101 200 277 243 6
4 41 6 167 265
7 77 307 322 179 235 104 198
4 233 201 296 236
4 6 176 54 79
4 24 6 85 111
7 318 118 151 65 245 207 33
5 257 24 6 200 233
7 10 156 171 6 36 32 87
6 5 233 225 152 107 127
5 284 73 326 324 290
4 89 122 196 6
5 6 233 119 101 187
5 4 379 100 218 72
3 309 278 48
2 6 77
3 316 6 197
3 24 98 6
6 145 261 25 325 115 6
4 6 145 365 358
2 185 342
3 254 37 200
3 180 141 273
4 6 146 229 38
3 283 166 6
6 186 49 165 251 35 184
2 235 359
2 108 6
4 169 181 219 141
3 174 117 108
2 149 174
3 6 138 217
2 6 55
2 241 254
3 243 39 37
3 106 182 195
2 6 2
3 199 194 61
5 205 276 6 135 110
3 350 340 6
4 161 48 44 6
4 282 331 112 351
4 348 6 344 358
6 83 345 380 357 117 108
4 275 103 6 37
3 283 49 6
5 192 223 6 380 142
2 215 2
5 168 367 60 77 333
3 142 6 173
5 216 6 146 269 373
7 140 197 270 159 89 276 70
6 295 338 225 111 273 327
7 262 6 44 363 368 205 105
4 6 293 179 138
3 6 60 327
3 306 343 6
4 302 191 327 6
3 23 6 355
5 280 311 5 7 83
2 286 6
3 6 369 187
4 340 6 24 314
2 115 146
2 6 368
6 2 6 7 335 357 223
3 6 19 231
3 361 165 260
6 122 300 87 214 165 67
3 9 6 162
6 291 154 6 143 10 267
5 159 343 294 163 285
5 6 123 169 200 233
342 50
327 60
229 225
375 306
309 182
215 171
330 377
187 233
165 122
176 252
366 177
261 6
360 210
153 281
103 156
88 94
276 125
6 55
254 252
6 259
150 23
360 187
163 332
187 125
82 70
88 192
126 274
235 153
6 172
6 32
45 270
245 193
105 56
43 65
257 323
124 332
334 101
196 310
346 14
156 280
276 118
343 126
11 192
30 67
378 6
6 370
286 367
284 253
116 209
198 196
6 142
379 92
29 237
159 320
61 159
56 353
334 297
162 165
72 111
61 331
203 261
290 5
266 28
113 154
6 370
316 197
172 6
65 167
309 317
97 16
271 6
362 296
198 220
23 368
267 373
223 142
227 87
2 6
305 197
157 205
162 105
290 154
354 331
6 80
50 161
175 318
117 58
94 369
54 6
36 4
107 317
62 106