430
163 30 8 32 35 27 33 17 22 18 1 43 9 15 15 29 39 13 31 10 31 37 36 34 13 7 43 4 15 25 38 30 42 13 27 16 34 17 38 4 38 37 21 1 19 32 27 26 14 26 43 24 16 19 18 12 6 24 40 30 14 18 30 20 28 3 37 32 25 7 28 22 8 22 6 25 37 38 39 41 29 38 30 32 16 14 5 22 23 31 22 32 16 29 6 2 11 22 10 43 31 5 31 20 18 37 40 41 12 8 1 21 27 12 10 35 4 4 19 36 43 37 43 42 18 28 1 3 38 8 24 28 31 38 34 36 16 34 20 34 9 15 26 16 1 39 1 5 16 43 31 43 43 26 13 3 8 1 40 37 15 36 32 38
1018
75 117 23
160 2 18
150 13 39
2 122 27
127 147 42
130 30 1
92 116 7
129 25 5
158 26 16
19 89 21
151 143 31
77 118 13
144 51 13
67 32 29
63 128 23
140 147 32
53 109 8
133 136 29
23 45 20
52 122 16
120 48 1
88 53 32
20 19 35
41 49 19
16 78 14
35 130 31
93 141 16
40 50 35
94 98 12
46 16 39
139 27 36
67 110 19
105 150 1
101 105 34
35 54 12
84 87 30
112 13 10
93 52 19
56 31 28
127 46 10
148 5 24
144 24 8
64 71 34
76 73 38
8 118 6
74 59 4
137 64 9
127 136 36
71 36 39
0 39 43
153 50 25
158 12 37
108 33 38
54 97 2
115 86 36
13 136 35
36 61 24
143 35 13
82 101 10
91 121 32
1 74 9
134 105 25
31 138 22
31 119 16
60 152 16
141 127 14
49 77 7
18 64 22
50 88 28
141 106 37
25 141 23
89 96 26
145 100 12
73 131 23
131 145 7
6 104 5
129 142 13
75 128 41
156 150 31
18 2 21
76 58 24
77 44 30
98 100 32
38 9 14
39 16 3
33 17 42
29 144 35
12 89 29
9 103 31
23 68 10
23 48 22
90 138 30
140 63 24
154 106 12
47 144 42
48 59 5
4 26 15
110 100 28
103 1 16
5 80 42
12 0 19
10 100 11
71 161 40
100 82 9
15 91 23
38 37 6
41 35 8
29 122 3
34 67 11
133 160 26
12 127 33
13 2 30
108 124 11
129 46 12
110 99 4
97 47 36
68 116 1
47 41 14
142 35 26
122 140 12
153 31 9
107 125 13
14 116 25
58 68 19
146 28 36
66 138 43
104 131 7
84 18 11
142 60 14
92 108 11
118 7 28
36 25 26
128 84 9
31 120 8
36 10 2
44 96 28
18 82 15
75 68 41
135 26 43
17 151 23
7 79 2
156 129 26
119 85 9
131 140 3
150 143 42
59 64 41
126 46 31
106 36 31
15 152 7
156 142 33
87 58 22
146 74 39
85 100 33
26 22 3
148 134 31
139 83 29
16 51 7
28 57 4
154 17 33
145 153 38
7 46 11
78 137 19
32 38 37
9 73 18
77 59 5
89 109 2
81 64 23
118 75 39
35 136 12
75 24 6
57 144 28
11 2 17
79 69 25
133 56 40
54 32 36
88 47 10
103 106 43
52 159 13
158 52 14
53 15 8
88 76 1
121 95 8
82 30 32
95 69 18
65 71 33
5 16 38
152 141 7
16 151 34
121 1 13
108 118 18
80 83 17
98 47 39
70 91 7
23 130 36
82 93 31
43 35 31
156 53 22
88 49 4
31 3 32
38 101 14
147 161 23
27 123 9
26 121 43
112 17 37
133 4 33
24 4 5
3 27 11
135 95 27
109 66 28
131 49 28
28 31 35
64 119 41
0 30 36
91 119 37
90 126 17
16 136 8
9 111 4
54 14 36
107 136 9
74 29 25
98 112 23
128 108 8
82 1 12
7 92 38
70 67 6
104 42 20
130 70 12
18 14 26
59 33 16
60 157 42
117 122 38
29 27 4
75 152 9
113 16 38
155 112 6
130 31 7
78 131 29
2 24 2
50 85 39
57 29 26
52 134 1
92 146 23
79 102 32
40 62 29
53 36 19
132 28 16
106 125 10
88 29 8
39 149 10
115 49 39
36 50 33
12 141 31
100 11 41
10 57 38
157 130 10
156 123 22
7 9 23
136 137 38
160 47 42
48 7 31
78 23 39
151 94 28
153 83 8
41 134 36
162 8 2
49 81 35
122 152 7
52 67 39
141 161 3
98 41 16
147 160 26
52 70 42
88 56 28
11 1 30
107 54 5
65 134 15
12 79 34
24 162 31
161 16 21
95 18 5
101 1 28
137 162 39
63 112 13
129 73 2
37 5 21
146 126 38
53 42 17
122 86 13
80 75 24
56 120 32
82 144 10
83 82 13
33 5 21
66 41 9
85 63 10
47 111 4
94 2 10
152 17 22
65 90 4
25 47 8
158 134 23
4 60 20
79 152 34
60 131 39
131 128 26
24 50 26
20 98 35
130 27 1
64 91 29
97 71 32
21 28 39
105 115 15
92 72 6
3 84 19
34 78 9
117 8 30
44 147 43
111 40 19
106 135 37
49 125 10
46 81 27
97 29 37
68 4 36
12 110 3
29 85 40
127 146 23
35 42 30
91 47 8
1 105 31
22 147 12
63 131 19
124 29 38
58 81 15
49 54 37
10 77 6
134 78 40
133 123 32
91 20 39
127 101 1
90 59 31
31 146 40
87 75 37
25 112 34
67 28 32
110 30 9
99 62 18
40 37 33
90 11 38
14 103 27
123 100 12
106 149 32
131 40 16
140 114 24
15 17 6
130 53 5
52 111 8
99 79 24
90 114 26
149 122 10
83 10 28
141 99 38
85 67 4
19 76 7
14 111 15
73 51 22
87 64 7
137 130 8
129 2 27
120 147 16
64 159 37
119 20 39
29 125 42
133 131 31
108 136 30
111 113 31
22 29 32
156 137 23
129 5 40
144 23 23
21 110 19
28 4 29
107 43 26
148 96 17
113 130 36
71 80 25
11 115 41
46 138 21
131 109 27
137 67 3
98 38 6
11 37 20
50 21 28
123 108 26
77 51 9
26 110 34
45 77 15
115 107 19
128 8 2
154 90 41
129 11 22
29 33 1
92 145 43
142 114 42
45 136 42
61 28 31
56 8 5
42 99 34
11 153 7
150 49 34
32 89 25
131 155 5
62 10 9
13 59 18
53 21 31
27 31 8
84 152 36
16 30 12
157 50 20
54 101 39
36 80 18
74 149 36
74 79 3
39 104 4
154 88 2
77 85 12
151 49 40
106 20 5
38 65 27
112 15 43
108 37 23
153 64 35
48 130 25
127 124 27
67 5 13
35 19 2
90 68 23
73 7 32
17 73 7
19 54 6
154 111 15
40 98 7
11 23 21
46 146 36
0 94 16
69 117 16
133 69 26
74 155 20
110 90 41
40 132 20
48 56 7
71 70 18
34 108 16
22 81 18
125 87 41
62 12 14
59 85 16
78 12 8
18 7 2
92 100 18
105 70 16
109 73 17
45 29 21
130 88 42
70 72 12
5 11 17
15 159 34
88 150 33
70 139 43
38 11 32
93 112 28
120 141 13
146 52 8
103 105 15
97 151 14
79 56 41
147 82 20
142 12 38
74 102 20
29 105 2
34 134 31
15 151 15
62 112 38
53 146 30
25 70 39
75 62 10
135 40 25
4 124 29
109 26 2
60 38 10
14 113 2
122 95 2
34 88 41
70 83 14
127 104 17
73 103 33
46 30 33
56 53 16
23 137 4
15 135 35
99 114 37
75 108 4
10 160 37
25 147 28
159 9 25
121 122 32
152 52 20
56 12 24
37 28 34
130 21 17
78 51 37
23 114 36
80 47 28
151 65 9
0 108 32
54 53 16
158 149 12
92 133 26
109 33 8
127 55 27
51 91 14
60 30 28
114 141 40
108 146 31
129 106 14
14 118 18
22 37 4
121 69 20
38 80 39
50 159 5
78 111 5
105 31 4
143 113 31
41 141 6
72 12 3
89 17 20
82 38 23
37 12 34
125 91 11
146 72 30
126 79 5
19 6 37
65 107 14
44 153 41
157 49 23
151 46 13
65 138 41
118 115 7
118 39 36
72 136 42
49 154 3
28 159 28
34 58 26
105 153 16
123 59 29
18 62 34
65 162 5
104 93 23
108 73 25
26 41 22
59 50 15
84 126 8
94 56 11
53 33 4
64 93 39
53 141 23
138 112 16
17 38 9
93 157 20
134 74 5
59 155 19
120 132 39
80 133 20
46 95 10
13 63 37
73 3 27
110 95 10
159 75 7
139 19 17
80 105 42
128 15 34
127 149 43
94 5 13
68 140 30
45 88 25
75 70 42
68 85 25
136 134 26
51 115 43
16 158 39
22 65 15
132 19 12
78 49 31
78 86 10
23 8 29
64 135 8
35 72 23
53 96 32
85 105 11
3 41 43
38 105 5
64 46 43
133 104 8
160 90 28
162 105 39
39 147 14
100 149 20
0 121 17
29 23 41
18 57 41
43 134 7
152 39 39
162 53 40
110 158 34
48 43 34
158 154 31
101 59 16
41 120 24
74 41 36
143 101 12
86 70 30
47 131 36
20 5 24
62 23 1
13 41 15
147 59 31
101 19 29
12 160 31
17 144 3
15 58 2
152 92 3
110 22 12
129 128 36
158 71 7
148 131 6
137 95 20
133 22 13
74 130 34
30 22 43
107 27 41
65 99 20
136 146 36
135 97 35
154 28 39
44 118 7
135 124 21
20 45 9
156 107 2
160 85 40
122 45 1
115 75 10
62 133 5
29 55 39
54 12 38
155 70 28
130 122 16
55 8 1
48 160 14
118 151 41
9 30 28
46 8 24
18 149 22
7 93 22
148 22 3
148 120 10
103 162 41
123 101 15
122 10 30
46 10 26
17 140 43
132 68 30
147 99 32
40 145 10
82 73 23
68 155 12
104 30 37
114 26 25
84 95 26
134 107 16
95 126 33
1 7 15
47 158 13
125 138 20
106 145 7
39 115 36
81 144 16
4 160 5
23 21 36
114 38 40
98 142 36
87 132 11
89 15 10
4 64 18
157 111 2
155 56 15
155 153 2
47 20 12
80 160 9
139 78 43
85 74 22
57 58 19
16 152 24
61 12 14
10 54 10
104 110 27
75 113 16
68 37 39
72 96 16
99 112 29
144 93 16
159 101 41
6 133 2
94 15 14
15 142 29
102 0 42
104 25 22
129 101 23
112 26 26
91 93 4
90 66 12
11 94 18
93 22 16
7 64 22
96 118 27
159 0 23
95 36 21
98 89 18
162 140 3
108 51 40
135 90 5
47 86 15
86 68 23
141 149 30
117 72 29
144 119 41
39 121 23
22 46 1
53 35 15
147 94 13
43 56 1
57 143 35
5 147 17
32 103 7
131 13 32
150 61 8
92 126 3
161 150 26
115 32 5
61 161 37
139 117 21
76 20 18
32 143 33
107 124 21
34 26 16
81 128 21
58 16 19
20 137 33
98 111 6
129 118 33
84 40 42
121 63 35
143 65 6
94 16 29
90 153 35
23 102 20
34 51 39
48 162 9
135 4 21
145 81 31
57 27 32
101 13 19
25 155 5
162 110 9
86 63 20
67 58 40
64 140 38
25 111 43
29 95 27
103 109 24
137 161 11
10 38 4
79 108 41
122 18 27
97 113 25
133 105 2
54 21 20
33 135 23
41 50 12
88 16 39
139 56 28
64 149 43
117 36 16
83 146 38
160 159 41
63 23 7
152 20 26
66 71 8
15 154 9
40 92 14
88 73 15
54 102 18
70 129 9
161 140 30
94 53 32
15 69 26
79 131 24
119 33 30
62 130 14
8 100 41
162 30 19
89 73 15
26 119 4
95 56 1
115 24 3
45 31 21
73 8 21
36 68 30
139 133 36
82 90 33
10 6 1
38 81 28
22 114 7
161 1 34
63 52 5
117 48 30
71 133 13
112 144 11
148 15 26
12 116 26
38 109 4
72 79 21
139 62 9
53 135 19
22 138 43
150 77 31
145 98 25
102 107 17
133 143 5
145 158 37
140 158 15
115 144 15
120 144 11
8 156 1
67 149 26
5 44 24
67 55 8
21 107 30
81 4 17
37 18 39
79 92 17
17 158 39
159 158 7
48 146 27
121 33 5
21 33 30
160 62 1
78 160 17
25 4 24
85 147 32
96 110 12
111 63 39
122 73 10
8 63 34
94 140 43
95 23 19
40 26 42
20 114 1
14 4 11
71 160 40
8 139 6
9 31 3
104 101 6
31 24 39
37 1 20
132 74 18
141 94 35
161 149 31
3 23 17
93 75 24
156 79 25
160 24 41
68 69 1
58 92 27
160 87 12
148 141 30
83 156 41
153 131 2
93 41 11
91 83 2
28 150 7
5 7 9
116 34 21
156 93 22
152 19 19
7 103 15
18 44 3
10 11 26
106 51 28
76 72 33
51 122 41
126 35 3
157 133 24
105 67 3
104 29 38
113 69 10
43 139 3
127 115 5
37 113 37
57 95 34
153 6 21
79 122 35
44 114 5
115 97 6
150 12 11
59 2 36
73 24 26
144 140 43
51 123 10
50 3 42
149 119 25
154 40 2
118 107 17
18 61 21
19 49 35
51 126 42
50 2 28
102 19 7
110 33 37
155 140 9
3 36 34
126 111 11
38 110 42
88 26 4
84 39 26
119 123 4
98 113 34
1 21 37
13 122 7
133 79 33
35 154 38
131 30 13
28 43 17
153 118 38
41 42 22
28 162 6
44 158 42
36 83 18
79 61 6
30 150 15
36 81 5
102 103 34
74 50 41
70 11 42
26 20 21
96 46 4
64 3 43
69 21 35
125 22 38
10 157 26
15 134 14
102 96 34
30 12 19
40 59 14
133 122 28
27 68 37
60 5 30
51 55 34
9 142 43
30 160 35
81 9 28
19 67 3
12 111 25
28 0 22
50 42 24
104 56 36
34 69 25
90 20 29
32 47 15
34 53 27
57 2 13
92 143 15
14 124 16
27 69 39
25 131 34
67 141 1
93 47 13
8 65 31
11 43 22
29 121 17
59 124 16
125 28 6
53 29 20
121 100 15
30 25 28
69 62 2
110 154 6
138 99 14
96 122 5
34 1 37
48 91 11
17 21 42
32 123 11
41 137 27
109 156 26
100 161 30
77 57 15
90 3 14
11 120 5
76 119 29
75 5 39
120 47 14
65 49 32
44 26 3
50 95 3
72 47 40
26 96 38
34 123 19
129 61 29
95 70 41
