66 186
1 1 25
2 24 39
2 16 45
2 60 20
2 1 28
1 9 39
2 21 43
2 26 27
1 61 63
2 55 62
1 6 58
1 32 53
2 63 41
1 52 26
1 42 5
2 16 44
1 43 56
1 13 14
2 39 33
2 31 60
1 23 8
2 19 27
1 20 11
2 1 30
2 13 62
1 18 27
2 20 24
2 32 59
1 24 16
2 41 48
2 10 43
1 55 6
1 4 3
2 65 57
1 55 66
2 15 28
1 34 57
2 20 23
1 41 26
1 32 46
2 55 2
2 48 37
2 9 49
1 8 65
2 56 38
2 4 1
1 34 56
2 22 51
1 22 63
1 19 28
2 24 26
1 20 36
2 25 27
2 23 66
2 15 28
2 30 9
1 45 20
2 40 19
1 7 13
1 31 20
1 47 46
1 5 48
2 42 14
1 43 27
1 52 9
1 64 3
2 6 49
2 20 28
2 21 30
2 40 49
1 6 2
2 37 57
1 11 32
1 4 8
1 64 21
2 52 59
2 22 32
2 23 17
2 49 6
1 9 63
1 25 14
1 20 10
2 66 16
2 22 53
1 35 38
1 46 31
2 50 66
2 66 32
2 36 31
1 12 29
1 43 48
2 16 18
1 3 26
2 6 28
2 53 51
2 24 11
1 65 46
2 13 19
1 36 8
1 35 11
1 23 19
2 63 64
2 43 32
2 57 32
1 26 59
2 13 7
2 52 46
2 32 40
1 48 53
1 65 50
2 17 25
1 7 2
1 3 19
1 30 63
1 32 18
1 58 50
2 57 19
2 45 8
2 64 55
1 53 3
1 51 17
2 48 65
2 18 40
1 61 26
1 50 44
1 41 26
1 34 39
1 63 11
2 27 46
2 63 45
1 15 58
1 18 4
2 34 38
2 36 5
2 65 19
2 60 27
2 45 31
2 39 10
1 35 64
1 54 36
1 22 35
1 4 36
2 53 4
2 6 43
2 51 48
1 48 55
2 57 48
2 1 53
2 7 55
2 24 37
1 63 48
1 34 22
1 9 23
2 30 22
1 26 41
1 6 17
1 56 13
1 32 37
1 63 48
2 50 21
1 22 61
1 66 13
2 59 12
2 17 53
2 35 55
2 51 25
2 7 42
1 32 26
1 63 7
1 57 25
1 65 8
1 47 52
2 45 55
1 56 5
2 53 19
1 28 58
2 19 34
1 38 15
1 63 30
2 26 8
2 35 61
1 42 27
1 50 29
1 54 55
2 57 48
2 5 35
