83 156
1 80 70
1 80 63
1 25 55
2 74 45
2 7 37
1 64 53
2 13 14
1 41 54
2 30 82
2 60 43
2 17 18
2 76 48
1 26 79
2 13 33
1 71 30
2 26 75
1 63 4
1 67 44
1 40 71
2 39 83
1 58 72
2 42 5
1 46 5
1 14 8
2 17 6
1 27 65
1 11 21
2 41 53
2 57 40
1 60 42
2 73 57
1 48 82
2 43 60
1 51 78
1 68 34
2 15 25
1 48 31
1 24 58
1 71 50
1 69 30
2 48 4
1 2 47
1 69 53
1 61 37
1 57 7
2 21 12
2 21 72
1 13 82
2 50 7
2 70 9
2 46 35
1 41 64
2 60 69
1 5 40
2 25 66
1 73 22
1 24 2
2 19 60
1 9 72
1 50 3
2 18 74
1 34 10
1 71 50
2 42 62
2 34 13
1 39 58
2 37 31
1 10 7
2 46 54
2 80 9
1 29 55
1 49 46
1 6 47
1 53 57
1 57 42
1 48 79
2 76 12
1 33 24
1 3 11
2 71 9
2 72 51
2 23 64
2 50 67
1 4 22
1 33 82
2 19 46
2 63 30
2 36 74
1 6 7
1 71 78
2 75 27
2 29 63
2 64 26
2 27 3
2 36 3
1 80 13
2 1 28
2 46 27
2 81 2
1 60 7
2 23 2
2 77 58
2 39 51
1 83 43
1 10 63
1 56 55
1 32 35
2 15 43
2 58 9
1 59 30
1 6 43
1 55 12
2 12 21
2 75 61
2 20 40
1 57 30
1 61 69
2 81 31
1 3 5
2 71 63
2 51 47
2 8 28
2 25 61
2 43 81
1 26 50
2 66 8
2 51 28
2 2 41
1 12 17
1 51 69
2 70 71
1 74 12
2 15 3
1 8 28
1 27 79
2 70 58
2 16 44
2 6 81
2 34 38
2 50 29
2 58 51
2 66 55
2 37 68
1 59 79
1 33 68
1 2 36
1 81 69
2 24 9
2 11 61
2 52 75
2 68 2
1 82 21
2 55 20
2 35 78
2 32 36
2 63 81
