51 176
1 13 44
2 38 4
1 16 32
2 42 17
2 49 32
2 42 26
2 47 14
2 2 34
2 6 29
2 50 33
1 16 40
1 20 17
1 43 31
2 4 42
2 24 33
2 33 43
2 22 49
2 12 36
1 4 49
1 38 27
1 4 12
1 42 31
2 46 42
1 25 35
2 9 43
1 28 44
2 47 41
1 14 29
1 32 44
2 19 9
2 20 24
2 49 9
1 24 1
2 24 46
1 48 31
1 8 13
1 33 42
1 28 7
2 15 5
1 47 26
2 21 41
1 10 23
2 15 14
1 18 29
1 24 42
2 4 11
1 49 33
1 19 24
2 32 41
1 2 9
1 45 22
1 51 7
1 36 5
1 13 44
1 39 12
1 28 5
2 42 12
2 27 31
2 17 33
2 27 39
2 15 1
2 32 44
1 40 1
2 23 25
2 5 15
2 17 39
1 41 27
2 19 15
2 12 24
1 45 4
1 9 2
2 50 4
1 44 39
2 4 14
1 45 21
1 5 18
1 29 49
2 26 2
1 46 27
1 4 41
1 40 12
2 47 7
2 2 26
2 16 35
2 36 19
2 2 27
1 19 44
1 46 39
2 26 9
2 29 51
1 22 49
1 15 20
2 26 28
1 42 5
2 27 43
1 29 24
2 14 31
1 34 25
1 4 9
2 16 35
2 30 27
2 9 50
2 11 6
2 33 37
2 44 16
2 10 16
1 17 40
2 29 16
2 21 11
1 16 19
2 44 41
2 3 51
1 8 25
1 36 4
2 13 4
1 21 26
1 12 45
1 10 6
1 44 17
1 24 40
1 47 44
1 38 36
2 8 28
2 42 7
2 16 47
2 23 42
1 17 5
2 39 28
1 24 30
1 11 5
1 27 6
1 40 47
2 19 51
2 36 49
1 50 40
1 17 7
2 7 11
2 19 41
2 27 34
2 49 42
1 41 17
2 1 31
2 27 51
2 21 35
2 18 15
1 11 16
2 10 43
2 5 12
2 31 33
1 27 40
1 21 47
1 9 29
2 24 45
2 37 8
2 16 10
2 19 50
2 16 15
2 9 24
2 15 51
2 5 24
1 3 8
1 5 46
2 28 51
2 8 51
1 4 20
1 10 11
1 50 23
1 46 24
2 15 35
1 12 51
1 1 25
1 32 3
1 34 45
1 7 41
1 46 36
2 46 35
