50 160
2 5 43
2 35 15
1 33 34
2 11 15
1 23 5
1 30 25
1 50 24
1 43 15
2 17 19
1 21 47
2 16 41
1 31 43
1 38 33
1 24 49
2 16 14
1 13 35
2 24 23
2 18 27
1 43 41
1 18 33
2 28 24
2 23 44
1 49 12
2 30 1
2 27 6
1 42 28
2 40 41
1 17 7
1 18 25
1 3 33
1 29 1
1 32 3
2 32 7
1 41 25
1 24 18
1 29 50
1 42 37
2 45 43
1 46 11
2 4 13
1 38 28
1 25 11
1 33 27
2 39 45
1 48 21
2 23 43
2 35 3
2 42 15
1 20 5
1 49 43
2 5 3
1 2 29
2 29 21
2 25 46
1 40 31
2 17 41
1 9 44
1 42 10
2 17 27
1 43 39
2 1 3
2 47 37
1 29 26
1 35 10
1 30 1
2 26 30
2 45 36
2 11 1
1 11 46
2 33 27
2 17 32
2 25 35
2 2 14
1 41 29
1 18 21
1 47 1
2 6 32
1 11 25
2 38 50
2 33 6
2 44 35
2 38 1
1 23 26
2 27 16
1 49 33
1 2 43
2 31 9
2 17 22
2 46 31
1 34 24
2 38 48
1 8 49
2 18 13
1 29 19
2 14 26
2 19 38
2 33 28
1 7 40
2 6 12
1 37 19
2 19 44
2 19 4
1 4 40
1 43 8
2 32 21
2 46 11
1 4 43
2 34 11
2 20 37
1 18 24
2 27 33
2 12 11
1 8 19
1 5 41
2 23 6
2 25 13
2 33 10
1 3 7
1 20 40
2 47 31
1 37 29
2 17 29
1 5 49
2 34 6
1 31 21
1 26 19
2 8 19
1 25 47
1 13 34
2 25 32
1 33 9
1 40 4
1 26 19
1 28 44
1 29 28
2 22 7
2 34 47
2 34 29
1 29 25
2 44 17
1 36 35
2 41 25
1 4 23
1 33 38
1 34 41
2 27 49
2 46 26
1 49 32
1 46 4
1 44 26
2 34 45
2 1 10
2 21 25
2 47 32
1 20 16
2 12 18
2 45 28
2 35 37
2 46 4
2 21 42
