1354
7
449152864 151733490 77430163 726850265 284815788 878077896 835098281
1
305847635
5
662178765 742928005 972582127 112081359 338171132
2
563610794 511023832
4
186426814 526174169 778167579 765872622
8
203385954 731796338 507473369 312030426 614049984 813935463 955263095 753169921
9
296209799 324568510 64450438 693015490 757882050 869345009 529674136 728509024 756043637
5
856701038 106340303 243069910 872133787 793434080
2
365535272 84289597
7
905138918 754628505 524492570 984277175 229796429 721377524 882583803
3
741449997 759695218 132834246
9
619706643 79980766 277556528 768998603 952273030 501875381 291116024 657107984 557320966
10
795975475 968466971 211334571 828857442 359308316 956087449 269523094 628381295 304047302 753764811
3
507041268 193031245 361709717
5
744024759 849055290 328299030 567596869 17653836
1
561314997
2
391836633 508567278
10
621352457 430856897 184965632 819917061 815223696 145504284 863226328 258258310 546151248 883128461
7
837628042 503837240 478530887 123124351 877726296 809271222 675627476
8
222567370 258446509 884334706 863973412 831162860 403372610 290914775 874757510
5
787184699 401092092 243704967 529527066 54077626
3
514291325 939131034 830057254
7
216831001 565937121 62513388 331811144 566754577 718297568 250164857
8
866725530 744672112 21382883 915372422 903244007 241716085 404344447 647261315
9
462449996 270789979 476268693 724191721 376020188 970229842 785709394 387109257 846478613
7
948305500 28809748 724465813 728670808 680791707 447108173 7436039
2
519732158 230788699
8
238598562 802512198 381361059 778372932 394040915 434489806 458658279 797902785
6
555739534 276004785 363702718 118108072 58257689 150439442
7
115321258 483822584 893615732 580173254 625592534 10510596 825857900
5
783551146 532983520 243976335 739154687 195993277
9
254642405 530272407 796002194 647850923 47327422 590292460 185105224 119996963 109939774
10
307371702 785770423 33679964 560412995 435779414 439317497 241249655 985887165 66645753 800681514
8
966320228 88583797 201240591 213584461 467707601 735423076 786491834 972655546
8
734067636 187483257 421632850 903866359 62333030 899916149 852174042 419735411
6
139918643 99006081 620307811 867975446 305779587 865232948
9
299703638 881521669 435570068 921279714 220374014 348873993 10926940 615576663 65927828
1
863034537
10
650256031 860160548 396403476 944660745 126736340 729428127 809910075 560085192 466044016 397352228
8
950006160 346741364 890208073 435694985 665412233 376491786 385952672 936528380
5
616536985 30040491 512163464 331470938 707109479
7
625021030 705165125 740407711 900037033 742832478 205773274 464109500
8
441325190 673237656 176461321 573690470 141588288 47974890 379572974 225265897
2
699569475 530918710
9
716366381 134189263 125859617 888269368 798077738 383061140 151334 364541700 834389665
7
880097263 377596738 232154571 556712838 33149014 113709847 239430371
7
82883203 473902307 769445721 448745854 211314496 514778914 536562714
8
612060124 313317984 523324009 816087510 189117661 441092092 349361308 957588259
8
365778619 115391154 657029782 227156057 134280100 124231443 43629079 604430647
3
708390823 948233023 821622900
2
486522446 798332280
9
426897807 527342016 705580087 984073487 862717786 307791546 582078570 24336750 712805846
4
738083061 986518628 30434273 466684006
8
671405873 489785121 212970125 51678118 659795117 324684144 609175202 486849356
9
450959965 984495310 573489020 537176708 353825536 350580389 666446190 255132175 854539253
2
905582432 562499883
2
461048118 364948694
3
911242895 713503871 546271179
8
35515794 176139866 568111355 402535505 492100367 485652950 258959942 108988603
7
936278076 938795798 858994387 938346770 635153773 862175075 813585625
2
715307138 251027889
2
343022012 82210755
10
652701620 384994013 103803891 59788216 143423903 687725798 279722114 80894469 787034924 164312597
3
127557356 656404017 747592944
8
794908900 27114100 281837729 973272081 769519733 628527003 400627187 530924390
2
505380501 269014866
4
118664886 348214021 218405870 738924648
3
279834794 433598912 896944239
8
260849952 791937191 129637325 961046233 57907695 667754983 431471056 427806170
4
905292513 203003568 5356937 810760894
7
337084033 4575938 8147652 446374832 478163407 128461204 191352873
4
893369677 194630660 482186130 227378089
7
596443983 431161457 48609427 206931875 893715623 658955612 872107918
9
752876541 315326616 262328257 97422020 327027583 315541748 77513663 379444755 962060355
1
288804792
3
340489523 285263650 191466542
1
410025680
6
306522978 249805427 147293753 480866235 544545584 602122599
7
2965164 253016583 725399442 328370641 898569163 625848039 430349080
4
577972421 600583784 462740167 262563333
6
15587176 609296586 190224044 252593120 2790050 289150763
2
576979564 544087449
6
629477735 165303130 398311390 740613404 496929103 738150665
1
511657184
6
277484557 14941563 881549591 885532223 503181803 732798405
4
222551145 787665562 942028449 249536300
8
120864450 224977156 140788306 509421790 283829047 272574699 403910969 471415704
7
282351770 152505670 67304020 844436860 968706720 536088789 254466104
10
354781077 126014819 848706885 982625673 627252586 527786151 598658192 613256310 218182744 468264056
7
427558894 898068561 441738317 703474084 197420282 837721986 475646311
2
439517172 298479255
1
767697050
9
94703673 103392747 85896716 209336881 858655355 599883587 214715277 450258815 326294073
7
408785762 477818229 29503715 526652321 490760595 21335882 456806278
1
390584610
9
355463226 51558150 339787439 481483488 127247782 249591302 389678249 598637710 932712015
3
479349985 100499594 698524165
2
655452149 186216436
2
294277269 447723907
6
690213957 640176895 588160417 246356545 787249603 527205459
6
854275229 786720166 198523931 28551955 842185495 687597615
7
280386326 555668416 621168034 104599801 302091870 401728683 358658806
2
747041751 916093485
2
642527439 639032053
1
783836218
6
44165827 795848516 187080298 267098424 488015426 878983574
3
50380146 292194857 622151494
10
981914068 352849764 653112192 903518351 517640623 621336505 686351329 485041583 794770799 972664188
9
686582327 795747407 314324995 392157718 746950471 261756604 295574183 789324055 607239147
10
411786675 250277649 418336445 372475470 229776918 838296849 573651106 858988124 388623716 854282202
9
141237587 474436045 222993058 314086054 315239856 488638697 172607678 141530550 586418738
7
689873977 91535269 581112986 773903498 713949553 611338142 521403471
10
167541140 65568827 351784959 518727245 216550321 721006004 31059016 990775173 402587510 290115087
9
891216992 486953433 242328923 905483383 430251412 357732915 486324044 803378051 525264442
4
189157750 653885618 784246662 965453643
7
100167823 980517826 707001626 596145277 291794704 450507926 904810734
1
771347143
6
188616360 25014642 307383968 439754713 539703983 114695537
6
571798870 545727838 175534496 574148636 169603118 695156255
5
492178636 636469265 930889994 469742737 658744788
3
734085063 78522638 363802103
4
787146147 926775805 969645933 218568338
3
983117124 271790043 168400433
8
868750281 694487886 424147014 215232141 98560758 739052830 285384821 662750277
1
797384166
1
491833035
2
413692327 915722109
6
477323034 1363734 326066896 96424799 856804481 261189167
10
220383080 792920985 306422662 34217600 128585042 758534554 918657830 471216439 131323818 256883982
9
590917662 338363685 550440491 674313616 940409766 92631119 167797677 814496674 444814122
8
615825603 461814033 492537519 804938900 313676638 463558689 239743219 394665817
7
4982709 673468534 661766908 181632568 425417791 258734890 607780305
3
778703140 616014365 668659882
4
854741191 359696775 783363033 85881954
1
162481287
10
526519064 50108390 269671601 217927535 228867234 791922531 895555443 643527725 55039439 722322863
7
282827351 273546581 397389761 913728609 403778466 767003694 68696109
1
547560984
10
240074813 84839607 249467504 698126077 493179298 687506166 498442234 72360262 194528005 322677774
7
941375825 247938730 989833492 596781520 336999683 852179096 878687979
4
13565308 841596820 12483242 289154221
3
87208402 989451324 701864013
8
447642474 828522117 396542238 355800109 806949346 662033381 497002800 847379256
5
111440292 377896207 863151423 822026677 876958169
10
357429978 855396499 793722298 279924505 405756165 162933973 703856191 706693003 658029991 389743200
2
58791584 419796349
8
581311490 18452549 794903416 940256252 869230069 735974182 61617212 988395966
2
946963605 71076442
7
118712935 965421576 670001609 884734113 766925698 415325550 231942792
2
910534419 523284360
5
951385273 682680038 323653531 816353956 569224573
3
156916078 326420206 994792415
5
101328835 351996488 321751932 581361628 603142152
9
212681012 120905081 287803241 310537078 180673548 91629830 648517151 656373649 949690915
1
278663941
3
405487321 447358998 839649623
8
32887028 736576031 328809894 690084636 846768383 681225781 6835389 3623747
6
815934699 882926901 353503959 75538839 931019087 401968079
4
394699045 329378254 294999068 551232116
9
842319285 290473752 263655397 622647332 385499062 953912433 417571511 520806014 663746472
7
521830350 849158742 91742325 91804103 936893503 627606885 515696401
1
832075968
3
871374025 530638736 929083460
5
236941961 99468154 964676824 945210928 620722770
2
645566684 989894650
9
448146083 782910004 122635580 379205863 47732245 94473032 683772034 155973849 2594518
2
759366839 519036965
3
558896243 45151230 811492243
2
226701949 845036215
3
100822521 389453848 840595452
6
639982400 669795278 507532920 670702017 85381164 956237841
4
651269769 377765845 342499067 201491883
1
301007740
2
56088334 61427441
9
585610138 263192241 425115662 927191376 365269063 152154945 351287400 450084747 776442392
9
707088231 848156232 54456192 323883459 646830870 125747483 926592229 825688564 173408999
10
264425744 625468562 246599404 867580950 547676536 239300763 101384505 247758987 83020723 119217037
9
194001867 348152170 182723428 244149220 369100597 645088188 630482866 763092556 126413019
5
657666063 438609710 802834039 122775795 583631108
4
153142987 834007822 330728704 329805367
8
358468067 388414904 254006766 693925328 258486117 605340661 850072359 979300078
10
158946775 739841203 125514950 766080337 719538024 829566884 524607687 659178501 400578248 546581043
6
816943096 21241399 156863554 928301289 729155907 888816734
7
665387038 246856286 12615644 208000191 784880708 423231961 319532265
2
171868271 670179983
3
172105936 988512037 430206837
8
812474783 297155091 265080950 286679881 765663196 424571150 888496232 966475505
7
245744802 627898443 126922128 256637405 868704554 208203401 400479452
3
965389157 200430753 364866149
8
570246597 621585046 901010511 250048037 304014194 474762410 976871087 862672142
9
924639531 353615128 301672065 143122118 730319090 526585489 556862371 582510605 671887386
9
471719369 423953362 422290297 117238440 424729048 748766939 43155354 870104042 485257170
10
416589915 894684928 981314077 236757365 575487696 14902990 477670996 297948233 648643062 799926427
1
610607267
7
95223454 260733340 398089056 815334974 121260756 421901039 627814069
10
836912894 453891551 825134073 16635794 377795406 852832979 914829569 381317436 51629176 750066860
3
470836624 964499046 286326509
6
56762084 682488236 455013993 812723860 311220177 168595955
9
668269807 401669260 826489173 116318911 227241810 668380595 939166614 622221479 138466331
1
810772097
5
417512174 982767660 911294272 193177680 589784370
10
573930187 979642129 844501988 855874547 402084730 292253799 359491932 587229787 832058663 734448942
5
201230954 193869382 485610182 234781551 48902862
3
97970977 917966256 861476440
3
280725987 783213683 9640754
2
196977832 873156714
1
295407590
10
110867315 639516346 834834334 852285358 280439569 868054986 459324822 489914855 111968737 100308192
2
474395426 720648310
2
655653335 51165729
10
379773607 392640107 720321852 500471165 940804013 267238726 768970284 267834239 344266952 72813425
4
846781366 482060123 158760797 800450879
3
260194918 128839932 208150426
7
95271773 864167405 305859646 806219616 939799128 681137322 830186248
1
580515184
1
463301032
10
830998522 307260162 231461293 460064069 722411278 169970775 479034987 884897423 892928399 211001625
5
262831349 461124428 421635015 105970931 768294203
3
344553682 356300105 315193041
10
723489641 30812972 18269503 918923127 990937019 759808292 427188827 388923111 382445368 544248324
8
226914378 737319801 638345619 889783367 413613970 366188967 684536716 330620141
5
285884222 7328419 324135200 136169181 363053617
3
540660173 345145271 281535808
2
79311236 226777498
1
823661648
2
883936227 463209254
10
175607107 424348587 282384259 704677779 920879582 485590634 518349775 862747783 169236685 304762231
6
459973305 454920705 42699961 845268987 279835219 585253489
4
62435871 677532624 416117684 2840611
3
219797917 13729967 362155468
3
92895883 828287143 647569522
1
249047016
2
954130762 999607933
10
180482381 851537612 293491156 338835037 353925485 123104051 534821269 266753902 979883119 460021984
5
999800943 539508491 138344478 982806983 471302428
10
152343534 723126434 577212927 705931188 293548332 129278108 259015569 554649942 722034430 104670766
10
535636792 161646454 250024595 276434499 539792397 356537535 328428433 201447516 968466693 215337864
1
505545452
2
413935712 347292872
1
282095539
4
82361812 54967457 993990388 264098843
5
588722317 905718276 819334034 361749298 757482730
10
458069997 415005780 92123231 741150292 757524919 745168472 844563000 690772858 248557288 917538592
4
80529850 635878245 41530615 29466978
2
489706186 252898881
5
532522642 84425686 334008903 528499360 980450687
9
191033375 824150427 149229490 359483157 27330600 323283374 209641629 781370374 79219667
5
881303166 116233520 900168489 690349187 262534349
1
359984398
5
694984239 848047665 574562692 271536536 530717778
6
31585063 65573367 632990899 427707887 981603000 936668217
6
886805146 296877594 201175009 395085745 788068158 634158913
5
696984855 276818935 881767553 409938031 310219066
9
851494329 105849273 415057492 811065124 271900428 71605266 106165481 759559821 410462909
2
762165140 188152624
10
190902838 642316428 448264886 745811704 661079536 917753722 524019951 815087983 718183417 84461618
1
453432701
10
279840286 836609297 278337690 625901621 16400791 393748232 212529302 206726613 417548738 25389028
7
349619235 928356629 838671257 239741304 527893096 212280168 217746497
8
461664463 544808298 591515454 131548134 942012701 582962225 735373194 44928147
2
378670806 720979167
2
675905423 246841366
9
904290709 873094545 509880010 372954100 96314621 396744843 125531246 774709764 894424728
2
637940393 80493382
9
181349964 267492279 417188945 8276107 77855691 842052630 515150097 650002667 762455305
1
302706057
6
268214646 674096262 706284570 655384706 702977914 927977281
8
295296314 172082984 315461185 526945334 991792771 993780270 686915838 83428789
6
157856098 938627222 824315437 517140427 73106909 721878323
1
347895802
6
973241134 758211834 791221252 909900065 621570054 434528593
10
513035059 54734760 312511105 80724098 594565261 414102930 228703524 548282599 880694612 530978834
6
866892001 430242041 226746551 670568469 580751122 864568374
1
84234645
1
242785329
3
727224893 438364395 681390204
6
722403947 857973672 946519708 195838091 423298248 497201084
5
328143435 822943272 969018636 98644512 168085727
3
417508547 902544260 15746139
7
896841384 948169918 113130563 541266980 165755310 721033874 10248200
4
411364148 39039068 262072638 376369228
6
249951248 519859508 449261396 902675983 860324819 855567428
3
506352856 477678286 865838477
3
384070207 200951961 579171777
9
713953802 172878530 944927033 882769472 707293571 23899847 53217634 801532802 449636529
2
193065449 735387102
4
404286564 910742632 802448849 566526547
3
520212217 754531466 922659801
7
406086349 998812135 561931667 449798085 203511035 502482237 318359039
3
57934839 549198544 215036814
10
302566748 588725232 238557513 104185108 272569542 538168841 425767944 400947068 974165358 247702895
3
990471244 951730423 532256990
9
832714485 292595538 453917080 359336783 502303088 28455429 502450513 349339028 720747242
1
58188281
4
709301994 945333475 830257116 231595500
6
709742563 71571786 107658046 77012915 586813804 697292456
1
227389499
3
894279569 133824803 157659533
7
444345324 149336309 889026082 406402316 403321797 383185778 598197899
7
410096146 493438822 589266368 468287282 119848040 379289147 758149625
4
402967359 131757049 273326012 690107081
5
577264541 791699382 403629091 154184955 559585947
6
242070272 387610042 335248810 283956629 414342860 222351532
5
777058214 317380700 402355632 320078358 429004485
6
980032109 437924144 92228506 493227422 541429796 740318092
6
48077164 699431299 747438884 954158371 941532946 113957742
3
508887210 385289244 848976037
8
336017822 849175093 332917160 843039816 62621498 540307292 516243835 700514333
9
936565588 99673647 872368813 293430080 258766574 345365306 780562206 676828867 734700779
3
265021291 424947536 250879704
7
557210966 266719150 713367998 773164784 212321977 559733307 145192253
3
883106112 538446381 678505227
6
319726531 873121796 442218546 289898058 622455301 357559483
1
432612819
10
993268783 98107954 606853872 497950797 689972390 215379257 461457481 912839664 970630089 955918676
1
7890810
5
837161435 194061051 317996348 358853627 298918931
8
583431119 847676936 872421943 863878528 467353100 625921305 63385952 746209244
6
863631591 239644552 872237464 355154699 849437228 120712254
7
584997436 761974441 940093019 416318305 585928733 578362055 149907535
8
749275032 489414627 515534967 908052021 430634963 436356466 828897263 482593663
10
260497244 849576492 63036264 466235147 915730954 468683357 580076648 23512093 916448971 88438086
9
491783486 427394142 402265517 104664210 75703680 484871367 397429624 278683452 852892869
1
337027361
9
697678974 250049962 631341048 410780625 346791098 52773533 260914189 747517391 434403205
8
297646977 825555645 734885976 380598019 957651414 849579655 147378126 919660983
10
709831495 258366291 3754383 69196390 525912474 244597015 769626494 37269189 1543267 890205385
4
646202796 836627436 991248965 193307722
6
247827298 389934665 628293497 429714598 469504210 276228646
3
341395694 987621832 486149367
7
828106014 416619222 665396872 286466549 658075849 372771108 72353191
2
359072937 416805058
4
208673274 924366628 428089717 662126183
8
697616417 654104792 435494595 156367529 496588086 568178394 912348948 317780026
8
705688277 95659578 814811809 900308641 590906512 136753914 204303091 773381358
4
62360695 640599203 995009744 306893770
8
971612108 342280652 455122322 144114912 981009287 422180863 378484337 205147024
4
655815978 569208081 616839841 606150686
3
800445712 316195099 582783281
4
728337736 986533022 606446554 855836892
10
203635358 225331299 665213025 618934272 539615575 912342677 839534950 556845436 529239014 278069194
6
572606658 808964559 88037667 145986665 142210470 588691846
7
195664881 777644808 887260418 623629213 953897347 245358682 932430387
3
369655723 176226018 998996188
7
488641693 487892046 225887642 110955619 280801178 550698038 711259046
4
29129193 491820950 27114707 352119322
4
365286475 537804121 649651751 492265207
6
303678667 921236199 919576665 864227793 774750054 390271777
3
308562856 106345148 881718124
6
434839575 239353114 593732397 327031216 665758696 344956352
1
894755458
5
39820845 881275055 523348250 42812535 307138711
8
718296094 633600965 757228458 746387063 134699552 519853382 179266193 351574212
3
649084218 510617439 827919359
8
981276018 855286974 895272984 997567642 520124969 503746270 223679386 267691329
6
798945872 266528893 933963225 341149489 773054739 270605727
2
487596788 946444842
5
167421776 642572017 907865298 271419612 416074987
5
936443110 570233229 814395412 795044825 400767476
7
409462001 241890688 899178939 663469242 163237178 740271761 789926779
10
95092062 392865886 801270146 128928857 248718602 493600854 279241969 232982743 848512562 337626460
5
905430997 219674211 581746798 576589141 250301193
6
511902718 140467720 299590232 644492852 270220741 756446354
2
893482323 151269825
5
927692046 662551033 819348535 738093862 761840414
10
805013292 436793160 403045680 29225142 129338132 847435169 528550815 777943825 657582918 422890474
6
680433229 66568009 17372410 756484102 569585656 197452158
3
120219561 44650174 20455354
8
971681723 997115573 997245089 927993588 695831983 152918373 541146461 662636476
7
892479940 220614485 944532977 183372928 150723130 68820417 537951227
8
499217242 889504186 617851457 47604567 811102019 560634091 831633767 429574546
1
355318380
9
44575849 304291781 49169392 531583269 805608925 726900446 700434476 763438784 358556032
2
398737287 660901852
7
787692850 704221627 693621254 50200440 937298687 372766968 299510024
3
958604151 998697614 26368296
4
741155857 271687727 194200415 889344331
6
342786868 477698762 692166472 41182810 830672488 242401490
8
229278141 170106155 895489572 223968250 28662002 602306771 684171562 887626553
3
158859066 902153140 624727920
3
832152197 123175735 236167061
9
937771240 519199169 506114937 179979066 456180381 469680528 927275804 546821470 246194585
6
237064446 935331943 805210383 441056655 759735030 944550635
5
540308142 593798300 262380270 915294078 796853026
9
569438196 385582113 602578880 438243081 599660133 300053728 342313718 664807749 284100268
9
741042860 17867388 874558454 369841102 471137131 543010663 239460174 133830365 863254072
9
329612287 695683097 947451298 524718481 306114957 162430794 868089070 960562234 508625706
7
355244897 876776272 437209317 134496528 860799597 486703384 332423259
4
509428500 589267418 112190237 323771186
9
1375794 251322453 777382325 104075251 278318200 60958811 16923323 22870057 389611529
3
371090952 926327785 384437851
9
256491606 337202832 897262184 98561380 720796387 238497061 82150648 821650520 226935573
4
958781206 413870650 378080091 844318616
2
267466169 670566622
8
462449009 939534748 133405524 611868513 854350097 226641354 683729629 24536153
4
67366088 387140102 330344498 100964774
3
640197919 287508953 832505154
6
565473711 409244265 702458960 913866127 456079381 258876166
10
3505889 414306752 687982680 587305663 704577025 867925680 857431905 462066658 643797635 464233022
8
430426709 494128066 546948079 968410902 401554259 790921779 166697898 525466340
9
28105226 161249869 592883807 170312667 773145416 105823516 776788981 50620209 552166724
5
16470565 585137354 867838992 10996011 356803188
1
570684444
1
551398453
3
591905436 938322108 3505406
10
410740564 425581939 717928342 552563797 59626164 552029248 854426367 182888976 803062869 316455045
7
783800714 413397186 182109348 731093271 335666341 804429429 268317764
3
302873872 8581893 256700945
4
876260762 680563543 328605043 544949777
6
673007954 499424611 882802771 263070131 692344833 919741210
4
25201235 908362132 973184772 447718628
10
825791641 121595232 376997149 253999018 936385783 551964298 418779155 785124118 696379740 51413696
9
804911018 166574657 935358658 837273966 658777893 713941684 906776106 274134717 617541489
8
865676884 176227615 233147740 6314555 87791374 999814961 638510370 879349546
6
780680782 464977318 56951268 102069040 669919792 139280259
5
44063826 425500311 404455996 680503872 860517224
2
955437944 532467741
4
85356870 852649503 920876735 94769065
1
107761591
4
627537232 821319604 758331060 131813075
9
597969079 76497001 632318567 623722363 347935593 91026529 841212840 439490649 744446832
1
717977971
5
691284059 752788687 181740421 154467096 948233026
5
979641482 521755260 245524406 778431805 903515573
4
839859864 703979146 143783453 986676585
3
106029436 515548532 7085233
7
559392969 448978073 391247374 954394184 582810345 774530818 330727836
10
443621851 637263922 389884446 394590217 851212564 488670523 909569217 405932892 408377355 937853527
10
882607945 871405276 608661650 822471995 814846565 613627887 899035159 756643445 348076804 416138118
7
776646773 265494690 357758313 801236457 508808871 507293948 666917197
5
571438844 444176849 509125586 25983921 135220192
7
869383068 487710726 694099525 947731877 181026268 781253335 272130770
6
837603366 73814552 87177311 481560569 834729793 648043340
8
518833916 943412779 438438692 948555779 437791695 870849857 838875451 189101694
10
598528405 322678809 125554618 864685367 356939958 270977661 822639962 360349196 235388088 122195477
1
206827823
3
554265001 378116457 590993144
7
30797734 240731547 290601330 989990215 957967452 776117725 93946575
10
142750996 237475907 188022010 307256536 738007820 292232259 985555317 427842605 175426671 126520042
3
858143517 756122735 808318921
1
916460262
1
767730141
8
218260096 575674377 593921007 982832698 343709722 539661658 80143721 581655115
6
584264669 779092336 293931500 502728549 925452351 935735492
8
847693023 807753144 452616677 814990656 206920337 233225144 787485616 200810060
3
420677843 665451916 726802375
5
38727063 983168576 695809841 200462246 278510157
5
244637507 105746896 741704061 752881431 814414291
8
107816398 781790361 95099397 31258510 580564877 337428562 375335230 939268626
2
474967557 481492177
10
632291622 886218630 96918623 385108031 422650206 174382381 472817651 511500839 142420346 875450690
2
295920018 102935826
4
910277766 628183113 441852967 974493650
2
18159250 334508372
9
465671912 277230762 952656853 188016132 55798649 310357516 781475097 313587424 990571464
10
732729955 842074668 549884881 602127922 448295814 727155452 619062617 187672523 239120739 91562000
1
298011948
8
756926843 153627276 486933344 323404980 938136684 64691635 71223507 68132655
7
319684343 821062029 658198378 184678912 271940816 300891567 983687934
7
593405188 208506217 75343691 643819556 432220225 334704707 932636527
2
906117754 573359961
8
509624428 315655119 81594846 441826487 41498653 741773878 664199399 664750619
7
249985643 566165723 877350342 177782712 906285697 272957567 13392429
8
508271198 562244456 297229928 614178157 706390779 413430604 816369932 650704989
6
334576138 219158899 378142410 132264956 671243764 829702472
4
962272215 589760075 191725445 437714701
9
974315670 462661792 548707327 519327673 942997978 821009976 583875786 114143848 107814331
4
797787368 18393713 257575683 976371697
6
762568382 335161209 527842839 856383572 740218561 930039701
3
830669791 632859852 954875560
1
79184391
7
276981075 243755690 888717604 308002606 808476947 88729410 449718935
3
950018125 863371665 641928817
2
756760282 408024034
5
309153900 393168665 614130279 801177783 27841083
5
298687175 517100585 219439972 235512749 173849813
6
552521110 21884836 376360812 244881624 614732893 531663067
1
736510048
5
582992286 100564071 520328845 954288285 928942896
7
726138667 909149202 184215253 623242076 351312241 403499112 198485223
4
661139190 965767507 6413182 969035517
8
367837974 16214547 583005595 248720842 58881990 958002056 314315030 162396664
1
760117279
7
927258377 637348698 523702153 327273235 556554985 718896611 282103047
10
975994716 244472874 840136495 838557756 975304276 966966463 289921839 138129555 661217298 822108422
1
723945509
1
145246186
6
413598702 763696264 332663788 36025354 643405659 223421659
1
666879988
5
829359718 507026990 646783990 497555433 182406209
7
48709129 811931555 694731964 232744242 253577663 298916965 646827865
1
27411100
3
74874599 703351543 2928162
9
295200557 739676349 473477289 425918234 992019814 721246941 559840743 580338025 79837429
3
636864182 303138551 225493612
2
474246372 700655183
3
678017537 413128644 361904823
4
112886852 85070078 491673639 130661998
3
840429495 437325315 342831723
1
645571242
4
880369617 365260563 116702583 976806013
1
187490016
5
65083270 837740067 223870930 69495244 515801695
10
698180178 760244657 861867791 474528694 528698748 349194440 377482560 545139097 22873450 618101120
10
480808439 833517681 978258162 944181448 226758866 554605910 236052469 730832153 939742517 835311225
9
37559232 517645064 543776638 328898794 619989847 119723092 296490207 470219276 697041451
5
647290532 435025365 572745070 906195095 758607226
1
940459902
10
734687664 172042494 408949906 219165439 579835146 846362176 535843246 887495031 382200987 822003588
8
519201990 106657034 576877415 221343371 868139119 867054618 578466260 998534901
6
875180798 373814 13584651 798128449 660104272 466376586
7
225534652 400315528 649876217 727179101 636331210 235184949 484498691
10
937571576 205402543 360373310 270946498 275006210 373526191 128469624 309454184 1513120 187542362
4
900054860 452790397 333663203 257764697
4
541447954 88641820 269557515 374490210
1
992679478
4
552678539 164673060 219889269 540702126
8
148640863 694351729 683476804 950359984 350635810 813816505 941351661 867620139
1
749019752
7
197122283 701039071 582697529 827295996 952096429 71014992 537000153
6
437365610 54141486 407918742 149703361 514132005 660642559
1
137504215
2
308836029 684893042
3
882046769 533719841 396653696
4
7998917 39306524 813982001 876553740
2
110401173 639534141
1
455145347
2
953842130 133821305
1
925668207
3
473682607 552878554 283498600
6
236472441 941080879 656025854 363086849 524876124 519219305
4
144066614 356933031 245737858 269792174
5
876297942 143827093 655859244 696895339 846796882
7
831776320 295532212 895683100 788927073 542724496 708657170 929126928
2
323020320 791709011
6
483847914 613860873 529036226 100815145 540470849 753747862
7
713985041 889741584 148542060 934568062 729827490 815896507 503500439
6
616995921 781976705 23937887 466866936 641366038 142814574
9
751949267 783739006 811163048 621782985 256387261 28356660 584555814 764413811 372300096
9
948781389 65367785 578556039 29844723 878990505 584845306 130411953 965683686 809840182
7
143074726 553509153 144760384 13792433 978745708 918451430 773808167
5
162293085 593377136 398030856 503590889 538005113
6
992601072 522123412 955191356 286204502 194454383 774778717
4
880293047 729517413 72179750 968587689
3
367046714 590252789 911450390
4
723397596 817997170 989105049 60378155
10
527439092 645069296 624895175 464426824 766694499 670370065 187539518 560142402 342594831 714293649
10
946251672 159244561 660081005 261181312 356487007 138571685 156654171 117198953 431565932 946149619
6
783692006 886504558 162670244 686626988 474850959 819473346
7
593850581 621147546 72786255 299067106 32320022 285192729 462438943
4
255656771 923050032 707843216 772322994
1
365644335
3
77348559 754302495 712489611
10
215923851 150029903 836445973 981687465 776929540 748700246 286706664 38648995 420799078 879281711
5
632816932 39835521 379772881 645613427 166817010
3
286673415 685712173 815095900
4
501406281 522699135 121923549 678619341
8
755564575 405177513 423667887 746381152 659752664 693199612 833365049 583038746
2
416288445 874763089
2
109848281 509713397
6
677890431 129402542 159282161 701338699 595809250 263688461
6
378002662 760025584 767530978 873848757 273435256 311508621
4
596667375 298825491 584386482 927789563
1
293038983
6
53815886 45432853 450356080 574739130 714071714 485934831
2
544825239 814744410
1
749963627
10
302686752 319657879 214507300 706385902 288760416 526182004 914500106 942846578 914741527 959399188
10
871397635 206872426 929485203 69285839 881974900 712303455 697585895 835889348 275175422 849926179
3
571268795 998560149 249304522
5
217100282 991045753 390964531 1167177 38420485
6
947692674 124838535 92961078 842714444 515520687 180715672
6
816371939 285949748 433648829 721543053 907691337 421123871
1
401562008
2
871239026 856142339
6
757219924 483783033 952168542 786937393 315747557 587693201
8
87437143 654014140 745657529 708099226 566079777 831550151 581933493 540688134
5
896336590 912527620 530292013 545482757 330843798
7
937318282 140908202 996454283 899903851 23599953 907490804 849804266
10
432966048 861700377 985864410 566450210 528010095 362197232 849654633 415806847 825147897 991245787
4
588447856 842735739 309141099 794436867
1
109984765
8
99823370 946597048 308735625 586986217 509696238 676895060 655494958 791748495
8
486540375 939702070 996247398 179406285 135746122 206598342 507905660 14354428
5
430458622 530869402 806667901 999366592 344720283
8
68647420 477409584 475204583 154738085 991970098 76045082 807176808 477833493
5
135033495 191255853 65901087 408577489 332447077
4
61473086 618461802 845683335 962046814
7
108742126 508628099 485461246 141889894 750838514 184439500 503810003
4
78148655 471227967 561378822 436241525
5
594084134 163552265 17420431 810882989 692776323
3
637227886 878983978 401021311
2
89275243 293518632
10
966153864 211305828 484409906 577927662 988071235 169131849 212733243 216003468 316454581 561201644
7
143055980 768060912 450376925 622825768 928919500 248306103 389158385
9
891386105 928805949 603167035 231379799 822810354 703134749 500342771 617748151 101749012
3
843182305 229980431 900676452
1
164756589
8
794921460 946614580 197559661 937187606 158168464 460506088 975528968 365276041
3
918681275 85034577 782104148
1
979201050
2
832514077 169945704
9
549246482 702366847 411998462 301980707 948437666 590252605 115825744 345353681 765105473
1
11853238
6
955180019 175412626 580742804 859273857 584248006 765447549
4
400006707 826710664 895745962 694907472
5
734679909 626190895 797537191 396110488 464952106
1
383001295
9
425360545 762698558 676221250 393711654 989454439 920188000 681594013 674877251 100396200
9
739660758 563141528 240238799 881809870 499878147 955748114 358494847 924270528 544349147
9
804985847 628385457 10562564 143579574 488243270 646987501 637288416 439742863 250295487
9
428055203 940249609 719268308 966733539 662111341 729305173 346633637 195821652 238113419
5
338650287 405475594 537524391 592361048 631443436
3
165626508 704411278 167645666
10
2887558 921853501 404412122 341607153 174515069 714576176 728778816 786628660 26481490 722332156
7
575977553 648755615 18814573 47742745 732100386 378683988 376539655
6
719075307 525797693 528170134 892895764 774082898 500367084
8
165692272 209337348 492103771 60703822 249802751 5023746 719037814 894080836
4
130084494 188029590 736604183 398343887
3
675862694 481700496 686502420
6
883259690 971065746 763440752 712084021 561714975 109460522
9
851562500 978247077 109823819 254224221 302571512 380984014 278421274 320016372 228650849
3
241035652 40902424 360227672
1
960159067
9
777151727 682501907 697930250 919059140 551813329 77543682 199204732 45443079 715119722
8
162330216 801390006 249579459 798187627 312399378 722446463 749459149 365266950
10
744505741 288574159 775601619 859688502 748583756 524103037 595749882 419680540 771600401 300625308
4
827287154 111099249 681284345 691786938
2
220704873 228046814
2
227008273 721508297
7
421307647 141503671 761406524 933335306 13075468 653518410 520004324
8
407248694 228462271 252198368 692448288 405742410 973011687 739773427 779644909
1
54357809
10
446877489 591257467 938229270 531720469 700936079 125387313 170306147 567246703 285588150 965537272
8
322785586 737076868 903768032 650812396 895437865 377198668 725042637 317907085
9
871761607 394775546 94253043 844451609 691791356 560060527 468422193 837263471 838350517
9
341072757 467790534 620863337 901534626 264611868 837922148 152054119 849345545 826007920
9
845342710 942780857 165951781 628682552 225092670 122990195 166956576 502066303 660979030
6
832498951 900807653 654292228 261587893 944492993 442359549
1
469268535
3
135608252 403171506 891095485
7
753762991 454879971 98018866 811515734 619756915 236978001 394360871
1
213969830
6
260407638 666366089 35453236 645124429 90065278 156671846
9
916288278 803589887 469362335 562123426 206071056 414506230 305954496 787033844 491853886
2
20627878 336973841
8
552592106 654216116 313263743 441951240 781428151 403212356 545987056 37637358
9
282550911 196738548 92399986 848527922 420174067 297464849 650268117 414965917 401389927
6
486415108 957544027 874239110 789204639 732797078 582465507
7
47167996 885995156 464019652 418543056 1685771 424296962 602235338
8
315805868 960872116 66303493 598222605 900095786 689706268 566022343 996637352
5
671254915 949113902 417846901 221080962 142428848
6
30884902 725368726 56507836 625652227 979452627 214123621
6
522595477 73494842 41667305 984021514 986848126 176512428
8
545549901 816467565 737882876 151922736 303856776 720421177 792722540 930030693
3
609673620 441282165 598111127
9
781081183 530649382 123442292 731280270 529437286 808651209 474718811 304319377 142696065
7
681947806 488764966 218271526 934821112 29035916 664117618 642701170
6
912276393 943417844 984375690 649384787 620445177 142610754
4
233719489 823900656 758028373 953535500
3
336618644 645758471 85545287
8
494932029 860715007 384041974 114165140 660384437 314854164 45942600 328123912
1
846651814
10
730117566 156363481 69682804 152479104 260457724 332947414 217141103 480530626 3208498 287239021
8
69997077 678955747 564828255 909742289 41757733 641367410 838055443 715441751
9
594824523 836478203 819876443 55616386 283781097 799543073 738072752 57978634 864242757
4
941092749 269132799 283517473 320701618
3
420493325 865509397 204448339
2
529250483 442984586
10
865998438 355446942 376380850 475141118 398971339 715009673 536860055 777255260 86130215 750086136
10
295457544 670361122 986094438 435331167 649360737 603786324 163404363 500547626 934779942 841000067
8
819218726 436689946 577602008 41715205 914097594 985201340 129865951 302701230
7
635450052 103726552 356432740 748236536 500042753 395514150 737275698
4
438489004 722186483 730130767 390430531
1
605746094
5
229541827 250231050 287055235 209392721 43142296
9
163039416 736667687 277384753 144137834 940298400 939517672 849493466 468780892 487365286
2
495091162 377454982
6
802668667 922923467 107845999 51199940 459054986 967529215
8
712039454 516149695 239468387 854777697 336848111 882959723 453794478 739136282
10
456774137 50122297 780630098 695325899 634974533 497517607 852311583 495083217 119344588 18892563
1
791899809
1
199140449
5
536849916 406233978 303160061 763154559 636849145
9
459580732 990355824 686029705 934481377 397246103 180582133 974479076 222568449 860877013
9
560170803 311283914 250062581 496794698 412282349 532572563 607302345 844711492 504509646
3
456637308 424763086 68677633
5
693992458 788971974 703269939 919590856 231073469
10
978292842 143888537 463807357 334472985 932362769 914808234 990331890 818655579 327065618 502909751
9
696245897 813047937 520131358 512111767 385820776 788628233 310171324 514190818 515965147
1
692511964
9
174858315 871426443 488577417 684642152 34549820 823059727 875358396 313740543 606165503
8
172266274 278898993 901291729 602003796 305862766 53987634 707849291 70117240
3
590902935 388315473 384134526
10
585883531 504590082 450077908 570078887 626702780 313808761 918188989 307475132 177618249 258270104
7
85420218 896540133 306204866 950140574 214427097 705613362 667868323
3
769691242 92979770 421914822
7
438967203 630619698 217181313 718144361 810214695 919832197 485299816
5
236583443 764027131 500793196 812655337 296696401
8
216549371 594241780 469812920 561117809 476617216 732465900 768334349 129573623
5
890271701 961635570 237789193 891106902 221610510
4
144506732 831496775 333028791 981262509
10
105567250 610772734 831381507 500584650 659836409 775800529 345011933 903995725 264795471 259670522
1
848450648
7
431291797 919733035 296900162 511623156 792597184 861225850 970903934
6
342562698 92904728 920511123 875388326 780364187 422568524
8
85344799 436502141 603923735 564592344 772090774 839428623 809508142 747590933
6
640764465 542766887 198570272 748757340 733761902 684045238
10
576898959 458543446 521086505 850009173 963677150 31964099 996906067 136627702 279673433 321553089
4
381859229 584410394 193729462 577477788
3
832591525 645610338 608091167
8
943162694 98619511 851680036 935405808 875650994 988099365 939485830 351935927
2
422577406 198317938
7
251252899 731831890 419665845 3425629 735551886 662131870 262452486
1
551995607
10
971229084 79152239 787991754 711258964 950006406 381361203 444163413 901883979 331531763 149341851
3
269054113 710625492 394006150
8
594820510 670489883 492344097 739854456 766933522 389501978 609544546 366947672
6
963230079 273177740 377972369 387318487 443883110 821382087
3
792973448 344193451 677215876
10
483184301 127758021 230740678 959425778 432643424 678520870 907978979 655068785 153743862 746451542
2
193753057 507419398
5
892984425 926154338 43024786 749808775 82078471
5
201167252 44669563 647269554 635204005 392712345
7
408136007 598347128 999008641 308420687 69898458 463100333 969108189
8
585385661 145304405 240538745 326625660 676512323 778919227 692531628 994179290
5
873874518 644808250 183281637 262564532 149524816
8
466658387 996993833 686480818 925568083 313251399 944709430 605608907 277179608
4
149665579 605231983 487474567 935376325
5
572179702 528285618 378370674 924736010 294817134
5
576692450 9662818 664442498 710977522 142496606
2
975724759 135178022
6
375017608 3257501 333364690 673506080 422575551 417656985
9
94068122 398039014 975209342 453248534 787524336 879326338 472235379 9305407 696960577
8
903320251 703766384 874299328 602922939 801692494 864384699 544018117 441733070
3
426769483 505382715 961775131
7
724401511 472906836 461620357 188538937 798228966 946119180 699494106
6
870842845 240930836 569047894 171350856 251131630 423165664
10
737402872 135736999 746059068 743804475 957806460 49201661 843303771 319832220 743178098 653363295
1
999849864
9
215653395 958796192 552882824 291900381 12461841 990885243 380645446 213650020 257894576
4
438789856 290818654 960705390 474623820
4
586533303 802595686 865269080 655356858
8
364783280 853067227 205702556 650305294 686587697 20728803 265100443 949710738
1
150633595
10
338537395 385228393 354224188 429169257 19700207 986787004 464506716 30343256 874945027 74222337
4
808631723 556284894 997388933 920278619
2
470118524 372843307
3
477586589 425376801 605693208
9
887063816 592674518 334943357 731716890 772792344 210687497 769326324 469595139 332537904
10
711864194 98574823 884773236 654936275 143362644 299241748 584538468 247563412 399439126 422276304
8
234310207 620744816 485560702 887711644 641746589 578351286 871694475 926839288
1
76578954
6
149993333 666008021 566674764 217180126 918460970 909468563
10
521002070 284866779 526238009 105417615 634939714 439893361 319282868 689327555 749611524 997216858
6
964121469 407952694 69202653 246458899 128193254 682285865
1
241706624
3
639691292 511245369 572381027
10
275477017 95660380 857597805 534396273 393592556 957915683 833950455 704733926 142986381 679101299
1
881513963
1
684132754
4
762968723 596573932 95254002 473546097
10
150569459 765603342 85390603 465849412 692696977 119821560 346124401 68394189 710779624 797379529
8
730015816 230312961 197450415 95147282 712945895 39966421 81201237 984751956
10
856081702 312036087 574794150 868107245 171561944 838777780 380272939 393203381 6467013 381320450
7
900002797 696490924 586465720 470623530 38284936 171669669 294690545
4
986763338 210194396 312100476 399725721
1
546163697
2
235354809 197511717
8
369313903 935643707 388436814 355813466 420068264 596597775 85978700 786864262
9
651585590 761650693 336741325 509787503 741658740 682383531 701405933 303803835 754953345
4
94945993 436966924 380349960 245295376
10
965900859 720923781 829783185 512434528 799933520 215031823 190273264 990857756 738188796 444524655
3
563802792 437422341 916353440
4
407549506 407832188 87559400 348381540
3
641118182 351090682 214364965
8
813919218 425646291 837713635 857795050 254302312 40070327 56648815 635301486
4
960347859 712423086 487421372 727058981
10
20724451 734873499 829883212 993341428 163985684 38195471 58762137 635793552 403458783 344458222
5
810635358 22828578 748325491 665917646 634048706
1
103252804
8
45551513 708342969 964731573 489325189 741019907 244012842 966508061 601634231
9
428930287 772258225 533861686 859728913 589752207 973298539 488901357 755957586 986933383
7
483805980 272899512 992406214 112235883 659182797 479445517 387409331
2
52212155 897533644
10
184849044 64923561 787232029 756583153 834324225 468458825 348295496 965690278 982441527 955955421
9
598831786 599212795 848812865 893609759 368504265 322407505 626212455 837756866 542995497
8
898729109 297739345 148202160 906659231 937837089 57292829 990518702 496269694
7
601749387 163374433 540960340 31000903 599257407 134133576 963839147
10
465144040 191266922 611337859 635816450 420529129 5733947 767541196 534252611 91219753 897871554
10
93546856 385197001 871850003 581287148 756727540 866976124 371016369 46359368 323811091 370508736
5
163758105 678638365 385881781 496001882 677772267
2
344909561 775086188
9
79742802 266690707 354731737 438923425 316003391 43396927 280864989 269721265 356959627
6
834610372 950680685 231710474 704876354 372571058 8839636
4
946766780 616520721 665533848 886154398
3
652588865 619844372 69191979
6
191145326 700975415 183659384 860683487 674562193 926344438
5
462712528 943459565 539743388 552666523 467786649
3
585093639 337618197 25938278
1
100056163
8
153245103 71725212 194988676 466127475 927089262 237849000 761236120 430289763
5
848233697 392600755 829675817 998672726 64178246
4
863726693 884854564 933610198 606314542
4
171435413 1762041 676838104 24365563
9
984817477 688321584 755526994 69110435 720869629 986095311 230169321 610417866 484037447
4
77173097 956195220 95125518 211996930
5
792199504 73336496 912223969 658744483 237559329
10
587448991 140549112 483716602 901629728 182894554 388689189 836868822 898653940 861375657 135624024
3
41995864 538014240 795512396
10
11207901 171354986 170134589 164770848 639893737 777007734 173169168 254713412 580119116 251379995
4
346590797 212758259 49025352 914159569
9
19791717 89624625 764232106 540865436 361659386 981352937 921321413 867203064 660128230
1
722650839
5
641735019 765321244 966501999 917316834 141986280
8
819821255 606757672 420286798 548495631 401480964 238324170 197191991 578210459
4
593574230 949276535 534519315 68736562
4
976312844 722063459 925025652 559248951
5
462971852 901200647 617485435 88577291 591795597
3
584065443 732664417 201153087
10
416584577 743835748 391191260 644641469 15980900 732585570 461128328 604420693 173207382 967478237
10
872571368 31088960 697982007 291813771 509129770 775401600 361656531 962077521 73383240 212568183
5
7364051 952177205 79843420 567760985 103416909
10
431564935 40379194 355914636 353248783 57502341 578763464 742671633 404152582 866792851 194009894
7
198595229 76560604 324076153 57771056 641215592 132285490 975882440
2
551571518 982376874
7
50338935 828891765 544730158 247061288 825064615 951920382 858264598
8
732438116 555530842 710192278 469188634 193263681 252624672 638704111 421087822
7
985817716 409859484 793361709 31206221 588882293 876540584 714019953
3
468781869 138204873 641777518
2
973406927 996424609
9
409579342 24964160 972128895 891928900 147286574 927887914 289066439 317073368 41471284
9
236427690 885944949 949291751 791039915 713713202 136279687 851633881 335834120 90577601
6
498238619 689460179 725702179 116025024 596955742 898670746
8
278512465 550220139 839355658 885804192 554050536 112271558 467440885 553450396
1
829557996
10
390782030 224594038 476538956 392027167 58789060 803768368 698702118 819341618 210341488 198943427
7
387305593 571207928 891909541 673913023 554219211 320876870 886029520
4
626183669 434428261 947922083 660583805
7
380412309 28669314 25896945 715772258 933819963 528289519 197903749
1
852811519
9
327711840 72096877 376061186 757978588 463468626 955628695 669018925 955665666 243929393
7
452143150 485341957 396039409 755495580 385880977 874558323 30061355
2
427117523 359216786
7
760253504 161215685 889178813 495495 439616646 237693221 703815623
2
211452804 224863503
7
714568531 246595690 770496595 394340367 318236401 610321091 731009299
9
569956732 703273665 824826626 523293430 714979510 250618283 317225041 907783009 245979411
1
391219944
9
702061815 424216750 879598525 397121969 989249886 934308960 99328022 76146365 606617159
5
783791610 200605681 475252019 264506728 443687966
2
451313376 143978874
3
676909149 411445070 629405136
1
755479084
7
202091405 862945911 169481616 765367675 377696324 161648709 565735308
4
501583090 786254529 466761979 562990323
4
836175812 908401905 422877313 694143441
7
504247043 551531862 361481843 119964317 15313082 374208005 297600697
4
19427796 171015629 890533017 180690738
7
737726512 920584723 151885559 63750574 889944431 724534511 866783191
3
358922592 151659602 645992728
7
203879173 566838345 433196061 785853365 627552971 470718489 670533973
5
417836508 135852046 437321125 647840432 172145370
8
185702432 622199685 327081125 283392004 827733377 560453894 272036964 966317838
7
206100185 329619245 6537006 349764 183989954 543050329 428097727
1
705488742
5
471868585 686912544 353477210 445413404 862561126
8
217039034 684621488 71500748 655793236 714200240 315022559 138519939 171283519
3
396909695 31788939 42951347
7
833722768 174795287 293642955 922346913 761228651 629398300 354380641
6
378875538 930880014 945859726 608373964 124451268 327389124
8
58182265 167046870 395635088 376016484 758994833 102265470 341240154 163204229
3
231859488 506091236 207898932
2
603518422 708132963
8
149275087 661392050 446788324 511098780 179891788 182264469 980199447 584306506
1
86367466
2
392465931 715396392
10
237662352 918573124 432550844 844923587 715766308 99334586 986467977 82273049 89868190 999857912
4
967175449 831916537 365104307 64952130
3
960598309 749790978 775527578
9
217931589 183772165 274399023 35485537 133510164 594485459 882589772 279981817 612430169
10
369309295 96033296 385800668 450767704 631656835 718122384 695653443 573188780 168384364 529294227
3
277219839 415924868 417653406
5
235865231 635107460 139357029 28444588 320398438
3
160941803 532992264 264188347
10
331682218 769080512 487776632 31031264 910542900 955145774 201745351 721530113 901083558 250631744
8
611473541 524052298 357797218 28544857 895088654 743624033 842508602 180873557
10
67342904 605324178 913039951 919733860 737814892 247478566 24999170 803726282 989941324 753919355
6
59678766 926146733 665683579 271234141 889047794 948367205
6
221215013 60468490 190626715 425013612 348004746 251180267
5
743901142 588322118 178859635 111823642 614191570
5
420347086 206136383 609543725 986220033 532081450
1
876401562
9
340991276 217201384 122308972 574061330 647602709 855992407 967873025 523682694 115364182
7
46038132 327450828 624980974 169413753 998100593 323770789 232873518
2
728432574 488799711
10
257234754 310956748 703388966 822015618 257106858 714330749 180462822 410725405 936109285 373105848
5
269032001 690369914 950331092 105615962 93007731
6
670341074 148059370 429865216 485961154 640054165 3568447
9
11401040 579638174 971783321 547583220 877432024 2522704 601425600 70291615 357304795
5
732921592 284469106 102832434 805488997 42846524
6
14696359 204994383 560138598 956534569 494453154 474877780
8
291207610 381045774 49689819 605072281 580913512 160193432 138771233 859569268
8
838378336 652422452 12442350 574025467 160480714 188362434 268763153 275844826
6
2890950 237301322 639829694 267090548 649846160 733869775
6
232438740 241770747 268249451 504910282 385003786 785819471
10
110075720 681002390 353241035 206252275 292746652 925074681 860984803 200855271 725639232 617703057
7
536087727 758439320 679774858 779026656 736782838 175368009 828003923
6
790740189 36777341 501566617 320590016 329481010 196179518
1
721319992
8
563696703 862134366 592815619 11457062 767672877 739868366 29118341 412232135
1
551518665
6
145262661 192871502 433872196 535990732 527439490 486716728
10
531014317 463859504 804940936 212980774 246398946 146879148 545205135 365456007 771199295 946386062
9
239437566 429921528 948664111 117133331 349001467 667349588 300976186 217905862 169672109
5
931407638 182295705 174813193 444612692 359576573
7
177583738 534485614 735901627 935447482 73695935 653787703 231649234
10
175306024 277472744 635476811 430077790 866998853 455591422 803671499 951011928 95948446 867433557
10
211637584 295902645 113533333 989541194 961263854 382360439 791029956 112412343 562505637 59671530
4
290228314 103483039 89039304 447958918
2
548243710 282462342
1
105506086
5
969846333 905187132 712211 448900866 408659394
3
199145958 54620273 646774587
10
653304051 288988930 937436019 877294866 373115807 394364840 351195020 801326129 373464987 938926148
9
218157040 396244615 694246757 671439255 688888313 155628092 473963230 475245057 607177812
7
914316118 380662196 998583600 458896049 648248737 646465375 461717768
3
556103231 440599279 294430690
10
363744940 552610377 352397372 215485572 535979196 444017626 766289610 114622449 560479295 464703347
9
829523848 429600205 857548281 181677183 984152880 560715041 672675418 964319311 71415712
7
230851716 95549252 514056104 966920669 311593159 513695236 236678131
9
252964828 727751575 678717593 601486810 499350644 521589770 210043308 455799463 537987915
10
53540432 237599142 375352498 547149769 923418471 964059584 32714507 612701971 370222792 615872314
6
261221651 789608323 542802621 401323462 520826012 20418768
4
871711691 89286124 438572158 312348461
4
807543704 389908758 946517314 951948690
1
396134737
10
483975512 674874263 302447508 549969197 789490713 717049312 909885528 691559074 680098654 539804582
6
931812440 246181902 998212116 325132254 559358727 468915289
7
69222530 55182138 938237862 375124098 803254716 538127441 314659265
5
863712736 51251860 559640354 537639614 932229293
3
817665241 117065955 495554014
4
372732447 928733402 778702445 627910954
10
785288833 413654774 233122292 303064488 147367606 666528229 960934087 714642626 14047462 784463997
7
1355634 669132055 329438889 637829737 818148964 468710877 955760356
7
807376312 674462689 304811567 925201509 105516795 659334610 306223118
1
145956781
1
716806875
8
306486309 31905015 975976506 605906102 961453856 463347495 828166795 148154796
8
491984965 381213633 130529176 916847151 264827617 171806392 647141870 263197294
8
611516261 921094092 673899075 64372724 215535716 911670326 269293131 274613623
6
745512687 296810997 666685185 421145431 693529431 760917027
7
455114981 456838487 472455982 239230018 862819699 115399706 7581252
10
893057551 193410685 646688479 645869019 930887795 389760439 942075142 614223280 145770250 62713801
9
50450734 309889765 879674655 80731667 410245090 339964149 628272749 634045934 19655963
3
614830124 79640693 841608539
5
60497117 115518438 283310916 343354211 184814169
4
494472602 981054020 766257738 304790774
5
340766597 11544100 4021840 366082410 619247147
3
685860904 406485768 175153818
8
360529893 211160834 373500365 547110929 852382472 467831469 445588464 41551857
6
435199290 855337412 40723245 144294821 243749055 105580003
8
189105463 806271582 392292830 941738054 177330676 68242032 767246341 685749051
2
530572435 665013035
9
26645835 508929740 492546608 620681003 157072620 993539967 296215613 573378437 829598949
5
795236464 82552592 809684263 128170626 777372030
6
467417398 84180817 99256929 397410084 611107930 44466351
7
149805552 340899772 629326016 967449191 75623411 640358318 245526448
10
276700847 878682711 264475477 560683262 349602112 751407987 455929877 230173498 480989226 930881305
9
684392916 976545311 913971535 628610891 604104987 719705439 986046153 873952214 409064156
9
675229775 837940703 6122169 239234512 732840770 708559284 699256600 748628923 812022848
7
876474179 389138112 704160263 681299418 446040138 120916134 975735881
9
224762615 955774259 535814379 825304671 814266130 136507504 653657993 651263899 137032815
7
848373086 51785829 214317006 872829449 596678848 233568853 474513700
8
98631830 322096991 905054787 525460125 864594538 705339259 102313562 959304641
10
475504346 484624384 542941983 857560683 145405298 348061128 282645638 417292654 585362713 69278835
2
470445992 205047292
6
592064963 226213948 392601560 597594799 911621378 741848653
10
691031363 870200003 29344914 158926146 574248465 965648765 806871460 365744552 131582717 537848364
9
835935346 477740862 678320653 697232629 572026625 768620723 574070782 827752040 462741230
9
28305693 817942558 629234968 8313217 716244668 848026924 152946963 832800288 97914605
4
26483793 102427072 751888638 537910444
1
109160262
4
943052268 806668079 805384566 132528297
8
287084894 139898426 388339264 311521878 225846060 727222455 244597144 793128783
4
30544508 873958316 364567556 391862966
8
677304736 652579070 467912656 252889515 413629558 424150840 247768338 832969064
9
678937367 865645662 1903434 459783039 470730688 278840793 967314639 413753281 403314871
1
424183579
3
482313568 486095378 326195558
6
697913025 347672479 315549003 579414299 118914816 495675877
8
851333935 557271071 262325474 258369620 179577894 788918018 449214959 432555018
3
691308989 164940193 698461249
10
761329334 3748967 753025301 726469224 127827223 744305137 630843563 607886685 188983986 213209389
6
585475606 270319070 829439525 440796517 538191382 937716541
3
155911946 605637022 803541343
8
983261753 923363785 405143275 351272927 428278192 92565861 582799790 936263432
3
199050130 63464782 340312105
2
647584063 634967235
7
605034528 614556307 658373420 844323916 156901221 134623794 539440990
6
396466790 876766895 455089445 880850003 45371484 902285003
9
533457453 607564178 938004148 880300293 230932323 483769304 158128073 310483541 866856808
4
422651118 948851845 473780318 441988297
3
925013854 730265197 784878129
2
119222255 524993859
3
281451463 255108915 467317893
5
189880477 573883755 82139222 501220400 196908217
6
356761968 734573898 397369640 876671140 174976462 183782455
5
132149490 337210143 252182041 705536555 508265652
6
583921657 710645762 865120667 422992343 64553430 722848403
9
520560288 831662268 729970920 554010474 568536702 686032993 391941806 642489924 722035591
8
318794269 57125968 811970165 251416174 628852374 34958921 119466750 909035972
7
82028607 208960832 96604267 654266857 854451722 630118609 707398194
7
442602492 84694841 274925018 132678676 998432803 468732439 793735431
3
618534451 665731128 737014392
1
495230806
1
395829963
10
5816998 74367892 524070911 887555365 862288438 651708042 825899077 690977111 870050205 75806443
2
807689243 373630628
8
847346234 698997710 241498585 749797110 465382300 800039714 541229352 209299356
4
342353599 563930220 502676636 63415847
4
227824833 496618146 610633658 643517232
5
141816591 589434630 995041388 583254724 153899449
4
975956219 224846511 320275233 964840614
4
852559016 81600371 948474839 194334882
10
666225449 380153541 192138356 783040035 984550817 136163967 111096307 346750775 167522485 816533886
9
974512032 216566515 313942016 173322597 684966079 976277469 462804063 263904316 20895901
1
467046356
4
717395538 893544800 62181939 26515664
6
8060891 191773550 70748204 499193543 727999092 635583241
1
897390603
5
240269639 85806903 893509410 40354578 191738668
6
893546449 178069751 644875411 415080242 291174032 742690966
5
20153674 280162066 288306052 692152751 820553935
3
869262821 293598992 106305997
7
833523266 736337896 634062198 861237614 124645353 305574973 71984418
9
992899287 121525590 740756147 844014215 192395122 957800271 454547715 449670110 385000948
7
467870522 921522699 13352861 151654263 963566472 2525443 684313384
9
524960920 979950386 531303984 915234433 671200870 491820638 717409710 829557160 388562919
1
570976830
2
731743989 380451134
9
585447637 919790529 490264948 440263001 897259163 147351847 60557574 644960761 626618083
8
762974847 754454586 262571833 712443804 530167904 556234858 865492221 89722913
8
951442310 326860426 586092679 820807524 280575538 584247351 866231104 394261123
3
96853973 11980935 801420908
5
339740028 872492503 781255556 527534704 23077744
9
960476675 907576643 453577351 527383717 570752536 367160466 737777193 340978562 501373502
9
552811292 253090674 509539985 653043853 853435840 654247953 98180960 846859519 596214110
10
406047150 110457077 359170680 928621727 895865069 297446101 554997896 171726877 191312476 892455715
1
10480051
4
350444703 100484276 215386322 277545204
4
252277411 942530819 568954391 685288171
5
105473563 47968555 305265431 343284947 204173597
2
249591322 361589610
5
837179591 151850256 553518131 940835153 585496920
1
905105642
8
621056411 399051672 349065407 84410309 600688418 207779421 47153394 816021436
9
321037923 24163259 975110317 366253284 811797835 146240843 9596370 979549419 149599276
5
249073961 513729530 556599825 765525391 52542960
8
98016127 945325466 328205699 112118811 922866529 284148035 128076107 351777014
8
265108603 285524297 141249152 71857093 240982646 62460473 412933419 461737216
4
88408241 451152788 948431568 25313516
2
14179168 143222358
7
233743515 506059376 367858509 358349399 306925392 837009220 78520422
8
540404997 49012250 2930771 756480010 758687756 387981441 816114559 331787627
6
202882229 719186030 88089900 933093513 922582798 864321135
2
766411482 428309645
10
894206439 47084203 6374138 939883167 474908214 705163292 209095553 560048133 534955698 190729932
6
730945365 584099768 593797154 410388166 779024458 44261719
9
62502452 515625719 720883573 749598588 140394434 721393007 881842899 91027435 668238111
3
685193357 932198960 921551711
2
850350615 891236285
5
63523395 907559060 933277190 206297490 663583058
4
59963598 389039020 662368428 969882078
5
34180995 77260450 534612832 121998099 713424750
3
180455532 96264044 577387047
4
79575440 466336267 525634165 304407456
5
600549487 293836672 521661170 625101604 750685921
1
201271893
6
885657896 525289311 82423026 28841068 189250794 102801255
5
336300893 263814386 895754601 772143822 229119771
4
452075866 855148521 984412112 919425869
1
909810592
3
616108098 653988144 475769771
1
576151382
3
155689237 998018512 367395173
7
600679317 145088701 380678183 87844440 183366502 913888572 796629397
9
128371277 712524366 536969459 826419818 553786780 839467766 522998883 550119900 370908645
3
901913656 123639934 941927521
2
556207204 456378855
2
697248372 908282779
1
67115387
1
608391148
8
735679914 310611831 66662211 797461372 674078796 102692187 481048906 58199967
1
882513061
10
743544316 342034395 337651703 809848738 755484091 424856958 212803794 871595870 650176745 669792615
1
317595749
5
883624991 623618669 809148343 330751426 41141866
4
311345068 752528733 345180792 22155512
7
979470567 47587162 15666486 742106320 455839464 376277166 790610586
2
257289242 250172653
2
962471108 70818918
5
99710109 425323896 403958573 939556082 542259946
1
288423462
9
54370935 537831205 804950065 340477220 29072111 709095156 47865611 793379930 18513813
10
106710904 603874272 124609703 802689826 303523327 205462410 219904737 51796766 931647331 327848522
9
268596205 380906893 455534032 69931026 976786551 620978513 945558063 891407969 497350386
8
523005249 339995430 577129959 201648742 244449704 820955573 515614140 809037475
10
417607620 802628223 303809370 780681293 846843313 655277755 638003403 554358102 301808139 900588027
10
758154556 901112370 679363927 466951757 234299039 138483982 511551524 594564383 109991552 912385704
10
708627090 696289482 374405205 52832507 567018079 543344006 765733250 855728413 440510043 644103657
10
658508356 265708451 928341045 89381826 466383444 269018077 486795909 458313123 893122462 21576851
2
214330698 966990386
1
613243154
3
132534551 454179314 648114636
9
316292495 587489494 803694233 204661725 973561094 677359560 799812351 22610131 668851414
3
865783794 872833805 984606368
10
329031314 636516715 122613798 888165624 90619188 756903113 270363002 938654744 484767740 817981120
10
169379918 18459549 928811260 282802825 311954829 477870636 851506862 717192940 604306566 660036453
8
758169939 411591587 311116345 179654707 987767103 895304404 676430900 165068869
4
179077466 804267761 929984437 9123595
8
16879301 924554379 909763656 845856689 872310198 142874295 868715087 629175868
5
301496049 224224437 482100774 590903986 587813158
9
703334440 168070946 724052705 981295785 573708162 708955936 779152629 733796139 848096640
4
126270246 27019794 479927700 939011710
3
404529631 512289209 893138135
7
702090508 539606998 813210690 186062440 315616817 657703997 655234134
1
466080482
5
568355075 903630872 535595619 29222230 592216882
4
87968233 785794124 459706632 921840680
7
327864705 428509437 759733586 640881064 63930303 929107767 966760175
3
308162565 194221920 484224631
10
467945198 828804185 499831622 925736165 295829043 105316549 543839495 695202473 480262055 351138137
8
58482366 722091130 190374417 330246917 558865812 729470794 876145186 975473964
1
636606141
7
397149203 767751412 868551748 803935735 602016065 727049627 65377167
4
109565157 968781774 199559170 610120157
3
851303817 563475290 737127050
2
515310666 731785998
5
950721635 96616391 882476753 935555615 706985865
2
738785563 759481163
9
662937272 609198645 821484392 290195495 303800360 288385866 901312328 770811825 941898810
1
312689482
1
68143295
5
408094712 340387102 100771115 347186402 526646744
10
110360276 572788131 991216028 762508446 638662786 887559418 562092915 977701043 142291918 374933066
8
110225107 379038557 614627446 640285790 401901988 977187902 808416318 187271049
6
48354658 881497178 974553009 952832320 386817481 382409266
10
246756536 42666767 388784054 608329612 826209180 292507230 273280443 857071236 685862823 692605391
10
783897623 921695190 950565797 643443837 345529671 304351821 979160099 515162104 936355390 313663621
4
64523986 213069020 735076784 332349100
2
515085985 121002192
6
76656331 695690610 858599978 678851214 532866146 411191112
9
738131614 775895864 621629632 962383487 44278002 479283124 583709324 688875689 235012419
2
833138230 240053771
7
585177835 625216456 181407508 599351572 254794280 100306392 409179738
9
220734663 135964133 872191221 791012520 140898950 857195415 683792152 154479551 235506290
2
425534604 79392626
5
636377799 291173269 500837827 238660391 544166217
3
432316597 705134119 375375409
9
67343648 862999542 637951728 876766012 793917347 250807685 565832763 710314003 179833055
10
738312317 182786923 377982569 992565468 609846 453674657 301824247 147809087 4187968 34917972
4
578314226 317380179 401642028 97189917
6
562102247 809784836 320220852 962384275 574611686 175437849
3
420316659 165954543 986838620
3
407166349 282701632 431470233
3
1041150 207276913 330468450
8
792123359 274186298 576969195 203791625 249138778 255864278 731481111 943701323
8
258548780 9525863 891004125 102504795 355122791 413589308 381873246 367075738
6
35652540 70940119 498650544 492903081 556273033 59277920
8
367370984 977870294 578405055 970203629 641205676 123312158 443667476 464077269
7
800292892 872905488 474300453 318166111 287126112 558636573 930991497
5
795408652 952050096 812300279 86310903 101116290
4
68972207 217418329 838302349 347989294
4
449267525 76061716 700275890 924834423
4
645802101 547583973 263757261 499210544
2
206481727 74736601
10
505101462 322246765 522295186 702130582 194578926 233780286 683681595 413068004 442185738 230064328
2
749550889 429330284
2
425159165 861484533
10
32596109 261368649 85885161 590467106 409175827 342069439 189952380 953904287 987692735 551474976
10
183566049 977252393 322195656 179520099 710670284 356113427 455874695 259442110 746341801 122860058
9
107765232 22834640 248988366 132123943 71169373 352032705 382961045 634033875 345625235
1
276669938
2
573507549 799977521
6
821363589 627609216 797877593 680095198 185063600 276013365
6
501401293 624781163 808800561 194021344 317312402 123831365
9
295533420 242324537 539815830 56692230 971662011 60279205 834453836 417602567 686730086
5
725215445 155377151 375381863 390940291 807951118
1
481650016
1
83032207
4
931731618 489218573 920604980 524440720
3
755409462 623426695 336251102
6
214064189 500423455 344322838 747387464 673701390 498406744
10
322040398 432270272 300359813 340050379 176382109 71791938 110454331 933668684 775550129 339665035
8
275039 295973670 964320491 461286472 379374193 560109884 816196770 458293542
6
621374625 630222336 67507086 626364636 273404683 922162100
9
171280175 930016333 641861448 259636885 492888536 148096054 439351618 959251088 275602552
1
470699270
6
246977671 774048257 747578951 535000669 220826543 63751501
3
9759482 345640266 88583209
8
641554694 382303079 99366542 749341115 747962645 913993040 144448362 849673299
10
255209985 729367116 42284482 850843803 321117446 844963040 73262784 262574730 715259529 908701734
1
563469366
10
828915712 235502476 236914658 524414914 165818285 819490662 316442361 469958153 782281310 779475176
9
179425268 733163807 197735791 239437653 563086852 712110016 182393754 510998211 715058028
2
753418849 158006876
1
140280189
9
320012684 758663733 511321805 910436361 472129336 816390748 848369569 162867948 356346133
10
355831289 99520066 887493219 870805656 12287781 304138646 520858128 44293616 800830658 198714469
1
900462011
6
352205324 476525272 254803459 27652575 74504510 958047401
7
667817219 814357956 210618640 958482580 974162176 318222526 58857719
2
111505012 37490309
3
284004267 545943486 145623629
2
271804851 723641301
5
564106812 244882863 268341522 125094599 80115651
9
143720882 111979171 806561116 856014585 127632643 102889536 627334142 360135501 846661063
10
807316554 625068604 724718090 735573533 804308682 315920687 830017659 620728548 360409059 535423668
8
945375899 312367652 986999489 429765383 555018439 871077943 707513721 507703894
9
573524627 270751935 94262336 22735164 542987851 874738854 598000455 416322861 816010593
5
650548825 869758906 892689500 475363457 777517539
7
329682037 338573964 246306640 70249465 971838521 272769408 684981362
1
331109973
3
615481670 622508596 439493868
3
999296467 600067667 125043526
4
661363297 680027237 333344526 498721482
4
116386973 637942485 958999530 630037806
5
36268406 595299472 499427323 423705224 214384817
5
962160765 381882907 495060302 669439485 344345138
5
746222481 912196434 400893044 304284817 215181801
7
292680798 217745956 483842427 894407879 251118478 74343079 323028592
2
712281117 911500993
9
565994487 142709300 494571411 344405433 820225920 922998510 568927198 682296144 735605325
6
985984404 547127634 551373735 962247963 961504528 963188173
8
790341706 130888362 626966085 860946436 833457790 463845325 713741712 945591814
1
50835596
10
373854015 204373318 599719049 305565082 438241391 138556863 545931901 968153763 502499107 132167552
5
599336478 871100757 117393101 551334764 755160828
6
644487200 215914517 294113043 976695687 825534623 173789158
1
531708444
8
77807957 743829276 502083918 782898238 621438853 454653537 524491652 78468785
9
315661937 987826654 466625182 157639658 859795781 129151327 365191645 972283141 427460978
10
262176919 840536251 16873924 157375170 560142111 757699603 413400348 95833196 851667327 201098535
9
959914498 65984664 706038316 888512435 21799551 313876319 389171513 22943098 969979417
2
668840701 940160983
3
970742822 606088817 713652329
9
752306085 558368787 283194144 565640452 344377208 389689913 519606403 184826043 426746594
9
448534452 281697607 966761626 631916470 71220760 59551673 875766286 944176658 973473676
6
177369127 654675050 245850126 429242225 768232652 424713318
2
376241449 448500191
3
575448354 648182831 783903328
8
752859202 349215526 880457689 365861137 90705974 198492308 504981204 187160039
6
711405723 392360997 836439048 975950368 56857993 427459612
8
52370164 865290164 988686352 917573675 232696318 254076405 661918592 310179341
3
151823782 246910984 804822607
9
653440312 371468913 665388039 124358559 915993589 260104217 808245943 146887276 884418832
6
167486441 336689247 254285196 503775816 800126207 496674595
7
999866098 548250678 749361337 265378828 997026639 212320212 554044664
3
743147201 775862753 489374996
9
794910404 301384776 805239868 237388979 505550578 746422893 633931578 813330642 540251856
8
367171542 299165733 679596094 185100140 835611017 286624544 641469414 610865527
10
43589092 358290958 630111931 32205232 207658636 871157300 175142075 793032381 96124235 551029560
8
319855222 444479572 677567066 973686271 935982215 847331622 424818124 789559921
4
631043371 94681084 48118697 766051750
8
230228315 691889767 566855619 262737306 543474321 645408425 725879799 313974262
10
171824738 248045877 945120059 904714280 133291478 864646894 866082719 670219417 935087596 594084324
1
330619882
5
796841763 379600473 389477275 832183737 882649529
4
472469483 549934828 101444136 43782369
3
298956869 317274650 752524969
8
829774794 867084947 447635346 836415361 303336590 203468714 378093832 927571848
1
511252713
9
690413782 886734066 525199529 605944355 79918286 787220615 689113004 277589515 944767670
2
945738001 37251723
4
12397930 186261260 873339478 444918677
5
534536604 199508526 919285782 464319913 15150867
6
127236990 239724075 852129679 61073051 772914913 504471536
5
101967650 253063426 310561353 136703475 872393536
8
482230848 59902566 735088618 382284392 379355291 638271712 873107967 982678543
1
691635045
10
474941978 181329223 889320726 324029459 564874853 48272724 703746285 964249018 957327168 879753067
5
371836293 416231769 726851049 239404264 627899163
8
152637543 884658766 971205871 959434717 292366234 595762875 490936968 263151036
5
249713613 995391293 7690465 444052283 234747002
1
34768541
9
324202299 371713322 38656459 538363291 504600993 907753378 694161996 345871164 579521052
8
111912279 459112672 388980420 742701939 645768376 481787059 671103527 927660434
6
488951586 147183413 850074979 341035830 678023903 892315784
2
870927793 924929928
10
452414410 679077361 684320846 129056921 948933716 483110566 885741622 716358600 251947554 757249208
6
710693188 822065883 820040361 672373815 529448443 723604418
3
185029180 531016374 43656150
5
682013670 788608783 659526602 605131083 711639605
3
57608269 156087581 912367271
9
541728481 399053459 720547301 329537703 387077433 939991986 86307434 658419969 766488742
4
522636156 966419236 587380599 760332370
10
335344531 499746841 802529894 771751183 579258160 796426705 700281184 357736479 57262140 652557197
6
343095850 820536287 749622047 711890217 832872296 516548191
7
955368552 251327845 274224186 3136762 551371848 831353721 872647823
6
160205520 954277742 718412295 941712144 422248972 847353880
10
937365638 598718820 406495623 470514367 275906208 25927887 770478668 619891212 924032499 321365000
1
937568559
5
740443759 956462919 146868873 727381388 821543533
7
337636093 988348729 980187743 412880246 756452034 655203889 386568722
10
170449573 176808741 822434468 791683200 317585776 643686910 480560811 39433654 5237753 301606823
2
887673352 966939504
4
74511894 291686246 231985272 611805709
5
788481348 255207358 534239557 737741879 760056767
5
161435016 62775125 913726778 804938701 370250351
3
345745675 489156842 696047564
2
48584240 667521212
10
152134697 297386484 146204050 545715125 475223369 380679577 386333133 73175601 17164033 149913609
3
315414140 84853558 990889454
3
334832816 792986550 151724136
1
216953358
3
761000663 156028901 599087381
3
216801381 190380055 711861744
9
561052114 395550757 355893121 392415819 520746157 157557486 532615417 889827180 861426965
1
790794491
8
714701990 571940936 608014957 759304192 252113801 223589369 1960650 228274832
4
632456919 348222908 118030158 669318741
7
33533342 426657128 651558696 952055007 446494058 340710665 244285294
9
827654465 846007914 652163094 175173842 661657952 147029533 97915178 546173411 52039683
9
102907044 295514414 538161636 434396938 38259197 726571721 314369994 49014378 342973114
6
730953539 997108774 892361581 822220985 197752686 962451095
9
25822248 223141033 923415240 851408806 288973706 188904708 35875632 825936390 320153695
9
706820300 310452365 986851059 316971470 807102231 686977026 374029358 416462205 527890791
5
222913572 871584600 974432445 865386917 733539968
10
515553611 49914245 685187611 282927907 756949612 72927085 871058865 706337419 629056786 102144472
9
804630287 863066579 710562176 558127666 552693862 518052940 263544542 467414125 235271671
2
593338567 986197639
4
490294926 629510092 192394626 190842677
7
854957940 952952696 878283689 786103522 74432386 586297913 870816148
2
95040660 848918488
7
506020385 537438305 112658024 349005480 278624672 274344956 501158901
4
280711244 734716388 757004008 517900266
5
217314142 55852224 403952053 592122179 362276971
7
914827171 971088928 481389534 119718345 188963245 179637902 202094305
6
629494843 480774745 41887551 885581631 458537945 396852943
6
607176310 353780885 664362473 702526073 962086219 464331059
7
127737196 209023712 48542160 550170578 421564753 77666194 712391789
6
864539315 258957521 556898202 721959538 404020220 78890793
6
410596260 364824696 185149169 463577836 690520137 459853695
2
770703928 556697646
9
5006798 861452502 655243310 701096969 395626646 205589758 279801264 898173772 814996704
5
918138112 806279236 971346536 864972069 367988606
1
720852595
9
284828590 46479414 884226061 726008428 165481038 317606369 895392280 957979612 747701990
1
339266422
6
490327918 540591933 253637092 424325047 864958454 792019632
8
784020541 704620255 263835980 488676150 486203543 21865213 400814845 881702477
2
363839545 874951133
8
722701194 854000176 210101332 353769170 308012380 751030447 301054638 170693076