200
200
0.05
2041 2130 77 38527
2522 2608 12 30181
2534 2351 100 46727
632 41 60 17835
2064 127 43 21098
222 1774 92 30314
191 34 93 21682
1868 641 28 20268
662 352 57 18833
325 1981 79 29388
1805 211 98 31464
1571 468 79 27698
2902 1134 12 24318
1764 2801 37 32303
0 0 0 2000
2988 1406 20 28264
2692 1879 61 37172
1033 292 71 22476
2055 2428 48 33830
1844 1374 11 20139
2351 48 8 15515
1878 1056 97 36444
2361 1406 99 40921
813 127 3 6970
1300 1660 100 36307
1165 1934 48 27374
1470 2444 14 23976
677 2816 71 33554
1197 979 5 13767
167 1501 16 13224
2469 15 1 14368
2990 1505 4 25666
2739 2810 1 30147
188 968 97 27023
1392 364 43 19367
1768 2040 89 39240
690 1876 61 26644
1074 680 10 13100
2581 2955 48 38952
2531 2174 2 26069
949 844 26 16567
67 1237 35 15937
1718 2928 69 39201
2392 1010 32 24959
523 1447 81 28265
2979 1919 36 34182
264 2499 98 35736
472 377 81 22323
2483 828 9 20194
2877 1943 99 45974
2864 2183 5 28076
2651 820 71 33731
1309 555 7 12707
1302 1563 81 32667
2103 883 9 18270
731 1941 12 17264
1316 222 64 22092
2826 1484 72 38202
2183 1518 83 37306
353 1845 74 28266
72 569 42 13241
1963 2413 52 34532
166 1393 76 25225
2695 874 11 21745
417 873 9 9855
2266 1462 31 26888
2703 2591 87 45391
756 1508 54 24201
463 540 28 12121
2286 2481 75 40896
402 1844 69 26898
876 294 48 17069
331 1828 60 24641
1558 2531 62 35266
393 2005 90 31841
2134 1805 84 38111
1123 1129 66 26678
1281 1722 16 20388
2438 1008 17 22428
1834 143 72 26702
2233 641 56 27090
2990 1450 71 38115
482 2140 89 32678
1059 738 49 21114
1175 2477 82 36534
139 2667 69 30282
1194 2336 43 28272
274 1891 37 19878
1175 2394 35 27232
1336 2541 84 38532
278 1962 50 23051
1015 1403 87 31179
2674 208 71 30566
2321 71 59 25862
2622 978 73 34142
1372 2115 18 22859
177 1771 67 25493
2413 693 20 21649
1563 277 63 23499
1415 2922 66 36915
1723 2239 99 41795
2823 577 9 21093
1914 889 46 25462
1346 2658 37 29912
2565 1675 14 26366
2741 2296 13 29765
3000 3000 100 52000
2317 1859 39 30926
588 1294 16 15079
1497 263 67 24565
550 159 62 17521
417 2227 84 32316
1800 537 46 22467
2660 1091 9 22694
983 2539 33 25724
198 147 32 9827
1557 2959 49 34715
179 2676 70 30337
1228 1403 31 21299
2944 2717 64 42801
1609 578 2 13510
2592 2093 23 30493
295 1912 48 22543
1954 1008 0 16335
2417 2189 10 27515
1812 2123 49 31745
566 230 65 18699
2990 1952 44 35825
1467 586 46 21088
2600 2872 6 30324
1106 1261 95 32471
2695 2732 11 31788
1670 610 3 13594
90 135 11 5057
2061 1469 47 29194
2321 2275 80 41040
2690 0 42 23522
1729 1943 92 39217
95 1076 97 27559
2797 2070 6 27280
163 1293 5 10458
1360 2824 58 34569
2246 836 37 24910
2224 1912 4 23522
1825 1006 42 24314
2682 15 71 29364
834 681 70 23467
1405 1781 63 30742
191 2740 41 24856
99 2845 53 27695
2024 702 45 24428
704 1893 67 28481
1333 411 30 16311
2312 598 74 31584
155 2854 95 36280
2995 1113 77 38006
256 384 76 20173
802 2818 87 37517
920 69 97 25936
519 2501 89 35234
2041 1557 42 28508
1687 477 65 25997
1514 1181 64 27981
1696 1519 94 36966
2230 593 57 27063
656 120 97 25274
183 452 38 12808
586 150 7 7110
1973 1106 76 33068
1287 921 74 28185
2198 2718 97 46036
2358 1400 11 23485
1570 2928 17 28146
1676 2792 30 30367
2005 2569 3 25424
1166 339 100 29837
2249 1608 45 30069
421 1519 43 20010
830 2268 35 24734
1529 300 40 19073
1991 1443 73 33864
1292 2509 95 39615
812 1492 66 27126
1442 2768 19 27299
539 1669 18 16665
42 325 65 17033
2014 2359 66 37228
1438 1552 34 23676
1885 791 48 25374
1635 2976 37 31966
2002 1593 39 27800
2545 1057 66 32859
2159 2384 23 29720
871 2295 23 22309
2773 1003 17 24416
401 781 45 17024
595 2028 41 23296
2522 407 87 34048
743 389 79 23235
1199 181 54 19376