1000
1133 1334
1018 1032
807 1402
685 948
1157 1370
1209 1214
285 1112
732 1338
1149 1276
811 1221
1282 1302
1014 1283
181 927
500 1286
153 1113
919 967
1273 1323
544 1211
863 994
885 1342
435 798
21 464
813 1217
527 1034
272 1431
567 1137
134 276
303 661
846 1202
88 1198
359 1176
1072 1318
675 1352
400 771
546 1012
1432 1433
1102 1248
951 1374
963 988
219 766
822 1174
183 903
712 1099
1363 1388
524 934
315 676
376 957
999 1064
1384 1393
1227 1249
996 1152
26 931
815 1194
245 1024
1249 1343
691 1250
301 623
327 1238
992 1103
991 1425
1224 1371
495 532
309 1132
853 1050
169 745
701 1228
851 1233
961 1429
4 419
650 1038
246 1285
1045 1206
1134 1302
787 1369
1168 1347
735 1032
1129 1423
1236 1266
1426 1432
396 642
304 1198
1302 1317
1004 1431
220 1014
310 1133
722 1270
1323 1427
527 954
224 854
1437 1440
575 1117
797 882
524 1121
1203 1215
1264 1310
1334 1412
1063 1318
1099 1310
17 194
1284 1433
317 975
39 203
31 139
785 807
234 1209
580 1183
484 954
381 658
64 66
440 754
999 1008
642 680
906 1345
282 959
347 895
69 537
283 608
746 1118
999 1171
3 1001
1394 1413
1353 1427
89 1044
960 1415
353 607
210 1121
551 1234
827 1270
1272 1273
1151 1291
772 1053
798 908
593 1292
372 644
525 1147
1163 1313
311 1040
460 1217
764 908
658 687
130 932
389 1180
1056 1255
543 1347
559 807
764 1024
1327 1355
196 286
154 1375
1282 1352
628 870
1030 1137
1174 1391
941 985
522 1252
1092 1318
714 970
1372 1404
349 570
1305 1376
682 857
710 851
757 1086
87 1310
100 574
508 1025
30 1281
71 1113
699 806
549 1279
1060 1302
14 672
1292 1305
186 406
425 768
436 1279
75 1382
1358 1370
1107 1186
1346 1410
12 517
512 1437
1154 1248
1409 1418
494 500
1062 1114
757 1352
1061 1104
364 1031
486 728
1170 1265
1220 1233
940 1252
883 1434
164 1150
1227 1408
208 500
387 1339
1035 1234
517 537
459 551
362 1014
902 1230
936 1229
633 1261
1133 1254
1302 1356
388 934
566 1085
789 1017
922 1414
118 1436
582 680
1228 1260
1352 1403
137 1172
204 1114
89 562
1178 1200
1095 1352
405 695
531 735
1070 1415
526 856
871 920
114 268
185 1212
534 1277
1085 1131
665 1312
971 1028
1072 1232
651 1269
639 1324
1419 1435
296 736
1094 1117
931 998
530 844
1110 1351
1027 1407
494 881
1236 1340
1147 1313
625 1312
425 1193
853 1306
120 571
509 1102
884 1424
99 386
1035 1287
802 888
515 1004
337 882
853 1167
270 1138
699 1016
959 1386
80 827
87 1044
1280 1291
1191 1240
922 957
1397 1402
581 1180
158 502
1225 1244
958 1115
800 818
1 591
736 1229
100 1415
783 919
1384 1433
765 1009
5 1352
605 723
581 1325
763 928
1131 1158
476 1200
935 1019
612 1342
198 286
189 875
337 879
315 1425
861 1216
667 740
1008 1088
46 288
293 1344
889 1362
885 1319
574 810
594 1227
1373 1380
1174 1230
877 1053
25 560
1072 1160
894 917
242 555
1122 1369
976 1153
1254 1411
814 1397
843 1090
943 1308
1106 1381
795 1285
622 1008
1151 1267
191 1410
664 758
497 1230
824 1410
1080 1270
771 895
785 880
762 1334
1128 1246
81 998
574 840
721 1251
390 1338
1222 1369
1344 1349
778 1190
1374 1381
368 1386
1008 1293
1370 1405
904 922
340 797
1292 1337
847 907
786 942
1253 1382
409 1402
592 645
536 1146
206 1369
985 1002
601 1242
929 1165
535 1161
176 1221
593 907
1245 1385
461 1015
1071 1410
1183 1348
1120 1361
800 920
759 1114
103 803
855 1163
204 260
487 910
648 877
1124 1140
828 1052
365 1038
878 1236
874 1419
1377 1409
1076 1370
1308 1323
1034 1372
249 335
1345 1372
1060 1336
865 1038
343 582
153 958
934 1021
732 936
1434 1436
1015 1374
705 871
1359 1408
780 1402
312 869
333 1318
1020 1252
271 318
1314 1415
922 1122
107 126
414 417
1035 1055
301 654
869 1070
807 994
360 1052
993 1326
787 1388
70 830
700 1111
802 1109
813 900
936 1006
953 1345
647 933
1210 1339
930 1071
508 1060
1024 1352
1284 1437
1005 1308
486 1108
1112 1190
444 1408
1179 1401
959 1295
733 844
1407 1433
405 1359
1419 1439
985 991
991 1061
1098 1154
647 869
880 1198
88 617
247 1043
1004 1028
1430 1438
1055 1334
694 1272
1298 1319
1191 1329
1233 1432
519 949
1247 1360
414 598
406 643
480 1333
1317 1382
1006 1055
1360 1364
1387 1391
372 778
637 1219
924 1085
530 619
481 1306
613 952
362 662
966 1025
851 1416
1163 1390
1288 1385
841 960
962 1138
755 1290
395 571
697 920
697 1008
1196 1331
213 1246
63 1015
341 1327
1155 1438
963 1125
1297 1350
353 1332
303 901
810 914
784 1013
379 924
430 1224
401 887
464 907
281 1101
98 335
142 842
578 1352
729 1227
454 560
820 1175
1168 1405
212 536
17 133
1325 1416
960 1343
363 488
72 220
105 592
1154 1352
310 343
1270 1423
599 1395
97 839
1411 1416
965 1412
960 1322
1425 1427
950 1265
1439 1440
711 990
1289 1334
1412 1425
1318 1403
763 1433
108 1362
335 811
455 491
171 176
86 294
1262 1393
975 1321
690 1260
1374 1440
541 944
566 1021
327 586
484 749
644 1225
1123 1286
587 775
1255 1272
18 440
286 1186
234 579
1336 1406
307 863
313 1166
1140 1225
775 1161
412 1046
1137 1241
975 1126
704 1289
140 362
1061 1429
43 1149
749 773
805 1243
307 1345
732 1306
191 362
121 1165
30 1319
29 804
637 1141
987 1380
598 1165
34 357
335 428
133 474
150 1247
1381 1440
748 1314
1429 1435
277 652
521 635
1160 1235
599 1305
384 1358
576 1220
1057 1352
109 588
607 862
224 387
963 1049
956 1412
952 1381
911 1129
826 1044
864 1241
428 1255
605 1362
748 1036
832 913
829 1376
432 622
528 1190
1055 1258
1030 1114
429 1138
1406 1434
538 963
99 1277
739 1178
631 1277
259 1103
299 1196
1322 1423
490 792
435 1432
1336 1342
382 1076
616 1150
484 627
726 1133
729 1379
185 403
714 1243
1434 1439
1163 1201
973 1370
199 601
586 1376
1142 1403
78 664
1239 1323
1120 1133
483 719
907 1366
1432 1435
159 1079
230 1127
1287 1344
1274 1348
296 642
855 1422
82 1201
354 1302
619 1286
1287 1342
1006 1285
483 525
488 1130
1194 1324
864 935
392 678
1159 1337
987 1045
156 544
1437 1439
6 773
702 1007
396 1044
401 767
650 1187
27 119
139 743
55 246
922 1355
686 1343
1009 1201
867 1260
1381 1430
1436 1438
1315 1334
766 1408
1204 1402
947 1294
836 923
1272 1340
860 1316
1376 1384
616 1276
1086 1136
691 709
17 1249
841 845
586 1092
1370 1399
1110 1368
317 1126
1322 1381
83 1206
517 581
901 1435
87 500
645 695
851 1109
614 1017
710 907
1310 1419
1233 1305
1111 1251
436 976
795 1319
1424 1429
472 602
18 214
422 1179
1434 1439
976 1297
478 1224
44 794
927 1290
537 817
1215 1266
363 1397
752 1362
726 1125
991 1358
715 862
1066 1432
667 1292
264 978
707 877
63 1151
827 1070
1196 1228
751 1263
139 812
1380 1406
835 1173
165 1157
564 761
483 951
762 798
906 1065
340 1129
512 687
986 1126
840 1176
705 995
700 909
816 841
327 1155
286 793
216 1083
1309 1398
1065 1247
599 1338
830 1138
941 1259
1129 1350
1015 1193
1318 1385
575 853
1144 1345
928 1337
54 974
11 1206
1356 1421
402 1160
1180 1430
1394 1427
532 872
1192 1257
1278 1324
1439 1440
554 602
898 1032
273 606
160 317
383 1265
906 974
1407 1427
1168 1338
1008 1190
615 1151
970 1363
933 1425
520 756
1048 1051
1255 1346
524 1438
209 1225
36 366
43 1074
710 1117
1074 1276
279 1431
410 708
1381 1423
1165 1220
780 835
300 566
416 1241
415 676
331 693
1246 1439
478 921
790 1038
1234 1434
242 455
705 804
784 1261
175 684
717 888
1387 1395
40 290
967 1144
1203 1270
1417 1426
588 647
1111 1189
813 1427
1107 1115
1102 1155
1187 1280
192 1014
1141 1154
197 1371
737 1279
369 1050
158 1345
722 1314
1246 1300
147 1439
1372 1409
580 1066
149 280
1238 1320
752 1243
769 883
558 985
483 1162
217 1100
450 1428
1317 1416
94 386
1035 1038
143 1346
315 1422
1126 1231
1186 1312
670 1080
39 1066
1149 1427
1272 1289
467 1396
741 754
968 1135
559 1364
93 1378
1142 1244
362 960
551 1196
1283 1345
1232 1296
769 1340
799 939
538 907
633 1098
1200 1266
785 1385
63 467
1041 1213
924 1344
965 1246
754 1271
1145 1225
1248 1282
1386 1409
306 999
963 1100
871 1076
1118 1184
177 1066
673 1404
307 574
1015 1021
833 1254
124 171
712 1404
322 1171
1270 1364
343 666
707 1293
929 1190
1254 1278
283 1034
864 1134
855 1232
403 814
1278 1351
943 1302
1348 1352
1222 1371
1233 1335
101 699
608 1253
311 1314
1223 1338
250 480
944 995
104 1412
953 1190
1240 1337
1138 1380
1349 1438
1162 1337
921 973
1432 1433
638 837
481 688
231 1245
478 1384
125 580
1001 1365
289 1264
552 867
1051 1133
1315 1384
870 1089
1311 1379
1221 1244
896 1222
718 1086
1242 1400
1363 1404
1350 1440
1267 1356
462 1378
691 1235
360 1031
1090 1123
956 1001
720 1418
764 823
924 988
683 746
303 862
201 1147
7 981
299 1030
496 903
227 1381
407 1216
558 1168
812 1091
456 842
201 1282
223 1330
135 1152
462 890
27 121
1360 1378
106 1127
628 1427
694 1430
242 332
378 382
1245 1371
452 1435
686 1281
459 1316
907 1182
473 1374
15 918
448 530
922 1166
904 981
929 1119
1079 1298
251 315
133 161
1434 1435
51 459
1360 1400
689 970
580 1027
784 879
148 393
931 1316
718 1440
1056 1300
1402 1437
927 1070
786 1245
892 959
1232 1270
1222 1385
95 627
781 868
1379 1438
1060 1309
926 1403
411 823
436 633
784 1043
511 535
1212 1283
1141 1414
395 1162
703 1017
475 1032
459 1108
997 1089
991 1424
678 1134
73 890
565 1403
761 1269
1030 1118
848 987
1366 1419
1293 1326
216 938
266 1069
1243 1435
302 852
888 1333
1170 1303
974 1348
738 1426
199 229
217 1386
1376 1414