1935
239 721 632
718 539 638
652 88 540
668 692 468
745 210 264
836 584 533
395 147 190
673 712 817
820 549 339
971 488 98
478 871 406
300 636 97
101 563 208
425 739 847
189 652 901
911 673 699
554 888 502
674 356 289
300 804 499
111 962 773
840 698 844
929 108 57
927 535 640
247 291 46
627 732 911
740 743 417
542 867 289
941 852 401
236 482 543
210 913 179
994 966 154
603 625 124
981 414 246
757 48 451
29 9 76
454 338 174
625 669 690
819 92 783
6 904 621
201 429 970
841 103 969
843 676 207
325 887 875
734 190 755
438 368 931
557 817 943
22 208 512
677 491 15
940 774 562
125 365 316
970 48 729
34 602 832
326 994 440
697 806 285
116 700 856
733 658 318
716 529 489
261 408 485
412 51 658
502 907 598
886 132 573
29 369 389
587 624 797
372 451 131
5 640 946
702 659 673
839 921 647
685 915 858
8 681 442
289 158 167
985 850 930
545 472 100
999 416 737
925 934 877
20 810 624
234 925 276
837 292 406
400 750 703
174 677 162
56 958 179
696 77 609
69 173 28
964 783 150
986 696 383
991 597 89
960 625 172
485 591 163
770 709 824
250 838 528
497 575 294
298 504 517
116 691 978
846 444 753
418 637 248
882 100 106
873 915 912
321 828 71
431 276 917
421 847 622
457 494 84
401 816 134
700 359 447
860 301 643
634 788 402
488 643 992
81 522 457
258 48 810
986 684 527
807 389 98
530 576 647
286 164 309
648 346 16
291 939 237
81 824 722
216 108 406
325 204 668
617 154 809
128 118 18
629 678 114
687 587 662
635 70 120
110 247 924
179 214 847
387 78 803
755 884 413
264 707 159
387 474 113
664 353 967
932 469 314
788 885 766
747 26 366
89 906 753
846 922 292
274 940 780
681 858 429
5 190 549
507 639 356
329 664 1
799 825 109
981 329 877
59 170 755
778 31 12
636 895 156
538 272 526
943 688 491
209 987 928
316 699 846
176 287 470
129 659 463
83 913 999
25 414 810
528 59 55
620 806 966
680 239 983
900 341 30
483 189 510
657 226 901
929 815 617
343 728 500
88 53 612
586 826 355
602 325 922
633 528 659
585 66 155
870 12 85
997 646 942
976 398 974
481 839 888
317 845 695
149 881 938
731 291 301
581 753 568
111 70 775
770 902 509
557 659 827
523 256 946
734 220 145
529 86 49
521 148 393
416 677 429
262 699 317
939 446 332
131 351 477
756 183 292
57 67 365
195 716 856
272 422 51
303 912 805
463 84 817
87 208 172
492 606 190
137 340 122
392 436 998
749 876 606
225 415 919
415 223 300
457 342 211
500 46 39
305 207 24
883 60 277
692 233 49
220 544 944
196 355 519
826 796 753
464 5 770
666 376 323
769 726 472
263 546 192
642 248 966
808 365 443
539 475 75
834 464 624
289 620 120
555 975 476
12 25 17
925 302 19
922 632 339
716 351 701
814 882 127
810 815 908
270 2 9
667 123 215
792 335 518
784 118 709
494 127 50
809 877 989
469 89 496
669 131 221
453 694 197
403 730 869
655 88 799
612 854 618
500 935 664
2 258 235
466 687 339
950 305 537
205 221 417
65 961 326
980 728 453
643 247 549
8 112 427
121 91 704
350 28 952
897 213 271
214 120 478
75 444 886
367 525 354
935 748 175
69 664 486
296 234 639
381 425 552
247 565 313
5 19 86
395 922 279
837 467 561
743 541 104
484 166 545
221 384 935
757 447 56
451 33 603
714 599 445
95 204 183
670 858 335
872 574 75
780 211 753
495 488 658
355 788 846
132 953 36
25 927 470
917 798 783
160 997 889
948 290 338
980 538 221
973 186 948
137 91 445
267 224 299
561 699 996
282 260 250
931 684 25
701 746 580
57 707 237
563 702 401
92 819 722
927 479 708
411 149 781
85 61 62
826 808 482
229 641 305
915 853 513
974 82 86
53 824 604
575 60 491
990 410 133
573 542 5
705 769 404
578 903 227
296 718 999
367 666 495
269 646 448
319 851 412
397 980 152
204 415 106
192 285 706
183 654 483
520 703 828
447 326 723
664 573 63
346 886 555
402 475 738
491 28 547
827 901 38
942 279 497
434 884 840
78 296 895
666 519 350
183 57 122
383 460 874
543 869 559
468 70 197
989 50 327
66 656 285
149 937 776
752 63 560
806 874 681
728 676 739
426 302 452
619 105 540
985 333 850
722 874 50
968 568 709
395 314 957
441 700 243
325 752 984
112 668 697
726 456 559
891 671 828
395 468 305
527 994 774
361 610 519
366 89 197
36 623 333
954 306 346
198 273 651
607 848 57
259 86 165
600 63 265
58 295 531
62 113 400
848 79 629
664 184 131
761 328 737
63 122 609
863 226 877
635 145 203
746 281 536
977 498 375
280 367 414
585 121 80
499 615 491
908 306 985
207 924 597
189 316 542
557 220 679
741 772 195
674 375 765
853 353 226
686 176 763
202 428 968
718 41 797
619 380 703
346 435 433
289 240 437
311 302 373
525 260 290
577 354 20
150 557 139
46 290 433
885 593 872
809 247 162
178 645 646
356 181 680
308 24 794
389 742 968
891 162 548
139 47 493
58 610 461
952 611 330
370 616 930
778 474 616
98 737 610
166 641 729
542 495 599
859 595 258
372 398 151
966 562 792
224 242 617
180 835 140
27 276 639
913 349 620
899 910 508
42 398 822
392 788 499
535 110 750
179 56 145
311 416 943
895 336 804
335 604 238
42 202 625
796 767 830
305 69 131
689 535 570
225 74 925
735 639 726
498 606 568
857 905 397
121 501 431
525 701 549
624 112 516
619 167 666
24 53 535
161 273 236
54 345 245
505 869 409
711 992 317
849 920 469
379 858 994
959 683 413
125 54 804
789 671 109
504 799 370
748 481 305
558 523 720
140 462 559
32 812 267
168 78 210
571 777 757
604 655 261
676 380 248
648 316 815
313 212 174
911 205 113
997 649 464
307 153 715
312 180 534
860 704 669
391 136 617
781 22 266
842 750 451
810 955 819
409 30 74
46 59 472
702 226 685
796 380 161
582 75 698
912 650 232
559 402 125
336 817 235
301 607 144
431 729 983
485 8 53
973 232 297
129 386 587
583 424 229
991 929 634
573 310 576
796 556 984
114 209 408
406 629 132
125 367 666
676 187 538
736 602 506
331 868 855
568 509 480
354 706 806
280 635 291
63 946 806
479 28 787
179 295 128
710 642 318
530 423 181
868 669 398
996 923 254
335 271 282
854 547 92
739 903 526
659 898 586
187 734 51
408 715 609
151 467 46
470 679 673
524 468 14
683 880 86
987 923 570
537 174 80
857 555 990
788 413 791
511 624 419
773 601 521
481 978 841
538 366 531
870 965 198
276 888 133
994 46 489
554 646 830
3 472 891
876 451 642
307 401 788
940 119 166
556 158 241
759 210 363
981 18 627
569 738 251
202 724 956
651 148 373
141 587 512
787 688 312
570 385 294
417 628 721
787 540 148
554 590 16
178 850 522
392 52 172
614 147 355
750 830 1
730 118 519
70 173 313
711 329 416
28 100 16
328 705 862
528 880 961
430 909 6
962 45 330
7 107 909
259 767 621
183 416 601
451 61 981
77 963 995
310 666 956
523 661 827
383 764 1
566 9 618
131 168 228
888 200 948
241 137 380
791 767 413
38 364 103
181 523 752
28 816 925
44 622 437
906 742 881
123 433 799
421 411 639
354 64 37
675 797 282
93 755 926
74 98 481
604 781 6
837 26 417
664 331 194
455 407 528
220 376 515
709 94 841
427 464 299
242 145 310
430 534 599
826 372 524
754 138 72
863 514 879
153 149 156
546 970 357
780 788 449
193 47 900
624 435 420
146 823 271
755 228 979
466 57 611
447 913 602
404 378 582
625 949 183
804 550 787
890 724 124
945 163 525
190 979 350
898 56 689
424 265 923
933 126 180
735 135 1
5 444 9
511 48 182
331 983 412
225 323 438
500 954 212
415 427 983
367 816 998
237 532 77
773 1 409
243 534 1000
65 55 749
669 185 946
256 797 792
891 332 46
72 843 727
28 993 64
92 724 582
53 863 461
250 70 113
108 983 445
863 625 262
768 406 815
134 669 98
595 908 417
568 21 437
847 339 477
848 994 861
957 304 18
30 505 716
447 964 553
50 791 918
185 456 502
618 948 413
409 439 876
756 160 71
219 325 248
937 226 961
240 325 805
562 532 766
138 834 427
268 240 809
54 105 430
614 300 705
227 845 59
288 395 413
611 655 36
996 103 505
175 808 803
115 720 770
886 769 111
450 568 738
885 311 845
767 666 566
463 409 510
559 167 691
331 392 882
596 850 384
762 945 549
763 802 954
328 185 156
985 546 89
396 154 757
47 887 676
187 820 513
901 518 443
671 758 480
632 208 246
900 703 125
52 855 705
49 887 543
912 779 603
495 504 320
656 13 932
911 859 260
549 623 57
449 178 835
809 768 358
459 228 593
131 358 961
661 250 286
94 637 144
960 69 764
586 340 676
841 586 444
486 966 579
877 510 801
96 654 967
213 637 410
227 301 993
662 879 84
237 719 282
498 359 224
992 682 151
710 295 495
45 651 951
637 829 803
779 591 508
421 517 613
179 168 93
46 280 76
137 471 958
78 924 91
468 735 310
207 961 175
773 682 581
329 362 643
803 291 37
368 391 404
348 737 210
470 745 871
48 423 479
377 877 931
230 13 481
261 587 83
612 80 128
634 383 750
141 123 21
929 856 239
538 19 223
713 406 112
232 988 766
362 387 51
899 454 425
638 969 94
303 727 352
926 253 328
915 198 180
198 650 479
3 785 154
272 758 402
369 585 240
247 277 618
899 278 853
203 417 187
713 669 201
91 659 655
624 931 379
500 661 505
651 844 36
312 574 161
659 510 179
510 687 573
651 678 167
604 559 790
984 225 234
220 898 102
505 203 841
493 988 788
807 667 12
10 981 252
387 261 111
983 577 724
726 396 365
20 386 929
832 156 119
975 616 515
435 833 753
511 816 431
607 949 188
118 410 199
374 262 92
758 579 713
827 321 509
220 228 658
221 825 390
160 485 181
2 745 80
359 453 384
870 966 183
834 122 507
301 608 671
367 648 396
505 648 683
331 539 154
237 622 161
570 517 388
437 236 255
966 426 767
688 346 952
138 510 228
684 705 860
773 218 202
948 980 439
493 582 167
58 770 745
797 694 745
221 392 429
723 811 182
722 36 928
360 861 275
798 44 801
892 998 155
620 383 329
59 95 695
446 688 146
56 47 550
464 560 10
716 148 427
329 739 226
563 279 269
118 921 747
371 70 483
856 909 588
134 753 9
263 82 983
351 517 923
651 426 251
436 541 79
311 316 215
454 384 856
456 395 309
640 741 751
243 84 941
491 191 72
839 735 741
734 917 971
194 168 327
892 450 330
17 631 141
215 990 610
154 218 572
220 348 63
746 267 289
571 998 869
578 62 410
381 953 477
281 220 913
575 806 536
93 553 765
202 294 749
158 523 147
868 355 999
919 345 7
836 834 578
925 503 65
38 494 764
805 342 153
935 796 679
78 653 777
786 596 541
103 924 448
927 383 657
882 33 252
375 664 891
833 527 465
925 16 834
18 129 358
377 749 198
733 842 622
873 92 642
689 796 302
588 117 988
95 415 856
896 114 265
309 102 188
861 603 229
248 951 295
608 917 66
482 3 910
409 684 213
90 638 452
126 188 776
565 295 348
280 93 204
161 456 120
359 402 341
682 357 331
955 860 587
808 569 21
720 179 266
498 297 898
534 498 549
298 421 658
467 717 789
817 316 779
734 670 429
518 680 383
521 965 535
383 507 127
255 897 621
875 56 277
253 226 423
176 920 593
390 942 496
369 66 748
632 253 853
44 506 154
29 578 195
359 749 573
780 930 498
826 596 467
798 393 328
480 186 242
744 713 190
804 657 929
966 274 611
875 427 192
595 858 895
421 234 958
596 973 493
861 490 325
100 466 825
305 699 975
225 819 479
473 494 271
448 358 662
470 576 996
641 794 126
309 873 256
11 491 467
344 59 714
358 667 443
44 498 53
637 396 903
156 11 548
965 629 174
597 472 490
692 355 907
605 744 626
312 541 59
404 833 753
227 257 838
291 415 725
895 302 236
226 674 161
70 12 267
246 796 966
524 292 600
954 467 171
874 565 600
600 225 26
280 5 778
398 65 273
265 78 681
68 870 194
377 260 982
957 355 238
435 688 364
463 616 393
592 748 111
791 32 145
543 348 817
75 16 651
809 282 456
821 526 593
447 225 977
822 418 262
25 175 448
757 68 249
30 759 137
759 419 83
103 893 430
685 464 333
534 411 895
842 460 858
927 639 56
333 94 447
440 845 124
977 665 237
534 787 462
936 818 77
732 617 701
972 670 638
900 926 424
764 999 139
876 245 84
197 296 496
589 543 59
917 673 69
692 765 8
657 615 634
70 233 648
134 504 851
900 248 186
327 24 212
55 979 637
685 416 770
91 792 431
636 7 112
952 967 281
551 791 352
808 843 31
103 935 361
379 557 704
881 480 932
492 277 496
910 88 213
993 874 547
910 256 925
322 605 111
93 572 749
442 706 525
549 749 740
503 786 74
798 309 232
952 963 58
431 680 888
952 236 753
777 918 782
820 582 237
741 761 637
610 457 689
865 222 342
241 523 317
572 904 808
603 655 526
628 610 433
352 242 27
826 697 780
266 150 724
933 514 852
168 621 882
773 658 86
487 633 595
107 342 191
910 883 610
728 672 912
605 751 260
339 996 162
986 265 431
368 170 142
141 252 703
840 636 69
498 909 882
261 176 305
562 703 950
728 379 855
465 740 579
650 101 552
939 211 237
729 368 426
66 675 659
606 364 948
247 387 918
869 929 337
211 589 639
804 592 195
576 312 137
345 770 915
597 55 680
225 358 241
806 357 779
925 555 135
225 341 456
679 517 76
625 560 323
897 496 213
480 929 162
733 264 78
290 672 119
101 412 50
376 795 558
961 57 598
758 455 904
951 417 751
85 580 435
364 217 882
564 984 503
384 964 381
475 929 465
248 47 488
297 799 746
485 26 747
937 625 348
24 352 135
347 309 332
247 532 633
305 582 825
269 758 164
449 270 773
998 803 566
944 780 709
856 426 16
114 219 551
977 574 745
23 465 378
160 827 345
613 914 531
489 430 919
904 992 789
263 880 358
193 316 868
75 864 293
256 711 167
960 717 287
64 897 87
758 804 704
52 359 709
565 919 565
124 673 792
621 86 907
153 602 951
392 333 215
173 805 498
725 670 49
266 269 228
385 211 649
336 73 816
251 133 517
644 627 531
200 717 405
169 607 987
863 211 623
82 71 869
17 515 141
76 119 552
339 703 203
474 939 275
768 873 531
695 966 174
436 844 744
601 521 387
48 44 134
167 548 328
909 24 70
870 331 625
850 607 590
352 654 489
753 270 364
188 605 703
453 117 7
547 11 855
433 383 469
48 471 366
480 378 877
586 148 715
860 178 960
512 835 557
237 97 277
332 609 232
173 941 26
944 940 389
687 902 33
189 526 862
469 684 850
493 89 678
322 788 804
631 780 833
701 391 136
18 225 891
504 298 217
175 554 758
7 336 115
119 617 978
114 615 461
182 251 714
589 710 367
67 995 387
666 588 829
646 572 409
517 629 666
594 847 38
913 136 425
184 26 516
528 705 306
89 880 222
524 502 173
25 373 236
160 234 765
845 134 936
769 867 388
219 32 775
937 487 179
970 820 274
797 998 281
100 634 357
807 89 585
264 828 361
388 409 86
407 822 259
405 202 850
891 945 537
225 104 608
636 83 876
511 523 824
216 685 998
726 803 329
795 35 948
637 819 419
620 933 645
196 566 17
232 715 69
252 86 621
418 615 298
682 516 536
990 941 155
517 715 337
800 465 227
755 866 329
494 495 977
289 302 365
256 668 991
631 386 637
372 417 553
72 238 489
17 950 1000
49 716 814
622 722 570
107 229 118
213 763 123
184 294 640
472 927 936
411 480 853
145 220 125
32 269 65
572 108 653
599 219 252
214 986 723
882 49 795
710 808 456
872 876 339
291 502 315
647 804 513
495 102 856
251 765 84
727 812 595
490 816 154
719 262 643
555 925 332
413 799 202
525 751 867
135 320 636
293 473 98
893 607 552
625 928 158
496 168 745
680 978 510
349 235 728
149 899 435
112 464 216
855 25 62
496 354 519
937 420 669
502 701 684
803 653 973
213 980 489
554 139 174
253 180 482
312 761 821
229 817 96
845 735 767
435 27 593
91 126 44
78 918 748
869 527 687
602 972 996
243 213 245
776 385 172
295 515 765
920 416 360
517 991 870
448 958 913
821 914 958
853 963 964
273 732 352
97 688 417
362 794 109
81 85 560
643 905 972
154 656 284
844 834 44
925 827 160
859 244 138
929 124 485
782 734 247
514 442 136
369 92 344
937 74 613
785 815 992
870 388 490
740 132 106
194 451 134
45 873 551
535 702 663
460 415 192
785 653 80
21 34 962
851 175 800
886 427 604
846 748 159
164 509 119
44 8 173
223 497 769
756 943 140
787 723 792
746 648 614
341 914 508
930 217 978
518 731 618
291 280 326
897 441 757
93 434 714
878 896 344
167 597 846
597 161 431
363 749 609
619 597 994
335 255 463
459 732 889
64 691 585
812 345 857
975 396 64
176 863 602
303 984 712
689 573 42
43 353 699
437 551 98
879 343 99
762 489 48
933 95 665
259 324 778
693 59 535
891 720 237
278 906 277
755 400 997
97 608 865
702 140 850
473 885 535
862 823 730
918 903 84
94 971 3
226 289 734
173 454 888
145 756 973
670 432 474
249 583 95
901 27 895
977 475 603
340 260 36
690 213 723
257 957 426
806 964 360
340 944 565
102 306 906
182 664 388
622 235 837
516 929 157
857 152 417
973 298 573
886 845 619
788 876 468
324 26 581
708 564 120
429 872 676
780 86 127
186 466 277
179 348 776
483 481 721
605 785 842
549 941 53
560 279 733
488 108 596
304 568 307
605 206 758
565 832 453
209 743 328
942 877 487
864 72 642
985 197 451
720 608 369
9 713 557
73 496 266
577 941 687
594 61 588
539 837 569
318 695 5
169 30 413
590 125 114
406 469 287
9 573 730
496 606 649
529 870 212
419 422 22
363 6 360
460 446 212
71 545 559
460 182 91
109 804 413
695 631 373
851 772 539
149 381 317
593 168 338
718 515 378
541 609 944
340 571 42
826 815 526
414 389 575
878 724 564
970 891 962
526 55 767
241 890 42
502 93 483
9 76 483
747 249 265
381 210 655
362 15 680
490 839 221
588 621 237
692 379 391
729 306 765
558 891 506
746 115 545
644 77 72
378 136 745
181 881 249
170 584 717
584 758 699
965 321 117
619 375 807
346 91 473
392 834 855
187 265 784
807 699 755
536 763 514
224 244 900
844 944 971
838 263 969
621 338 127
445 43 759
749 236 698
43 2 31
539 153 330
683 891 411
122 58 79
84 776 696
132 711 917
162 156 179
839 876 885
992 910 257
532 665 556
851 612 836
370 345 931
193 103 45
672 742 450
617 890 143
725 385 130
438 116 885
593 523 496
460 452 798
910 867 285
198 255 92
294 325 825
937 945 536
232 760 327
925 279 353
242 735 396
217 323 969
727 946 629
234 305 758
911 650 441
894 253 647
233 854 315
265 483 988
560 104 181
865 940 716
992 383 834
425 899 478
939 598 903
818 48 726
381 265 63
135 625 863
743 544 510
667 187 937
841 186 368
288 818 118
790 156 952
581 97 897
611 309 117
164 535 425
509 56 448
855 649 1000
337 988 798
689 76 449
201 981 645
985 138 573
943 798 446
926 399 597
313 663 460
409 761 926
225 60 930
391 368 163
872 202 396
280 103 87
325 642 695
458 56 600
853 287 936
648 747 446
164 638 657
645 190 502
31 403 612
382 102 355
437 663 976
309 633 487
127 354 379
804 45 429
444 140 249
126 443 117
646 706 219
580 895 626
714 80 618
754 633 136
863 812 268
210 114 353
912 808 746
880 108 221
215 690 469
718 48 498
186 138 628
309 908 194
728 404 53
264 597 228
871 128 484
919 556 977
532 646 86
657 901 613
353 498 55
59 635 690
781 746 70
128 638 233
876 131 463
843 301 325
138 299 165
742 49 314
4 499 227
731 97 828
208 150 257
412 573 979
269 272 588
360 931 369
625 614 599
473 79 548
842 167 625
69 24 988
825 785 366
106 151 186
921 492 712
438 545 792
687 193 243
729 516 829
163 580 174
756 628 806
475 539 654
635 471 459
52 654 257
781 647 451
70 243 666
603 965 611
711 709 913
625 126 445
550 199 100
254 971 181
654 458 85
404 93 423
808 699 173
209 471 809
37 360 173
408 495 78
598 912 876
124 22 310
556 263 236
887 71 694
637 407 302
101 823 623
929 986 114
809 70 768
791 564 730
570 954 355
939 768 401
901 741 863
999 787 91
830 529 148
468 821 941
555 850 809
158 186 620
321 186 349
133 198 213
109 458 151
432 945 671
379 255 245
969 180 353
961 344 139
759 476 69
436 79 400
318 219 505
286 652 117
580 266 188
965 622 987
692 320 558
209 436 826
901 919 46
891 285 701
958 976 83
291 941 910
287 143 309
333 778 369
527 503 120
786 552 677
517 658 259
692 689 267
40 550 68
340 16 714
209 736 17
741 813 814
904 284 902
809 405 638
178 290 300
440 557 374
128 242 375
593 382 206
21 150 97
306 492 330
133 602 908
569 628 860
624 559 608
102 59 544
825 487 986
6 406 56
397 137 170
973 432 424
702 901 184
351 772 562
887 398 73
359 888 783
542 592 475
970 848 677
535 985 243
736 294 156
579 168 175
572 809 999
282 9 39
636 737 458
887 486 131
78 636 318
914 917 376
414 654 282
281 884 847
634 450 368
258 146 6
874 504 399
882 572 436
248 361 796
119 573 875
400 69 262
504 14 418
614 726 898
388 176 462
783 572 476
707 242 212
975 310 628
982 84 866
574 437 495
66 520 733
832 605 11
79 387 364
630 445 708
297 232 736
999 148 125
382 509 914
590 604 694
642 490 581
748 415 990
183 134 925
402 474 335
980 873 439
656 438 246
367 604 945
395 32 956
775 583 539
284 694 983
803 6 688
405 573 430
17 746 147
903 790 463
873 183 880
752 540 499
309 851 859
244 277 280
942 227 241
224 755 641
358 511 505
974 468 925
657 204 980
721 608 419
87 993 456
488 840 822
407 799 985
790 105 964
578 499 716
670 395 621
640 186 482
883 767 747
634 512 71
52 282 317
941 320 213
530 100 503
143 126 888
300 602 652
263 703 915
769 697 89
748 536 272
589 215 174
967 92 173
505 951 234
209 448 412
936 331 110
331 703 675
419 100 240
301 912 903
876 51 822
313 881 473
40 931 353
239 829 394
508 308 886
635 849 985
311 406 161
604 25 84
688 542 925
555 761 77
624 231 555
486 21 644
598 609 53
181 2 666
599 341 674
191 877 461
670 629 743
824 344 767
642 48 115
352 610 120
972 572 800
791 332 639
825 536 836
407 2 456
27 5 360
96 363 525
200 477 849
835 370 6
274 365 447
98 524 31
676 313 829
47 828 430
335 879 976
883 185 302
498 653 43
67 49 70
77 240 155
22 827 919
654 792 268
864 504 26
335 290 565
845 649 966
976 74 981
998 500 341
341 830 443
222 555 536
986 524 955
947 555 673
539 685 917
377 140 928
494 275 206
280 155 891
324 15 881
41 946 720
547 317 847
694 509 94
754 771 840
389 787 796
93 48 768
469 808 408
994 767 330
615 305 864
260 512 399
445 33 989
639 38 309
774 908 281
707 81 135
185 85 614
592 77 933
41 174 824
992 868 119
698 277 742
881 790 478
288 646 704
275 416 228
137 320 572
470 262 664
419 304 705
444 516 332
786 405 836
342 542 400
304 188 954
258 724 988
523 715 904
211 459 446
650 2 363
427 70 69
203 474 6
934 738 346
608 7 997
89 488 871
790 92 778
381 648 24
851 864 928
579 643 872
622 882 634
684 208 934
225 256 532
355 291 430
998 953 933
464 79 636
290 516 928
175 341 950
191 513 356
784 901 603
199 874 754
690 144 958
878 620 876
415 621 574
647 326 362
820 247 582
556 350 5
821 389 714
121 410 523
304 271 90
182 346 354
400 146 68
622 518 835
409 837 193
942 301 874
262 470 902
641 356 453
646 45 834
718 544 682
72 167 867
615 8 348
157 995 337
44 216 122
906 540 656
86 727 46
555 26 267
922 120 418
266 67 44
758 184 138
868 917 758
818 357 334
896 507 55
250 583 935
295 809 767
664 418 132
366 589 881
251 728 136
433 135 285
10 106 828
911 547 490
436 234 673
519 432 22
615 642 384
758 146 141
926 228 968
293 529 59
359 774 71
69 60 790
937 203 275
907 195 600
708 848 14
910 680 729
623 884 373
989 771 77
995 595 776
68 440 515
858 551 77
856 28 338
516 912 315
203 815 641
861 981 330
916 649 943
823 743 755
323 397 350
633 129 423
923 154 252
795 693 476
718 564 334
87 218 863
907 466 463
351 385 68
112 183 284
138 333 841
99 919 919
197 999 512
943 59 583
260 910 695
423 414 991
847 827 913
969 743 168
521 436 403
579 763 79
130 517 936
408 55 326
206 495 547
560 432 286
290 766 780
569 223 478
271 440 170
208 883 69
475 137 156
561 292 535
204 893 241
86 759 153
868 775 286
327 747 739
264 955 508
369 567 881
228 169 658
303 89 859
57 410 751
30 667 572
355 856 816
658 847 585
666 598 935
76 95 850
574 803 748
411 32 704
15 989 645
302 206 656
678 601 284
67 698 537
69 852 503
686 557 315
271 519 274
548 366 808
54 568 55
747 865 72
544 915 260
18 339 511
417 296 736
728 740 842
931 514 198
720 549 502
167 820 723
847 507 59
60 898 118
648 705 884
831 509 944
985 118 490
493 939 332
599 645 934
920 118 441
496 12 944
204 441 293
8212
288 1
991 2
46 3
825 2
84 1
754 2
576 2
834 1
903 1
670 2
240 3
364 1
964 1
198 1
182 2
204 1
837 3
549 1
729 3
584 2
76 1
217 2
140 3
370 3
383 3
92 1
834 1
652 3
158 2
646 1
532 3
143 1
541 2
897 2
725 3
94 2
333 1
47 2
757 1
216 2
809 3
709 1
708 3
627 1
818 1
719 2
383 3
58 3
592 2
402 3
958 1
975 3
164 1
465 2
561 1
163 2
984 3
659 3
322 3
754 2
767 1
298 3
29 3
679 2
579 2
756 1
372 1
247 1
275 2
262 3
919 1
693 2
555 2
598 2
114 3
849 3
871 3
195 2
421 3
454 3
225 2
969 3
363 3
937 3
530 1
948 1
280 1
269 3
926 2
319 1
773 3
721 3
160 3
605 2
457 2
6 3
11 3
769 2
565 3
396 2
921 3
367 2
634 1
194 2
244 2
669 2
784 2
517 1
707 3
860 3
328 2
752 1
469 3
508 3
992 1
756 1
566 1
397 3
337 3
651 2
37 3
411 3
32 3
879 2
915 1
401 1
646 3
186 2
329 3
54 3
405 3
913 2
596 2
350 3
272 2
980 1
255 2
820 1
810 2
556 1
708 1
2 1
484 1
967 1
63 3
927 1
697 1
548 3
571 3
994 2
803 3
459 1
126 3
593 3
55 2
858 1
557 2
215 1
469 3
641 2
209 2
863 2
885 3
662 1
966 3
767 2
532 1
528 2
835 1
474 1
250 3
512 3
806 3
254 2
63 2
564 2
154 1
612 3
773 2
309 3
869 2
41 2
221 1
876 3
163 2
728 3
256 2
40 1
76 3
807 3
109 3
696 2
694 2
216 2
84 1
189 3
336 1
982 3
961 1
998 3
369 1
757 1
209 1
441 1
550 1
199 2
713 1
919 2
226 1
38 2
354 3
359 3
3 1
255 1
183 1
658 1
271 2
742 2
492 1
991 3
496 2
550 2
900 2
400 3
687 1
129 2
622 3
822 1
449 2
910 2
4 1
9 2
118 1
539 2
594 1
216 1
335 1
542 1
360 3
604 2
276 1
233 3
345 1
236 3
784 1
886 1
545 2
34 2
853 2
759 1
605 1
230 2
568 1
459 3
582 2
511 2
289 2
617 1
921 1
831 1
647 3
874 2
701 1
368 1
28 1
714 2
781 3
944 1
134 3
901 2
81 2
406 1
450 1
652 3
628 1
856 2
304 1
896 3
302 2
77 3
566 3
222 3
318 3
621 1
460 3
941 1
646 2
52 3
961 3
301 1
169 2
711 2
944 3
219 2
28 3
89 1
719 1
818 2
547 3
269 1
654 3
434 3
732 3
64 2
987 2
18 3
574 3
528 1
834 2
384 2
748 3
951 1
267 3
838 3
861 2
857 3
503 1
448 1
207 1
68 1
276 2
28 2
438 3
524 3
12 3
193 1
961 3
835 3
414 2
785 1
137 3
407 1
657 3
792 3
456 2
984 3
388 2
451 1
853 3
939 2
997 3
44 1
468 3
41 3
84 3
263 2
743 3
545 2
945 3
350 1
986 2
388 3
915 1
232 3
298 1
190 3
677 2
597 2
64 3
641 2
24 2
669 2
491 1
976 1
484 2
388 1
746 1
138 3
328 3
651 2
570 2
423 1
521 3
638 3
199 3
110 3
664 1
948 3
809 1
863 3
537 3
229 1
647 3
635 3
980 3
151 2
328 2
416 3
261 1
620 1
643 1
601 3
504 2
587 2
392 2
412 3
96 1
249 1
538 3
565 3
908 2
797 2
601 3
284 3
755 3
982 2
183 1
3 2
391 3
969 3
256 3
31 3
87 2
729 2
890 2
790 2
975 1
250 2
819 3
686 2
48 3
843 1
54 1
306 2
903 2
308 3
776 3
915 1
504 2
475 3
853 2
115 2
961 3
72 3
71 1
102 1
888 2
896 3
244 1
185 2
564 1
473 3
753 1
453 2
491 1
463 1
309 2
745 3
472 1
775 2
266 3
411 2
941 1
645 2
748 2
521 1
824 3
34 1
537 1
83 1
970 1
400 2
271 1
58 3
656 3
662 3
528 3
608 1
846 3
835 1
913 2
769 2
557 2
605 3
822 2
537 3
303 3
331 2
282 1
986 3
384 1
957 3
812 3
153 3
918 1
119 2
242 1
673 1
215 1
643 1
976 1
294 3
496 1
944 3
132 3
221 2
425 1
659 3
707 3
305 1
821 3
286 1
239 2
56 1
962 3
95 1
180 3
251 3
914 3
395 1
447 2
518 3
758 3
210 1
71 3
573 3
228 3
791 1
570 2
473 1
280 2
438 2
774 1
36 3
340 2
640 3
530 3
219 2
244 1
880 1
409 2
222 2
574 3
123 3
289 1
270 3
11 1
633 3
890 3
961 2
194 2
633 3
643 2
201 1
597 2
470 3
646 3
841 3
72 1
617 3
980 2
646 3
167 2
310 1
97 2
767 2
744 3
778 2
559 2
800 2
725 2
655 2
588 2
896 3
317 3
255 3
391 3
998 2
341 2
601 1
432 2
166 1
913 2
307 2
624 2
434 3
74 3
948 2
4 2
360 2
575 3
594 3
947 3
350 3
721 1
784 1
363 3
351 2
747 3
143 3
731 3
732 1
473 2
800 2
96 2
735 1
835 3
368 1
254 3
511 1
842 3
894 3
734 2
644 3
411 2
807 2
57 2
597 2
521 2
93 3
421 2
31 2
42 2
66 3
868 3
272 2
374 3
9 2
417 1
194 1
228 1
761 2
97 3
493 3
360 2
106 1
118 2
995 1
379 2
247 3
934 1
95 1
985 1
669 2
883 3
247 2
669 3
327 2
750 1
523 1
377 1
679 2
985 1
448 2
328 3
784 2
414 1
959 1
776 2
425 1
266 2
895 2
463 2
384 2
288 1
351 1
931 3
381 2
965 3
583 2
53 1
37 1
948 3
714 2
944 3
77 1
732 3
546 2
740 2
37 2
597 1
683 2
587 2
954 1
296 2
66 1
573 1
792 2
44 3
210 1
284 1
686 3
163 3
332 1
639 1
162 1
625 1
735 1
605 2
239 1
473 1
85 2
79 1
53 3
27 3
173 3
413 1
830 2
937 2
496 2
72 2
723 1
573 3
327 2
865 2
840 3
615 3
160 3
877 2
331 3
429 1
265 1
621 3
677 1
992 3
523 2
67 1
549 2
149 1
239 1
3 3
124 3
748 2
266 1
168 2
372 2
55 2
302 1
340 3
930 1
612 1
560 1
169 1
600 1
154 3
796 1
88 1
678 2
59 1
363 1
633 2
778 1
726 1
926 1
209 2
872 2
948 1
128 2
932 3
757 1
282 2
37 3
655 2
237 1
423 2
858 3
137 3
726 1
633 2
345 2
260 3
474 1
960 2
381 3
453 1
385 2
954 2
838 3
720 2
975 3
249 2
273 2
581 2
822 3
188 3
798 2
996 1
323 1
189 3
343 2
997 1
753 1
81 3
722 1
100 2
449 2
590 3
718 1
735 2
181 1
662 2
806 2
467 3
551 3
199 3
903 1
455 3
308 2
532 3
482 1
770 3
492 2
537 3
91 3
246 1
92 1
228 3
183 3
835 1
732 1
643 2
215 1
313 1
690 2
488 3
917 1
972 3
929 2
698 3
125 2
631 2
488 1
425 2
702 1
871 2
731 3
843 1
545 3
893 3
900 3
916 1
377 2
220 1
587 2
619 3
280 3
748 2
895 3
952 1
364 2
474 2
628 3
986 3
400 1
166 3
791 1
22 3
524 3
618 1
140 1
267 2
774 3
196 3
493 3
413 2
999 3
762 2
701 1
601 3
651 3
654 3
781 2
167 1
512 1
678 2
993 2
933 3
77 3
798 3
519 2
85 2
240 1
191 1
163 3
822 2
183 3
563 1
90 2
253 1
389 1
883 2
572 1
487 1
931 3
425 2
64 3
430 2
493 3
707 3
842 3
398 2
453 2
586 1
404 2
677 3
385 1
70 1
125 1
622 1
158 1
756 2
502 1
266 2
692 2
424 3
233 1
725 2
118 1
740 1
573 1
837 3
56 3
752 1
273 3
464 2
247 1
723 2
532 1
608 3
487 3
252 3
994 2
156 1
912 1
798 1
877 3
371 1
784 3
992 2
836 3
897 2
335 1
579 1
961 3
799 1
204 3
359 1
85 3
243 2
145 3
864 3
482 1
629 1
290 1
667 3
960 1
833 1
350 2
977 3
741 1
897 2
770 1
875 2
326 3
509 3
888 2
527 2
304 3
170 3
826 2
524 2
109 2
719 1
494 3
761 1
100 3
385 1
641 2
671 3
903 1
736 3
52 1
303 2
370 3
844 1
333 2
9 2
266 2
610 2
923 2
536 2
327 1
470 2
526 1
922 2
511 3
511 2
256 2
806 1
339 1
958 2
576 1
59 1
952 3
487 3
307 2
983 2
948 1
598 1
76 2
32 2
195 3
392 1
550 1
926 3
799 2
369 2
352 2
128 1
876 1
407 1
948 2
173 1
578 2
361 1
453 3
167 3
442 1
379 2
948 1
944 2
128 2
732 2
603 2
618 3
746 3
207 1
68 3
328 1
31 2
143 2
75 2
785 1
707 2
414 2
342 1
389 3
561 1
541 3
110 3
75 3
350 2
748 1
613 2
630 1
395 2
910 3
468 3
673 3
597 1
434 3
714 1
378 3
202 2
54 2
962 1
324 3
622 1
750 1
797 3
608 1
305 2
413 2
367 1
594 1
957 1
792 2
865 2
994 3
57 1
71 3
169 3
489 2
621 3
888 3
359 3
498 1
189 2
897 2
732 3
87 3
673 3
63 3
118 3
167 1
25 3
872 2
536 3
838 3
38 1
994 1
887 2
227 2
647 3
675 1
119 3
369 1
807 2
948 1
10 3
770 1
404 1
600 1
123 1
551 2
588 2
622 2
150 3
62 3
778 2
32 1
243 3
572 2
544 1
666 1
688 3
278 1
295 3
694 2
260 2
584 3
774 3
664 1
648 2
916 3
546 1
216 1
790 2
741 1
202 1
397 1
921 1
606 1
868 3
599 2
965 3
327 3
830 1
812 2
2 2
2 3
431 3
304 2
491 3
24 1
378 1
590 1
748 1
327 1
397 2
46 3
317 3
705 3
9 2
194 2
134 1
94 2
93 3
324 1
18 3
88 1
641 2
682 3
366 1
585 3
911 1
642 2
495 2
423 3
508 2
613 1
679 2
530 3
126 1
346 2
879 2
654 1
710 2
260 1
214 1
284 2
787 2
778 3
997 1
43 2
840 2
179 2
830 3
739 3
726 1
431 1
119 2
10 1
414 2
79 2
546 1
43 3
262 3
254 1
163 1
257 3
38 2
249 2
70 2
141 3
319 1
542 3
228 1
701 2
94 3
206 3
70 2
596 3
564 2
358 2
38 2
823 3
266 1
215 2
968 1
880 3
562 2
133 2
551 3
395 1
10 2
29 2
942 3
66 1
42 3
363 2
40 2
907 2
936 2
796 1
232 3
154 2
92 2
722 3
377 2
761 1
870 2
640 1
349 3
670 1
881 3
756 3
407 1
244 1
656 1
698 1
547 1
882 3
863 2
537 3
213 3
92 2
817 2
746 1
157 3
83 2
718 1
692 3
67 3
192 1
887 3
180 3
661 2
744 1
175 3
779 2
774 2
77 3
190 1
108 2
624 3
432 3
997 3
175 2
8 2
859 3
549 2
558 2
577 2
30 3
684 2
335 2
494 1
734 2
224 2
416 3
789 1
205 1
503 3
163 2
985 2
72 2
259 3
378 2
599 3
805 2
495 2
457 3
295 1
661 2
527 2
8 2
696 2
371 2
210 1
118 3
194 3
859 3
739 3
362 3
750 1
151 2
566 3
208 1
363 3
957 2
332 3
532 3
98 3
761 2
233 1
479 3
948 3
906 1
458 2
131 1
636 3
586 2
989 3
697 1
612 1
977 2
549 1
824 2
312 3
799 3
230 2
734 3
633 3
151 2
220 1
968 2
85 3
604 2
759 1
463 3
535 3
433 1
657 3
545 2
615 2
436 3
345 2
331 1
896 1
886 1
153 1
983 1
2 2
175 3
362 3
592 1
861 1
875 2
3 1
991 2
882 2
713 1
768 1
722 2
694 1
679 2
246 1
562 3
740 1
845 1
382 1
858 1
63 3
110 3
259 3
807 2
99 2
725 2
684 1
396 3
37 1
258 2
49 2
450 1
42 2
154 1
382 3
742 3
464 1
446 2
818 2
729 3
248 1
974 2
596 3
832 2
354 2
595 2
564 3
683 1
493 2
286 2
548 2
950 2
578 3
594 2
943 3
592 2
190 3
837 2
490 1
918 2
883 3
447 2
969 1
753 1
507 3
12 2
103 1
273 3
576 1
323 3
768 3
455 2
780 3
157 2
469 3
417 1
79 3
478 2
241 3
684 2
222 2
735 3
260 3
271 3
845 3
270 3
20 2
190 1
627 2
782 1
947 1
146 2
290 3
882 3
911 2
173 2
634 1
618 2
217 3
244 3
276 2
438 1
319 3
675 1
179 1
687 2
168 2
229 2
137 1
370 2
307 3
432 1
967 3
84 1
418 3
84 3
367 1
364 2
521 1
138 3
53 3
785 1
210 3
726 3
637 2
342 3
478 3
627 1
468 3
498 2
325 3
32 2
688 3
909 2
987 1
321 3
87 1
785 2
689 3
53 1
940 3
621 1
719 3
258 2
101 2
521 3
424 2
722 3
980 3
409 3
5 2
100 3
861 2
445 2
118 1
735 3
960 1
431 3
18 2
838 1
576 1
898 3
489 2
728 1
50 3
774 2
128 2
250 1
997 2
683 2
664 3
746 3
538 2
354 3
957 3
614 2
418 1
49 2
78 3
929 1
294 2
337 3
289 3
18 3
614 2
473 1
150 1
688 3
892 1
284 2
942 2
682 1
48 2
786 1
92 3
352 2
89 3
369 1
199 1
344 2
723 1
892 1
998 3
490 3
261 3
456 3
952 2
669 2
574 2
877 1
9 3
690 1
322 3
193 2
480 1
534 3
109 1
707 3
519 3
505 3
469 2
208 3
893 2
209 3
374 2
377 1
776 3
893 1
479 3
742 2
403 3
361 2
763 1
401 2
188 3
643 2
55 2
205 2
788 1
2 3
146 1
685 2
116 2
850 3
559 2
317 1
907 1
642 2
251 2
612 2
289 3
6 2
472 1
969 2
654 2
912 2
981 3
809 2
284 2
402 2
810 1
102 2
24 3
63 3
627 1
332 1
549 2
7 3
446 3
998 2
975 1
950 3
333 2
688 1
620 3
568 1
941 3
328 1
725 1
49 2
253 3
942 3
694 3
264 1
734 1
777 1
568 1
401 2
467 1
21 3
611 1
814 1
180 1
581 1
322 3
246 3
255 3
599 3
200 2
400 3
971 1
195 2
571 3
961 3
325 3
906 3
378 3
622 3
317 3
160 3
825 3
688 2
467 3
720 3
150 2
226 1
857 1
777 3
143 3
562 2
843 2
143 1
98 1
840 3
448 2
989 1
56 3
574 1
543 3
682 1
807 1
839 3
408 3
484 1
633 2
48 3
389 3
403 2
12 3
646 2
892 1
384 3
682 1
411 1
643 2
432 3
655 2
465 2
985 1
125 3
740 2
241 3
162 2
962 1
29 1
789 1
260 1
143 1
676 2
599 1
343 2
756 1
367 2
138 2
503 1
237 2
623 1
831 2
634 1
996 3
841 1
116 2
917 2
324 3
617 1
489 1
900 2
278 1
406 1
337 2
537 1
685 3
749 3
528 2
697 1
878 3
974 2
670 1
276 1
234 2
254 2
317 3
612 1
224 1
43 3
868 3
733 1
586 2
596 2
831 2
939 3
837 1
843 2
639 3
370 1
597 3
670 3
76 2
618 1
585 3
919 2
12 1
579 2
817 3
432 1
922 1
434 3
651 3
92 2
792 1
326 3
851 1
311 3
344 1
87 3
728 2
539 3
467 3
670 3
167 1
181 3
383 1
740 1
911 3
632 3
481 2
236 3
577 1
743 2
764 3
109 1
465 2
748 3
116 3
193 1
837 3
97 1
753 2
757 1
818 1
562 1
244 2
950 1
402 1
406 1
888 1
545 1
641 2
195 1
694 2
17 3
507 1
752 3
496 3
361 3
417 1
934 1
484 2
108 1
65 1
289 2
986 2
822 1
96 3
268 1
921 3
705 2
524 3
297 2
650 2
994 2
605 1
495 2
667 1
490 3
779 2
745 3
209 1
364 3
54 2
41 3
617 2
908 1
729 2
518 2
362 3
605 1
32 2
911 3
82 2
883 1
441 3
525 1
96 3
201 3
840 2
598 3
323 3
648 1
900 2
890 1
459 2
721 2
101 3
418 3
56 2
415 3
163 2
90 3
90 3
339 1
193 3
620 1
882 1
549 1
604 1
342 3
206 2
253 1
753 1
908 1
880 1
572 2
325 1
803 2
871 1
664 3
578 1
711 3
775 1
853 2
319 3
268 2
514 3
980 1
505 2
822 1
391 1
630 2
473 1
396 1
700 2
341 2
594 1
205 1
128 1
520 2
208 1
115 1
525 3
584 3
578 1
301 3
390 1
382 1
2 1
101 1
875 3
222 1
193 3
578 1
75 1
527 2
375 3
408 1
204 3
190 2
72 2
389 1
554 2
940 1
720 1
993 3
453 2
458 1
241 1
984 2
419 2
720 2
870 2
329 1
693 3
411 3
854 3
248 3
262 2
700 1
487 3
269 2
2 3
536 3
864 3
196 2
683 1
112 2
351 3
316 2
614 3
745 3
923 2
45 3
376 2
444 3
4 3
755 3
210 3
416 2
641 1
639 1
573 1
224 2
463 2
10 2
925 3
695 1
709 3
835 1
529 3
262 1
150 2
621 3
781 3
951 1
166 1
752 2
939 3
46 2
345 3
94 2
469 3
318 3
256 1
806 2
808 1
46 3
178 3
728 1
690 2
490 1
96 3
260 1
121 2
87 2
264 1
708 3
623 2
538 1
281 2
589 1
808 3
961 2
965 2
512 2
892 3
823 2
917 1
329 2
91 2
454 3
587 2
859 2
427 1
675 3
130 2
870 1
718 1
181 3
625 3
387 3
873 2
954 1
992 3
661 1
302 1
200 1
388 1
985 1
43 1
460 1
548 1
151 2
435 2
503 1
592 3
102 2
824 1
30 2
624 2
589 1
383 3
82 1
777 1
98 1
874 3
505 3
326 2
519 3
845 1
449 3
721 1
819 2
230 1
436 3
236 3
406 3
55 2
548 1
780 2
69 3
743 2
944 1
346 3
841 2
693 2
391 1
379 1
459 2
572 3
182 3
226 1
993 2
363 2
259 3
158 2
879 2
947 2
955 1
312 1
899 2
55 3
541 2
661 3
336 1
489 2
707 3
757 3
300 3
727 1
91 2
892 3
543 2
678 1
166 3
592 2
367 3
55 2
944 2
379 1
24 3
419 1
433 3
710 3
281 1
228 2
34 2
83 1
785 2
493 3
496 1
228 1
569 2
52 3
132 1
633 2
941 3
185 3
679 3
725 3
286 2
220 1
188 2
457 1
563 2
594 2
494 1
558 1
768 2
217 3
232 1
490 1
4 1
887 3
483 3
364 3
523 2
682 3
782 3
555 2
560 1
575 3
895 1
668 2
556 1
888 3
569 3
236 3
25 3
539 2
719 2
976 3
744 1
576 2
93 3
630 1
366 1
642 2
890 1
996 1
317 3
820 3
672 2
34 3
444 1
450 2
952 1
375 2
286 1
30 2
164 3
326 2
3 3
524 2
536 1
542 2
9 2
648 2
904 1
596 2
77 3
97 3
654 2
573 3
121 1
331 2
607 2
896 2
402 3
381 3
650 1
550 1
483 2
436 2
139 3
710 1
9 1
780 3
98 3
153 1
529 1
464 3
919 1
700 2
480 3
369 3
106 3
759 3
496 1
192 2
558 3
572 3
175 2
682 2
631 3
129 2
52 1
587 3
716 2
12 1
387 3
27 2
360 1
736 1
497 2
200 1
618 2
329 1
348 1
769 1
583 2
518 1
223 3
196 3
546 3
886 3
596 2
598 3
151 2
968 2
911 3
695 1
837 2
414 3
806 2
262 3
920 3
538 1
366 3
735 3
556 1
939 3
834 3
999 1
578 2
740 3
59 1
890 2
296 1
344 3
353 2
858 3
267 1
170 3
57 3
473 2
527 2
786 1
840 3
617 1
882 3
740 2
205 1
697 2
127 3
548 1
831 3
965 2
133 2
930 2
539 2
137 2
989 2
190 1
48 1
536 2
885 3
950 1
840 1
662 1
503 2
774 3
435 3
195 3
251 2
568 1
229 1
232 3
927 3
701 3
415 1
166 2
840 1
178 1
739 1
670 1
191 2
182 1
985 1
500 1
600 2
430 3
593 3
697 1
213 3
599 2
425 3
53 3
594 2
530 1
198 2
681 3
824 2
10 2
415 1
895 3
434 3
271 3
761 1
407 3
877 2
50 1
230 1
914 3
619 1
619 3
489 1
288 2
70 3
234 3
444 1
198 1
158 2
516 1
374 3
173 3
42 3
679 2
435 2
959 3
964 1
510 1
191 3
620 1
739 3
132 3
54 1
520 1
470 1
398 2
607 3
425 2
645 3
858 1
633 3
258 1
733 2
239 1
207 2
286 3
846 1
256 1
907 2
667 1
667 2
642 1
746 1
735 1
166 1
335 1
175 2
992 1
242 2
559 1
959 1
641 2
773 1
44 1
302 3
82 3
369 1
776 3
146 2
66 2
102 1
777 2
512 2
787 2
194 1
590 1
198 1
487 1
223 3
608 3
705 3
917 2
356 3
678 3
871 3
997 2
29 3
708 2
254 3
455 1
777 2
805 3
677 1
652 1
562 1
989 1
608 3
899 2
305 3
686 1
636 2
993 3
739 3
860 1
180 1
466 1
10 2
92 3
174 3
232 1
445 1
457 2
668 2
10 2
832 2
551 2
228 2
263 3
406 1
535 3
831 1
596 2
107 1
156 3
180 1
756 3
936 1
890 2
731 2
982 3
286 3
186 3
777 3
796 1
972 3
253 2
123 1
721 2
154 2
977 3
667 3
746 1
328 1
329 2
259 1
930 1
954 3
870 1
683 3
228 3
132 3
855 3
249 1
226 2
59 2
568 1
655 2
935 1
934 1
137 3
463 2
507 1
736 3
458 3
641 3
18 1
446 1
119 1
243 1
364 2
372 2
915 2
637 2
748 3
151 3
47 3
44 2
926 1
241 2
732 3
971 2
959 2
696 2
391 1
201 1
54 1
436 2
342 1
79 1
632 3
708 2
647 2
286 2
185 1
561 3
961 3
37 3
325 2
116 2
207 3
558 1
701 3
416 2
899 1
754 1
952 1
524 3
112 2
861 3
748 3
847 1
646 3
457 3
791 3
251 1
562 3
486 2
602 2
947 1
972 3
721 2
825 1
421 3
876 1
773 1
58 3
684 2
353 3
184 2
86 2
969 2
595 2
769 2
644 1
947 1
347 1
322 1
376 2
532 3
347 2
467 1
579 2
241 2
906 1
528 3
935 1
192 2
456 3
254 3
810 2
503 3
401 3
465 2
726 3
97 3
408 2
227 1
48 2
944 3
702 1
438 1
60 1
397 2
931 1
114 1
47 3
465 3
748 1
911 3
154 1
244 1
261 2
957 3
679 3
216 3
634 2
735 1
123 2
881 2
140 3
223 3
460 2
87 2
347 3
372 1
860 3
500 1
270 2
903 1
643 3
266 3
9 1
644 3
995 3
763 1
219 2
780 1
975 3
512 2
306 2
306 1
576 2
787 1
86 2
633 3
332 2
101 3
835 1
209 2
329 1
726 1
525 2
573 3
274 1
620 1
577 1
901 3
875 2
566 3
863 1
690 1
272 2
418 2
278 3
416 1
873 3
411 2
939 2
486 2
826 1
584 2
726 2
716 3
411 2
83 3
808 2
463 3
368 3
58 1
767 2
827 3
505 3
918 3
796 1
250 2
166 1
167 3
4 3
854 1
714 1
17 1
469 3
23 3
785 1
746 3
745 1
194 3
491 2
981 2
100 2
686 3
250 3
288 1
97 3
274 1
179 3
910 1
168 3
670 3
936 3
628 1
865 3
661 1
586 1
786 3
463 2
636 3
980 2
340 3
372 2
628 3
674 2
204 3
877 2
435 2
784 2
746 3
849 1
986 1
158 1
942 2
146 2
464 1
332 2
58 2
790 3
529 3
574 3
203 1
631 2
643 3
162 2
306 3
962 3
486 3
395 2
792 1
346 2
630 3
249 3
343 2
403 3
390 3
401 1
696 3
532 3
430 2
4 3
60 2
796 1
796 1
163 1
38 1
940 3
628 3
585 3
296 2
317 1
472 3
526 3
499 3
343 2
520 3
749 2
353 1
750 3
576 1
3 2
221 2
140 3
807 2
908 1
556 1
797 1
683 3
790 2
495 1
743 2
77 1
566 3
247 1
993 1
885 2
667 2
355 3
736 2
160 2
490 3
84 3
384 3
82 1
488 3
103 3
882 2
556 3
107 2
87 2
251 1
79 3
788 2
761 2
558 1
91 2
623 3
244 3
557 2
325 1
409 2
440 3
385 1
909 3
596 3
288 1
107 3
520 3
106 1
150 3
754 3
838 1
395 3
967 1
275 3
181 2
991 1
925 1
309 2
940 1
434 3
933 2
955 3
638 2
185 1
188 1
913 1
655 1
735 2
894 2
435 1
711 2
478 1
970 2
527 2
343 2
804 1
728 2
143 3
308 1
158 3
198 2
412 2
635 3
898 3
115 2
677 2
87 1
92 2
503 2
444 1
482 1
291 3
426 2
347 2
586 2
576 1
138 1
891 3
375 2
269 3
903 2
980 2
211 1
483 2
362 3
831 2
639 3
856 1
809 2
745 3
970 2
426 2
11 1
116 1
468 1
302 3
100 3
182 3
81 1
131 1
287 2
46 3
805 2
38 1
70 3
677 1
339 1
719 1
843 3
57 2
246 1
354 2
795 1
354 3
250 1
57 3
885 3
440 2
38 1
687 1
981 2
100 3
332 1
565 1
799 1
842 1
871 3
908 3
102 2
430 2
382 2
510 2
729 3
635 3
321 1
289 3
266 2
470 2
681 2
135 1
819 3
571 2
122 3
224 1
608 3
278 1
355 2
249 2
671 2
316 1
734 1
882 2
943 3
358 2
311 3
71 2
128 2
414 2
317 1
82 1
723 3
122 1
85 2
809 1
139 3
362 3
180 2
206 3
480 2
896 2
43 1
86 2
841 2
680 2
392 1
383 3
119 3
293 2
447 3
262 1
994 3
482 2
448 3
671 3
225 1
211 1
744 1
632 3
931 1
140 3
566 3
628 2
8 2
110 3
806 3
140 2
761 3
103 1
145 2
384 2
76 3
434 1
934 3
28 2
776 1
109 1
782 1
421 1
109 3
347 3
331 3
71 3
792 2
187 3
686 3
833 3
774 1
107 3
388 1
646 3
832 2
536 2
530 3
840 3
316 1
961 1
45 1
545 2
188 1
819 1
625 1
425 1
790 1
727 1
557 2
743 1
636 3
593 2
350 2
132 1
673 1
364 3
846 3
960 1
85 3
301 1
413 1
252 2
593 2
332 1
981 1
735 1
560 2
137 2
398 3
325 3
666 1
282 1
166 1
969 3
615 2
630 3
566 1
271 1
230 2
778 2
640 3
139 3
539 2
81 2
214 3
401 3
848 2
560 2
740 2
935 2
735 2
232 1
266 2
472 1
604 3
634 1
834 2
613 3
269 2
391 1
70 1
188 3
812 1
647 3
696 2
389 2
42 1
295 1
600 2
346 1
487 2
184 1
111 3
675 1
970 3
707 2
830 2
160 3
767 3
344 3
910 2
628 3
194 1
276 2
68 2
842 3
934 1
345 1
973 2
508 3
71 3
243 2
247 1
193 1
360 2
541 2
313 3
195 3
219 3
48 1
15 2
447 1
617 3
725 1
730 2
805 2
971 2
590 3
395 2
820 3
858 1
91 3
774 2
81 1
405 2
575 1
733 2
112 3
371 1
914 1
332 2
635 1
726 2
954 2
541 2
146 1
15 3
991 1
376 1
358 1
408 2
873 1
566 3
158 1
980 2
554 2
814 1
101 3
996 2
97 3
397 1
536 2
96 1
302 2
325 3
53 3
752 1
736 2
853 1
388 1
300 1
925 3
532 3
701 3
440 2
438 2
505 2
914 1
588 3
328 3
5 1
964 1
203 2
179 2
301 1
204 1
747 2
922 1
916 1
926 3
34 2
360 2
87 2
466 3
407 3
25 2
170 2
221 3
191 2
253 2
526 3
812 2
442 3
945 3
786 2
175 1
202 1
559 2
809 2
275 1
728 2
206 1
623 3
544 3
264 1
263 3
175 3
837 1
413 3
623 2
140 3
236 2
824 2
680 1
733 1
645 1
414 3
248 1
472 2
909 1
971 2
25 1
352 1
474 3
692 2
903 2
859 3
503 2
456 2
572 3
217 3
995 3
135 1
612 3
339 3
474 3
181 3
228 3
49 1
125 3
833 2
297 2
550 2
86 1
376 3
984 1
304 3
685 1
514 1
779 1
502 1
785 2
96 1
530 2
832 1
343 2
904 2
969 2
529 3
645 3
750 3
945 2
242 2
326 3
75 3
163 2
641 3
3 2
735 3
612 1
713 2
58 1
490 3
22 1
549 2
60 1
346 1
205 2
947 3
486 1
261 3
195 1
246 1
258 3
256 3
514 1
473 2
303 1
376 2
360 1
368 3
354 3
532 3
510 3
612 3
528 1
404 1
535 2
296 3
546 1
827 1
257 3
920 3
886 1
797 2
868 3
353 1
484 1
812 1
352 1
317 3
47 1
755 3
774 3
980 2
107 2
853 3
623 2
64 3
303 1
911 3
976 1
849 2
397 3
130 2
125 3
389 3
747 1
675 1
53 2
276 2
42 3
565 2
308 3
817 3
851 2
126 3
789 2
895 3
606 2
332 1
362 3
284 1
893 2
607 1
331 1
784 3
795 2
25 2
863 1
295 3
730 1
611 2
944 2
202 2
992 2
415 1
458 2
841 2
604 1
25 1
641 1
372 3
387 1
745 3
803 1
484 1
650 2
847 2
44 1
295 3
997 3
487 2
403 2
184 2
106 3
398 2
514 1
746 3
355 3
723 3
100 2
803 2
633 3
97 3
444 2
331 3
438 2
856 3
349 2
3 3
161 1
9 1
615 2
28 1
637 1
921 2
950 1
46 2
327 2
844 3
303 2
70 3
586 3
185 3
894 1
543 1
668 3
34 2
475 1
184 1
248 3
607 2
560 2
870 3
848 1
211 1
217 3
986 1
575 3
119 1
675 2
945 1
510 3
340 2
916 1
707 2
175 2
185 3
641 3
129 1
56 2
269 2
254 3
922 2
934 3
41 2
217 1
700 1
404 1
655 3
597 3
495 1
612 3
96 1
158 2
209 1
44 3
732 2
834 1
780 3
835 2
123 1
940 2
565 1
140 1
562 2
641 3
911 2
862 1
676 3
656 2
34 1
329 2
958 3
830 1
606 3
214 1
184 3
546 3
809 3
606 1
639 1
497 1
131 1
251 3
169 1
710 2
371 2
321 1
62 2
202 3
970 1
821 3
785 2
571 1
219 2
679 1
179 2
280 3
700 3
565 2
969 2
332 2
601 1
983 2
779 1
368 3
948 3
486 2
7 2
656 1
137 3
521 2
489 1
719 3
641 2
775 2
6 2
197 2
551 1
864 3
853 3
537 3
150 1
736 2
92 2
593 2
960 3
876 3
200 2
639 3
861 3
301 3
959 1
301 1
384 2
469 2
983 3
243 3
935 3
21 3
646 3
783 2
97 3
385 1
876 2
312 2
781 3
76 3
263 1
891 3
854 3
374 1
204 3
381 2
475 2
575 1
195 1
511 2
20 3
733 2
827 1
125 3
511 3
210 1
719 3
194 3
770 2
658 2
791 3
826 3
289 3
733 3
851 3
138 3
43 1
423 2
845 2
154 3
659 1
383 1
396 3
545 3
654 2
9 3
910 2
412 1
769 2
78 2
872 1
713 2
602 1
727 2
93 2
498 2
99 1
913 1
258 2
566 3
266 3
140 2
494 3
226 3
817 3
819 1
624 2
745 3
455 2
10 2
726 2
302 3
106 1
683 2
337 1
34 1
872 2
731 3
457 2
741 2
350 2
681 1
390 1
72 2
610 3
789 2
504 2
670 3
483 1
597 1
835 1
911 2
862 3
630 1
188 1
893 2
269 1
348 1
927 1
790 1
718 3
326 3
913 3
579 2
448 3
193 1
339 3
342 1
650 2
348 2
316 3
507 2
586 3
436 1
211 3
368 3
964 1
286 2
170 3
374 3
23 1
208 1
791 3
411 2
958 1
587 2
170 2
886 1
735 1
121 2
125 2
145 1
569 1
708 3
81 3
193 2
466 3
41 2
651 3
514 1
272 1
547 2
683 1
821 2
308 3
449 1
757 3
298 2
644 2
92 1
118 3
814 2
265 1
749 2
6 1
947 2
333 1
100 2
641 2
688 1
473 1
298 3
78 2
800 3
306 2
111 3
311 2
200 1
899 3
262 2
52 2
820 2
42 2
651 1
708 2
833 1
329 3
179 3
335 1
128 3
849 1
546 2
850 2
927 3
594 1
396 1
71 2
290 2
53 2
55 1
859 1
45 2
860 2
207 3
169 3
65 2
239 2
413 2
976 3
861 2
162 1
354 3
191 1
502 3
564 1
817 3
862 3
444 1
158 2
449 2
555 1
564 3
157 1
671 1
176 1
975 2
746 3
236 3
479 2
685 3
797 2
475 3
825 2
528 1
363 1
999 2
502 2
767 2
300 2
475 1
562 2
421 3
67 2
992 3
185 3
650 1
492 2
499 3
84 3
841 1
423 1
52 3
752 2
21 2
135 3
85 2
942 2
821 2
526 2
615 2
958 2
736 3
487 1
318 1
984 2
163 3
424 2
333 1
736 1
133 3
831 2
295 1
4 2
473 1
95 2
71 3
659 2
954 1
480 3
581 3
537 1
383 2
358 1
510 3
718 2
929 2
65 1
617 3
874 1
821 2
904 1
176 3
137 3
906 3
253 3
160 2
917 2
885 1
446 1
711 2
130 1
46 3
838 1
951 3
602 2
449 3
607 1
196 1
510 2
208 3
822 2
180 2
101 2
903 3
68 1
224 1
655 2
421 1
888 1
795 3
391 2
87 3
275 1
62 3
175 1
659 3
731 3
907 3
632 2
888 1
36 3
28 3
24 3
845 1
803 1
328 2
873 3
641 3
834 3
895 2
719 2
328 3
907 3
353 3
568 3
636 1
9 2
891 3
121 1
58 1
630 2
91 3
301 2
445 3
569 1
532 2
69 1
529 3
259 1
590 2
405 1
681 2
504 1
337 2
934 3
863 1
374 2
683 2
685 2
453 2
415 2
464 3
303 3
640 1
602 1
733 3
390 2
132 1
632 1
216 2
219 1
788 1
246 2
872 2
233 3
872 1
379 2
643 1
131 1
441 1
317 3
348 1
276 1
629 3
129 3
593 1
5 3
774 3
354 2
468 1
31 2
333 3
18 3
569 1
601 2
442 1
778 2
809 2
402 2
313 2
713 3
805 3
721 2
74 1
101 3
210 1
903 1
114 1
745 1
407 1
662 1
37 1
887 1
424 2
922 1
564 3
331 1
475 3
188 2
657 3
154 1
524 2
876 3
761 2
832 3
559 1
280 1
239 1
445 2
555 1
81 1
18 3
546 1
106 1
910 1
923 2
205 2
911 3
187 2
82 2
622 3
655 2
53 3
955 1
342 2
780 1
558 2
524 3
955 1
262 3
528 2
5 2
655 2
226 2
213 1
655 1
718 1
937 3
250 2
961 3
23 3
425 1
281 3
215 2
478 2
15 2
421 3
364 3
261 2
425 2
770 1
340 2
129 3
247 1
42 2
445 3
398 1
500 2
842 3
486 1
775 1
361 2
987 3
934 1
390 2
479 1
494 2
194 1
333 1
389 1
91 3
595 1
797 1
244 1
888 2
49 3
55 3
785 3
847 1
750 1
594 3
718 3
387 2
974 1
998 1
987 3
538 3
556 1
629 3
111 2
581 3
28 3
480 3
77 3
278 2
863 1
784 3
360 2
778 1
804 3
960 2
391 3
128 2
764 3
221 3
150 1
786 1
90 3
872 1
43 2
774 2
312 1
845 2
392 3
280 1
483 1
643 3
719 3
374 2
308 2
280 2
78 1
415 3
592 2
959 3
787 1
478 2
550 3
229 1
892 1
974 3
303 3
280 3
154 2
595 3
445 1
990 1
354 1
262 1
612 3
570 3
869 3
87 1
584 1
480 2
454 2
38 2
507 3
942 2
45 1
304 1
438 3
378 3
129 2
424 3
792 2
346 3
258 3
145 1
178 3
336 2
433 1
993 3
381 1
27 1
483 3
589 3
893 1
534 3
336 1
762 3
634 1
48 2
265 2
207 3
497 2
882 2
784 2
66 1
429 1
505 1
847 2
719 1
168 3
872 1
203 2
398 2
643 1
625 1
83 1
783 1
170 2
369 1
679 3
543 2
425 1
85 1
441 2
936 2
433 3
30 2
850 1
762 2
669 1
863 2
467 1
786 3
72 3
297 3
972 1
3 2
736 1
574 3
913 2
99 2
197 3
269 2
48 3
577 3
503 2
140 1
242 3
836 2
185 2
549 1
753 2
800 1
255 3
223 2
440 1
677 1
996 1
106 1
859 3
140 1
60 1
197 2
75 1
805 1
680 2
520 2
169 1
115 2
775 1
436 1
233 1
710 1
705 1
574 3
47 3
116 3
944 2
221 1
958 2
854 2
659 1
284 1
317 2
879 1
288 1
860 3
559 1
986 3
981 3
46 1
836 2
683 1
933 1
678 1
71 2
807 3
126 2
651 1
877 1
601 2
300 2
217 3
139 3
457 2
664 3
820 2
906 3
631 3
860 1
82 1
942 3
161 3
96 2
63 3
651 2
408 1
999 3
67 2
947 1
190 1
149 3
903 3
654 2
213 2
990 3
588 2
967 3
606 1
731 2
284 1
175 2
603 2
6 3
613 3
223 3
355 1
983 3
504 2
375 2
99 3
438 3
726 3
397 2
940 2
644 1
371 2
917 2
255 1
923 1
684 2
112 2
719 3
804 1
730 3
840 1
574 1
574 2
888 1
358 2
818 1
689 2
251 3
301 3
71 3
398 1
837 2
358 2
909 3
449 1
473 3
263 2
149 2
7 2
658 2
374 3
850 2
825 1
855 2
662 1
355 3
425 2
96 1
484 2
202 3
977 3
164 3
331 3
842 1
807 1
308 1
322 2
233 3
901 1
541 3
324 1
684 3
832 3
17 1
153 3
12 3
294 2
170 2
943 1
313 3
100 3
332 1
62 1
613 2
593 3
611 1
645 3
282 3
47 1
450 1
684 1
969 1
43 1
935 3
658 3
427 3
170 2
32 1
876 3
65 3
630 1
759 2
727 2
56 2
213 3
990 2
127 1
361 3
966 3
862 1
383 1
735 2
832 2
246 2
444 1
917 2
655 1
876 1
997 1
935 3
76 2
627 3
908 1
512 3
95 2
624 2
544 2
273 1
126 1
676 1
225 3
747 2
755 3
276 3
602 2
903 3
389 3
261 1
351 2
400 2
200 3
925 1
714 3
54 2
430 3
55 3
10 3
175 2
349 1
402 1
937 2
562 3
485 3
196 2
878 3
601 1
959 3
799 1
994 3
331 2
274 3
875 2
574 3
711 2
690 3
65 3
670 1
107 1
395 3
976 3
124 2
971 1
795 1
684 2
360 2
42 1
403 3
543 2
685 1
557 3
847 3
907 1
495 3
41 3
459 1
378 2
27 3
400 1
8 2
282 2
371 3
401 1
160 1
821 3
624 3
403 1
290 2
523 3
768 1
237 1
617 2
221 3
37 3
819 2
355 1
317 2
723 2
916 1
879 1
156 1
650 3
799 1
534 2
542 3
25 3
493 3
521 3
918 3
486 1
43 1
119 2
154 3
297 2
397 3
637 3
25 3
725 3
405 1
843 2
666 3
601 2
960 2
182 3
876 2
633 3
345 3
863 1
7 3
333 1
755 2
301 3
483 3
133 3
822 2
595 1
448 1
278 3
987 2
362 3
389 1
494 1
693 2
640 1
222 3
566 3
723 2
615 3
109 1
892 3
475 3
791 3
607 1
631 3
925 3
960 3
236 3
161 2
673 3
734 1
451 1
777 3
182 1
528 1
716 1
332 3
836 3
32 1
227 2
275 1
158 3
170 2
604 3
415 2
705 3
651 3
295 1
532 2
851 3
818 1
878 1
250 2
538 1
340 1
438 2
371 2
25 3
273 3
303 1
858 2
220 3
602 2
695 3
483 2
406 1
789 1
646 1
632 3
322 3
762 3
257 1
387 1
180 3
688 3
991 3
641 3
942 1
88 2
225 3
521 3
975 1
396 3
627 2
547 3
954 1
996 3
611 2
133 2
749 1
578 3
360 1
343 3
597 3
833 3
964 3
621 1
143 1
397 1
568 1
186 2
887 2
75 2
597 3
911 2
436 1
983 1
911 3
964 3
510 3
343 2
195 2
396 2
570 2
797 2
997 3
273 3
597 3
496 1
516 3
364 2
449 1
480 3
4 1
24 1
90 2
755 3
266 1
110 3
430 1
762 3
366 3
745 1
909 2
622 3
301 2
752 1
560 1
289 1
926 3
524 3
488 1
161 1
960 2
806 1
355 1
923 1
999 2
230 3
659 2
42 1
742 2
266 2
173 1
872 2
377 2
895 2
324 1
202 1
998 2
495 1
327 1
559 2
883 1
773 3
798 1
377 3
475 2
207 2
244 3
834 2
86 1
883 1
986 1
350 1
366 2
496 2
346 3
193 3
325 3
36 2
697 1
573 2
180 3
223 1
642 1
370 1
818 1
425 3
999 3
521 1
340 3
427 2
37 1
556 1
965 1
214 1
952 3
672 3
721 1
685 2
8 1
587 3
211 2
966 1
139 1
145 2
562 1
672 1
432 3
957 2
650 1
359 1
619 1
791 1
59 2
381 2
3 1
942 3
181 2
821 3
55 3
432 3
875 2
261 2
295 1
570 1
178 1
335 2
347 1
514 1
658 1
263 1
682 3
310 3
615 3
622 3
582 1
53 1
861 3
445 3
527 3
587 3
483 3
930 3
311 2
897 2
989 2
465 1
346 3
858 1
311 1
324 3
203 3
254 1
130 3
967 3
975 2
855 3
761 1
364 3
259 3
234 1
595 2
518 2
743 2
942 2
372 2
872 1
403 2
538 1
719 1
896 2
178 2
883 3
632 2
881 2
973 1
559 2
492 3
675 3
21 3
306 3
918 2
841 3
678 3
804 3
37 2
72 3
112 2
942 3
128 3
396 3
195 1
966 2
247 3
897 1
121 1
66 2
748 1
243 3
186 1
232 1
370 1
202 2
664 2
21 2
227 2
844 1
96 2
933 3
150 3
736 1
834 2
372 1
111 3
352 3
458 1
536 2
547 2
722 2
896 2
110 1
460 3
378 3
151 2
332 1
329 2
255 3
921 1
856 2
128 2
173 2
442 2
134 3
346 1
657 1
265 3
47 3
730 1
494 3
186 2
782 2
803 3
870 1
839 2
612 2
620 1
679 2
103 2
485 2
377 1
718 1
992 1
700 2
676 3
198 1
351 3
509 2
387 2
102 3
17 1
619 3
959 3
750 3
537 1
619 2
273 2
242 1
199 3
179 3
298 2
783 1
183 3
207 3
676 1
933 2
986 1
252 1
256 2
662 3
86 1
987 2
642 1
908 2
310 2
217 2
274 1
555 1
162 1
586 2
607 1
855 1
698 3
378 2
675 1
830 3
620 3
329 2
989 1
85 2
781 1
126 3
627 1
882 1
869 3
726 1
721 2
906 3
45 1
561 2
384 1
578 2
268 3
883 1
762 1
151 1
633 2
491 2
25 2
936 3
947 3
329 1
623 3
859 1
636 3
325 2
206 1
762 1
758 3
106 3
145 1
206 2
565 3
526 3
378 1
467 3
401 2
256 2
565 1
664 2
455 1
642 1
524 3
888 3
890 3
274 3
692 1
455 1
290 1
71 1
124 3
508 1
304 2
111 2
985 1
958 1
590 2
504 1
223 3
606 1
201 3
529 3
132 2
941 2
601 1
517 1
132 1
336 3
335 2
343 1
233 2
241 1
419 2
846 3
388 1
726 3
444 3
654 3
71 3
519 3
888 1
952 1
545 1
389 2
489 3
839 2
672 1
728 2
518 2
571 1
311 3
4 3
449 2
38 2
106 1
293 2
464 2
790 3
47 2
55 3
58 3
768 1
378 1
2 1
24 3
56 3
629 2
575 2
891 3
263 3
893 2
224 3
900 2
341 2
824 1
896 1
770 2
886 2
345 3
209 1
786 1
190 2
987 3
367 2
904 1
22 2
304 1
600 3
966 3
291 2
9 2
726 2
24 3
619 1
972 3
328 2
974 1
396 2
893 2
217 1
139 3
353 3
304 3
234 1
404 3
337 1
4 3
40 2
701 1
15 3
873 3
537 2
614 1
406 2
834 3
943 3
326 1
98 2
12 1
560 3
920 2
698 2
250 1
590 2
220 1
990 1
479 3
458 1
449 1
536 1
849 1
192 3
744 2
341 2
683 3
825 1
854 1
503 1
107 1
349 3
45 2
716 1
697 2
890 1
881 3
173 2
874 3
187 1
941 3
337 3
627 3
143 3
957 2
426 1
387 2
414 1
605 2
832 3
768 2
716 3
304 1
777 1
339 3
925 2
352 3
622 1
615 1
790 3
796 2
32 2
818 3
769 1
923 2
965 1
981 3
489 2
776 3
622 3
727 1
488 3
669 2
910 3
954 2
484 1
441 3
367 2
56 3
31 3
257 1
223 2
88 1
989 3
890 1
686 1
918 1
449 2
879 2
262 3
871 2
689 1
797 2
641 2
948 2
655 1
863 3
846 1
463 1
308 3
395 1
685 3
843 1
528 2
322 2
29 1
945 3
937 2
442 2
516 2
940 1
868 2
904 1
671 3
345 2
221 2
676 3
774 1
366 3
71 3
930 2
398 2
673 1
804 3
460 1
509 1
500 2
844 1
897 1
74 1
376 3
667 2
175 1
293 3
961 1
907 1
652 2
729 2
119 1
755 3
544 1
31 3
258 2
173 1
307 1
661 2
448 1
899 2
82 2
270 1
728 1
79 3
162 3
926 1
763 1
820 2
28 2
573 1
911 1
841 3
679 1
335 3
570 2
939 3
880 2
271 3
408 1
43 2
284 2
175 2
647 3
559 1
752 2
640 1
892 3
308 1
543 1
271 3
847 1
701 1
960 3
251 1
631 1
469 3
974 1
312 2
527 2
94 2
89 2
909 3
383 2
678 2
327 2
60 2
995 2
843 2
893 2
789 1
876 1
83 2
625 3
46 1
406 3
273 3
149 2
287 2
705 2
376 3
418 2
997 2
431 1
869 3
827 3
478 2
18 1
206 1
621 3
883 1
961 2
877 3
564 2
210 1
792 3
139 1
538 3
563 1
397 2
942 2
529 1
460 1
593 1
962 3
532 1
669 2
904 3
435 2
478 1
378 3
161 1
974 1
673 1
398 1
27 3
679 3
634 3
549 1
505 3
323 1
140 1
731 3
720 1
119 1
329 1
725 2
554 1
752 2
736 2
353 1
564 1
302 3
716 2
169 1
174 1
475 3
720 2
785 3
267 3
962 2
384 1
585 3
438 3
883 1
455 2
512 3
87 3
202 1
985 3
140 2
9 1
542 1
317 3
818 1
58 3
278 3
111 2
602 1
236 1
451 3
612 3
603 2
920 1
339 1
429 2
612 2
480 3
384 3
685 3
940 3
458 1
588 3
781 3
146 2
903 2
264 2
485 1
672 3
735 3
353 2
942 1
899 2
346 1
123 2
81 3
960 2
847 3
118 3
480 1
286 2
228 1
311 3
341 2
107 2
993 3
705 3
702 3
554 3
650 2
744 1
723 3
958 2
999 2
987 1
796 2
376 3
493 1
95 1
568 3
890 2
692 1
316 3
590 1
916 1
429 2
545 2
937 1
99 1
690 1
516 1
581 2
133 2
538 3
382 1
930 2
880 1
644 1
257 3
940 2
502 1
743 2
683 3
351 1
139 2
289 3
489 1
401 2
197 3
880 3
595 2
370 2
416 3
127 3
107 1
106 1
336 2
960 3
303 3
840 2
997 3
900 1
490 2
998 3
690 1
543 2
682 1
870 2
108 2
411 3
59 1
286 2
805 3
903 3
529 2
456 2
475 2
492 3
607 3
313 1
384 1
134 2
834 1
585 1
184 1
55 3
825 3
484 2
143 2
206 3
607 1
170 1
833 1
274 1
255 2
224 3
997 1
453 2
674 1
288 1
31 2
109 2
308 1
972 3
939 1
960 1
518 3
44 1
228 2
798 3
474 1
54 2
483 2
286 2
650 1
561 2
825 2
470 3
986 2
438 3
38 2
90 2
37 2
102 3
886 2
444 2
901 2
899 1
414 3
607 2
654 1
773 2
895 1
296 2
647 3
398 1
34 3
143 1
845 1
201 2
617 3
710 1
883 2
844 2
657 1
612 2
499 3
67 2
523 2
855 2
86 3
227 2
521 3
550 2
326 2
621 1
247 3
82 3
23 1
337 2
93 3
692 1
28 2
935 2
12 3
284 2
559 2
367 3
42 2
346 1
497 3
770 3
182 3
377 1
458 3
335 3
986 2
780 3
969 1
23 1
517 2
158 2
84 2
734 1
472 2
70 3
858 1
672 2
85 1
827 2
862 3
862 2
758 2
376 3
112 1
530 2
27 3
364 2
167 3
36 3
685 2
638 3
229 3
484 2
332 1
298 2
53 1
74 1
805 3
329 1
335 3
891 3
697 2
901 2
747 2
362 1
433 3
920 3
56 2
362 1
317 3
507 2
185 1
441 2
405 2
339 1
475 1
196 2
714 3
48 1
456 1
479 1
727 3
322 1
824 2
651 3
253 2
681 2
525 1
131 1
731 2
721 3
517 2
686 3
360 2
470 1
46 2
169 1
808 3
770 3
36 2
806 2
63 1
595 2
976 1
739 3
504 1
657 2
597 2
784 1
153 3
329 1
739 1
72 3
401 2
614 1
546 2
908 3
427 1
326 3
833 2
556 3
89 3
817 1
934 3
965 1
160 1
620 1
973 1
174 1
568 3
752 2
344 2
573 2
879 3
845 1
11 2
189 3
549 3
954 2
736 2
524 2
820 3
328 1
441 1
861 1
893 1
780 2
339 1
952 2
395 1
983 1
534 2
166 3
106 1
528 3
69 3
879 1
85 2
761 2
468 2
11 3
920 2
356 3
916 2
24 2
517 3
740 2
696 3
364 2
961 1
806 3
17 1
478 3
3 3
608 2
791 2
390 2
497 1
697 1
782 3
401 2
817 2
614 1
137 2
606 2
636 1
396 2
349 3
498 2
651 1
296 3
176 1
7 1
232 1
759 1
498 1
606 3
71 2
997 1
932 1
517 1
267 2
475 1
894 3
75 1
352 1
196 1
473 3
939 3
158 1
457 3
115 2
900 2
620 1
668 3
298 1
615 1
21 3
785 1
225 2
255 3
228 3
748 2
459 3
911 3
29 3
389 2
855 3
571 3
659 2
917 1
675 1
857 2
745 3
597 3
254 3
544 2
372 2
827 1
74 2
940 3
215 3
666 3
887 2
744 2
917 1
571 2
903 3
12 1
185 1
310 2
230 3
17 3
586 3
721 3
48 3
692 1
520 1
654 3
981 2
857 1
927 2
680 3
493 3
27 3
840 3
719 2
965 3
44 1
44 1
350 1
787 2
173 1
523 1
936 1
710 2
451 1
961 1
153 1
995 2
710 2
96 3
569 3
374 3
788 2
74 2
696 1
160 2
896 1
883 2
847 2
18 3
728 1
672 2
206 3
857 2
875 3
697 1
903 2
53 2
587 1
391 1
230 3
450 1
187 1
585 2
400 1
900 2
423 2
372 1
286 2
255 2
784 3
234 2
754 1
985 3
197 3
215 2
571 3
880 2
349 1
886 2
150 1
587 1
336 1
445 3
173 1
915 1
603 2
269 2
341 1
756 2
676 2
8 3
382 1
713 1
160 3
685 2
555 3
483 3
536 1
646 2
374 3
45 1
88 2
865 1
423 3
869 2
10 2
625 2
537 3
400 1
220 3
262 2
447 3
347 1
485 3
845 2
742 3
240 2
974 1
625 1
480 1
164 2
37 1
521 3
922 2
814 1
835 2
832 2
132 2
798 2
814 1
511 2
890 1
490 2
204 3
267 3
903 1
96 3
675 1
769 3
569 1
374 3
395 2
89 2
798 1
693 3
82 1
38 3
755 2
622 1
673 2
575 2
168 3
327 3
587 1
846 3
335 2
83 2
427 3
180 2
58 3
910 2
733 3
669 1
805 2
240 2
640 2
106 1
554 2
480 2
975 2
397 2
465 3
450 2
870 3
980 3
639 3
565 3
943 2
10 3
774 3
603 2
693 1
992 1
225 3
610 3
608 3
293 2
253 1
88 3
621 1
301 1
52 1
360 1
56 2
303 2
921 2
759 2
575 3
785 3
363 2
91 3
914 1
65 1
77 2
658 2
528 3
645 1
677 2
480 3
300 2
214 3
578 2
558 3
103 1
601 3
200 3
324 1
54 1
858 1
692 2
137 2
162 1
416 1
803 3
99 2
76 2
139 3
243 3
777 1
133 2
892 1
246 1
58 1
392 3
465 1
441 3
701 3
570 1
586 3
493 1
594 1
536 2
805 2
939 3
865 3
181 3
402 2
229 3
10 2
312 1
534 1
349 3
140 3
687 2
207 2
175 3
480 1
54 1
862 2
648 1
747 2
944 3
37 3
718 1
34 2
646 1
755 3
595 3
810 2
586 1
761 3
504 3
342 1
22 3
851 2
146 1
7 3
181 2
293 1
795 3
602 2
658 1
925 2
468 2
599 1
982 3
20 2
965 1
647 3
232 2
505 2
411 1
32 3
696 2
23 1
179 3
658 1
597 2
518 1
297 3
411 2
933 1
499 2
640 3
720 1
878 3
456 3
368 2
228 2
901 3
358 2
790 1
488 3
199 2
425 1
521 1
857 2
911 1
546 1
295 1
746 1
447 2
996 2
693 1
573 1
919 2
489 1
55 3
284 3
250 2
631 1
347 1
489 2
257 2
536 1
296 3
371 3
847 1
689 3
434 3
191 3
21 3
630 2
809 2
312 1
547 2
300 2
5 1
348 1
122 1
800 2
605 2
680 2
140 2
412 1
569 2
632 3
654 1
723 3
600 1
202 1
899 1
869 2
722 3
885 3
803 1
216 2
28 2
438 2
667 2
927 1
337 1
58 3
356 1
986 3
197 1
575 3
784 3
189 3
446 1
788 1
634 2
976 1
141 2
82 2
331 2
281 1
584 2
842 1
214 2
551 3
351 3
57 2
820 1
37 1
492 3
589 2
97 1
22 1
77 1
41 2
36 3
41 1
87 2
211 2
809 2
761 1
236 3
395 1
225 1
65 2
752 1
207 1
725 2
750 2
248 2
287 3
846 1
656 2
85 3
312 1
34 3
856 3
721 3
203 2
834 3
731 3
15 3
481 3
853 1
804 1
369 2
627 2
93 1
112 3
261 3
870 3
472 3
304 3
49 3
109 1
673 1
582 1
258 3
298 1
915 2
134 1
569 2
903 2
550 2
42 1
161 2
686 2
436 2
996 3
89 1
345 3
883 1
139 1
511 1
842 1
913 2
618 3
253 2
323 2
268 3
941 1
969 3
777 1
559 2
268 2
442 3
676 1
435 1
781 3
923 2
690 2
966 2
119 1
969 1
360 3
868 1
973 1
581 2
313 3
106 3
222 2
432 3
984 2
528 2
227 1
950 2
935 1
28 2
675 3
361 3
374 3
554 3
589 2
276 3
505 3
310 2
980 2
468 2
839 1
563 1
547 1
180 1
69 3
970 3
73 1
590 1
627 1
818 3
654 3
757 2
925 3
248 1
611 2
445 3
797 2
990 3
547 1
827 1
532 1
276 1
557 2
895 2
138 1
356 1
651 3
759 2
857 3
396 3
249 1
164 2
15 1
505 1
972 3
95 1
49 2
107 2
362 1
341 3
75 1
316 3
272 3
543 3
900 2
837 1
237 1
396 1
857 2
275 2
27 2
799 2
716 2
874 2
680 2
401 2
971 2
375 2
621 2
527 2
370 2
763 3
249 2
590 2
502 2
496 3
366 1
744 3
562 3
637 2
418 3
759 2
787 3
911 1
990 3
111 1
178 1
244 1
425 2
912 3
402 1
788 3
311 2
780 1
475 1
426 1
297 2
192 1
75 1
470 3
168 3
520 3
675 3
538 2
764 3
273 1
390 1
582 1
588 1
686 2
492 1
948 2
743 1
494 3
642 3
189 3
198 1
384 3
267 1
871 2
406 1
217 1
781 1
564 1
183 1
615 3
544 1
528 1
662 1
909 3
808 2
126 1
382 1
261 2
60 2
537 2
735 2
310 1
257 2
564 2
30 3
523 2
475 3
709 3
823 1
647 3
635 1
89 1
225 3
367 1
915 1
834 1
216 3
627 2
109 1
651 3
809 3
348 3
768 3
559 1
588 3
966 3
448 1
868 2
624 3
535 1
853 1
379 2
90 1
731 3
456 2
915 1
821 1
898 1
681 2
839 1
149 1
564 2
573 2
871 2
939 3
891 1
83 3
597 1
602 3
297 1
182 1
250 1
62 1
267 1
323 3
224 3
975 2
746 1
711 2
115 1
222 1
546 2
776 2
302 1
556 2
459 3
241 3
859 3
688 3
580 2
451 1
631 1
109 2
669 2
851 2
328 1
348 3
340 3
650 2
375 3
569 3
735 2
426 3
996 1
555 3
692 3
114 3
12 2
340 3
294 2
849 3
695 3
694 2
193 1
588 3
382 1
269 3
211 3
846 1
97 2
29 3
459 1
451 3
716 1
211 2
502 1
564 2
687 1
481 3
636 2
457 1
258 3
491 3
101 2
517 3
525 2
435 3
267 1
9 3
71 1
761 2
42 1
445 1
463 1
456 2
694 2
379 2
42 3
808 1
287 3
408 1
128 2
576 1
985 1
954 3
54 1
68 3
785 1
274 2
382 1
518 2
654 2
568 3
876 3
419 3
187 1
656 3
757 1
395 1
650 2
636 2
310 1
70 3
211 3
55 1
185 3
203 1
244 3
878 1
179 1
281 3
125 1
52 2
360 2
134 1
844 1
494 2
342 3
688 2
222 3
689 1
62 1
505 3
730 2
607 3
93 3
602 2
446 1
66 3
817 1
799 1
82 2
614 3
216 2
836 3
195 3
242 2
689 2
791 2
827 3
499 3
833 1
512 2
42 2
208 1
307 1
790 1
707 2
918 1
64 3
960 2
643 2
642 2
720 1
789 2
918 3
250 1
768 3
324 1
871 2
304 2
128 2
732 2
179 2
131 1
907 2
151 3
449 3
20 1
110 2
322 1
346 3
280 1
686 1
871 3
174 3
981 1
923 3
742 1
872 3
291 2
174 2
463 3
341 2
778 2
764 2
700 1
216 2
260 1
681 2
467 1
621 3
603 1
367 2
402 2
192 1
847 2
945 2
749 3
618 2
512 1
762 1
478 3
258 1
304 1
166 3
693 3
32 2
110 2
91 2
181 1
294 3
747 3
81 3
730 1
382 1
206 3
208 3
960 2
881 3
774 1
758 2
779 2
892 1
48 2
733 3
404 2
415 2
675 1
646 2
59 1
352 2
968 3
259 1
601 2
545 3
573 2
96 2
546 1
96 3
601 3
532 1
725 1
192 2
800 2
4 2
718 2
473 2
543 2
332 3
530 3
674 1
800 2
3 2
517 1
736 1
319 2
216 2
761 1
472 1
139 2
887 3
193 2
254 1
622 1
535 3
520 2
844 3
977 1
97 1
22 1
250 3
367 1
469 1
505 2
192 1
111 2
629 1
687 1
731 2
109 2
353 1
984 1
664 3
741 1
42 2
496 1
536 2
23 1
748 2
333 1
306 3
588 3
368 2
63 3
990 2
827 3
242 3
294 1
925 3
527 1
950 3
629 1
837 2
48 1
96 2
525 1
987 3
888 2
233 3
898 1
367 3
913 2
764 3
204 2
340 3
769 2
732 1
672 3
408 1
412 2
906 3
29 1
897 3
748 3
271 1
252 3
809 1
509 3
532 1
332 3
97 1
256 2
489 3
151 3
488 3
511 3
321 3
134 1
307 3
11 2
93 1
983 3
960 1
400 1
509 2
409 2
232 2
318 3
554 3
378 1
618 2
189 2
59 2
722 2
635 2
466 2
377 1
855 1
258 1
421 1
731 1
494 3
450 2
281 1
686 3
984 1
762 2
542 2
565 2
584 2
66 3
917 2
495 2
293 1
233 2
745 3
278 1
258 2
975 3
722 3
168 1
83 2
719 3
12 3
163 3
534 2
514 2
606 3
356 3
849 1
976 1
55 2
998 1
358 1
508 1
511 2
140 3
619 3
466 3
524 1
414 3
970 2
40 1
796 1
805 1
4 3
647 1
153 1
718 2
701 2
326 1
973 1
586 3
301 3
385 2
621 3
840 2
370 3
659 1
22 2
598 3
806 1
632 1
164 1
578 3
971 1
739 2
456 2
864 3
88 1
53 2
331 1
510 1
606 1
195 2
71 1
311 1
138 3
141 1
114 1
719 2
431 3
958 1
731 1
711 3
510 3
7 1
441 2
81 3
339 3
107 3
203 2
999 2
115 3
901 2
860 1
814 1
759 1
966 3
377 2
495 1
709 1
752 3
348 1
827 2
674 3
855 1
814 3
395 1
441 3
642 1
898 3
260 1
915 3
358 2
576 2
415 1
860 3
254 3
845 2
328 3
227 2
492 1
592 1
917 1
870 3
640 3
347 1
838 1
296 1
115 1
996 1
254 2
598 2
981 2
537 2
202 3
627 1
68 3
68 2
27 1
782 3
636 3
103 1
575 2
561 3
966 1
854 3
349 1
208 1
929 2
140 1
806 2
863 1
206 3
770 2
686 3
987 3
685 2
776 2
983 1
157 1
752 2
930 1
581 3
379 1
586 1
797 3
382 2
799 2
407 1
83 1
335 1
602 1
529 3
702 1
782 3
263 1
9 2
201 2
909 1
196 2
24 3
132 3
556 1
798 1
619 3
990 1
78 3
546 3
638 1
671 3
15 2
882 3
400 1
417 1
808 1
908 1
700 3
901 3
385 3
613 1
413 3
154 2
350 3
207 1
306 2
641 3
236 2
2 1
419 3
679 1
275 1
174 3
936 3
683 2
877 2
433 1
860 2
191 3
273 2
627 1
753 1
486 1
325 3
131 1
440 3
701 1
236 1
798 2
559 2
194 1
951 2
184 1
110 2
874 3
523 2
287 2
457 1
133 1
6 3
914 2
604 3
352 3
634 2
217 3
329 3
508 2
414 1
999 3
836 1
714 1
968 1
364 2
221 1
322 1
507 2
810 2
22 1
57 1
370 3
875 1
630 1
161 2
648 2
612 2
595 3
546 2
20 3
496 1
548 3
158 3
435 3
408 1
810 1
681 2
629 1
376 1
53 3
354 3
755 3
544 1
650 3
807 2
25 2
876 1
579 3
309 1
465 2
474 2
787 2
500 2
755 2
366 1
729 3
901 3
511 3
93 3
79 2
497 2
560 3
503 3
303 3
183 3
377 3
822 2
773 3
916 1
388 3
777 2
223 1
755 2
868 2
747 1
42 2
588 1
475 2
160 2
375 3
297 2
943 1
727 1
602 2
657 3
592 2
789 1
134 2
10 3
229 3
834 2
339 2
618 3
2 3
400 2
162 1
90 2
75 2
916 2
781 3
580 3
273 1
833 2
827 1
213 1
904 3
456 3
817 2
48 1
374 1
474 3
233 3
417 2
118 1
329 2
962 1
892 2
92 3
639 2
263 2
755 3
123 2
783 3
470 1
709 2
150 3
944 2
857 1
530 1
518 3
605 2
687 1
324 2
728 2
727 3
331 3
797 2
882 2
511 1
296 1
893 1
752 3
707 3
910 1
69 2
805 2
99 2
744 2
740 3
958 1
838 3
91 2
437 3
402 2
761 3
401 2
183 3
727 3
539 2
804 1
288 1
822 1
536 2
400 1
781 1
535 3
94 2
851 1
110 3
550 1
798 3
121 1
4 3
655 2
500 2
458 1
931 2
360 1
632 3
145 1
473 1
997 2
683 1
846 1
886 1
693 3
833 2
368 2
276 3
133 1
555 3
356 1
124 1
701 1
566 3
904 2
348 1
109 2
783 2
914 1
677 2
70 3
479 2
376 2
252 3
44 1
98 1
562 3
28 1
708 1
622 2
178 2
106 3
413 1
587 2
326 3
258 3
900 2
38 1
53 3
502 2
909 2
343 1
243 1
224 2
322 1
786 3
583 3
449 1
417 2
129 2
923 2
229 3
788 2
494 3
588 3
989 2
312 1
554 3
355 2
727 3
227 1
383 2
960 3
224 2
69 1
442 1
641 1
47 1
34 2
236 1
850 1
402 3
578 1
30 3
442 3
391 1
690 2
346 2
83 3
635 3
52 1
183 3
812 2
941 3
424 1
907 1
973 2
894 1
554 1
190 1
668 1
219 1
635 2
262 1
819 3
870 1
186 2
993 2
474 1
669 1
488 1
100 1
114 2
757 1
500 3
898 2
353 3
400 1
198 1
546 2
163 3
917 2
748 1
942 2
275 1
868 1
175 1
695 3
855 3
305 3
573 3
425 1
355 3
822 2
360 1
536 1
236 2
156 3
520 3
878 3
631 1
783 1
135 3
755 2
643 1
943 3
716 3
49 1
747 3
418 3
873 1
731 2
329 1
792 2
232 1
985 1
931 1
405 2
899 2
27 2
524 1
516 2
153 1
89 2
774 1
130 2
657 1
792 3
825 2
241 2
405 3
265 1
273 2
391 3
810 3
134 3
17 3
596 3
329 1
693 2
440 2
961 1
459 2
12 3
547 2
574 1
22 1
374 3
289 2
385 1
726 2
599 1
719 2
234 1
316 3
740 2
467 3
624 1
644 1
48 3
725 3
251 1
453 3
912 1
891 3
76 3
134 2
607 3
929 3
293 3
25 3
874 3
893 3
728 1
112 2
754 2
906 1
273 2
503 1
445 3
317 1
785 2
188 3
749 1
151 2
927 2
466 2
971 2
40 1
387 2
73 3
55 2
608 2
661 3
490 2
971 3
666 2
12 2
611 3
925 2
73 2
770 1
904 3
98 3
644 1
391 3
632 3
631 2
909 3
698 1
385 3
73 1
441 1
731 3
48 2
495 2
650 3
333 1
460 3
29 3
309 3
688 3
569 3
234 2
934 1
57 1
23 3
505 1
693 2
457 1
447 1
383 3
396 3
374 3
666 1
79 1
186 2
628 3
190 2
698 1
79 2
590 3
796 3
74 2
458 1
764 3
403 3
686 1
652 2
339 2
69 1
473 1
856 2
940 2
987 3
222 1
130 3
707 3
921 3
372 3
316 1
40 3
927 2
763 3
633 3
894 3
888 2
882 3
76 3
459 3
160 3
755 2
32 2
282 1
511 3
60 3
516 3
56 1
690 2
546 2
692 2
773 2
971 3
12 3
572 2
820 1
877 3
259 3
198 3
216 3
346 2
224 1
101 2
108 1
491 2
824 3
770 3
438 2
655 2
230 1
707 3
429 2
290 1
877 1
273 2
204 1
805 1
432 1
243 1
76 3
883 1
205 1
517 2
995 3
363 2
353 1
451 2
78 1
877 3
418 2
759 3
254 2
256 3
989 2
418 3
745 1
645 3
969 2
773 1
546 2
485 2
676 2
298 2
376 3
919 3
187 3
454 1
934 3
190 1
316 3
102 3
901 3
133 2
354 2
846 3
975 2
469 2
427 3
347 1
306 2
273 3
69 2
869 1
694 3
350 1
710 1
302 2
604 1
518 2
569 2
304 3
497 1
835 2
602 1
775 1
885 3
135 1
838 3
578 1
224 2
897 3
937 3
291 3
427 2
714 2
457 1
981 3
664 3
796 1
961 2
791 3
269 3
824 1
729 1
403 2
647 1
375 1
451 1
349 2
427 1
407 2
278 1
211 2
234 2
288 2
549 1
754 2
618 1
138 3
308 2
837 2
263 2
910 1
2 3
529 1
966 1
43 3
308 1
449 2
992 3
246 3
469 2
107 3
34 1
173 3
157 2
974 1
634 3
788 2
512 3
681 2
234 3
291 2
433 3
804 2
376 2
731 1
690 2
749 2
429 2
684 3
530 2
274 3
532 3
319 3
360 3
481 3
687 2
607 3
797 1
632 3
516 1
786 1
48 1
806 3
625 3
444 2
761 3
744 3
181 2
450 2
759 3
371 1
797 3
688 1
607 1
763 3
565 3
788 2
264 2
615 1
999 3
408 1
412 1
40 3
511 1
939 3
834 2
81 2
568 1
408 2
841 1
731 2
850 2
561 2
614 2
360 3
481 3
423 2
818 2
854 3
240 3
401 2
30 1
353 1
372 1
594 3
623 2
834 3
931 1
178 3
70 3
520 1
284 3
485 2
965 2
436 3
585 3
732 1
871 1
555 3
223 1
2 2
809 3
444 2
440 3
600 3
786 1
189 2
141 3
48 3
42 2
525 1
785 1
354 3
489 2
930 3
296 2
836 1
213 2
197 1
100 1
291 3
270 3
337 2
8 2
406 3
482 1
488 1
723 1
198 2
899 1
378 3
100 1
761 3
217 2
270 1
728 3
271 2
940 1
853 3
306 1
98 3
639 2
173 3
831 1
974 2
536 3
278 3
37 2
453 3
37 3
110 2
643 3
768 3
413 2
475 3
230 2
31 1
519 2
236 1
736 2
696 3
624 2
254 3
642 1
608 1
688 2
215 1
133 1
823 2
580 3
722 1
118 1
536 1
28 3
191 1
744 1
49 3
675 3
185 2
557 1
378 1
525 3
604 2
266 3
371 2
999 3
809 1
268 1
507 1
341 2
678 2
213 1
396 2
647 1
845 2
954 1
947 2
939 3
98 2
427 1
998 2
270 2
960 3
842 1
917 3
694 2
897 3
230 2
454 2
741 3
65 2
63 3
63 3
150 2
58 2
595 1
906 1
407 3
130 3
375 2
906 2
271 2
770 2
577 2
12 2
466 2
997 2
740 1
239 1
69 3
645 2
986 3
698 1
246 1
107 2
873 1
999 3
250 3
732 1
198 1
966 1
211 2
582 2
290 3
42 2
944 2
498 3
581 3
723 3
807 1
692 1
75 3
876 2
835 1
891 3
433 3
585 3
906 1
149 1
446 1
874 2
504 2
898 1
180 3
557 2
892 3
769 3
402 1
160 2
405 3
741 2
544 3
145 3
684 2
79 1
782 1
551 1
182 1
551 3
194 1
544 3
782 2
21 1
872 3
321 1
387 2
369 1
164 1
817 1
746 1
25 1
557 2
562 2
638 1
862 1
434 2
633 3
325 2
167 2
430 3
69 1
652 2
600 2
595 1
525 1
322 1
731 2
779 2
631 2
326 3
17 1
596 2
781 2
301 3
971 2
773 1
989 1
170 1
174 3
812 3
140 2
400 3
558 2
370 2
42 1
323 2
301 1
99 3
641 1
79 3
17 3
614 2
595 2
253 2
149 1
779 3
38 2
157 3
91 1
300 2
17 1
295 3
732 1
547 3
606 1
584 1
66 2
141 2
906 3
383 3
825 1
161 1
998 3
714 3
881 3
463 3
425 1
295 3
873 3
188 3
614 3
940 3
115 1
170 1
756 3
23 3
516 2
773 1
676 3
141 2
603 2
108 1
302 2
528 3
37 2
354 3
640 2
597 3
217 2
161 2
838 2
29 1
469 1
565 3
446 3
796 3
363 3
250 1
800 1
282 2
122 2
307 2
162 1
121 2
865 3
49 2
179 1
178 1
229 3
184 2
230 2
959 1
710 1
914 2
293 1
930 2
219 3
891 3
470 2
496 3
201 2
976 1
58 1
384 1
578 1
711 1
630 2
355 3
746 1
651 3
11 3
890 3
228 1
779 3
304 1
466 2
488 2
714 3
173 1
480 3
901 3
799 2
611 1
901 1
6 2
636 3
848 3
372 3
612 2
681 2
458 1
994 1
502 3
654 2
982 3
298 3
93 3
424 1
258 3
585 2
99 2
910 1
21 1
697 3
983 1
216 1
635 2
668 1
4 3
119 1
901 3
267 1
510 1
750 1
267 1
939 3
503 1
213 3
990 3
349 3
418 2
625 2
356 1
941 2
576 1
391 1
951 3
407 1
841 3
868 2
425 2
955 2
433 3
537 2
757 3
91 1
210 1
372 2
952 2
747 3
79 2
534 2
709 1
502 3
590 3
688 2
268 3
734 2
986 2
589 3
402 1
158 1
589 2
559 1
640 3
390 2
273 2
776 1
900 3
189 2
128 2
456 2
934 2
132 1
321 3
970 2
692 3
707 3
958 2
143 3
767 3
370 2
568 1
748 2
429 3
840 1
847 1
573 2
692 2
841 2
134 2
112 1
798 2
544 2
359 3
482 1
85 1
693 2
814 2
967 1
977 2
684 3
788 1
403 3
467 1
42 3
79 2
374 1
28 1
657 2
897 2
78 1
831 3
6411