50
50
660424481 953938765
861552184 876812536
932490276 945255837
609803121 903725537
273933977 997381576
900906381 908004154
270297095 936065602
565936685 757732183
317726632 581872350
602510583 643908124
311168742 455671657
158198777 308040852
380419767 766712682
399495158 454683287
170052064 251204017
397422418 519065819
240711886 508274138
517057925 856651244
839845499 877889963
166197714 679326273
620593094 705683937
794517845 910918460
468329841 723877463
820279445 999152361
450559358 779548563
581697015 805749070
945795967 966785317
795438796 865740205
930692364 981512711
756983488 892631965
963081565 970619788
844698689 989194583
55979831 244883873
404137931 407218724
759148067 854319486
592412316 896277950
445712924 691806208
182573036 594846643
822157546 911211495
884508510 932774518
695027763 981954315
633539106 653511125
51194973 81494087
962597958 974045750
229374724 274913617
30584397 125125202
905685858 925625369
687094581 746615571
236152303 927584464
546769980 920545056
