43 30
45 -491 -298 477 476 -56 18 212 474 85 104 -111 360 -371 313 21 -446 -408 -445 446 339 -100 176 181 233 353 -473 -37 120 -457 197 -248 358 -256 408 -28 359 -189 -488 -61 -10 248 -100
-287 28 -181 -89 121 419 -482 424 76 159 -381 458 312 -25 -62 -309 -487 -144 109 -163 -406 -29 -393 30 108 -242 -34 -307 81 -104 285 -323 -69 240 -207 36 262 -394 -376 -254 355 -14 449
-378 -433 -299 -497 243 330 243 434 13 -453 -367 -496 -259 352 -488 344 140 27 266 158 -473 187 -18 -26 341 206 434 -449 -13 -452 206 274 -482 -152 -315 -386 -273 -249 184 255 485 -487 25
-423 -176 299 -244 -278 -29 395 105 -494 186 -222 -191 153 -308 262 -320 -55 -482 -419 -295 -239 8 -186 399 -487 279 -228 145 -377 -241 -51 -243 443 415 463 -341 -20 -474 -380 -387 -29 -290 396
101 166 444 -233 -210 -405 -499 28 -269 211 170 -382 242 445 -329 -489 362 221 297 67 374 126 27 220 486 44 -111 -368 -341 134 332 118 -258 218 223 -187 -331 89 -463 123 -233 497 -435
-35 77 -407 -468 -196 429 244 365 -160 348 -80 291 -134 -470 -264 -372 384 39 255 337 211 -288 -177 141 -220 359 -370 -450 225 -77 68 297 -152 -362 89 -133 -450 -293 -210 -82 -208 82 -470
214 -384 390 396 57 -357 485 -140 -344 -466 -449 -134 -475 -191 361 -45 105 348 -189 211 -108 489 387 58 -467 101 389 265 -76 472 -86 -72 -344 -452 -249 259 237 144 389 151 -135 136 -429
273 -17 -412 109 476 -117 160 -130 54 -318 -74 182 308 -235 -66 433 -353 97 -347 -155 497 -408 -342 -456 343 -21 436 -391 -198 126 452 -91 342 72 40 175 76 152 -14 106 -439 219 -43
346 -148 180 -291 -372 -243 -102 197 338 356 376 70 54 -438 310 300 404 -39 -288 308 269 -58 -108 -99 118 -152 87 278 -444 -460 270 403 338 -32 241 420 -409 -218 271 454 -8 -167 475
355 -135 349 -469 -406 225 -287 16 453 121 -214 497 403 -365 353 -286 406 -179 -367 -120 -159 341 -181 -472 -227 179 220 -358 -203 -133 196 -263 418 331 295 167 413 194 356 336 494 31 158
-315 327 -379 95 -91 130 67 -469 312 138 -60 -169 -260 -397 133 142 187 -374 426 450 332 347 -103 -491 -251 -136 -375 -82 294 225 332 445 270 -315 -101 52 194 -132 228 -179 -160 182 389
-360 -51 -397 172 -10 -175 361 117 -193 -399 152 310 471 -236 -118 -499 373 -112 -436 -286 -389 281 309 -40 -331 202 -103 -407 -131 489 152 -73 -443 347 183 -364 248 225 -26 2 421 -261 439
349 -240 -23 359 -265 -99 236 88 111 195 -240 -216 -247 339 419 210 -38 -322 229 -285 405 -105 236 -390 108 35 -197 -333 -400 447 259 -4 356 3 -369 270 172 -317 94 25 -456 366 233
-279 369 184 447 394 487 -442 316 98 131 -357 37 -453 -212 -484 192 196 -375 187 376 6 -499 -69 -14 -444 -415 -217 -193 -5 338 -190 -31 -246 89 -255 -471 -307 -439 395 -253 -251 -388 -472
284 -427 385 -42 37 337 196 474 -165 39 -273 377 252 241 -52 325 -163 10 377 -152 461 9 -341 -174 497 273 202 441 -261 468 20 219 -108 396 169 469 466 360 -377 290 -183 323 -465
-250 -349 -428 -369 -215 -450 265 -418 -362 -264 -40 -40 -93 -177 -315 -72 260 257 -249 193 -146 -111 -95 -497 -272 355 354 153 -119 90 474 -478 -232 420 91 -61 -298 374 288 -298 -351 -219 -221
333 -57 99 -388 89 -481 276 -85 164 46 155 -412 -8 -479 61 -101 429 172 -200 30 -210 -481 -257 -379 -365 26 -97 -416 255 454 327 458 -479 93 499 -82 68 463 -275 296 -102 348 -52
-353 331 210 -47 -399 86 -443 -320 -345 2 -71 88 -251 -113 -352 324 -271 -152 199 115 -257 465 253 -160 330 340 -97 76 -276 27 -216 -358 352 45 462 -116 -384 368 -360 106 -333 -350 233
136 82 55 199 -67 275 129 -131 109 407 32 -269 60 -243 149 292 -250 322 114 323 -274 214 164 -156 189 331 -493 495 -166 40 -474 -496 317 -487 -97 40 412 104 305 -445 15 -493 290
103 470 239 -431 -406 450 -244 181 -333 67 -452 -458 -295 -52 -54 -126 136 472 -125 457 190 72 433 -82 -50 -185 286 145 -342 290 333 177 90 -296 467 443 408 -438 -334 123 462 -352 383
-397 497 258 425 299 52 475 455 93 -224 60 -218 463 179 -212 281 192 -321 401 -483 -115 -319 -428 -478 -32 171 284 32 -174 89 39 139 -200 -492 163 221 12 202 -56 -73 389 -143 -312
-477 152 -26 -382 -61 -186 434 -232 395 -256 70 467 -120 -149 -106 -239 -466 312 -129 -284 96 417 136 -12 -395 -294 488 96 -379 329 127 376 382 -58 0 179 -235 207 102 -176 116 -249 -136
-103 199 -377 166 -111 -62 -203 76 8 -281 -233 -182 -461 -391 476 280 -5 -271 -273 328 494 364 48 -347 -485 -79 73 -296 15 119 362 -62 15 263 -355 411 312 -236 433 -296 -380 -133 -1
364 106 20 346 160 88 364 -38 -431 -45 -24 -182 -459 -267 -307 472 309 -264 -193 -301 -160 -441 246 -482 -107 417 -238 297 494 -417 -217 26 -109 -277 179 66 -88 -65 292 181 -464 -374 273
-201 211 -423 -448 -36 349 399 401 81 -406 -352 -21 465 247 77 30 136 332 362 373 -146 150 174 -81 -6 61 212 141 -378 18 120 -403 202 -55 176 -169 209 -167 159 141 -36 -308 -486
-317 476 -116 -354 -373 158 105 213 -75 -476 408 -276 364 214 -196 -28 255 296 -155 327 -476 434 235 241 -217 -105 -390 -345 30 -207 -164 34 -237 -158 -411 -242 169 -296 -93 100 392 112 -170
-83 -78 3 80 -142 307 39 222 -175 176 -431 -223 128 52 13 368 277 356 152 -333 141 -44 -51 -282 260 -445 -418 304 -491 374 50 -110 -282 232 -488 -235 -318 157 -13 -78 471 -299 -123
477 311 -65 -358 -369 155 431 -183 300 208 -21 -52 -268 219 -349 260 -198 367 336 -462 -97 -101 13 -117 210 51 54 -161 -172 -136 7 296 -292 109 123 -363 -498 -93 60 -31 -418 -75 -385
292 -336 -492 -332 405 -148 -81 458 346 -244 452 482 129 -296 8 -96 330 129 93 -449 -311 -210 -40 -306 410 -344 -103 -400 -487 -485 100 -374 -478 -140 -310 48 84 169 58 -486 268 177 -154
342 252 -457 -82 474 19 118 458 20 123 -489 210 -85 410 403 -30 -303 20 -109 451 -158 -43 298 -398 254 -174 146 -211 -64 199 -476 -167 -350 393 -304 -211 242 -233 -338 -462 -80 -205 398