126 7
6 7
1 2
16 17
8 9
9 12
8 13
3 5
2 3
6 13
7 12
8 14
10 13
5 8
5 7
4 10
9 10
5 6
4 5
7 7
3 5
9 10
1 1
6 7
5 5
8 14
4 8
10 16
9 12
3 6
10 15
7 9
1 6
1 7
12 18
4 9
4 9
10 13
2 2
10 10
16 17
3 5
9 12
3 9
8 11
8 12
9 10
8 11
7 13
9 14
10 14
4 6
2 2
8 8
9 14
13 18
2 4
6 7
10 11
5 5
7 8
3 4
9 13
9 9
6 11
10 13
4 6
5 13
7 11
4 10
8 13
9 14
10 11
5 9
6 8
8 8
4 6
3 8
4 6
3 6
3 7
9 11
16 20
11 14
6 10
6 6
5 8
1 1
4 6
9 9
11 21
4 11
8 9
11 16
7 13
4 11
6 16
5 12
1 8
6 8
1 5
3 8
11 21
7 10
9 10
1 4
5 6
8 13
10 12
8 9
10 13
5 5
10 11
4 10
8 8
12 19
5 9
1 8
7 8
8 11
7 13
3 6
6 9
6 12
11 16
9 11
11 13
