1071 2
40 40
271 279
221 231
183 184
339 346
42 50
189 190
297 297
160 164
204 204
154 160
99 104
167 167
66 71
99 101
138 147
315 316
138 140
24 29
324 328
317 323
222 224
221 228
168 170
7 8
229 232
116 117
244 249
53 54
157 159
252 259
138 143
233 233
30 37
35 35
305 306
155 155
194 201
175 182
9 12
41 46
253 253
45 51
234 242
190 195
202 205
157 158
81 82
33 39
158 159
181 182
179 181
66 73
43 47
315 321
57 66
95 95
41 51
49 52
310 324
185 185
44 45
173 175
83 84
146 151
140 145
46 48
150 155
44 48
256 259
52 57
198 205
200 206
83 86
140 141
149 152
185 188
150 150
199 203
156 170
189 189
69 70
158 161
318 320
69 70
340 347
51 56
189 191
179 181
68 69
33 43
245 252
204 207
46 47
253 264
7 9
257 261
66 68
231 231
154 159
34 45
171 175
126 130
267 272
251 255
248 257
47 51
38 38
159 161
98 101
192 198
244 247
33 33
197 207
66 68
35 37
34 40
259 262
99 99
190 191
168 175
64 66
173 180
176 180
69 71
208 210
304 304
69 69
38 49
246 253
149 154
200 206
174 181
33 38
259 260
83 84
126 129
195 202
218 221
34 45
273 277
237 238
134 136
99 102
270 277
162 163
69 73
279 283
300 300
223 225
111 114
246 249
153 153
174 175
314 315
313 318
68 68
181 189
159 163
49 53
172 179
277 284
232 241
334 345
64 65
36 39
305 310
234 244
39 48
252 260
46 46
49 51
203 203
160 160
303 305
229 230
24 30
221 224
6 8
161 161
245 256
139 144
208 214
48 48
324 324
178 182
152 152
51 55
192 196
175 178
217 218
226 226
10 11
24 30
305 305
226 232
85 87
248 250
236 240
339 347
156 156
168 174
141 143
83 87
142 145
157 159
311 317
51 51
113 113
247 249
176 183
303 309
78 83
199 205
183 192
51 52
131 134
179 185
223 232
141 144
195 195
298 299
173 181
145 155
64 68
197 204
189 191
216 221
246 259
246 248
86 86
259 259
157 157
33 34
60 62
49 50
45 52
42 42
50 53
139 145
85 87
94 96
347 350
145 147
317 319
153 154
220 222
114 115
207 212
38 45
301 302
69 69
181 185
60 65
131 133
259 263
66 66
184 190
157 157
241 242
152 153
136 142
20 30
220 227
197 201
315 319
32 32
131 136
261 266
168 168
79 83
68 71
268 270
153 158
63 68
57 64
296 297
138 139
305 307
154 156
244 244
185 188
153 155
175 180
50 51
167 168
31 36
198 207
48 50
318 318
50 53
173 178
111 113
159 161
222 225
303 307
157 158
337 342
158 162
36 39
33 38
46 53
301 302
235 237
160 165
314 317
174 185
46 50
199 206
184 188
196 203
254 257
311 318
163 167
189 194
52 57
136 142
205 207
49 50
317 319
194 196
161 170
68 78
302 302
60 64
207 210
67 78
51 53
73 76
38 38
31 44
32 35
148 148
178 184
177 181
244 244
50 50
157 157
228 232
315 321
256 258
177 177
153 153
153 155
187 189
6 8
142 146
50 50
163 169
7 8
205 207
184 189
203 203
30 34
83 87
163 165
9 15
187 188
223 234
186 187
163 163
58 66
246 247
197 205
82 83
256 257
51 55
238 246
205 207
136 140
148 153
95 96
189 190
318 318
49 55
159 163
155 158
154 163
50 51
46 50
50 50
153 153
301 304
256 256
150 152
180 183
33 38
322 325
244 247
162 168
50 53
126 131
155 156
173 178
83 91
32 42
109 115
139 144
116 116
168 175
208 217
153 158
168 168
83 83
153 156
184 189
249 258
138 139
51 57
140 142
192 198
338 341
139 139
158 161
253 255
267 275
84 87
50 53
206 210
165 170
136 139
164 169
82 84
258 260
139 145
98 103
296 296
338 342
302 306
134 139
220 223
142 143
244 256
209 212
189 189
50 54
139 140
44 49
7 11
151 153
83 83
41 45
299 302
57 63
312 323
157 161
300 304
172 175
7 11
221 227
33 41
141 147
259 265
246 257
69 74
207 208
141 141
179 187
251 257
29 34
35 45
318 320
59 63
271 280
115 120
31 44
302 305
130 131
145 147
305 305
174 181
51 51
142 145
244 247
245 253
95 96
174 177
52 56
204 204
319 328
25 30
181 183
277 277
218 219
172 173
216 220
47 51
296 301
256 257
38 42
131 131
181 186
159 164
171 173
236 245
110 113
320 327
260 262
211 215
257 258
173 181
157 161
131 135
78 83
249 261
54 55
305 306
173 177
248 250
153 153
222 224
207 210
163 166
180 181
39 51
41 47
35 44
158 163
69 71
36 48
316 318
311 312
159 159
338 342
114 114
50 55
166 169
144 146
54 59
305 308
137 139
69 73
138 143
142 143
181 184
136 137
199 200
159 161
195 196
278 281
43 44
42 44
187 187
221 223
157 161
81 84
152 154
201 201
268 277
223 226
49 56
147 147
175 178
46 46
27 28
150 152
334 347
50 50
166 171
131 132
139 145
72 75
35 35
19 19
215 219
204 206
155 156
248 251
156 156
279 281
206 208
170 170
176 179
116 119
157 159
220 229
60 64
209 209
129 130
48 48
96 99
147 154
131 135
62 66
140 143
51 56
176 185
190 195
65 71
174 174
46 47
83 86
246 251
255 257
61 61
244 247
68 69
50 54
50 50
176 181
49 50
301 303
244 247
49 51
205 210
93 94
241 245
221 223
252 262
239 244
142 147
260 263
304 305
69 74
58 62
229 233
322 323
83 85
156 163
84 88
221 233
141 148
189 195
313 315
173 175
140 142
139 144
2 9
47 51
255 260
341 346
85 89
133 134
22 23
30 33
85 88
139 141
30 30
19 27
111 117
341 351
78 81
172 173
32 41
40 48
214 214
313 318
137 139
42 52
193 197
60 64
220 220
259 260
195 201
131 131
157 157
211 222
197 201
52 53
176 177
140 144
157 157
271 273
52 53
203 203
131 132
244 245
153 153
172 174
155 163
80 82
198 201
196 196
313 315
140 141
173 181
159 168
30 36
42 44
170 175
133 140
150 155
130 130
42 49
158 158
268 276
174 174
176 179
37 50
38 38
81 82
346 352
208 211
221 229
211 217
64 68
52 57
256 257
157 160
315 325
38 41
79 84
253 261
303 304
24 31
220 225
153 153
167 170
222 226
59 62
174 177
49 55
259 264
159 161
36 47
52 54
173 176
321 328
46 47
198 202
134 135
239 244
98 103
323 330
311 312
176 179
305 309
84 84
211 211
303 303
168 172
267 273
45 47
24 29
38 48
114 118
248 248
179 179
4 8
113 114
95 95
254 255
317 320
315 317
157 157
158 161
185 190
139 139
158 160
35 36
163 164
199 201
175 181
244 245
220 223
215 217
99 102
156 156
155 157
133 136
66 66
48 54
181 181
42 50
222 231
164 169
268 278
200 203
65 73
155 157
160 168
37 42
114 118
63 64
11 11
314 314
194 204
257 258
156 159
174 177
84 91
48 54
147 147
316 330
181 181
337 344
180 183
311 311
233 237
163 167
299 299
185 190
161 165
137 141
28 32
154 162
161 166
32 33
84 88
216 216
11 12
190 192
217 219
2 11
159 159
160 160
272 280
42 47
29 33
251 256
140 140
220 223
266 276
173 181
177 184
98 99
176 179
202 209
277 281
303 306
313 322
172 176
229 231
250 251
162 167
172 179
304 305
182 186
48 50
127 128
117 118
49 50
188 190
259 262
78 82
226 233
220 221
24 28
180 191
211 214
254 256
86 87
202 211
173 178
4 6
161 165
47 54
165 170
33 46
83 85
43 47
37 45
158 164
36 45
166 172
140 140
48 54
127 130
6 10
6 10
231 234
172 176
73 75
184 191
202 207
47 48
159 163
31 33
46 50
37 40
171 178
242 246
142 147
246 247
258 259
37 45
275 284
163 164
63 72
49 51
63 65
69 69
197 197
199 203
202 209
217 218
134 134
139 141
50 51
174 176
310 311
221 221
221 224
251 261
139 140
167 176
158 170
301 305
46 49
40 41
251 257
213 213
178 186
195 198
182 191
157 157
131 131
147 155
51 51
47 51
63 66
83 87
41 42
163 163
178 186
31 34
44 54
168 169
198 199
25 30
37 46
305 305
131 132
33 40
189 189
241 246
25 34
242 245
65 69
186 187
41 41
165 175
63 72
175 180
253 259
60 66
42 46
220 229
169 176
48 52
141 145
140 143
340 351
301 305
334 343
94 97
201 202
36 46
237 246
156 158
301 304
158 163
194 196
166 168
305 308
141 141
145 150
170 174
97 99
176 186
181 187
160 164
316 322
181 185
51 54
196 198
99 101
140 140
159 159
175 175
211 215
61 67
116 120
187 192
50 56
259 263
62 65
69 69
347 352
302 308
46 49
42 45
162 162
94 98
21 29
22 22
223 225
198 200
159 160
260 264
41 48
141 144
68 71
161 162
246 251
161 173
157 160
131 133
48 55
203 205
303 306
152 152
99 100
137 137
69 70
46 48
336 342
65 67
248 255
215 222
158 158
137 140
131 131
138 142
341 346
223 223
188 188
137 139
137 137
175 183
114 116
69 74
19 26
143 147
230 241
83 84
345 350
10 15
3 3
49 51
53 57
247 247
83 89
238 242
153 157
347 351
194 194
3 6
78 80
47 52
246 256
178 183
153 154
156 156
142 144
83 88
81 84
251 255
185 185
142 147
216 228
117 121
45 47
34 37
84 86
136 138
81 81
67 67
161 170
110 110
305 305
140 143
246 248
230 242
109 109
197 199
64 68
318 318
136 136
303 303
48 55
