41 38 37
2 10.506884 1 2 -1
-1 -1.000000 -1 -1 8
-1 -1.000000 -1 -1 7
-1 -1.000000 -1 -1 5
39 9.352674 3 4 -1
12 6.427747 5 6 -1
-1 -1.000000 -1 -1 9
-1 -1.000000 -1 -1 0
31 1.679123 7 8 -1
-1 -1.000000 -1 -1 4
-1 -1.000000 -1 -1 1
1 17.787279 9 10 -1
28 15.827336 11 12 -1
-1 -1.000000 -1 -1 5
-1 -1.000000 -1 -1 4
-1 -1.000000 -1 -1 6
1 14.030862 13 14 -1
-1 -1.000000 -1 -1 0
27 12.442009 15 16 -1
1 18.534165 17 18 -1
-1 -1.000000 -1 -1 6
38 10.590634 19 20 -1
34 4.617314 21 22 -1
14 12.065187 23 24 -1
33 6.265913 25 26 -1
-1 -1.000000 -1 -1 2
-1 -1.000000 -1 -1 8
-1 -1.000000 -1 -1 0
-1 -1.000000 -1 -1 6
-1 -1.000000 -1 -1 5
6 9.215867 27 28 -1
36 6.006142 29 30 -1
17 7.347742 31 32 -1
39 6.916229 33 34 -1
-1 -1.000000 -1 -1 0
23 4.378938 35 36 -1
-1 -1.000000 -1 -1 6
-1 -1.000000 -1 -1 0
16.272604 1.019517 4.486017 1.353178 15.045230 14.417957 8.226104 20.831720 2.080854 21.820076 21.090246 17.843595 20.611323 15.803255 2.051756 2.706366 5.493524 8.289722 21.807368 2.482436 7.692900 9.401135 22.434022 1.631474 8.769217 3.810412 17.499019 21.280143 2.877692 7.613319 8.620250 1.147890 18.901829 4.780847 19.767049 23.583583 24.843381 6.036922 10.351839 16.221965 3.116385
9.716694 8.725075 7.164010 10.722309 4.922349 18.359232 14.140383 14.827999 3.509781 4.651011 14.143075 11.648171 23.496366 3.763422 12.099826 16.710927 5.672621 0.183051 3.606450 17.546959 21.512768 11.321745 15.512692 8.114000 2.893602 19.235530 22.463504 5.274050 16.451274 24.732687 6.791618 5.668255 19.017746 17.465176 10.105078 22.249610 11.661508 16.214550 18.086037 10.205222 1.326513
17.889720 15.794358 14.051245 17.840930 23.380623 7.898138 1.393163 23.095790 19.968313 1.736559 13.395258 0.259579 15.999100 4.556248 0.777371 7.811556 19.608379 3.690821 8.675368 22.943078 21.125281 15.486645 0.247354 20.214868 7.637225 23.724737 7.794590 15.940679 22.979526 4.675446 15.203903 3.045419 9.362408 17.436074 14.432819 15.424531 20.798952 6.305763 8.625163 19.889768 21.301451
10.878005 9.115012 23.201710 20.582771 23.212990 24.040517 0.354471 10.993015 9.965893 19.346332 8.197400 14.169529 19.239444 14.754893 5.793837 13.101351 14.631306 16.895551 13.065013 11.063604 3.240288 19.650847 4.044273 21.016978 13.839959 23.516246 20.692149 6.691678 5.609203 24.272762 13.183135 11.792339 23.883784 13.957628 17.477300 15.276621 1.626207 7.375927 18.552807 4.333683 1.127522
18.589531 12.800331 9.415944 12.920211 8.436134 16.026530 6.220139 7.818961 16.032338 15.727781 15.250821 22.403209 4.190649 7.942366 23.991825 16.770502 8.470971 2.092124 8.387929 4.952477 0.010573 3.512144 5.410649 23.359038 10.324886 5.320834 20.988616 3.026797 18.171803 21.512417 11.558201 11.359770 17.914479 3.428549 19.853562 20.088184 4.595233 12.398760 15.313624 15.087936 3.213232
13.859465 5.332659 4.965300 10.364997 18.702847 15.080083 10.483187 1.139046 2.002190 0.531984 9.969943 0.978776 2.905409 12.368807 17.329228 15.729708 22.782871 23.864838 7.445487 4.966968 10.758572 13.726969 19.894251 18.352642 23.549288 17.175345 3.643903 8.402693 19.863390 1.931077 7.773805 7.460144 9.443154 8.976760 19.774863 19.067255 18.272307 14.485606 5.235257 12.868618 6.908712
11.522390 11.334494 7.111571 6.885512 11.392968 24.371286 21.638355 17.686064 17.171078 6.745824 18.454973 13.962289 20.269397 1.152334 10.861933 20.737443 16.604028 3.617951 4.040192 11.362368 11.526107 18.406819 4.902018 3.575045 22.937131 10.924967 22.593512 24.191871 20.781712 10.112343 0.465306 20.057521 4.994431 15.300906 5.882679 15.576050 22.385274 6.962504 9.165566 21.248776 15.236829
22.824562 24.211203 4.355810 21.856250 9.352937 4.331155 22.278864 24.162110 10.692197 16.815293 18.738299 12.320043 17.402458 6.364706 0.878969 15.370133 4.176127 24.372555 8.962391 10.720801 17.173498 17.944796 15.777264 4.612426 23.328541 24.634663 24.755668 20.290226 9.877164 22.512206 13.247990 22.324402 8.772828 10.050852 12.858321 11.248276 7.250729 14.046117 14.485603 8.635576 21.196910
20.345901 12.812266 20.563955 14.162330 17.505819 18.466314 18.142024 22.585884 21.438194 21.141791 1.143362 23.021281 7.069805 13.815449 12.972917 6.596310 16.407189 10.355649 2.152932 1.101193 16.284449 1.303170 16.657888 17.850966 19.299889 17.175641 10.450000 19.360560 18.948905 0.213114 20.869196 10.199378 19.380272 19.855369 7.717980 21.705750 14.384541 8.490274 15.543932 10.850639 1.059179
13.143146 15.037613 0.293026 3.531089 18.994412 13.769151 5.610175 7.925338 20.362850 2.883540 13.100849 23.501704 12.291608 5.177377 11.378087 19.746393 1.402340 15.850651 19.676357 14.139261 18.792198 19.091630 3.219993 18.102924 18.417615 21.726955 7.288707 20.183339 13.670106 19.470564 16.258185 2.903905 3.030123 19.622003 17.278521 16.985535 13.821539 12.274358 15.964973 13.951316 10.539612
19.652491 17.392756 21.804686 5.489067 16.297845 11.526700 3.349587 14.298690 22.917206 20.110771 13.139387 6.302630 18.730186 10.207753 9.548163 10.760011 0.769212 13.376504 2.225149 24.970494 6.105584 23.426799 5.354695 15.610398 14.166623 24.080979 23.271257 20.797003 23.760602 6.706902 9.186965 11.880614 3.036572 21.003702 17.921349 4.486819 21.261025 20.270767 12.977462 12.828141 14.505451
18.935666 10.107522 22.538557 16.405865 11.104271 20.652853 10.067442 0.285269 6.937674 10.597621 24.020389 20.150990 14.187346 24.505304 8.874578 1.499735 9.186869 9.719500 4.924057 20.957427 9.174404 6.657006 17.409807 15.032687 10.064855 22.113976 18.117452 4.087777 19.000721 19.879674 20.854575 7.753755 14.052810 10.508314 3.682296 8.981588 14.158421 5.114742 21.718793 9.344996 6.956489
23.152743 12.050553 7.315107 17.616321 8.740968 14.811683 21.588158 10.372710 14.118282 17.085429 2.969867 8.458855 22.109167 12.536601 4.316601 15.906248 16.835477 9.276437 3.596241 11.294416 9.056868 9.453653 11.739169 9.898454 2.435077 17.098252 10.634746 8.807701 23.893527 20.114265 0.357497 18.208473 3.569351 10.307734 4.161328 18.281793 1.102156 4.793856 3.816436 0.490177 8.680827
11.870174 13.304181 8.029270 12.448689 18.594993 9.249995 21.686736 6.718165 4.177940 3.014801 3.047744 12.918691 13.737547 0.170536 9.134274 1.233696 17.002613 4.368317 24.509499 15.581615 22.757739 8.498370 5.533657 1.527242 4.748742 13.891954 21.593745 13.050765 0.699062 5.000152 3.186460 11.684878 5.248897 23.693921 10.768781 1.952222 3.783620 2.516585 21.288148 6.973935 23.196143
10.485772 6.563510 1.623172 4.788004 5.009203 7.920068 7.747240 21.929934 15.319900 5.644491 17.478213 17.774179 12.043971 3.412074 17.183055 14.855560 8.264601 7.981054 23.639745 2.414295 23.476531 21.176415 18.254147 5.070960 3.312505 12.417987 10.416399 23.880758 6.125104 18.749901 13.747656 19.711467 13.178203 23.691874 17.215317 21.860374 21.832657 17.337039 5.626150 8.585211 10.010235
16.546723 18.985669 9.716377 7.343809 21.703525 3.627818 10.929087 22.654877 6.938969 12.811054 1.049975 19.233464 3.711594 16.893696 16.529166 9.212811 22.741797 0.343113 23.727840 11.735836 3.951696 6.784473 7.787568 20.491339 19.458942 12.797802 20.206007 12.750297 0.002108 23.387981 15.845308 15.135821 21.137666 20.258362 19.082204 22.908981 1.527249 23.336269 24.010107 10.016871 10.319988
23.730225 14.040056 10.924877 17.330373 19.369525 11.758047 0.792309 5.841507 11.264459 10.047635 4.841610 14.126771 3.611140 7.208024 13.319719 15.482408 20.773689 14.751361 18.579873 5.318918 7.307526 4.978756 19.399753 9.922039 21.224209 9.056588 20.692145 21.719530 20.205541 9.996411 17.605586 17.679656 6.173734 12.801291 5.549529 24.445724 0.785610 22.367987 10.869157 18.018489 8.780262
7.848266 13.787155 15.112828 2.031693 19.155726 4.823966 16.266441 20.376889 21.428287 20.748860 10.046193 7.724847 13.858112 10.708376 18.495102 4.470755 24.634861 20.192446 6.263658 14.069456 16.501192 18.563794 8.282580 24.337632 1.796955 20.462934 5.535363 8.972739 20.013482 1.239986 1.192112 0.897403 10.734544 18.950803 8.330825 3.252004 18.771532 24.252884 3.456778 3.416502 16.787393
24.976674 15.646083 15.067187 10.682134 17.727520 1.994460 16.264048 20.612448 14.587360 7.378788 4.648019 1.660082 23.900507 23.199814 11.224289 8.941910 15.713955 23.782545 15.203103 9.203124 15.750562 7.793078 22.002931 23.803113 24.400680 14.436273 4.013483 20.959392 2.808590 24.544380 10.394554 23.166996 0.594499 10.387270 5.038253 24.555712 11.359656 4.268682 18.678785 14.667608 13.027031
21.309581 24.623029 12.544724 17.500346 19.827939 7.716475 7.521597 8.647507 12.666180 6.184238 18.594128 7.072321 1.974698 16.344167 6.548878 4.431042 4.519813 18.071865 20.668350 15.931142 10.168401 19.628964 12.682919 21.710680 14.684636 21.728944 16.620560 15.184701 21.692207 18.110316 16.804477 6.301000 11.778408 6.750132 0.222325 12.773169 23.757335 18.979323 11.116400 0.463269 14.489597
7.561175 12.709819 19.447770 12.075110 5.404075 7.971640 13.230656 14.832445 0.334939 5.546403 1.305195 7.216254 13.503320 12.275316 18.448278 18.198157 20.754589 22.421433 19.336994 10.628802 10.601613 5.746498 23.439513 3.947273 21.500933 6.229005 24.670224 16.084299 24.390724 19.705423 17.523901 3.403433 6.095371 14.781177 2.734327 20.462327 12.370681 19.969259 1.080016 8.031445 1.260453
17.034081 11.413413 7.293368 12.490731 21.789812 11.637545 24.855772 3.086628 1.535179 5.573935 12.859816 9.373135 22.985240 4.553731 15.678840 19.265204 5.995309 13.318651 15.270041 1.011774 16.908336 2.199651 3.869259 2.846671 22.463948 16.253647 1.840959 18.962423 23.413019 21.470552 18.435848 22.153470 4.132945 10.524947 19.435421 20.303649 5.645973 8.859999 12.397503 5.139923 24.443660
12.588348 1.063726 3.362579 16.022992 23.172064 2.435690 20.872712 10.805414 12.061314 23.569641 3.194596 13.872619 6.794870 13.254094 13.493343 2.462895 19.999748 9.705940 4.095701 14.278620 13.856526 2.209006 23.714667 15.636284 1.015718 8.708951 18.783151 11.815428 2.023206 23.008021 18.833697 7.601763 21.457436 8.689679 16.352816 19.103008 0.794026 15.079936 3.688243 16.386883 6.354225
8.768793 17.608274 18.354865 10.165077 0.359564 4.788552 7.415218 16.743939 7.618140 16.969002 12.202653 23.639905 2.957086 4.805585 19.488796 6.365590 5.656957 23.975095 23.860238 10.083224 17.641223 8.570011 16.680311 23.639896 5.153725 20.772234 6.108143 9.821502 7.809588 13.930339 21.838738 22.236117 14.554392 8.193560 14.757510 16.144318 13.463612 21.760595 5.911578 23.656868 11.589425
10.314521 12.236999 14.531128 5.144200 3.247494 17.060617 11.372049 17.198556 1.424894 5.571468 13.648158 6.634404 0.328155 21.824345 2.229994 2.202232 0.302518 9.454849 11.468996 13.518192 15.598295 0.575499 22.919019 12.911852 12.408645 8.088724 14.882403 17.162091 11.110806 2.391299 13.947850 14.061624 7.238889 16.074655 20.324319 10.181686 4.673964 1.027449 11.059157 24.170848 14.828462
19.447550 7.583352 5.100137 0.388979 11.435094 1.509768 11.290695 23.947872 2.783719 16.413809 0.421911 6.027225 12.004710 19.655207 24.618849 14.115608 20.572132 21.575662 1.099087 0.361974 23.489488 19.792278 16.904793 24.668373 9.838473 18.189518 5.461339 2.881276 15.120185 10.044259 2.060358 8.921709 11.111010 15.978027 17.182594 17.364777 24.206096 6.142058 18.596070 11.875729 21.536100
8.009353 1.876215 20.509231 8.112425 14.271676 17.892769 6.247220 21.057440 17.432730 8.169443 24.861926 6.487966 2.074777 9.054246 1.853653 16.933752 24.049406 12.790592 2.913693 10.037045 13.457898 19.620742 2.145444 8.058785 4.128885 2.188705 23.892281 1.658491 13.135863 24.332332 10.800199 10.555545 6.179044 14.183964 16.944212 11.716694 10.823868 23.613407 13.637856 7.102924 6.475726
20.933277 20.950870 1.506284 1.076242 15.602829 23.943107 17.102248 6.953320 6.425723 19.532418 21.163137 3.983816 7.518626 18.454021 4.099453 23.405959 22.548759 15.559638 2.522928 9.260371 23.010294 6.687308 21.710177 19.674696 11.081797 18.601561 13.083804 2.172931 7.554409 6.612184 12.822146 0.742381 17.764681 24.919742 3.154408 16.952803 6.488671 21.019099 21.644403 9.070449 20.682955
11.809410 18.505550 2.617578 15.436306 20.871127 6.570515 7.027423 3.809614 6.007898 22.085256 14.177453 19.097547 9.455934 13.229984 5.859320 4.624259 14.142152 10.658278 22.298529 5.996817 7.594567 13.068346 12.379645 0.651007 10.197995 17.108013 20.674016 1.987640 11.681639 6.501823 1.044355 2.586390 8.181407 14.878755 10.453317 12.013280 1.147532 23.569456 16.882741 23.368558 13.164737
5.299474 12.048793 8.751558 0.156087 16.356555 15.659992 0.695627 12.029338 8.238389 10.517598 15.138093 11.975342 22.226779 1.338529 17.681298 12.239040 4.382354 2.174088 17.559660 4.423704 0.538954 21.807377 2.339746 5.971408 7.848520 8.735003 20.344134 13.690767 18.452025 12.300176 18.557445 20.979604 6.216194 19.418347 13.518598 4.867621 1.125532 1.529713 8.965227 0.194401 1.272887
22.472096 12.953321 12.481041 1.848083 14.291145 21.879865 21.054613 7.860060 8.147065 8.792089 20.210431 6.558473 5.739014 14.725866 9.047218 14.342933 0.718302 10.097189 20.921953 2.912882 12.343633 20.798039 5.028336 10.599305 4.043938 4.441671 15.960927 16.600674 18.564117 18.475932 5.024840 10.766157 3.670676 18.852338 3.065407 23.145688 16.840205 11.823499 2.794358 0.622889 7.916962
11.904095 6.687069 8.468425 4.488960 20.474013 21.317063 16.131018 2.086257 0.626598 0.366952 5.712907 1.010160 14.072832 9.332864 19.850366 24.751656 13.484783 20.472882 3.301473 23.801920 23.323214 15.981851 20.019988 20.905238 22.965601 7.630539 12.294354 8.758400 17.483755 17.512990 5.078010 0.236205 17.637227 19.372730 15.988649 4.150592 15.911863 2.466780 10.695580 2.423146 19.508907
1.685298 20.213318 20.453472 2.404628 19.401619 19.188685 1.309875 17.771817 24.510002 23.227005 19.171291 1.195979 19.176343 19.059903 17.342352 0.377983 20.492211 1.060785 7.461643 20.506297 20.641151 2.814809 20.300979 21.764672 15.756386 3.086954 11.171147 12.637150 16.864586 17.283055 8.320317 0.969132 9.550640 21.213771 24.243959 20.720175 19.715097 1.939660 1.947487 19.386917 22.879082
6.817547 20.026239 3.409733 6.919829 9.283449 15.443126 22.180010 9.702723 8.460625 20.963815 18.509665 9.319702 23.954471 8.782587 21.187287 13.809799 15.894788 15.368196 24.244421 5.265431 20.211916 6.281623 12.987633 6.227030 3.211066 24.129414 16.845328 4.842833 20.680560 4.076135 24.118677 19.876383 14.519936 15.162205 4.062842 24.767247 5.640306 19.032633 7.954248 19.509225 10.667324
0.269245 5.012825 22.728182 0.202985 9.466861 21.171610 14.064996 18.577422 0.828176 24.791404 0.573189 15.883170 22.164588 13.330115 11.462665 14.490748 6.841918 9.676894 21.164544 5.728682 20.506799 20.155262 10.919457 1.542451 15.917777 7.760638 7.578227 6.715717 5.721404 10.582079 0.610010 0.990948 8.225525 19.789072 20.922821 16.849211 2.240305 14.201233 11.715199 18.895932 1.730120
6.189791 13.905870 19.510098 4.386829 9.290459 17.910640 9.899892 11.353954 6.835894 18.683985 0.267687 2.227311 22.858613 0.138063 7.030976 5.476676 13.299976 2.101815 13.397932 12.883050 2.317939 11.648688 16.263753 15.334584 12.542378 8.929356 17.440791 5.956377 14.755542 4.069011 15.170025 11.249338 20.824075 10.737029 14.073735 11.754005 18.432201 18.709836 7.074065 2.796440 9.753179
10.092585 2.210028 17.858435 10.450792 17.049664 14.876057 23.944109 23.732129 9.535640 5.647586 6.855120 1.215913 8.057373 10.889437 17.463079 14.642447 10.855181 1.634594 15.279336 6.103593 24.386338 12.508449 15.485052 12.934929 6.020751 23.079805 22.174985 12.122988 17.873621 9.745011 24.922755 12.181971 1.992139 21.440461 5.540065 11.987703 10.925986 20.615824 3.187497 9.813471 9.532687
