71
69 79
47 95 40
51 21 89
96 94 100
59 62 21
38 55 28
34 13 4
76 2 20
80 85 73
24 2 50
24 29 17
100 74 71
84 43 50
43 56 30
53 68 35
76 15 79
18 10 34
22 81 37
2 96 38
18 82 54
83 56 55
48 84 65
55 39 40
89 9 78
39 52 47
66 44 27
50 23 3
45 5 91
46 2 49
41 44 91
40 22 30
46 13 71
45 89 22
72 7 6
39 18 53
34 87 59
50 15 91
74 30 38
23 61 6
97 48 91
37 31 43
1 22 41
4 60 56
85 20 92
30 90 8
48 68 67
86 54 17
7 58 96
32 49 67
79 36 55
30 83 79
28 58 71
6 25 60
82 94 24
1 41 15
8 9 51
100 29 39
8 42 41
62 82 55
57 58 41
46 44 48
75 42 16
66 26 96
22 6 22
13 29 20
3 71 30
26 100 11
86 8 51
83 59 72
83 32 27
23 20 43
67 49 93