100 500
1 19 22
1 25 96
1 27 61
1 32 78
1 39 82
1 42 8
1 43 39
1 49 42
1 67 99
1 75 42
2 9 78
2 18 62
2 19 94
2 26 57
2 44 96
2 52 5
2 56 20
2 58 91
2 71 100
2 74 30
2 99 72
3 27 94
3 36 17
3 44 23
3 65 25
3 67 72
3 83 7
3 86 4
3 91 9
3 99 78
4 19 70
4 33 29
4 48 25
4 51 57
4 59 4
4 73 26
4 74 10
4 83 50
4 94 99
4 98 9
5 21 39
5 23 92
5 26 44
5 43 25
5 46 67
5 47 63
5 66 82
5 78 1
5 86 49
5 91 84
5 98 41
6 16 31
6 19 23
6 29 70
6 36 20
6 41 70
6 44 5
6 59 30
6 76 28
6 80 90
6 94 42
7 8 6
7 9 63
7 20 94
7 23 23
7 28 55
7 32 62
7 34 74
7 44 90
7 70 10
7 74 95
7 77 67
7 79 20
7 91 36
7 100 94
8 9 96
8 11 3
8 21 56
8 24 64
8 31 10
8 42 47
8 48 93
8 55 40
8 57 61
8 64 59
8 65 3
8 82 82
8 83 64
8 85 70
9 14 47
9 40 53
9 55 55
9 66 39
9 90 90
10 14 70
10 18 28
10 30 65
10 32 33
10 47 33
10 55 16
10 62 19
10 63 35
10 65 14
10 81 7
10 87 27
10 98 47
11 24 36
11 31 41
11 33 26
11 38 61
11 64 72
11 77 14
11 92 56
12 32 46
12 33 74
12 36 60
12 45 23
12 48 54
12 62 55
12 64 4
12 79 49
12 86 66
13 19 79
13 23 99
13 27 22
13 32 46
13 35 61
13 48 69
13 71 23
14 16 40
14 18 67
14 20 35
14 30 57
14 31 26
14 35 72
14 41 37
14 48 32
14 49 4
14 52 91
14 70 93
14 72 27
14 99 22
15 34 58
15 44 11
15 46 4
15 49 80
15 57 58
15 68 65
15 81 97
16 23 3
16 26 56
16 39 38
16 48 22
16 49 35
16 55 81
16 82 54
16 86 19
17 19 81
17 23 38
17 32 11
17 38 53
17 44 64
17 61 87
17 64 51
17 86 72
18 19 10
18 20 18
18 34 76
18 53 59
18 58 28
18 67 22
18 72 85
18 78 39
18 86 10
18 87 68
18 91 15
19 32 77
19 36 3
19 44 56
19 48 42
19 68 31
19 78 21
19 88 93
19 89 98
19 95 89
20 25 15
20 30 79
20 37 16
20 47 96
20 50 96
20 64 97
20 72 89
20 81 30
21 22 68
21 40 94
21 48 52
21 56 99
21 71 72
21 80 90
21 88 34
21 90 16
21 93 46
21 98 5
22 49 79
22 59 58
22 73 17
22 76 48
22 83 24
22 96 9
23 26 66
23 29 45
23 37 97
23 45 14
23 56 4
23 64 68
23 77 28
23 82 38
23 83 34
23 86 5
23 89 85
24 32 19
24 36 78
24 50 92
24 58 90
24 62 52
24 69 56
24 70 3
24 86 86
24 95 12
25 54 51
25 56 23
25 64 30
25 67 3
25 80 27
25 91 29
26 29 73
26 43 56
26 44 96
26 45 1
26 56 81
26 59 26
26 90 94
26 98 40
27 35 92
27 38 2
27 42 74
27 46 83
27 82 24
28 36 8
28 37 31
28 41 36
28 50 89
28 55 94
28 61 76
29 58 45
29 63 20
29 79 65
29 87 41
29 94 70
29 96 37
29 100 85
30 37 80
30 60 78
30 62 32
30 64 99
30 70 47
30 77 25
30 85 29
30 86 69
31 35 23
31 51 92
31 53 82
31 54 66
31 58 83
31 62 41
32 34 97
32 45 22
32 48 4
32 51 97
32 54 98
32 97 92
33 37 19
33 49 59
33 92 56
33 97 59
34 39 26
34 45 67
34 48 30
34 62 74
34 74 39
34 85 67
34 94 53
34 98 63
35 37 83
35 45 17
35 68 93
35 79 9
35 80 85
35 91 69
35 94 41
36 41 40
36 44 29
36 49 16
36 54 3
36 57 25
36 68 40
36 73 57
36 76 7
36 81 40
36 93 33
36 95 98
36 100 6
37 50 70
37 58 17
37 62 7
38 86 14
38 93 90
38 100 55
39 43 35
39 52 20
39 59 66
39 62 9
39 64 43
39 70 19
39 71 62
39 73 3
39 78 55
39 91 47
40 61 57
40 82 2
41 53 50
41 67 36
41 78 14
41 85 39
41 89 29
41 91 67
41 92 21
41 97 9
42 47 75
42 52 90
42 59 18
42 65 83
42 75 71
42 80 60
42 98 42
43 56 86
43 77 90
43 89 87
43 100 5
44 57 83
44 63 48
44 64 74
44 79 51
44 92 52
45 49 21
45 63 77
45 80 33
45 95 13
46 49 8
46 54 43
46 60 19
46 87 93
47 49 34
47 71 6
47 73 7
47 78 64
47 83 12
47 93 21
47 100 53
48 69 79
48 70 59
48 71 37
48 73 97
48 97 70
49 59 27
49 64 16
49 73 60
49 75 62
49 78 99
50 68 4
50 72 82
50 83 51
50 92 74
51 52 24
51 84 55
51 88 7
51 93 73
52 97 40
53 57 98
53 59 40
53 62 85
53 79 45
53 83 54
53 90 31
53 93 68
54 55 43
54 66 35
54 89 45
54 93 79
55 85 82
56 63 44
56 83 10
56 90 85
56 95 14
56 96 81
57 67 67
57 80 71
57 88 15
58 68 95
58 78 16
58 92 31
58 94 51
59 61 43
59 83 95
59 91 69
60 69 18
60 70 95
60 76 23
60 85 16
60 91 89
61 68 47
61 92 69
62 63 89
62 66 38
62 67 48
62 85 91
62 92 37
62 97 2
63 71 54
63 83 42
63 84 36
63 87 27
63 94 35
63 100 1
64 65 78
64 66 80
64 68 13
64 74 6
64 89 69
65 87 43
65 95 9
66 73 32
67 69 100
67 84 22
67 95 10
68 79 2
68 87 22
69 84 20
69 93 71
71 72 88
71 88 9
71 97 98
72 75 9
72 81 7
72 88 52
72 100 48
73 85 35
73 93 62
74 75 79
75 86 73
75 87 19
75 94 42
75 95 83
75 98 8
76 88 54
76 89 97
76 90 1
76 91 95
77 83 7
78 79 6
78 87 87
78 94 42
78 98 76
79 81 100
79 87 61
79 89 3
80 83 76
80 89 89
80 90 48
81 85 75
81 97 71
82 91 29
82 99 92
82 100 45
84 97 48
86 92 23
86 94 67
87 93 57
88 89 68
88 93 3
88 97 5
89 94 80
89 99 28
90 91 85
90 92 51
90 95 29
91 94 81
94 96 45
95 97 99
95 99 51
