75 309
1 15 56
1 32 32
1 40 75
1 61 31
1 62 13
1 65 85
1 70 22
2 5 36
2 7 95
2 17 7
2 46 89
2 54 77
2 58 100
2 72 23
3 9 43
3 11 72
3 15 92
3 17 92
3 21 62
3 32 6
3 43 63
3 51 41
3 74 26
3 75 85
4 26 93
4 30 4
4 45 86
4 46 19
4 54 56
4 56 71
4 66 10
4 72 23
4 75 33
5 18 100
5 23 60
5 34 62
5 51 77
5 60 37
5 65 78
6 7 24
6 9 27
6 11 83
6 17 80
6 36 92
6 42 43
6 58 38
6 64 18
6 74 15
7 9 64
7 14 70
7 19 53
7 34 13
7 37 29
7 40 96
7 49 34
7 52 32
7 61 61
8 9 24
8 11 19
8 16 7
8 17 73
8 34 10
8 43 29
8 44 42
8 52 39
8 55 14
8 68 26
9 11 59
9 24 68
10 16 72
10 26 48
10 35 24
10 49 12
10 69 72
10 70 65
10 75 78
11 17 21
11 18 55
11 54 44
11 68 50
11 71 89
12 28 74
12 32 16
12 55 53
12 61 17
12 71 2
13 19 52
13 41 49
13 43 7
13 48 28
13 53 35
13 54 54
13 58 62
13 62 22
13 64 81
14 22 94
14 42 73
14 49 79
14 53 89
14 55 25
14 60 36
14 61 35
14 63 4
15 16 83
15 18 81
15 31 18
15 39 78
15 40 71
15 45 94
15 49 12
15 52 19
15 55 12
15 61 50
15 64 13
15 65 53
16 18 46
16 27 87
16 37 64
16 69 60
16 71 92
16 72 100
17 28 81
17 32 62
17 47 95
17 52 78
17 61 63
17 69 17
18 19 41
18 22 35
18 24 74
18 27 1
18 33 63
18 34 89
18 48 57
18 61 66
18 65 96
18 68 100
18 75 39
19 28 13
19 34 39
19 41 15
19 44 52
19 53 86
19 62 90
19 64 4
19 65 38
20 28 30
20 35 84
20 49 58
20 61 81
20 62 54
20 65 64
20 71 7
21 31 58
21 39 32
21 40 67
21 58 34
21 62 18
21 67 40
21 69 32
22 26 74
22 35 55
22 38 46
22 43 50
22 45 92
22 55 35
22 67 70
22 72 46
22 73 77
23 30 69
23 34 68
23 53 86
23 61 92
24 30 36
24 38 41
24 45 96
24 46 51
24 53 13
24 60 13
24 65 27
25 29 43
25 57 13
25 67 10
26 71 94
27 40 77
27 63 79
28 29 37
28 40 10
28 41 34
28 47 35
28 52 72
28 71 35
29 33 38
29 54 62
29 61 4
29 67 66
29 73 69
30 36 28
30 53 68
30 54 2
30 61 29
30 63 52
31 35 33
31 39 55
31 50 24
31 67 62
31 70 60
31 74 22
32 48 26
32 49 15
32 51 69
32 54 70
32 55 41
32 68 48
32 71 20
33 45 94
33 57 61
33 59 12
33 64 73
33 69 68
34 42 5
34 46 52
34 51 44
34 63 74
35 38 22
35 42 8
35 62 23
35 70 91
35 74 63
36 37 20
36 40 96
36 44 56
36 66 80
36 71 74
37 40 6
37 44 91
37 67 100
37 74 49
38 41 67
38 42 52
38 53 77
38 57 63
38 67 93
38 68 82
39 47 77
39 49 3
39 72 29
40 49 32
40 56 88
40 65 2
41 64 65
41 69 21
42 47 67
42 50 75
42 55 8
43 44 57
43 54 91
44 46 52
44 62 20
44 65 77
44 69 14
45 59 27
45 73 35
46 50 84
46 51 93
46 55 37
46 59 10
46 61 42
46 73 35
47 63 50
48 49 6
48 58 53
48 63 25
49 64 57
49 69 15
50 63 99
52 63 3
52 64 57
53 56 91
53 63 24
53 74 89
54 56 68
54 62 39
55 64 52
55 73 61
56 60 99
57 58 96
58 64 43
59 60 52
59 70 98
59 71 69
60 62 11
60 67 16
62 63 90
62 65 83
62 71 77
63 73 5
64 65 52
65 70 37
65 72 60
65 75 34
67 68 8
67 72 97
67 75 15
68 73 30
69 70 37
69 74 30
70 74 61
72 75 54
