1,9
1.44,-0.23,-2.12,-2.85,1.65,-7.59,3.75,-2.08,-5.65
-0.23,0.63,-0.27,0.18,-0.37,0.38,0.34,0.92,-0.09,0.33,0.05,0.65,-0.36,0.37,-0.10,-0.03,0.05,0.13,-0.06,0.11,0.79,0.49,0.43,-0.23,-0.44,0.48,0.44,0.74,-0.30,-0.11,-0.82,-0.20,0.50,-0.23,0.32,-0.10,0.16,-0.57,0.04,-1.50,-0.09,-0.82,0.60,0.39,0.23,0.76,-0.47,0.87,0.47,-0.12,0.57,-0.55,-0.41,-0.30,-0.26,-0.53,0.61,-0.13,0.18,-0.29,-0.91,0.14,-0.96,-0.03,-0.68,0.99,0.46,0.05,0.63,-0.42,0.27,0.10,0.13,0.64,0.37,0.14,-0.83,-0.48,-0.06,0.05,-0.57
1.21,0.76,0.30,0.04,-0.11,-0.48,0.04,0.13,-0.62,0.17,-0.08,-0.95,-0.43,-0.21,0.94,0.28,-0.67,0.24,-0.77,0.54,-0.24,-0.05,0.66,-0.64,-0.70,-0.29,0.52,-0.76,-1.42,-0.23,0.28,0.60,-0.23,-0.21,0.58,-0.93,-0.19,0.10,0.22,-0.25,0.02,-1.24,-0.33,0.23,-0.49,0.03,0.22,-0.17,0.09,-0.48,-0.10,0.31,0.08,-0.29,0.11,0.36,-1.02,0.58,-0.17,0.21,0.60,-0.69,-0.35,-0.14,-0.39,0.87,-0.43,-0.28,0.10,-0.60,-0.20,0.16,-0.17,-0.05,-0.26,-0.76,0.16,0.88,0.01,0.11,0.35
-0.63,0.85,0.10,0.82,-0.37,0.91,0.39,0.28,0.12,-0.12,0.60,0.07,-0.98,-0.56,-0.09,0.15,-0.03,0.61,-0.98,0.07,-0.91,0.38,-0.05,0.21,-0.43,0.64,0.52,0.29,-0.06,0.29,-0.35,0.43,0.82,0.54,-0.36,0.18,-0.65,0.29,0.23,-0.93,-0.58,-0.14,-0.15,-0.60,0.19,0.13,-0.10,-0.38,0.52,0.83,-0.24,-0.31,0.25,-0.18,-0.07,0.37,-0.95,0.66,0.04,-0.21,-0.04,-0.02,-0.87,0.75,0.02,0.22,0.48,-0.51,0.24,-0.13,0.42,-1.06,-0.05,-0.30,0.22,0.24,-0.35,-0.36,-0.06,-0.45,0.42
-0.18,-1.45,-0.19,-0.52,-0.82,-0.62,0.05,0.66,0.16,-0.30,0.23,-0.23,-0.35,-0.58,-0.88,-0.19,0.08,-0.05,-0.21,-0.47,0.30,-0.66,0.39,-0.50,-0.38,-0.73,-0.25,0.49,0.26,0.49,0.26,-0.55,-0.17,-0.39,0.67,-0.60,0.45,0.45,0.91,-0.20,0.36,1.14,-0.31,-0.77,-0.94,0.36,-0.94,-0.19,0.22,0.09,0.21,0.11,0.64,-0.48,-0.34,-0.39,0.42,0.45,0.23,0.59,-0.59,0.83,0.76,0.37,0.89,-0.83,-0.26,-0.37,0.36,-0.53,0.38,0.69,0.35,0.14,-0.49,-0.42,0.62,0.39,-0.02,-0.21,-1.01
-0.54,0.96,-0.64,0.09,0.50,-0.63,0.09,0.47,0.01
1.43,-0.83,0.53,-0.09,0.39,0.22,-0.37,0.11,-0.93,0.30,0.15,0.32,0.53,0.18,0.07,-0.44,-0.36,0.59,0.72,-0.12,0.02,-0.45,0.59,0.33,0.97,-0.44,-0.19,0.12,0.32,-0.11,-0.44,0.44,0.36,-0.46,0.68,0.59,0.07,0.04,0.28,-0.43,0.02,-1.08,0.44,-0.78,0.75,-0.17,-0.11,-0.31,-0.14,0.71,-1.24,0.64,0.17,-0.60,-0.54,0.84,-0.47,-0.58,0.57,0.17,-0.47,0.11,-0.51,0.55,0.53,0.27,0.18,0.88,-0.00,-0.59,0.22,1.04,-0.51,-0.18,0.21,-0.03,-0.49,0.56,1.16,0.10,-0.45
-0.77,0.13,0.55,0.24,-0.00,-0.29,-0.55,0.42,0.46,-0.77,0.79,0.29,0.70,-0.67,-0.68,-0.07,0.25,0.90,0.35,-0.12,-0.51,0.62,-0.48,0.81,-0.14,0.80,0.34,-0.07,-0.26,-0.17,0.21,0.04,-0.30,-0.08,0.04,-1.06,0.23,-0.49,-0.58,-0.84,-0.90,-0.68,-0.35,0.98,-0.26,0.09,0.20,0.07,-0.04,-0.60,0.73,0.90,-0.84,-0.51,-0.14,-0.48,0.25,-0.36,1.08,0.60,0.11,0.51,0.55,-0.28,-0.41,0.04,0.43,0.07,-0.79,-0.40,-0.04,-0.04,0.99,-0.69,0.25,0.74,1.14,-0.20,0.25,0.28,0.10
-0.05,0.22,-1.27,0.34,0.06,-0.11,1.02,-0.34,-0.20,1.00,-0.42,-0.28,-0.07,0.42,0.10,-0.65,-0.27,-0.30,-0.04,0.21,0.21,-0.89,0.53,0.13,0.69,0.22,0.55,0.23,0.67,0.26,-0.05,1.14,0.44,0.29,-0.64,-0.64,0.15,0.07,-0.31,0.07,0.79,0.35,-0.57,-0.06,-0.40,-0.19,-0.21,-0.24,-0.63,-0.06,-0.28,-1.46,1.03,0.54,-0.19,0.01,-0.59,0.85,0.95,0.08,0.51,0.09,-0.67,-0.21,0.07,-0.23,-0.11,-0.05,-0.04,0.03,-0.53,-0.36,-0.64,0.49,-1.05,0.58,0.69,-0.15,-1.30,-0.18,-0.03
-0.51,-0.26,0.77,0.33,-0.46,-0.80,-0.16,-0.11,0.25,-0.27,0.26,0.97,0.41,-0.02,-0.09,-0.18,0.59,-0.31,0.02,0.03,-0.25,-0.69,0.16,-0.03,0.25,-0.27,0.61,-0.44,0.86,-0.87,0.22,0.24,-0.40,0.21,0.64,-1.11,0.25,-1.25,-0.48,0.81,-0.29,-0.59,-0.10,1.03,-0.92,-0.53,0.75,0.93,-0.05,-0.62,1.05,0.80,0.34,-0.41,-0.02,-0.08,0.17,0.73,0.44,-0.54,0.69,0.16,0.34,0.73,-0.56,-0.02,-0.27,-0.78,0.17,1.26,-0.92,-0.02,0.32,0.06,-0.06,-0.65,0.12,-0.38,-1.09,0.60,0.48
0.03,0.11,0.54,0.11,0.45,-0.15,0.66,0.16,0.10