200 12
19 71 36 26 58 76 12 52 51 8 63 45 24 47 16 32 76 30 16 19 7 7 49 75 33 12 68 75 64 46 7 55 1 76 1 74 45 10 3 33 65 8 5 73 16 73 40 53 76 18 59 56 75 28 55 70 61 57 45 69 23 74 40 34 30 39 16 60 46 3 55 25 36 38 75 56 25 10 24 36 51 54 69 71 31 69 32 13 42 1 55 5 28 9 6 2 3 6 68 24 1 78 49 32 78 18 20 76 60 43 14 48 2 27 76 15 1 1 56 13 56 50 17 26 20 63 55 68 30 10 21 54 10 54 28 67 6 15 60 55 52 54 4 21 2 48 7 61 74 18 19 45 61 64 77 70 1 32 54 20 55 21 68 79 52 16 61 62 78 60 39 62 13 39 53 51 63 7 79 71 46 43 65 79 65 57 19 61 44 40 37 46 42 77 59 34 77 34 31 28
1 100780
2 100980 100981
13 101180 101181 101182 101183 101184 101185 101186 101187 101188 101189 101190 101191 101192
16 51 54 69 71 31 69 32 13 42 1 55 5 28 9 6 2
10 101080 101081 101082 101083 101084 101085 101086 101087 101088 101089
9 32 13 42 1 55 5 28 9 6
17 45 10 3 33 65 8 5 73 16 73 40 53 76 18 59 56 75
5 21 54 10 54 28
4 55 52 54 4
8 70 61 57 45 69 23 74 40
3 100880 100881 100882
3 38 75 56