2000 10 20
2614 730 8623 3344 6687 1829 8712 7449 6301 522
7617 5583 8019 4239 2213 3016 4402 3793 2525 4180
344 4032 1801 2065 5633 2016 6256 494 5124 3333
8458 6595 2339 6129 7163 5857 8049 5139 4403 4140
1392 7429 3648 1037 6981 2624 6010 666 8418 5222
4881 6622 4396 5652 7183 7833 5120 6073 3469 7034
8221 6508 2634 6157 7107 5888 8287 5474 4318 4016
4780 6912 4411 5455 7150 7877 4927 5798 3457 6737
8193 6547 2663 6445 7108 5686 8158 5175 4226 4131
7527 7689 4442 6942 3826 1306 7739 3147 5063 8161
6300 9075 7839 2961 3358 7800 5519 7336 5680 9101
5401 6528 3937 2260 483 3827 7086 8757 3926 3992
2538 2305 6845 5120 6181 7073 2827 4971 6222 6933
5456 6366 3979 2088 842 3875 7226 8729 3950 3882
5301 1820 8361 3999 7682 3061 7827 9505 9039 691
5367 6496 3802 2172 709 4116 7346 8768 4249 3936
6266 9376 7756 2766 3243 7619 5634 7137 5979 9262
1576 5493 5588 6207 7007 6969 8536 5012 5130 4392
1610 7411 3636 860 7161 2670 6170 727 8264 4977
1551 5572 5529 6354 7091 6994 8372 4851 5208 4260
4861 6569 4450 5420 7119 7982 4909 5809 3702 6993
5204 7475 7007 8480 2626 1800 9212 1790 8211 5657
8737 7398 7830 8394 3238 652 7044 7894 8827 4871
1746 6440 4366 7945 2390 7536 8766 2555 2331 9162
4936 7457 7004 8379 2545 1916 9354 1867 8264 5330
9078 1953 8678 7029 5335 9170 7919 4282 6580 3433
4866 7736 7073 8539 2653 1823 9512 1599 7968 5550
6231 2431 1851 2054 7245 6598 3486 4142 752 7629
8464 6786 2450 6289 7274 5978 8102 5251 4509 4298
1403 7187 3631 1019 6880 2497 6136 674 8304 5020
1344 7142 3615 961 6853 2720 5985 793 8353 5079
2402 2412 6887 5176 6247 7009 3021 4731 6368 6760
4795 3303 7442 8120 1572 3526 7846 6631 5586 7492
330 3849 2045 7502 2381 4269 7099 718 6517 3292
8326 6561 2323 6262 7201 5789 7914 5193 4261 4373
9184 1964 8497 7147 5476 9082 7582 4394 6516 3236
1259 7392 3715 825 6813 2464 6165 615 8191 5126
1546 7138 3484 915 6901 2821 6292 839 8370 5063
408 3954 1888 1915 5910 2242 6103 681 5280 3228
5161 2133 8295 4047 7806 3140 7622 9530 8902 468
2801 856 8508 3647 6417 1965 8843 7634 6371 334
5631 6363 4120 2235 611 3936 7203 8712 4219 4086
9313 1966 8661 7134 5388 9306 7604 4378 6598 3459
7767 5611 8079 4418 2307 2939 4181 3687 2719 4267
4727 3619 7444 8090 1359 3661 8080 6956 5613 7345
9309 8031 3255 5028 1050 6372 2703 8456 3868 4080
717 4026 1889 2038 5758 2393 6227 452 5090 3383
5595 6575 3833 1937 577 4104 7327 8808 3952 3921
7175 7768 4114 7080 4071 1284 7521 3087 4884 7856
6282 2347 1990 1859 7241 6707 3440 4435 591 7457
5611 6622 3967 1949 544 3979 7350 8897 3933 3776
7531 7814 4149 7132 3869 1113 7574 3116 4956 8233
4719 3576 7572 8135 1363 3515 7787 6838 5525 7524
4841 6693 4467 5329 7123 7912 5204 5979 3732 6886
1567 6488 4398 7751 2192 7647 8990 2584 2656 8888
8463 6517 2385 6257 7259 5968 8114 5200 4353 4123
4964 6568 4386 5360 7007 7990 4903 5799 3676 6933
5536 6504 3949 2132 492 4042 7008 8707 3902 3821
9039 1855 8506 7010 5357 9142 7810 4375 6573 3211
1585 6516 4365 8101 2421 7581 8743 2772 2652 9006
1420 7366 3500 864 7206 2696 6299 716 8175 5242
7701 5761 8325 4233 2362 2949 4114 3987 2423 4362
2561 942 8493 3613 6532 1713 8769 7380 6374 627
712 3797 1747 2071 5782 2322 6412 497 5354 3176
4981 6705 4165 5400 7149 7903 5168 5801 3636 6684
1596 7273 3599 896 7052 2768 6225 580 8447 4897
9380 8151 3234 4733 1278 6536 2772 8302 3663 4079
8991 2061 8633 7245 5394 9257 7700 4350 6635 3500
6572 2383 1728 1900 7434 6640 3411 4427 395 7456
6391 2243 1812 1902 7497 6620 3580 4322 603 7495
8487 6739 2658 6268 7018 5834 8014 5158 4290 4294
7860 5685 8213 4503 2133 3079 4466 3700 2465 4229
1515 5749 5591 6445 6784 6903 8532 4949 5344 4316
6561 9377 7919 2823 3352 7950 5858 7236 5656 9307
5111 1919 8514 4133 7624 2902 7760 9329 8982 564
6313 9372 7760 2758 3212 7876 5792 7079 5751 9404
655 4080 1981 2006 5873 2085 6380 595 5103 3453
5182 7581 6800 8635 2584 1868 9552 1875 8201 5492
8553 6816 2403 6466 7238 6034 8197 5208 4331 4168
5644 6601 4015 1976 740 3918 7267 8791 4158 3997
5560 6392 3904 2131 461 4101 7400 8717 4248 3906
2623 961 8414 3423 6543 1852 8628 7480 6378 591
9230 1810 8444 7285 5458 9032 7803 4619 6601 3207
4746 3337 7708 8055 1675 3516 7968 6797 5591 7481
1419 7177 3530 930 7181 2717 6240 762 8465 4988
9179 2054 8548 7020 5487 9183 7600 4261 6445 3309
7422 7806 4408 6997 4046 1358 7753 3277 5032 8249
9533 7887 3424 4970 1241 6512 2571 8395 3739 3970
1864 5626 5691 6388 6803 6954 8366 4710 5402 4559
9343 1871 8573 6938 5366 9030 7941 4449 6380 3470
6292 2344 1820 2124 7443 6482 3332 4173 479 7504
7166 7888 4281 6906 3958 1439 7642 3104 5007 8178
8870 7605 7916 8340 3324 535 6839 8103 8882 4743
1753 6678 4379 8008 2431 7381 8943 2510 2453 8914
6269 9210 8018 3040 3155 7903 5894 7260 5966 9250
8521 7447 7854 8332 3442 747 6865 8043 8784 4855
5021 7763 7011 8654 2611 1665 9539 1768 8275 5548
4765 6882 4221 5405 7277 7937 4872 5768 3615 6720
4945 1906 8366 4239 7914 3057 7590 9582 8859 612
5517 6504 3746 2311 669 3842 7291 9100 4007 3768
395 3880 2117 7340 2570 4333 7025 651 6506 3221
9390 8238 3348 4927 1309 6458 2689 8679 3599 3984
9535 8227 3499 4760 1129 6284 2566 8375 3661 3959
4920 6646 4192 5431 7061 7771 5048 5990 3566 6923
315 3940 2254 7599 2573 4234 7187 728 6373 3093
4747 6849 4151 5497 7028 7670 5084 5757 3494 7016
6480 2143 2067 1926 7501 6461 3361 4263 614 7493
7196 7979 4455 6772 3878 1410 7752 3192 4877 8148
1564 5602 5683 6336 7087 7006 8311 4943 5363 4565
1583 7323 3550 900 6831 2689 6195 748 8292 4879
8527 7322 7880 8188 3379 827 6925 8001 8767 4875
4660 3405 7421 8056 1346 3614 7878 6923 5296 7515
7755 5809 8131 4483 2214 2888 4244 3672 2545 4234
6457 9098 7879 3066 3202 7781 5833 7020 6003 9195
7343 7650 4325 7045 4206 1362 7752 3085 5234 7987
9394 7952 3530 4714 1148 6446 2774 8354 3561 4224
6477 2209 1982 2042 7232 6409 3405 4398 397 7414
5270 6609 3829 2245 589 3964 7044 8749 3918 3856
7512 7842 4302 6852 4201 1167 7556 3202 5136 7983
8376 6703 2439 6146 7141 6011 8205 5417 4317 4290
7356 7865 4173 6825 4078 1243 7641 3351 5183 8167
700 4102 1804 1852 5892 2146 6270 461 5372 3487
6284 2193 2040 1799 7301 6513 3480 4210 552 7671
446 4083 1701 2129 5945 2208 6222 739 5242 3119
7922 5643 8384 4553 2124 2888 4180 3855 2439 4344
5168 7794 7118 8654 2792 1777 9313 1639 8034 5268
1788 5424 5424 6480 7126 6871 8296 4954 5202 4336
6422 9127 8050 3102 3132 7785 5698 7330 5922 9164
1777 6521 4507 7754 2412 7635 8690 2576 2372 8861
6233 2460 2060 1930 7356 6596 3469 4132 745 7412
4939 6539 4297 5324 7018 7688 5190 5886 3721 6689
9303 7962 3568 4693 1090 6562 2757 8572 3539 4195
574 3788 2068 1921 5635 2367 6257 763 5384 3509
2612 886 8493 3581 6560 1813 8608 7714 6184 588
1617 5474 5436 6548 6838 6739 8502 4766 5076 4242
1799 6421 4527 8054 2443 7457 8847 2574 2396 8907
624 3940 2168 7344 2537 4221 7227 563 6602 3323
7378 7833 4370 6830 3840 1105 7585 3313 5019 8125
8995 1905 8690 7192 5410 9372 7606 4250 6483 3415
509 3899 2327 7428 2613 4078 7160 638 6594 3196
9254 8071 3532 4700 1185 6222 2628 8299 3614 4009
7236 7919 4228 6882 3827 1144 7611 3000 5105 7894
606 3786 1808 2126 5757 2051 6344 419 5299 3513
2542 711 8507 3623 6498 1717 8897 7710 6440 461
8490 6701 2406 6200 7040 5970 7986 5197 4295 4389
1513 6498 4202 8109 2353 7426 9025 2448 2524 8961
379 4028 1928 2024 5832 2168 6083 447 4994 3377
1576 7255 3350 894 7176 2781 5977 855 8262 5198
8889 7350 7860 8190 3541 826 6798 8192 8757 4704
5010 6606 4371 5603 7258 7777 5116 5868 3442 6932
569 4145 1734 2072 5772 2287 6404 676 5367 3176
9225 1972 8636 7107 5522 9121 7717 4567 6340 3337
621 3966 2367 7565 2440 4128 7088 479 6391 3158
4955 7659 7149 8548 2641 1799 9337 1667 8322 5407
6547 2132 1787 1853 7495 6500 3689 4418 580 7501
4720 3503 7597 7824 1621 3476 8009 6959 5592 7409
5320 6376 3769 2148 727 3961 7265 8882 4225 3985
8802 7505 8074 8264 3479 722 6865 7981 8696 4599
701 3798 1812 1865 5570 2108 6308 753 5237 3430
8518 6836 2642 6131 7122 5993 8124 5466 4566 4373
1843 6568 4342 7858 2222 7465 8742 2546 2432 8868
1419 7444 3683 797 7113 2641 6244 726 8370 4889
2475 2322 6933 5209 6154 6908 2921 4801 6048 6940
1263 7194 3602 1026 7131 2528 6059 634 8475 5050
8486 6730 2410 6500 7227 5991 8238 5318 4555 4293
662 3989 1777 2154 5557 2250 6164 411 5177 3253
9025 2103 8603 6962 5532 9179 7884 4599 6391 3378
9498 8176 3576 4740 1089 6529 2505 8515 3663 3954
4641 3534 7579 7913 1676 3803 8099 6723 5381 7287
2183 2439 6885 5111 6502 6852 3191 4785 6218 6945
419 4058 2194 7634 2264 4092 7191 496 6502 3041
688 4173 2426 7483 2317 4240 7211 605 6389 3347
622 4165 2420 7699 2493 4284 7214 501 6512 3032
5386 6442 3951 2136 525 4058 7277 8871 4072 3727
7484 7943 4399 7054 4077 1116 7650 3142 5143 7950
7142 7899 4366 6918 3870 1280 7581 3308 5079 7878
5075 6786 4297 5505 7092 7826 4987 5810 3666 6742
9015 1916 8543 7162 5575 9138 7623 4237 6455 3193
466 3957 1850 1882 5720 2052 6158 772 5078 3297
2534 2578 6797 5321 6430 6797 2981 5057 6075 6679
1545 6651 4398 7804 2278 7628 9037 2435 2417 9020
1404 7357 3693 863 6994 2648 6171 757 8367 4873
490 4197 2216 7541 2358 4343 7133 513 6397 3295
7565 5765 8351 4276 2464 3139 4437 3830 2691 4416
7530 7972 4438 7042 4146 1369 7661 3073 5110 8107
8988 2030 8362 7306 5547 9071 7843 4390 6440 3334
2466 856 8431 3425 6676 1923 8565 7341 6139 394
1613 6731 4215 7933 2483 7386 8683 2658 2480 8899
8364 6865 2671 6132 7068 5885 8299 5408 4416 4373
2215 2475 6865 5118 6447 6957 3015 4847 6243 7002
1794 5480 5361 6504 7099 7070 8425 4851 5113 4207
2793 829 8482 3617 6378 1743 8743 7598 6068 419
8892 7546 8086 8118 3377 830 7046 8066 8742 4894
6386 9254 7897 2908 3114 7895 5504 7098 5637 9121
6291 9194 7803 2725 3342 7744 5595 7292 5937 9176
6302 9297 7709 2739 3139 7942 5645 7025 5777 9263
1802 6388 4519 7873 2404 7467 8792 2559 2448 9115
5122 7755 6973 8704 2518 1938 9429 1667 8076 5372
353 4079 2371 7437 2334 4338 7107 365 6574 3084
9331 1867 8730 6963 5458 9147 7565 4588 6340 3434
9365 7917 3432 5046 1232 6486 2525 8663 3550 4304
6451 9279 7848 2975 3230 7954 5786 7235 5809 9326
8714 7612 8002 8419 3535 548 6812 8134 8808 4552
9518 8183 3360 4814 1264 6458 2496 8509 3765 4245
9505 8078 3252 4956 1283 6548 2852 8307 3594 4140
5101 1800 8242 4200 7562 3197 7624 9491 9141 367
1795 6467 4406 7854 2423 7586 9039 2479 2603 9214
363 3970 2298 7623 2402 4138 7004 620 6365 3351
2682 582 8687 3547 6413 1641 8639 7382 6101 705
1493 7309 3481 846 7175 2575 6336 853 8178 4984
9172 8175 3390 4771 1280 6352 2740 8532 3764 4255
2553 909 8396 3463 6722 1953 8898 7478 6112 521
1580 5547 5539 6366 6765 7051 8425 4983 5186 4250
7142 7960 4416 6962 4000 1410 7577 3149 5054 8063
7278 7935 4246 7110 3895 1265 7494 3320 5233 7904
8235 6690 2685 6439 7358 5793 8106 5427 4180 4354
7781 5435 8232 4372 2235 2898 4218 3812 2725 4217
5466 6458 4054 2072 563 3884 7029 9089 3981 4006
5164 2068 8410 4174 7752 2893 7619 9468 8897 409
1793 6611 4459 8063 2492 7725 8929 2525 2414 8883
9257 2008 8544 7114 5268 9063 7839 4249 6678 3360
588 3951 1685 2045 5855 1993 6183 546 5134 3384
4936 7509 7096 8522 2475 1863 9320 1858 7969 5336
1657 5798 5441 6477 6773 6801 8399 4726 5073 4468
5163 7599 7066 8686 2483 1915 9381 1701 8123 5525
8857 7316 8068 8201 3620 435 6750 7924 8748 4636
5104 1958 8233 4298 7730 3044 7579 9347 8980 451
1706 5796 5436 6407 7132 6897 8343 4934 5412 4571
8266 6828 2338 6209 7407 5972 7924 5458 4528 4246
4855 7558 6904 8517 2584 1645 9266 1678 8209 5642
7317 7679 4390 6768 4190 1361 7734 3240 5055 8018
5634 6453 3891 2086 582 3944 7090 9083 4149 3796
8750 7323 7998 8414 3307 703 6788 8119 8610 4762
583 3951 2092 7694 2569 4145 6997 351 6713 3196
7619 5654 8339 4226 2251 2830 4250 3700 2642 4289
2244 2344 6903 4936 6228 6827 3120 5021 6202 6760
1483 6385 4364 7942 2351 7329 8738 2526 2523 9155
357 4151 1731 2175 5718 2324 6466 574 5192 3334
5116 1904 8135 4232 7664 2839 7951 9432 9036 360
6204 9169 7697 2827 3277 7814 5794 7258 5722 9298
5445 6675 4057 2175 690 4085 7259 9026 4023 3776
1413 7111 3639 923 6863 2843 6079 753 8138 5246
1298 7252 3611 952 7107 2753 6193 762 8355 4949
7641 5821 8394 4376 2310 2903 4441 3948 2656 4545
4694 3492 7446 7992 1680 3602 7984 6742 5541 7420
1481 6482 4407 8086 2193 7720 9048 2680 2352 9120
1816 6669 4272 7758 2225 7435 8859 2497 2333 9245
5144 2034 8474 3945 7633 2976 7638 9349 9119 610
2284 2670 6934 5126 6450 6923 3186 4830 6029 7016
1417 7199 3324 894 7034 2754 6092 628 8248 5189
1273 7460 3577 1110 7153 2517 6337 564 8414 4871
9215 1990 8711 7241 5376 9194 7866 4409 6354 3252
7345 7856 4443 7096 3889 1313 7588 3013 5214 7968
8519 7554 7832 8261 3394 723 6887 8122 8624 4558
9160 7920 3383 4684 1151 6455 2656 8586 3682 4270
6285 9368 7690 3002 3243 7561 5507 7010 5625 9455
6428 2443 1760 2056 7439 6618 3469 4407 528 7350
7584 5674 8071 4519 2249 3007 4255 3675 2667 4161
6349 9224 7976 2751 3161 7560 5684 7146 5965 9363
6586 9254 8038 2827 3043 7630 5568 6999 5856 9231
1259 7275 3707 1118 6903 2748 6337 634 8343 4952
5153 1928 8210 4293 7811 3171 7636 9452 9216 512
5108 6629 4295 5520 7271 7664 5098 5884 3543 6698
4995 1904 8383 3966 7606 3191 7833 9327 9210 738
1667 6498 4430 7933 2296 7455 8940 2578 2623 9131
8592 7383 8025 8056 3608 637 6805 8220 8811 4731
671 3883 1681 1897 5725 2376 6402 619 5042 3300
2335 2328 7130 5079 6490 6816 2946 5026 6122 6729
9161 8217 3554 4929 1282 6220 2867 8497 3884 3926
2361 2607 6924 4942 6219 6840 2892 4744 6080 7028
5245 7771 7023 8516 2492 1856 9600 1692 8304 5645
8560 6837 2388 6191 7365 6036 8131 5190 4503 4238
649 4216 2374 7672 2296 4264 7043 349 6676 3052
1685 6625 4503 7889 2299 7642 8657 2777 2340 8941
2179 2517 6911 5021 6235 6771 3026 5043 6083 7020
7273 7687 4381 6762 4155 1433 7845 3043 5083 7931
6202 9310 7764 2865 3064 7919 5502 7162 5768 9310
430 4017 1922 1985 5558 2182 6457 573 5207 3442
6246 9447 7962 3066 3153 7791 5575 7101 5772 9258
687 4156 2411 7451 2563 4222 7171 417 6523 3184
1622 6722 4494 7725 2448 7660 8740 2539 2532 8896
5293 2164 8279 4163 7641 2981 7760 9472 8951 423
6360 2173 2080 1979 7356 6360 3620 4378 388 7643
5138 2125 8341 4208 7794 3028 7676 9317 8980 599
7315 7766 4271 6946 4123 1299 7816 3359 5219 8232
514 3971 1693 1824 5648 2248 6306 640 5075 3284
6193 9433 7772 2824 3041 7874 5741 7004 5637 9216
5080 7667 7055 8397 2761 1968 9534 1630 8256 5462
732 3867 2070 2099 5777 2065 6164 455 5125 3422
8341 6804 2693 6415 7200 5785 7995 5377 4295 4089
4841 3523 7738 7838 1571 3473 8068 6864 5253 7277
2530 2412 7009 4932 6196 7042 3183 4774 6096 6983
502 4103 2290 7385 2453 4304 7255 381 6504 3144
5074 2024 8216 4013 7601 3038 7960 9536 8871 490
5124 6581 4312 5505 7370 8016 4890 5729 3408 6795
5114 6581 4134 5652 7305 7833 5259 5882 3763 6686
2857 817 8310 3482 6679 1986 8649 7512 6271 378
6255 9199 8041 2845 3282 7574 5782 7317 5748 9376
6334 2171 2093 2061 7143 6439 3634 4147 415 7351
9089 1902 8645 7180 5589 9225 7593 4310 6504 3225
5514 6311 3937 1974 766 4028 7193 8729 3886 3833
5267 1937 8411 3954 7875 2998 7663 9371 9159 582
8346 6783 2464 6171 7139 5956 8190 5423 4387 4089
2225 2402 6866 4987 6436 7056 2920 4774 6272 6744
709 3942 1752 1943 5557 2232 6134 620 5362 3472
1360 7184 3406 987 6828 2721 6170 582 8380 4912
5198 7610 7018 8602 2777 1622 9388 1783 8217 5384
7219 7619 4288 7133 3833 1129 7648 2983 5064 7894
5167 1842 8334 4191 7683 2860 7638 9607 9240 460
7393 7853 4186 6975 3848 1459 7849 3113 5190 8099
9297 1968 8480 6944 5554 9159 7662 4465 6487 3361
7483 7622 4260 6795 4202 1209 7620 2992 5144 8161
4889 3532 7617 7769 1679 3507 7786 6691 5284 7479
4873 3317 7518 7793 1541 3457 8084 6779 5451 7448
4693 3420 7539 7966 1322 3776 8016 6975 5583 7319
6324 9349 7911 2993 3016 7705 5579 7336 5837 9310
1585 6766 4453 7808 2185 7534 8813 2521 2505 9018
1820 5647 5616 6488 6843 7088 8626 5008 5442 4344
7603 5712 8102 4427 2343 2960 4173 3789 2687 4448
7593 5685 8242 4482 2412 2999 4121 3714 2480 4219
6255 2234 1852 2152 7168 6499 3459 4329 561 7566
6197 9055 7678 2964 3336 7745 5669 6946 5824 9354
1505 6650 4318 7977 2217 7510 8767 2505 2518 8893
1621 5752 5391 6281 7066 6963 8369 4973 5307 4380
9320 2126 8510 7127 5576 9382 7782 4231 6442 3494
5205 7529 7125 8585 2842 1774 9215 1492 8208 5404
552 4022 2400 7624 2535 4171 7172 745 6582 3337
1347 7300 3378 972 6833 2467 6115 678 8262 4881
4855 3331 7605 7977 1376 3484 8051 7007 5260 7541
699 3979 1802 1921 5710 2036 6152 565 5016 3233
6306 9278 7794 2730 3064 7619 5772 7193 5830 9101
8280 6905 2692 6202 7065 5684 8081 5242 4317 4372
6369 2505 1828 1841 7134 6375 3471 4221 780 7430
9060 1985 8392 7202 5294 9100 7781 4408 6380 3429
1446 7180 3671 1020 7083 2485 5968 562 8264 4895
7311 7731 4247 7101 3955 1141 7701 3110 5179 8030
8377 6652 2411 6182 7296 5746 8078 5453 4578 4125
9202 8203 3578 4785 988 6458 2549 8324 3605 4099
2854 894 8662 3513 6673 1860 8644 7470 6390 719
5303 1929 8400 4185 7764 3229 7788 9469 9069 681
2336 2636 6858 5044 6349 6796 3025 5000 6010 6929
5135 7570 7117 8414 2721 1907 9390 1813 8076 5425
6408 9319 7889 2852 3113 7631 5612 7142 5826 9336
8205 6802 2462 6373 7129 5648 8178 5126 4219 4269
1586 7452 3620 782 7069 2589 6330 730 8254 4953
6430 2269 2120 2170 7303 6672 3627 4347 515 7298
709 3996 2027 1858 5898 2028 6412 576 5084 3502
6234 9173 7705 3039 3159 7875 5699 7323 5988 9166
6286 2308 1980 1882 7374 6602 3535 4236 402 7447
6325 9402 7986 2923 3017 7644 5848 7015 5794 9336
7321 7697 4272 6820 3883 1302 7718 3149 5145 8119
1717 6474 4364 7814 2224 7533 8845 2583 2370 8921
2375 2350 6789 5111 6167 6798 2951 5040 6328 6919
532 3995 1698 2038 5902 2241 6258 632 5041 3398
2261 2536 7135 5139 6245 7091 3013 4895 6065 6781
2295 2405 6999 4927 6380 6756 3059 5096 6252 6794
2497 2432 7117 5322 6364 7106 2891 5068 6212 6670
6265 9302 8040 2872 3330 7745 5804 7209 5742 9092
8260 6695 2345 6118 7284 5864 7962 5458 4579 4001
6309 9132 7733 2715 3313 7873 5560 7218 5969 9339
5246 7457 7089 8627 2738 1688 9569 1573 8088 5465
1561 6437 4402 7889 2188 7359 8809 2485 2604 9157
7586 5769 8236 4281 2188 3111 4491 3949 2354 4179
5627 6471 3848 2020 465 3830 7076 8933 3870 3888
8861 7568 7727 8048 3299 636 6987 8195 8694 4564
7185 7703 4146 7000 3815 1407 7590 3008 4884 7965
5100 7493 7004 8745 2780 1661 9309 1561 8002 5403
1869 5767 5596 6345 7106 6755 8625 4655 5051 4414
1771 6483 4525 8041 2324 7380 9045 2723 2429 8956
2833 881 8361 3701 6508 1805 8742 7443 6269 481
8639 7616 8053 8064 3346 464 6707 8282 8701 4564
708 3888 1881 2070 5899 2358 6310 678 5037 3256
5117 6709 4461 5483 7263 8035 5239 5890 3675 6864
9533 8061 3518 4861 1069 6279 2517 8355 3649 4324
9350 8052 3494 4827 1288 6553 2867 8363 3617 4206
4790 6613 4411 5592 7229 7966 5225 5878 3602 6848
1729 6483 4423 7872 2330 7658 8820 2581 2496 8941
2496 2552 6910 5054 6511 6763 3222 5048 6070 6831
4635 3538 7440 7896 1652 3430 7911 6891 5489 7461
4763 3463 7775 8112 1636 3650 7872 6915 5427 7371
1818 5520 5572 6298 7013 6913 8621 4727 5109 4346
4972 6829 4204 5379 7060 7983 4975 5937 3582 6950
1837 6775 4485 7740 2300 7564 9035 2523 2450 9207
1236 7281 3547 926 7109 2783 6111 944 8275 4875
5058 2124 8343 4265 7755 2899 7944 9553 9101 681
1464 6498 4561 8060 2102 7673 9020 2734 2326 8995
8982 1923 8468 6976 5408 9065 7646 4485 6495 3461
5602 6599 4007 2306 793 4130 7138 8787 3935 3980
4754 6703 4145 5356 7066 7692 5146 5872 3787 6840
1597 7092 3376 1087 6876 2802 6300 602 8300 4864
7311 7724 4329 7130 3910 1390 7684 3207 5097 8227
9507 8012 3484 4989 1039 6342 2645 8321 3533 4036
7311 7643 4422 7000 3928 1318 7509 3319 5011 7867
8608 7580 7923 8054 3368 820 6740 8004 8766 4619
2559 829 8644 3468 6761 1883 8591 7494 6069 682
2498 677 8555 3413 6659 1852 8544 7331 6313 536
6479 9114 7927 2752 3187 7620 5860 7131 5898 9137
6192 9102 7876 2779 3287 7806 5700 7234 5797 9153
6578 9171 8021 2939 3353 7947 5753 7154 5714 9271
8791 7499 7874 8310 3246 717 6821 8088 8557 4787
8305 6613 2346 6277 7058 5724 8076 5246 4281 4195
8767 7562 7954 8436 3492 653 6856 7901 8749 4711
2347 2334 6961 5209 6329 6724 3172 4996 6012 6700
4855 7690 7063 8736 2601 1664 9437 1804 8147 5385
7616 5493 8338 4260 2242 2964 4335 3791 2712 4531
2763 804 8695 3325 6740 1889 8578 7520 6071 345
4939 7416 6796 8514 2663 1608 9359 1598 7989 5295
9418 8255 3427 4754 984 6312 2879 8440 3839 4175
1454 7486 3368 1035 7002 2503 6232 829 8216 4991
5623 6424 3909 1984 678 4014 7322 8743 4200 3856
1777 5615 5717 6470 6841 6961 8414 5027 5315 4570
6251 9090 7761 2917 3283 7583 5550 7186 5816 9176
7165 7724 4450 7015 3966 1467 7526 3221 5236 7987
4877 7576 7094 8370 2744 1915 9483 1762 8037 5331
1808 6592 4219 8106 2223 7346 8740 2674 2589 9197
1686 6403 4295 8015 2221 7365 9033 2463 2352 9030
5545 6317 3989 2024 830 4067 7365 9009 4242 4028
7590 5764 8043 4606 2166 3038 4487 3837 2590 4219
2697 686 8677 3548 6573 1941 8784 7384 6335 721
6328 2187 1845 2158 7280 6512 3560 4446 709 7319
5279 6517 3906 2323 481 4014 7338 8756 4210 3901
2645 584 8558 3440 6714 1808 8710 7563 6252 340
6333 2454 1935 1821 7135 6553 3723 4344 402 7362
2515 2450 6918 5223 6281 6911 3013 4813 6185 6773
5077 7553 6976 8673 2473 1901 9300 1711 8192 5546
5256 6292 4097 2276 502 3912 7008 9056 3853 4042
5123 6620 4376 5498 7028 8028 5252 5914 3521 6696
9176 8141 3245 4807 1054 6178 2853 8365 3715 4246
533 3968 1737 1833 5711 2195 6455 580 5244 3346
4803 3341 7750 8131 1557 3443 7849 6827 5271 7513
5446 6646 3777 2327 790 4095 7070 9059 4093 3797
379 3923 2306 7688 2230 3959 7160 389 6608 3285
8364 6850 2650 6289 7306 5877 8143 5411 4475 4361
1368 7251 3391 1112 6806 2556 5997 919 8330 4955
8775 7379 7751 8147 3540 765 6669 8089 8801 4663
5564 6440 3766 2129 749 4088 7035 9026 4214 4082
692 4167 1836 2080 5563 2221 6171 759 5319 3420
6508 2276 2011 2121 7277 6694 3663 4199 532 7488
7468 7705 4463 7135 3936 1176 7683 3129 5203 7987
5270 1787 8187 4015 7866 3006 7922 9288 9114 585
5440 6587 3968 2078 648 4092 7057 9056 4185 3752
2580 751 8666 3531 6621 1883 8513 7484 6429 567
8442 6735 2565 6189 7213 6007 8251 5115 4329 4349
728 4106 1901 1896 5721 2196 6241 734 5208 3458
1637 5665 5695 6239 7054 6893 8667 4728 5192 4258
9093 1853 8462 7097 5274 9027 7627 4375 6293 3477
5622 6311 4036 2155 692 4119 7160 9038 4108 4086
5321 2163 8309 4216 7781 3011 7575 9504 8993 392
6520 2369 1885 1878 7139 6513 3601 4222 682 7669
9147 1872 8418 7046 5605 9221 7905 4336 6316 3529
4981 2026 8197 4083 7724 3063 7653 9385 8857 640
9171 1864 8588 6999 5542 9171 7618 4475 6374 3536
7712 5562 8305 4430 2264 3110 4266 3900 2721 4297
2788 932 8621 3446 6396 1769 8831 7710 6324 518
4903 7574 7097 8473 2694 1933 9372 1709 8007 5273
7745 5731 8208 4264 2249 2833 4418 3880 2731 4382
9527 8091 3263 5078 1261 6383 2875 8378 3707 3934
6310 2344 2045 1819 7181 6601 3379 4244 699 7319
659 3937 1745 1899 5577 2094 6133 454 5148 3380
7745 5513 8229 4304 2464 3195 4286 3678 2598 4412
8584 6593 2678 6343 7274 5748 8068 5224 4477 4236
6320 2217 1801 2116 7290 6407 3712 4157 417 7555
9322 2139 8476 7085 5570 9176 7594 4569 6585 3474
9332 8077 3397 4794 1175 6282 2834 8423 3600 4289
1664 5789 5686 6464 7023 6752 8607 4745 5423 4447
4870 3265 7424 8056 1575 3797 7999 6782 5367 7387
5496 6635 4083 2275 660 4166 7272 8874 4198 3773
6477 2433 1968 1821 7417 6697 3434 4197 398 7577
5066 6782 4155 5626 7147 7918 4972 5917 3642 6954
1696 5521 5686 6554 7048 6862 8476 4631 5443 4458
1476 6673 4284 7851 2104 7603 8721 2752 2543 9121
2511 2421 6768 4983 6257 6961 2944 4991 6252 6809
8395 6512 2457 6270 7179 5776 7932 5201 4434 4270
8515 7251 7730 8263 3592 777 6735 8113 8653 4866
7161 7907 4109 6845 4015 1136 7738 3241 5024 7969
373 3827 1942 1847 5877 2102 6138 397 5262 3439
8533 7624 8063 8231 3381 437 6984 8265 8749 4645
356 4046 2029 7709 2291 4337 7277 477 6461 3028
4986 6610 4163 5443 7401 7816 5119 5933 3656 6834
411 4153 2047 1979 5675 2255 6392 510 5212 3340
2477 2614 7062 5182 6210 6852 3002 4797 6058 6720
7683 5798 8062 4549 2341 3163 4466 3940 2715 4402
9459 8107 3480 4703 1089 6331 2671 8582 3673 3980
4800 6821 4362 5550 7003 7650 5024 5860 3491 6856
1599 6554 4296 7982 2466 7337 8707 2683 2578 8969
8621 7557 7919 8441 3541 529 6944 8274 8791 4928
5087 1962 8150 4201 7730 2870 7681 9549 9167 722
573 4207 2097 7405 2451 4333 7141 669 6527 3297
9460 8141 3535 4913 975 6558 2852 8288 3523 4142
4715 3399 7535 7765 1669 3593 7817 7006 5285 7499
4946 6923 4478 5510 7298 7823 4901 5945 3570 6714
6416 9099 7893 2774 3202 7742 5753 7133 5719 9158
7263 7885 4118 7105 4206 1438 7570 3360 5231 7915
8804 7362 7946 8302 3329 739 6888 7978 8795 4830
1738 6648 4206 7861 2378 7648 8805 2727 2615 9213
9531 8265 3521 4979 972 6403 2512 8328 3899 4214
7448 7842 4183 6965 4099 1168 7535 3149 5012 8083
7684 5595 8187 4277 2152 2900 4367 3978 2480 4242
6550 9065 7739 2967 3246 7767 5553 7176 5850 9375
6415 9241 7789 3063 3208 7764 5557 7202 5773 9409
6422 2270 1725 2140 7445 6440 3463 4193 536 7608
8520 7309 7922 8097 3516 504 6712 8117 8588 4817
4932 6599 4457 5638 7186 7787 5186 5831 3641 6868
4808 3438 7731 7752 1416 3523 7955 6690 5449 7374
4974 1967 8426 4122 7781 2921 7736 9406 9016 706
8318 6851 2589 6297 7277 5742 8059 5457 4545 4232
2219 2627 7111 5183 6447 6930 3025 4756 6039 6903
407 4166 2330 7641 2481 4159 7041 528 6413 3115
1849 6713 4198 7786 2422 7489 8872 2537 2507 9100
5397 6462 3821 2121 511 4151 7244 8933 3855 3731
4897 3534 7520 7945 1558 3716 7717 6852 5627 7470
6506 2134 1746 2165 7269 6415 3496 4378 698 7370
1769 5747 5605 6559 6860 7040 8578 4691 5404 4239
2188 2523 6798 4962 6360 6842 2913 5003 6368 7038
6364 2471 1924 2180 7386 6525 3379 4222 472 7535
2759 841 8544 3546 6565 1636 8720 7397 6175 470
2526 2427 6937 5048 6499 6851 3101 4799 6274 6641
5137 6776 4400 5639 7037 7843 5259 5905 3709 6904
6489 2396 1778 1786 7351 6555 3680 4493 638 7384
5456 6681 3947 2107 709 4024 7000 8783 3987 4085
590 3992 2171 7412 2312 4259 6928 582 6715 3102
2550 2410 6800 5004 6234 7074 3142 4933 6338 7012
5244 7643 7094 8382 2485 1810 9435 1860 8266 5577
5543 6613 3787 2191 530 3929 7264 8788 3906 4028
8327 6808 2402 6134 7129 5803 7959 5453 4347 4004
4932 1939 8331 4241 7902 2997 7913 9365 9039 505
4902 3378 7419 8001 1622 3483 7778 6748 5374 7490
4954 6562 4347 5542 7247 7704 5055 6064 3575 6808
7466 7964 4455 6973 4184 1403 7840 3063 4879 7990
1324 7150 3459 1005 6972 2528 6269 937 8298 5044
551 4100 1751 1838 5691 2158 6468 684 5070 3487
2826 814 8664 3344 6747 1694 8829 7720 6165 590
5290 6418 3774 2210 674 4097 7316 8853 3966 3901
5257 1847 8189 3947 7878 3016 7670 9401 9134 712
5027 7579 7025 8697 2484 1726 9265 1662 8234 5385
8548 7424 8047 8121 3607 660 6746 7956 8684 4712
9297 2014 8670 7153 5301 9221 7916 4509 6548 3396
1491 6661 4431 8094 2353 7604 8755 2602 2600 9221
6569 9220 7799 2976 3334 7770 5629 7200 5744 9074
2222 2319 7042 5058 6529 7050 3013 5037 6334 7020
2669 885 8598 3648 6642 1692 8893 7500 6310 504
7295 7744 4425 6949 4102 1460 7579 3002 4953 8212
5031 7492 6838 8749 2653 1813 9448 1866 8210 5471
7444 7975 4287 6943 4106 1402 7808 3237 5062 8220
1361 7176 3488 988 7096 2686 6298 601 8207 4992
7949 5498 8082 4228 2225 3167 4384 3632 2604 4261
1690 5702 5425 6423 7022 7019 8483 4678 5176 4304
5368 6328 3995 2313 795 3901 7328 8862 4061 3732
2470 2548 7038 5067 6357 6848 3105 4708 6112 6794
1729 5418 5664 6473 7132 6967 8430 4631 5439 4390
5544 6294 3866 2180 801 3821 7349 8944 4180 4023
1610 6427 4349 8084 2405 7634 8984 2785 2363 9082
1899 5475 5689 6331 6761 6809 8611 5009 5141 4257
9367 8250 3615 4965 1038 6307 2739 8577 3827 4004
499 3829 1675 2054 5828 2198 6159 778 5222 3484
2417 2508 6914 5054 6441 6971 3091 4824 6296 7033
4776 3558 7744 7941 1512 3662 7928 7028 5423 7462
6334 9307 7817 2959 3032 7669 5719 6990 5906 9244
9011 1941 8487 7052 5474 9112 7722 4614 6565 3212
5176 7515 7094 8644 2822 1947 9210 1810 8037 5354
335 3880 2363 7645 2537 4026 7209 549 6731 3322
1511 7443 3603 868 7089 2459 5962 831 8135 5104
467 3940 1778 1838 5878 2196 6100 639 5085 3338
5095 1941 8221 4238 7736 3099 7664 9462 9187 436
9524 8209 3472 4767 1156 6478 2580 8408 3526 4275
9502 7927 3618 4883 1027 6484 2826 8520 3594 4102
312 4081 2299 7575 2416 4192 7105 601 6494 3361
9287 8168 3545 4771 1098 6284 2591 8444 3837 4041
1585 6664 4416 7953 2480 7441 9024 2613 2307 8887
7139 7965 4259 6797 4119 1293 7830 3012 5076 8095
5343 6666 3849 2025 736 4035 7314 9009 4238 3767
8526 7371 7724 8055 3619 810 6910 8132 8835 4779
4739 3305 7557 8097 1398 3656 7810 6633 5572 7362
2167 2287 6774 5137 6142 6755 3188 4755 6256 6709
4667 3508 7513 7764 1382 3503 7798 6952 5404 7582
4857 6920 4266 5594 7214 7888 5029 5920 3620 6710
9391 8000 3334 4952 1228 6326 2720 8314 3690 4108
1345 7347 3568 1016 6959 2599 6206 687 8300 5204
2866 907 8504 3474 6703 1930 8686 7682 6262 716
7642 5807 8066 4535 2163 2901 4446 3633 2449 4327
5256 1996 8357 4226 7674 3084 7821 9583 8898 435
8596 7298 7697 8122 3601 631 6804 8271 8498 4617
5118 7632 6999 8673 2790 1726 9508 1666 8299 5653
4853 3647 7662 7849 1657 3644 7774 6717 5499 7432
5141 6788 4428 5651 7261 8020 5192 5889 3787 6841
1778 6775 4225 8117 2487 7526 8963 2552 2482 8897
2254 2594 6809 5166 6500 7043 3097 5053 6083 6991
673 3859 2205 7420 2554 4093 7200 487 6435 3324
601 4029 1948 1828 5935 2330 6157 749 5147 3441
5153 2033 8395 4274 7865 2987 7865 9555 8855 497
722 3794 1823 1899 5860 2366 6153 633 5205 3386
2253 2608 7154 5161 6231 6864 3067 4853 6185 7026
1576 5452 5498 6377 7104 6809 8477 4938 5191 4437
480 3985 2007 1794 5645 2379 6092 567 4988 3269
1486 7372 3414 794 7157 2811 6310 733 8408 5183
7181 7749 4475 6761 4025 1319 7478 3142 5163 8236
8868 7428 8017 8235 3500 526 6831 8050 8537 4885
5653 6610 4042 2088 488 4126 7132 8960 4103 3854
5265 1854 8397 3994 7676 3079 7837 9610 8867 357
4776 6924 4383 5284 7383 7811 5160 6068 3766 7034
6255 9139 7783 2910 3149 7769 5857 6985 5940 9107
7669 5727 8394 4579 2409 2813 4372 3652 2519 4317
9294 1757 8623 7307 5502 9034 7629 4583 6542 3494
6394 9346 7780 2987 3098 7654 5715 7227 6017 9191
2559 2332 6929 5085 6450 7110 2894 4906 6308 6774
6491 9186 7937 2935 3356 7676 5674 7147 5652 9369
7879 5638 8337 4287 2116 3148 4497 3609 2656 4352
7377 7694 4134 6792 4068 1133 7829 3278 5169 7858
6311 9318 7980 2873 3178 7939 5803 7251 5812 9255
5102 7688 7144 8468 2595 1684 9364 1590 8115 5450
7275 7941 4480 6980 4209 1153 7850 3129 5170 7871
7802 5712 8140 4459 2449 3100 4512 3788 2680 4277
532 4164 1967 1835 5558 2226 6239 454 5329 3507
5135 7471 6983 8387 2703 1884 9218 1775 8301 5461
5019 6553 4291 5499 7114 7714 5065 6072 3718 6773
403 4171 1876 1953 5572 2086 6269 540 5047 3378
5140 6539 4456 5591 7332 7733 5146 6014 3431 6837
9389 7922 3441 5028 1046 6242 2662 8362 3533 4001
8649 7282 8061 8372 3397 774 6748 7976 8515 4581
504 3898 1971 1952 5779 2173 6438 452 5371 3134
4682 3400 7488 8143 1364 3559 7730 6859 5360 7414
1746 6504 4261 7738 2099 7651 9042 2712 2377 8885
1657 6641 4527 7872 2157 7596 8926 2663 2661 9170
574 4202 2083 7514 2491 4336 7009 431 6732 3169
6310 2517 2120 1965 7316 6600 3707 4166 578 7674
4686 3325 7638 8049 1399 3715 8038 6852 5325 7199
5495 6522 3756 2314 718 3829 7319 9059 3922 4101
2383 2505 7012 5010 6434 7123 2845 4850 6043 6959
4965 2080 8348 4194 7531 2895 7741 9450 9118 592
673 3863 2312 7736 2594 4145 7193 677 6568 3107
5480 6410 3928 2287 776 3941 7300 8803 4213 3727
6226 2298 1819 1975 7328 6358 3533 4134 433 7663
5092 1827 8420 4246 7822 3069 7680 9612 9141 710
9260 8239 3439 5035 985 6188 2694 8614 3831 4015
7492 7639 4150 6858 4107 1486 7838 3225 5006 7922
1575 5506 5664 6356 7056 6911 8612 4730 5133 4268
2472 2467 7123 5065 6221 7016 2926 4851 6061 6878
6584 9311 7898 2731 3128 7658 5614 7296 5926 9299
7513 7657 4323 7085 4172 1468 7471 3172 4979 8072
4968 2124 8143 4009 7596 3226 7611 9536 8878 456
6503 2497 1750 2141 7298 6712 3458 4427 462 7374
6459 2434 1949 2095 7271 6331 3690 4361 426 7499
8417 6784 2504 6498 7292 5830 8152 5283 4486 4269
1848 6412 4408 8071 2138 7578 8875 2810 2547 9233
6387 2474 1886 2154 7313 6435 3532 4170 560 7551
6250 2277 1924 1968 7258 6516 3699 4404 526 7663
411 3844 1886 2170 5750 2190 6288 477 5131 3239
353 4116 1961 1944 5839 2078 6415 448 5255 3140
9328 2035 8649 7064 5511 9139 7897 4275 6645 3244
9194 8236 3267 4959 1340 6544 2709 8374 3761 4000
5578 6627 3830 2254 733 3965 7140 9080 3880 4072
1343 7273 3469 785 7196 2585 6285 880 8514 5240
8798 7613 8068 8410 3376 795 6730 8195 8673 4599
4972 7549 6867 8411 2784 1795 9252 1796 8333 5426
4667 3508 7786 7894 1500 3612 8017 6778 5455 7381
8546 6741 2351 6411 7274 5991 8233 5329 4577 4097
2708 797 8662 3414 6623 1840 8774 7533 6294 427
5352 6526 3798 2083 840 3869 7144 8831 3946 3945
4650 3421 7704 7762 1616 3675 7752 6723 5364 7351
1442 7384 3456 1110 6857 2673 6161 836 8504 5009
6312 9195 7822 2847 3039 7619 5851 7284 5627 9100
342 3976 2137 7612 2584 4206 7078 719 6368 3194
9063 1964 8701 7120 5436 9116 7915 4596 6605 3386
1546 5754 5339 6453 6792 6994 8404 4868 5177 4522
1660 5744 5552 6241 6944 6978 8410 4699 5184 4543
7502 7862 4265 6781 4142 1308 7472 3273 5104 8167
1745 5740 5360 6175 7088 6782 8364 4946 5146 4520
5150 7539 6959 8589 2835 1843 9269 1866 8200 5327
1662 6635 4237 7766 2401 7347 8959 2540 2659 8863
5296 2161 8322 3921 7857 2956 7840 9422 8956 463
9112 1855 8485 7151 5447 9042 7778 4395 6661 3185
7279 7814 4203 7119 4184 1131 7697 3358 5086 7938
356 4005 2340 7352 2261 4045 7131 699 6655 3115
8698 7532 7759 8160 3307 812 6658 7903 8855 4843
4930 7631 7133 8530 2739 1772 9213 1695 8193 5574
7305 7702 4285 7038 3915 1137 7551 3151 4977 8141
1612 7412 3497 934 7181 2672 6021 809 8212 5112
6509 2144 2061 1944 7210 6449 3597 4372 572 7673
1600 5573 5369 6236 7100 7054 8328 4867 5095 4313
5122 1848 8493 4077 7810 3163 7757 9371 9185 501
8567 7393 7873 8287 3548 526 6810 8020 8825 4794
8996 1827 8558 7040 5287 9015 7744 4481 6377 3411
4991 7540 6874 8571 2775 1915 9377 1872 8336 5640
8376 6548 2472 6402 7392 5666 7944 5253 4544 4202
9518 8282 3333 4888 1052 6379 2731 8465 3715 4190
6229 2486 1753 1848 7318 6365 3663 4362 624 7666
6579 9449 8056 2846 3334 7820 5520 7174 6017 9416
2484 2316 6997 5261 6258 7091 3123 4961 6119 7022
4846 6739 4402 5299 7250 7765 5197 5711 3622 7019
6370 2290 1841 1990 7198 6534 3563 4358 440 7317
1700 5592 5591 6461 6818 6750 8571 4929 5245 4339
7679 5740 8388 4475 2171 2907 4151 3923 2451 4351
8784 7487 7960 8157 3272 567 6958 8048 8691 4879
7684 5653 8385 4511 2114 3010 4349 3977 2694 4364
4858 6647 4275 5602 7122 7959 5212 5846 3640 6876
7196 7847 4342 7085 3964 1426 7747 3180 5032 8128
5059 7788 6838 8568 2500 1963 9277 1876 8102 5349
2417 2311 6892 5100 6236 6821 2832 4870 6345 6774
9459 8067 3264 4721 1128 6205 2596 8668 3691 4151
1603 6560 4395 7963 2210 7723 8966 2437 2629 9000
6396 9301 7872 2801 2993 7573 5703 7286 5799 9288
1725 6444 4345 8092 2142 7462 8927 2478 2398 8950
1561 6701 4540 7928 2472 7333 8900 2732 2575 9051
9264 2098 8458 6963 5484 9221 7855 4350 6396 3346
6189 9177 8014 2788 3280 7632 5623 7068 5917 9230
698 4100 1765 1966 5589 2221 6412 770 5051 3464
348 4181 2070 7709 2377 4153 7145 655 6430 3286
1461 6661 4210 8035 2425 7650 8707 2822 2273 8899
5187 1960 8464 4297 7746 3140 7746 9318 9189 683
4591 3584 7696 8002 1533 3486 7868 6926 5606 7261
7146 7684 4095 7106 3923 1413 7862 3094 5215 8046
684 4015 1775 2072 5628 2291 6265 761 5263 3266
1545 6704 4294 7917 2265 7712 8728 2575 2458 9048
4997 6734 4216 5346 7274 7963 5093 5784 3751 6666
5256 1900 8429 3991 7795 2857 7825 9441 8903 671
1606 7094 3672 914 7056 2694 6011 876 8230 5168
490 3884 1977 2154 5576 2051 6435 724 5108 3122
6197 2200 1876 2089 7142 6592 3675 4271 541 7299
2735 798 8382 3399 6407 1664 8854 7507 6144 431
9048 2076 8534 7092 5290 9168 7608 4330 6488 3187
1521 6757 4347 8015 2380 7697 8727 2448 2551 8980
8369 6680 2358 6362 7378 5870 8229 5502 4399 4335
4622 3428 7493 8079 1354 3505 7763 6976 5528 7558
2783 630 8435 3380 6412 1686 8719 7500 6338 687
5046 2006 8260 4129 7574 2985 7610 9625 8940 612
1337 7269 3506 821 7182 2614 6305 609 8144 4897
5133 7518 6951 8675 2553 1690 9337 1484 8154 5422
8716 7366 7935 8314 3440 778 6923 8047 8540 4766
1475 6671 4356 7942 2372 7666 8797 2630 2363 8865
1326 7417 3567 1008 6868 2775 6102 570 8277 5224
4917 3430 7468 7926 1663 3570 7791 6782 5599 7444
2342 2389 7076 5240 6408 6769 3122 4739 6110 6951
5218 2141 8158 3950 7788 3217 7746 9300 9030 600
1779 6687 4552 8066 2220 7329 9034 2593 2559 9238
571 4126 2356 7515 2226 4249 6914 603 6550 3036
7279 7866 4339 7021 4079 1363 7555 3205 5120 7973
437 3884 1703 1857 5720 2331 6421 578 5111 3256
8891 7546 7930 8223 3285 540 6820 8275 8880 4849
4744 3517 7679 7772 1663 3596 7760 6716 5566 7436
656 3836 2419 7354 2536 4061 7291 427 6731 3286
6299 2130 2116 1874 7322 6652 3384 4165 583 7351
6472 2376 1950 2073 7396 6575 3467 4252 780 7343
7406 7620 4355 6822 3926 1480 7573 3135 5122 7981
4749 3559 7641 8038 1630 3775 7816 6937 5440 7487
8569 6706 2582 6222 7196 6018 8211 5162 4338 4258
5033 6716 4329 5304 7118 8043 4952 5939 3615 6689
5092 2041 8292 4240 7794 3066 7843 9375 8889 599
704 4134 2299 7625 2336 4198 6946 574 6584 2978
5313 2151 8362 4266 7714 2879 7962 9566 9201 702
6432 9387 7708 3015 3309 7588 5511 6955 5759 9174
9355 1876 8667 7008 5416 9270 7654 4600 6366 3345
7772 5468 8100 4535 2468 2996 4261 3875 2535 4547
1816 5497 5581 6237 6923 6990 8356 4833 5296 4212
6362 9090 7696 3078 3289 7765 5725 7087 5939 9224
4837 3651 7642 7952 1488 3516 8072 6755 5542 7510
7615 5810 8361 4245 2252 2963 4486 3955 2569 4520
1576 5672 5375 6284 6840 6893 8531 4713 5054 4206
5269 6593 4103 2237 834 3771 7266 9098 4245 3808
9447 8102 3425 4976 1214 6369 2746 8560 3775 3947
1519 6777 4224 8033 2115 7686 8771 2486 2346 9117
8413 6706 2698 6351 7114 5680 7993 5156 4534 4145
5451 6282 3999 2202 566 4154 7389 8834 4093 3933
9375 8242 3601 4835 1112 6317 2863 8401 3843 4095
8353 6803 2474 6200 7058 5811 8106 5212 4447 4330
5174 7433 7046 8715 2659 1728 9440 1851 8333 5469
9378 8230 3440 4876 1108 6490 2565 8635 3731 4080
4902 7554 6896 8704 2483 1673 9244 1664 8199 5477
5228 7584 6837 8435 2557 1889 9317 1512 7963 5387
7364 7829 4476 6843 3955 1308 7640 3046 5226 8136
6268 2448 1985 2151 7251 6608 3721 4398 608 7559
1431 7455 3556 733 6966 2699 6256 701 8355 5076
8767 7359 7969 8311 3480 717 6892 8245 8742 4588
8696 7393 8034 8096 3528 571 6707 7925 8569 4932
1737 6757 4462 7994 2350 7660 8989 2632 2468 9177
5404 6586 3851 2319 683 3955 7240 9039 3894 3841
2265 2649 6837 5282 6341 6890 3212 4792 6324 6956
9175 2137 8560 7179 5394 9327 7921 4389 6637 3446
5124 6601 4305 5271 7376 7814 5038 5704 3634 6684
7639 5645 8140 4571 2130 3182 4329 3985 2392 4196
5327 1999 8410 4064 7715 3174 7713 9642 9222 409
8315 6531 2597 6219 7241 5737 8311 5179 4244 4291
8439 6867 2552 6190 7041 5778 8206 5241 4518 4380
1860 5647 5647 6492 6854 7044 8683 4933 5078 4474
8535 7521 7839 8323 3383 523 6999 8178 8812 4868
4662 3506 7676 8025 1427 3519 8039 6925 5257 7586
696 3951 2381 7406 2406 4032 7153 353 6561 3291
462 3951 1971 1983 5571 2304 6187 484 5213 3137
2788 777 8435 3438 6371 1755 8584 7410 6056 363
646 3857 2068 7642 2495 3994 7034 601 6606 3163
2719 874 8372 3663 6565 1783 8834 7518 6224 364
5615 6505 3899 2215 832 3844 7353 8795 3919 3994
586 3868 2026 1945 5631 2157 6194 714 5114 3269
8448 6879 2493 6388 7210 5814 8289 5453 4208 4331
2528 941 8674 3520 6597 1901 8790 7334 6324 644
8593 7370 7992 8120 3365 738 6835 8204 8714 4778
6549 9338 7763 2869 3135 7561 5826 7059 5664 9458
347 4203 2359 7362 2265 4301 7113 383 6623 3258
2503 2323 7125 4996 6416 6912 3182 4824 6377 6792
4963 7626 6800 8527 2769 1803 9223 1575 8264 5427
6243 9123 8009 3057 3065 7941 5615 7114 5957 9362
7241 7897 4101 6873 4030 1187 7625 3068 4962 8157
6575 2193 2083 2057 7499 6608 3501 4473 523 7481
6285 2437 2014 2106 7273 6351 3484 4401 533 7370
9380 8075 3230 4821 1080 6252 2642 8481 3860 4211
5307 6408 3913 2007 674 4069 7234 9028 4109 3847
5293 1878 8345 4201 7538 2856 7632 9599 9236 345
6241 9171 8034 2756 3358 7809 5699 7182 5752 9230
6446 2251 2089 1899 7340 6379 3420 4260 566 7306
1649 6433 4383 7946 2164 7555 8953 2731 2448 8935
8458 6560 2345 6423 7369 5892 7913 5125 4245 4386
9385 8032 3505 4943 1078 6344 2632 8401 3845 4288
579 4170 1910 2173 5844 2210 6167 575 4987 3276
8514 7258 7911 8093 3386 762 6771 8180 8613 4730
1420 7098 3673 811 7153 2821 6035 714 8430 4911
4950 6890 4136 5584 7220 7868 5103 5757 3675 6737
1673 5468 5496 6301 6810 6835 8530 4664 5084 4270
9451 8168 3325 4920 987 6256 2659 8377 3607 4022
7439 7924 4417 7043 4037 1098 7472 3309 5150 7878
7751 5565 8183 4559 2179 3176 4151 4004 2723 4422
1789 6569 4321 8103 2110 7648 8869 2743 2635 8959
5217 1890 8391 4089 7596 3033 7670 9272 9186 682
6333 2299 1786 1821 7117 6431 3562 4155 665 7376
7483 7662 4329 6915 4038 1250 7824 3255 5060 7908
634 3873 2156 7672 2359 4350 6994 734 6448 3031
493 4155 2350 7429 2295 4168 7062 432 6591 3305
5155 7759 6777 8369 2714 1806 9581 1830 8191 5437
6479 2419 2095 1796 7308 6324 3333 4194 690 7582
8376 6699 2626 6458 7239 5861 8242 5272 4285 4077
4921 3409 7764 8076 1442 3497 7949 6677 5613 7303
1840 6608 4555 7965 2198 7699 9025 2733 2327 8991
8991 1867 8567 7170 5537 9059 7593 4476 6600 3534
462 4150 1892 1977 5713 2230 6371 398 5205 3371
4890 7576 7120 8652 2564 1777 9371 1738 7984 5310
8258 6524 2454 6399 7147 5943 7913 5184 4501 4041
6454 2457 1943 2043 7196 6424 3542 4244 414 7545
1570 7178 3581 949 7154 2788 5998 847 8359 5091
1253 7447 3476 975 7129 2829 6149 577 8394 5123
7870 5543 8339 4541 2356 3081 4225 3825 2705 4372
2803 609 8355 3612 6697 1611 8569 7363 6077 539
4998 1907 8492 4240 7625 3195 7855 9526 9188 647
9232 2132 8699 7248 5341 9073 7930 4277 6524 3397
1469 7450 3392 817 6974 2763 6179 685 8341 5180
2712 598 8388 3370 6740 1946 8768 7328 6086 526
1549 6774 4337 7842 2322 7552 8839 2447 2478 9208
5259 6427 3843 2079 811 4132 7077 8918 3972 3725
8282 6885 2564 6295 7370 6027 7993 5170 4566 4188
4609 3274 7597 7770 1666 3776 7722 6758 5364 7345
4747 6642 4410 5473 7109 7806 4984 5759 3599 6740
6370 2296 1838 1918 7241 6619 3538 4174 661 7469
4822 3271 7618 7826 1563 3701 7733 6769 5377 7376
7794 5780 8115 4302 2421 2811 4400 3780 2526 4533
5012 1810 8265 3931 7683 3005 7779 9498 9166 625
1323 7151 3612 1069 6939 2662 6036 940 8480 4968
6531 9418 7987 2888 3323 7730 5676 7312 5748 9419
4913 6882 4439 5574 7183 8042 4946 5922 3532 6825
620 4016 1927 2009 5678 2286 6229 560 5093 3472
5150 7412 6980 8543 2870 1637 9541 1640 8109 5500
4886 7543 6788 8578 2563 1776 9481 1574 8152 5299
9114 1860 8357 7007 5396 9043 7823 4267 6397 3180
544 3801 1786 2165 5864 2047 6436 637 5002 3483
9300 8023 3383 4784 1260 6400 2744 8398 3791 4132
5046 7404 6993 8581 2539 1775 9415 1500 8208 5609
4670 3569 7509 7814 1550 3636 8110 6703 5282 7512
6537 2218 1931 2016 7354 6451 3414 4423 407 7559
5080 6776 4523 5341 7054 7819 5236 6005 3536 6797
559 4047 1878 1917 5905 2054 6445 423 5185 3150
6501 2380 1949 2044 7168 6710 3535 4461 594 7437
9123 1880 8371 7138 5223 9220 7646 4272 6409 3555
5550 6406 4028 2148 610 3813 7067 9085 3916 3924
8909 7315 7840 8276 3293 549 6754 8073 8763 4753
4869 7617 6775 8561 2799 1741 9234 1631 8049 5651
2514 2283 7122 5244 6392 7057 2990 4981 6165 6863
4866 6552 4223 5448 7066 8002 5197 5907 3710 6769
1571 6440 4445 7742 2253 7436 8676 2784 2463 9229
1700 5551 5349 6375 7033 6864 8632 5016 5367 4352
8272 6691 2695 6119 7240 6027 8027 5214 4556 4087
6543 2128 2040 1802 7307 6579 3366 4512 698 7436
5159 7631 6981 8522 2676 1896 9228 1482 8188 5495
2718 842 8688 3513 6705 1642 8689 7428 6406 679
2697 854 8441 3607 6767 1722 8618 7629 6060 359
1747 5431 5643 6229 6785 6793 8497 4661 5176 4592
6552 2276 1723 1870 7411 6690 3336 4317 676 7423
1528 5430 5374 6228 6989 6971 8638 4768 5247 4260
4777 3274 7477 8135 1629 3413 7804 6798 5460 7532
2511 2349 6755 5293 6381 6764 3188 4964 5983 6986
8722 7494 7881 8058 3546 746 6719 8230 8768 4739
460 4174 1886 2089 5842 2367 6246 634 5230 3480
7836 5515 8362 4282 2264 3136 4491 3668 2462 4157
2835 893 8311 3677 6616 1734 8877 7670 6106 551
600 4128 1842 2123 5643 2177 6299 502 5254 3371
4893 3528 7467 7868 1327 3533 7848 6756 5266 7574
5307 1868 8141 4144 7559 3008 7912 9641 9127 587
5068 6831 4201 5281 7304 7967 5038 6097 3478 6932
5005 7483 7061 8561 2763 1883 9445 1619 7964 5506
8862 7473 7708 8275 3547 451 6671 8108 8849 4772
7457 7753 4459 7101 4015 1133 7633 2995 5192 7937
9173 1795 8714 6993 5584 9028 7804 4413 6652 3468
5158 2095 8491 4129 7645 3015 7623 9373 8978 342
2450 2533 6855 4941 6514 6978 2973 4851 6335 7033
2351 2398 7050 4977 6368 6878 3135 4954 6149 6908
9011 1804 8563 7316 5234 9027 7650 4251 6509 3280
5523 6487 3804 2214 663 3852 7322 8937 4109 3781
7232 7732 4210 6851 3948 1283 7606 3011 5180 8004
5551 6580 4109 2171 695 3816 7158 8799 3983 3909
4846 3439 7757 8055 1604 3436 7752 6913 5369 7267
7960 5777 8034 4357 2353 3068 4467 3793 2660 4309
1845 6693 4264 7962 2345 7426 8801 2744 2427 8971
8583 6718 2420 6391 7186 5696 8221 5409 4201 4061
6348 2374 1906 2144 7479 6394 3551 4427 524 7308
2177 2589 6865 5139 6246 7124 3053 4969 6014 6929
2349 2568 6860 5273 6481 6938 3066 5100 6220 6699
5416 6446 3855 2092 665 3840 7090 8828 3879 3737
5358 6370 4008 2323 693 3978 7270 8955 4222 3968
5103 6674 4409 5305 7374 7970 5136 5891 3473 6759
2788 907 8642 3569 6754 1658 8546 7698 6343 505
5600 6334 3930 2191 730 4059 7084 8710 3891 4064
1615 6608 4396 7786 2121 7415 8773 2506 2635 8937
5168 7735 6770 8691 2653 1771 9299 1790 8116 5610
1485 6681 4457 7864 2320 7604 8874 2564 2396 8946
8498 6783 2362 6134 7380 5869 8136 5282 4185 4344
2332 2360 6967 5119 6297 6750 2933 5081 5997 6731
5356 6423 4117 2165 828 3986 7090 8944 4061 3806
2414 2601 7108 5288 6397 6815 3091 4975 6342 6716
9449 8260 3469 4720 1045 6173 2549 8380 3565 4033
464 3857 1945 1944 5784 2296 6230 695 5124 3283
7575 5648 8259 4370 2296 3185 4148 3914 2664 4270
461 3959 1721 1931 5813 2311 6247 409 5381 3483
4745 6845 4218 5290 7206 7773 4978 5951 3527 7019
9264 1753 8662 7165 5579 9248 7746 4418 6515 3182
9003 2052 8383 7248 5300 9136 7934 4355 6556 3188
6316 2460 1878 1802 7492 6662 3334 4149 621 7348
376 3906 2415 7630 2452 4215 7194 442 6549 2994
1378 7433 3681 837 7023 2670 6014 733 8207 4889
2533 695 8443 3464 6724 1929 8802 7420 6369 671
4618 3454 7638 7997 1489 3444 8070 6874 5246 7315
9352 8035 3322 4767 1313 6507 2756 8646 3831 4297
8410 6623 2519 6220 7154 5742 8285 5430 4449 4018
428 3998 1774 2180 5886 2293 6263 570 5237 3334
2286 2559 7014 5267 6482 6969 3191 4863 6370 6723
5240 1769 8305 4065 7911 3175 7737 9517 9055 404
5604 6530 3781 1975 544 3801 7031 8819 4031 3728
8861 7513 7737 8111 3476 824 7041 7950 8543 4877
7141 8007 4344 6823 3903 1166 7665 3117 5186 8088
4755 3346 7493 8045 1694 3424 8076 6980 5614 7230
4940 1894 8412 3995 7751 3150 7719 9604 9026 712
4947 6853 4221 5440 7032 7934 5124 5717 3737 7012
4613 3606 7683 7943 1403 3641 7750 7004 5428 7401
1707 5686 5617 6352 6910 6896 8412 4764 5163 4452
5230 7699 7036 8617 2516 1966 9595 1543 7993 5491
6285 2402 1865 2030 7236 6483 3669 4224 533 7586
1397 7376 3694 1004 7109 2814 6195 730 8297 5249
2357 2645 7010 5098 6174 7019 3182 4880 5982 6848
4642 3261 7527 7793 1561 3791 7975 6902 5575 7413
7640 5656 8392 4555 2468 2994 4177 3981 2717 4447
8884 7407 7938 8319 3326 773 6729 7974 8694 4940
4867 7417 6829 8517 2858 1671 9283 1493 8288 5598
6340 2390 1961 1899 7422 6453 3355 4245 617 7419
8890 7531 8068 8399 3631 534 6981 8264 8744 4804
4936 2131 8154 3922 7748 2920 7673 9385 8967 478
4963 2121 8428 4240 7535 3040 7763 9651 8963 414
4981 7645 6969 8511 2679 1908 9541 1688 8266 5297
9353 1880 8648 7092 5246 9217 7676 4608 6436 3186
4973 7421 6920 8621 2533 1919 9282 1770 8254 5336
8875 7249 7710 8116 3544 489 6652 8019 8546 4905
1514 7099 3610 831 7062 2609 6138 664 8318 5205
7478 7835 4240 6812 4168 1430 7678 3025 4998 7905
8902 7298 8000 8080 3342 617 6975 8278 8856 4601
8583 7607 7997 8443 3278 664 6746 7935 8782 4594
1576 7257 3543 1120 6989 2743 6321 944 8506 4957
4677 3448 7701 7972 1505 3776 7840 6930 5400 7377
8648 7326 7877 8124 3268 524 6941 7997 8771 4713
4989 2160 8510 3957 7610 3156 7651 9394 8973 373
1366 7452 3641 886 6838 2794 6004 804 8300 5125
9164 1983 8692 7242 5414 9145 7567 4396 6391 3291
9327 8086 3387 4710 1359 6182 2568 8475 3884 4043
6303 2278 1914 1975 7365 6543 3518 4175 654 7316
9183 2044 8367 7177 5368 9206 7755 4234 6603 3417
8360 6691 2461 6194 7206 6000 7988 5136 4292 4376
4977 6829 4474 5491 7280 7701 4921 5708 3484 6964
7476 7738 4218 6791 3932 1462 7657 3231 5179 8038
5104 2084 8346 4110 7667 3199 7793 9357 9096 615
8232 6629 2616 6468 7088 6007 8234 5308 4372 4194
1691 5651 5668 6343 7007 7108 8384 4999 5223 4334
1713 5788 5424 6368 7056 7045 8523 4894 5267 4252
9477 7903 3384 4888 1248 6337 2538 8322 3695 4047
4782 6866 4487 5273 7051 7860 4987 5713 3665 6987
5018 1929 8183 4118 7592 2899 7922 9510 9235 451
2543 750 8394 3722 6735 1861 8900 7351 6090 689
323 4070 2258 7361 2587 4301 7257 526 6541 3139
6318 2451 1917 2083 7479 6612 3373 4422 586 7490
5001 6780 4494 5572 7170 7840 4997 6033 3457 6695
1457 7138 3514 1088 6924 2460 6000 719 8168 4947
668 4038 2185 7656 2577 4082 7157 439 6622 2991
1787 5685 5356 6258 6892 6854 8559 4907 5054 4222
2526 2512 6993 4996 6146 6822 3038 4915 6321 6833
6210 2203 2083 2136 7297 6400 3493 4223 565 7390
5115 6690 4280 5583 7172 7985 5054 6051 3636 6956
1332 7146 3612 969 6879 2826 5949 789 8282 5224
9469 8106 3538 5060 1199 6339 2664 8583 3774 4054
8859 7515 8066 8429 3357 754 6766 8047 8839 4848
1522 5730 5522 6175 6893 7091 8609 4858 5132 4434
588 4207 2089 7644 2453 4197 7292 465 6642 3283
531 3879 1944 1863 5932 2068 6207 516 5109 3287
598 4003 2225 7389 2223 4182 7270 444 6670 2967
370 3985 1965 1933 5773 2232 6311 499 5095 3365
1700 5504 5691 6474 6838 7060 8451 4777 5260 4410
2740 973 8380 3345 6715 1607 8618 7586 6113 557
4737 3383 7570 7942 1390 3496 8000 6770 5567 7424
1267 7319 3360 1046 7021 2587 6077 628 8178 4868
9331 7921 3331 4970 1175 6511 2525 8673 3722 4062
5257 1840 8265 4071 7903 2931 7915 9421 9218 511
1336 7365 3498 1014 7185 2696 5991 685 8127 4899
8555 6684 2668 6396 7024 5675 8095 5327 4420 4277
7789 5567 8284 4587 2235 2872 4178 3701 2712 4259
9328 7949 3563 4916 971 6221 2757 8466 3613 4301
4889 7550 6887 8559 2615 1700 9495 1527 8277 5497
5547 6331 3811 2327 513 3911 7295 8932 3904 4007
5166 2020 8497 4155 7906 2871 7631 9560 9058 614
5623 6466 3860 2154 611 3985 7065 9029 4035 3712
1686 5795 5497 6299 6903 7078 8603 4919 5057 4197
506 3991 1982 2157 5899 2044 6135 646 5157 3139
7275 7635 4315 6896 3972 1147 7855 3136 5246 7926
584 3929 1700 2148 5587 2174 6447 408 5303 3429
1620 6500 4247 8016 2254 7392 8688 2764 2453 8933
5113 7699 6967 8532 2558 1989 9242 1580 8152 5280
7866 5716 8018 4392 2185 2999 4246 3762 2578 4445
1509 7252 3623 838 7162 2593 6277 863 8177 5197
4597 3638 7488 8078 1487 3455 7839 6949 5387 7400
9316 1954 8727 6972 5405 9343 7726 4539 6459 3471
7269 7846 4170 6767 3821 1181 7715 3101 5138 7990
1371 7487 3434 1039 7137 2771 6134 684 8174 5129
5044 6653 4209 5467 7269 7849 5018 5907 3743 6786
5321 6388 4005 2266 827 4017 7001 8848 4052 3785
5198 1789 8318 3968 7606 2833 7815 9599 8874 724
9320 8152 3508 4701 1094 6364 2804 8498 3626 3959
9524 8071 3543 4745 1233 6276 2710 8435 3534 4081
4906 7521 6926 8371 2645 1672 9540 1577 8257 5299
2353 2310 6804 4929 6305 7101 3045 4952 6201 6696
7373 7954 4136 6973 4124 1357 7624 3356 4936 8003
1465 6595 4237 7769 2095 7643 8727 2797 2346 8959
696 4092 2176 7717 2262 4023 7259 580 6717 3013
4992 7444 6922 8691 2562 1883 9319 1599 8011 5298
9138 2079 8659 6960 5549 9283 7743 4560 6637 3434
5555 6423 3789 2082 580 4169 7311 8882 3873 3776
472 4023 2414 7541 2364 4264 7267 519 6383 3168
4734 3291 7506 7893 1448 3560 7779 6722 5393 7237
7150 7961 4280 7022 3990 1153 7688 3067 4872 7998
1580 6696 4344 7852 2477 7641 8709 2646 2349 8994
5620 6338 3960 2250 561 4156 7041 8817 4226 3772
7327 7732 4235 6966 3973 1278 7858 3013 5055 8187
8551 6571 2603 6343 7243 5883 8041 5494 4446 4094
6425 2366 1964 1967 7337 6704 3357 4282 527 7522
6499 9241 7821 2918 3139 7562 5838 7240 5796 9438
1590 5550 5651 6548 6900 6749 8499 4839 5266 4365
420 3977 1746 1871 5847 2313 6152 597 5313 3326
1569 6654 4370 8079 2330 7612 8855 2699 2542 8998
8508 6716 2354 6385 7073 5849 8258 5426 4536 4387
4959 3383 7500 7802 1441 3720 7980 6643 5464 7481
8628 7256 8074 8192 3470 573 6670 8233 8701 4693
1800 5762 5392 6257 6838 6780 8485 4739 5205 4466
8207 6591 2495 6262 7066 5735 7919 5360 4444 4058
7908 5688 8281 4519 2345 3143 4317 3667 2376 4188
1733 6408 4528 8077 2145 7334 8975 2554 2375 9244
6259 9248 7739 2999 3102 7561 5665 7110 5873 9117
608 4163 2066 2119 5584 2232 6366 414 5191 3179
7898 5502 8301 4446 2195 2839 4386 3684 2463 4352
352 3900 2334 7554 2319 4200 7005 402 6537 3148
1464 6738 4326 7909 2126 7674 8991 2515 2308 9259
700 4141 2350 7707 2542 4119 7123 538 6751 3342
1656 5716 5387 6319 7102 7000 8358 4940 5061 4391
1900 5753 5339 6241 6981 6782 8528 4727 5234 4528
5266 1907 8392 3941 7735 3130 7713 9307 8869 536
2547 2622 6819 5180 6279 6957 2999 4778 6330 6880
5259 1984 8147 3930 7670 2835 7897 9531 9092 396
8996 1873 8511 7138 5479 9393 7696 4518 6514 3313
7684 5592 8346 4415 2286 2876 4168 3674 2554 4461
8209 6737 2383 6230 7388 6035 8042 5196 4551 4361
463 4041 1729 2015 5854 2290 6470 435 5285 3121
4781 3288 7567 8001 1389 3648 7968 6943 5385 7493
568 3966 1960 2076 5644 2166 6103 517 5293 3364
8714 7629 7900 8169 3405 738 6993 8160 8759 4834
6532 2284 1813 1918 7144 6644 3480 4204 474 7649
2495 2320 6830 5078 6209 6964 2961 4908 6276 6704
9213 8191 3574 5013 1250 6512 2796 8507 3654 4267
4585 3496 7417 8043 1503 3664 7991 6689 5483 7527
1496 7157 3466 1002 7104 2649 6103 553 8324 5172
727 3870 1880 2140 5909 2050 6186 441 4995 3173
5165 1893 8172 4279 7623 2922 7958 9505 9120 596
6407 2226 1975 2142 7293 6334 3451 4298 483 7337
7587 5629 8307 4323 2224 3032 4204 3868 2630 4405
2255 2646 6764 5060 6346 7023 3100 4860 5994 6995
9156 1943 8653 7253 5268 9330 7885 4338 6595 3434
1566 5675 5656 6503 7112 7089 8384 4632 5080 4474
4597 3585 7578 7985 1599 3426 7965 6672 5356 7477
432 4136 2424 7445 2472 4012 7295 379 6458 2961
4833 6928 4428 5585 7312 7842 5130 5940 3690 6689
601 3907 2147 7621 2418 4105 7085 578 6518 3222
2174 2313 6875 5247 6428 6848 2984 4994 6195 6791
2445 2653 7031 5040 6447 6894 2840 4902 6267 6793
5073 2102 8328 4020 7662 2968 7757 9328 9096 560
432 4091 2164 7604 2352 4302 7095 392 6474 3239
4989 6779 4284 5483 7149 7920 5127 5989 3644 7039
5185 7648 6794 8418 2601 1853 9590 1667 8016 5308
8341 6706 2573 6250 7131 5892 8295 5232 4286 4119
7279 7903 4190 6927 4030 1427 7665 3208 4915 8049
6337 2166 2096 2073 7511 6405 3541 4476 535 7670
543 4189 2027 7556 2386 4211 7212 629 6589 3264
9098 2058 8403 7326 5320 9316 7542 4311 6303 3543
1476 7097 3373 776 6987 2514 6194 918 8280 5133
7931 5517 8242 4506 2308 3196 4320 3930 2536 4463
5125 1949 8487 4162 7701 3080 7949 9374 9029 711
9357 8069 3508 4848 1323 6335 2744 8293 3664 4036
5222 2048 8184 4216 7773 3149 7673 9504 8846 608
8424 6674 2569 6457 7109 5892 8217 5504 4252 4262
6303 2144 1972 1841 7264 6452 3527 4232 586 7581
7509 7968 4300 6796 3933 1225 7658 3338 4867 8103
374 4122 2097 7620 2515 4008 7289 621 6401 3355
6486 9336 7717 3045 3282 7600 5647 7263 5728 9094
5451 6531 3962 2109 622 3796 7051 8750 3858 3856
5118 6613 4346 5276 7320 7829 5050 5948 3513 6719
4973 3318 7691 8013 1420 3454 7845 7029 5494 7295
1498 7343 3421 877 7124 2739 6050 853 8253 5169
2230 2538 7000 4949 6369 6928 3102 4904 6126 6676
572 4154 1706 2117 5610 2077 6313 421 5280 3394
377 3982 1935 1919 5794 2097 6301 404 5264 3372
2547 2606 6919 5045 6139 6747 3190 4749 6079 6856
5011 6602 4376 5558 7399 8015 5239 5973 3769 6946
5058 1921 8259 4062 7807 3157 7786 9527 9085 562
1496 6530 4289 7729 2140 7571 8798 2561 2494 9133
1560 6561 4291 8026 2299 7417 8692 2478 2564 8927
7427 7830 4401 7071 4158 1475 7602 3047 5152 8211
7475 7964 4245 6789 4007 1294 7469 3259 4912 7907
9283 1905 8383 6976 5532 9074 7627 4377 6313 3406
2665 934 8653 3513 6659 1749 8672 7641 6279 588
8249 6691 2662 6322 7238 5829 8283 5234 4408 4158
6588 2283 1877 1821 7282 6416 3658 4440 401 7655
5093 6551 4452 5420 7106 7971 5052 5992 3603 6663
1776 6726 4236 7884 2225 7594 8963 2590 2608 9039
1588 6563 4204 7971 2289 7717 8744 2804 2479 9237
8988 1869 8683 6948 5547 9009 7608 4561 6343 3274
2612 608 8610 3496 6374 1928 8723 7706 6225 557
6572 2149 1732 1795 7368 6619 3678 4396 731 7351
412 3835 2265 7715 2561 4265 7172 430 6752 3208
6410 9200 7965 2784 3178 7610 5548 7106 5928 9197
4759 6817 4424 5328 7235 8022 5255 5990 3699 6662
6365 2381 1959 2093 7507 6640 3690 4439 776 7603
6374 9348 8065 3014 3124 7910 5626 7263 5807 9072
7210 7635 4163 6854 4187 1358 7517 3060 4958 7956
1626 5561 5477 6290 6886 6823 8571 5012 5194 4265
4794 6555 4416 5435 7042 7783 5174 5970 3564 6669
5548 6490 4072 2241 755 3951 7119 9100 3972 3923
4823 3353 7786 7858 1676 3512 7863 6668 5317 7286
636 3822 1873 2166 5718 2251 6126 379 5169 3228
7921 5739 8075 4286 2335 3157 4220 3930 2494 4546
8435 6901 2654 6350 7166 5857 8015 5380 4392 4094
6196 2471 1905 1814 7264 6716 3716 4412 413 7633
1252 7188 3514 1071 6854 2503 6337 601 8506 5119
1765 5595 5457 6291 6941 6805 8646 4993 5351 4196
403 4205 2284 7394 2486 4252 7016 656 6534 3361
2482 2312 7134 4955 6416 7029 3128 4868 6170 6838
1647 6742 4277 7961 2159 7666 8899 2434 2365 9031
2696 797 8478 3462 6397 1932 8666 7613 6157 667
7594 5755 8301 4498 2378 3033 4293 3785 2608 4397
540 3857 2034 7441 2298 4193 6997 571 6541 3329
5119 6840 4206 5594 7302 7942 4920 5812 3688 6731
8628 7303 7704 8335 3432 642 7016 8131 8802 4659
1836 6578 4219 7867 2408 7434 8851 2571 2319 9037
5138 7526 6965 8523 2865 1913 9507 1799 7953 5479
6325 2309 1923 2042 7246 6360 3652 4116 513 7414
8774 7480 7851 8110 3603 591 6962 8238 8619 4589
5369 6358 4001 2073 561 3793 7197 8757 3882 3973
1554 7210 3528 745 7088 2627 5944 647 8426 4987
4705 3312 7759 8035 1297 3410 8051 7003 5366 7209
1823 5561 5624 6266 6819 7030 8357 4970 5157 4197
8994 1805 8550 7254 5550 9392 7551 4580 6508 3515
2736 783 8394 3471 6692 1900 8673 7611 6376 440
1495 7266 3601 901 6887 2607 6321 879 8459 5238
8901 7259 7845 8233 3369 480 6654 8038 8861 4772
7473 7691 4150 6996 3824 1475 7713 2997 5110 7976
7818 5586 8020 4335 2156 2938 4278 3636 2541 4271
8556 6777 2616 6438 7056 6020 7926 5288 4368 4039
4715 3574 7702 7777 1476 3735 7715 6812 5443 7262
5027 6540 4456 5272 7278 7770 5197 5879 3437 7003
2464 2534 7073 5241 6207 6963 2954 4819 6036 6785
1672 6740 4449 7836 2202 7538 8688 2448 2419 9157
5384 6517 4078 2173 779 3833 7072 9096 3899 3800
4872 7420 6874 8505 2593 1733 9268 1708 8236 5605
1247 7210 3451 891 7041 2717 5974 666 8138 5251
5505 6539 3932 2160 855 3958 7070 8806 4035 3942
4784 6600 4415 5545 7164 7901 4893 6015 3439 7011
5363 6348 3803 1978 479 4018 7096 9044 4096 4019
5182 2162 8143 4113 7818 2972 7676 9382 8847 624
5194 2051 8470 4036 7606 2990 7625 9376 8982 700
9219 8050 3500 5064 1279 6523 2510 8541 3560 4049
7380 8002 4405 7014 4089 1168 7643 3144 5258 7873
7292 7727 4197 6791 3969 1093 7683 3153 4963 7900
9289 1921 8380 7044 5450 9170 7798 4337 6330 3200
6199 9084 7988 3058 3053 7661 5874 7000 5874 9159
9302 7965 3304 4716 1112 6233 2783 8415 3707 4208
4979 6632 4247 5364 7371 7791 4951 5836 3603 6709
6351 2460 2083 1794 7404 6324 3381 4359 458 7592
2297 2423 7022 4946 6235 6751 3182 4927 6165 6823
5043 6731 4211 5469 7292 7808 5149 6066 3758 6970
576 3905 1729 2056 5836 2082 6213 589 5002 3213
9217 8207 3392 4774 1101 6506 2755 8359 3578 4091
1638 5728 5351 6348 7089 6775 8664 4825 5292 4255
6383 2427 1781 2153 7303 6454 3565 4200 438 7504
2397 2325 6759 5259 6290 6724 2989 4930 6267 6840
9529 8273 3578 4837 1170 6466 2859 8398 3632 4033
1722 5649 5346 6490 7080 6863 8450 4869 5068 4223
5344 6517 3806 2311 819 3796 7375 9051 3886 3915
6408 2250 1991 2057 7474 6568 3430 4454 730 7332
461 4034 1935 1840 5664 2278 6393 598 5007 3456
4643 3288 7476 7994 1451 3542 7916 6896 5286 7531
6412 2464 1939 2057 7260 6670 3666 4376 599 7669
8534 6696 2544 6459 7059 5890 7956 5155 4368 4089
1523 5442 5391 6449 6886 6973 8558 5012 5350 4582
4986 6721 4528 5315 7142 7841 5259 5994 3551 6714
1803 5712 5489 6230 6772 7091 8570 4665 5218 4208
2543 2401 6880 5092 6529 6844 3217 4882 6369 6918
4981 6682 4420 5376 7032 7780 5228 5780 3722 7002
9434 8205 3452 4850 1315 6236 2597 8375 3665 3937
4864 7777 6923 8754 2625 1877 9497 1761 8338 5564
2192 2635 6756 5006 6292 7019 2939 4955 6038 6772
1532 6551 4390 7872 2138 7417 8797 2507 2313 9091
666 4219 2323 7684 2303 4238 7217 552 6398 2971
2328 2323 6992 5211 6279 6812 3166 4832 6118 7007
9382 7939 3356 4751 1363 6541 2853 8538 3578 4026
9171 7889 3582 4801 1113 6269 2698 8392 3636 3942
510 3980 1911 1851 5848 2298 6080 710 5224 3318
5653 6526 4044 2225 655 3825 7095 8992 4165 3876
8789 7617 7714 8183 3284 598 6892 8275 8668 4563
9193 8104 3528 4785 990 6494 2611 8527 3563 4009
7854 5810 8091 4485 2159 2892 4129 3826 2737 4262
9226 1961 8614 6977 5271 9068 7553 4365 6339 3267
7798 5780 8215 4447 2413 3008 4450 3770 2654 4315
8556 7569 8006 8068 3598 808 6669 8270 8638 4744
7339 7620 4148 6816 4036 1390 7858 3131 5136 7993
7395 7809 4194 6944 4138 1307 7487 3247 5258 8245
7364 7630 4393 7061 4008 1091 7502 3033 4893 8073
1327 7154 3670 1129 7129 2577 6160 618 8430 5079
731 3916 1979 1829 5636 2064 6465 617 5317 3452
8566 7612 7792 8358 3403 809 6911 8216 8681 4760
5032 7685 7063 8749 2736 1756 9393 1847 7984 5528
6453 2448 2067 2182 7471 6646 3621 4400 768 7641
1664 6405 4446 7758 2469 7607 8649 2785 2590 9130
484 4156 2121 7467 2519 3988 7130 602 6707 3080
2281 2382 7070 5040 6453 6860 2972 4710 6257 6843
4806 3561 7745 8096 1595 3510 7806 6709 5316 7347
9255 1894 8565 7074 5554 9321 7811 4363 6427 3194
5385 6450 4044 2108 736 3865 7204 8993 4006 4070
4798 3619 7448 7770 1557 3461 8100 6903 5391 7235
458 4060 2303 7564 2585 4092 7049 693 6507 3052
503 3988 1795 1859 5710 2311 6411 501 5076 3432
5281 6475 4105 2226 590 4030 7384 8982 4031 4055
2549 2644 6888 4980 6472 7004 3122 4868 6357 7002
5078 6891 4310 5479 7291 7856 5121 6007 3755 6660
1761 5641 5366 6509 6986 6938 8316 4913 5389 4378
618 3825 2032 2029 5648 2041 6396 557 5336 3311
533 4095 1763 2134 5636 2337 6198 403 5203 3135
1667 6655 4244 8054 2105 7411 8723 2550 2534 9029
7317 7709 4383 6878 4187 1149 7736 2995 5085 8126
620 4074 2015 1880 5908 2282 6474 590 5289 3186
9313 8002 3580 4792 1048 6416 2802 8336 3872 3951
4703 3645 7471 8010 1358 3651 7952 6986 5267 7230
2750 972 8335 3547 6415 1713 8568 7595 6245 571
1807 5717 5582 6319 6763 6873 8515 4964 5095 4421
7509 7840 4096 7016 4099 1191 7666 3185 5083 7924
1516 5664 5590 6199 6810 6916 8340 4826 5442 4590
608 3919 1750 2169 5569 2333 6183 443 5214 3274
8404 6613 2588 6246 7321 5868 8289 5305 4435 4236
2170 2562 7005 5259 6486 6833 3202 5052 6033 6972
8701 7329 7974 8087 3551 517 7029 8225 8713 4854
9517 8190 3273 4916 1175 6237 2785 8407 3713 4186
4881 7447 6856 8451 2632 1762 9514 1839 8106 5389
5502 6385 3854 2099 489 3916 7212 8841 4004 4001
1575 7222 3339 981 6876 2788 5977 610 8433 4948
8298 6689 2604 6190 7203 5896 8218 5404 4450 4268
9105 1996 8354 7156 5296 9134 7770 4280 6343 3504
6353 2427 1894 1908 7358 6567 3427 4328 691 7506
8995 1874 8576 7163 5463 9254 7702 4450 6634 3382
8866 7270 7839 8436 3359 561 7023 8136 8509 4718
4977 3339 7716 7986 1443 3456 8027 6880 5335 7475
722 4101 1836 2126 5949 2154 6403 700 5039 3291
6325 9283 7695 2991 3114 7607 5765 7124 5858 9424
8415 6875 2553 6487 7404 5779 8291 5503 4543 4220
626 4048 1855 1951 5911 2335 6352 550 5230 3432
4760 3355 7701 7817 1574 3618 7861 6813 5623 7231
1899 5662 5558 6314 7136 7010 8662 4767 5155 4430
4918 3450 7498 8023 1320 3560 7740 6880 5572 7521
391 4118 2060 1915 5733 2250 6355 760 5143 3222
8892 7602 7928 8237 3601 758 6712 7971 8693 4782
7711 5785 8211 4306 2259 2884 4507 3863 2707 4399
1533 5551 5341 6432 6936 6791 8519 5018 5330 4297
347 3969 1775 2024 5901 2123 6124 580 5173 3517
9438 8177 3452 4924 1091 6566 2606 8414 3789 4188
1486 7357 3395 1073 7061 2802 6270 574 8286 5165
5384 6497 3933 2325 509 4158 7263 8783 4010 4084
2420 2426 6757 5124 6379 7097 3161 4759 6368 6856
8754 7428 7954 8369 3402 550 6725 8018 8675 4587
4884 7476 6846 8656 2507 1750 9440 1824 8277 5551
7508 7716 4459 6996 3961 1099 7762 3351 5112 8022
6483 2453 1782 2153 7186 6468 3368 4251 434 7423
4880 3287 7516 7969 1444 3609 7901 6943 5486 7378
7739 5769 8252 4441 2147 2990 4342 3798 2346 4423
9245 1915 8734 7257 5337 9196 7567 4247 6645 3223
7523 7688 4253 6943 3823 1248 7584 3210 4902 8052
5625 6353 3963 1979 532 4016 7073 8926 4054 3956
1362 7187 3337 890 6969 2848 6174 726 8255 5077
9250 1853 8411 7050 5564 9407 7757 4475 6329 3343
9418 7935 3291 5000 1347 6398 2567 8559 3609 4116
412 4162 1884 2031 5688 2164 6302 699 5237 3482
7431 7749 4462 6916 4016 1096 7661 3075 5117 7912
9193 7977 3557 4693 1146 6449 2816 8380 3835 3982
6459 9061 7927 2771 3027 7833 5799 7170 5765 9292
4881 3565 7530 7893 1651 3479 8028 7013 5642 7452
4879 6646 4169 5455 7230 7944 4974 5823 3610 6977
7290 8009 4163 6899 3944 1258 7542 3077 5118 8181
4826 3355 7573 7811 1414 3648 7991 6669 5386 7500
5299 2096 8186 3988 7836 2877 7879 9441 9057 560
9397 8013 3576 4897 1291 6282 2765 8490 3574 4096
9109 2145 8577 7327 5313 9148 7904 4222 6522 3412
9391 7913 3602 5042 1211 6228 2739 8304 3892 4275
387 3986 2225 7549 2281 4336 7090 695 6729 3299
1856 6675 4370 8110 2195 7368 8895 2465 2383 8933
8273 6528 2648 6228 7155 5851 8069 5398 4520 4336
5216 2154 8189 3939 7672 3222 7590 9616 9114 718
633 4144 2336 7730 2556 4007 6939 427 6515 3296
1330 7163 3626 756 7166 2554 6165 884 8205 5172
8533 7438 7746 8183 3532 790 6900 8146 8714 4860
9352 8148 3476 4962 1003 6566 2833 8437 3893 4275
6559 2247 1743 1817 7150 6486 3553 4505 628 7601
5557 6382 3780 2265 653 3923 7265 8962 4088 4050
1493 6704 4434 7770 2173 7369 9041 2575 2612 8892
6303 9211 7786 2728 3093 7796 5670 7330 5638 9239
8315 6545 2593 6150 7034 5780 8208 5460 4497 4295
7745 5701 8351 4359 2431 3181 4280 3608 2481 4295
2490 2286 7045 4962 6137 6812 2984 5010 6006 6839
1315 7108 3657 809 7094 2454 6095 869 8518 5227
1815 5803 5450 6305 7035 6846 8587 4890 5164 4349
376 4089 2237 7683 2425 4185 6991 726 6760 3051
5223 7569 6911 8697 2508 1841 9319 1537 8221 5610
4830 6896 4275 5632 7236 7724 5167 5737 3762 6778
8499 6881 2427 6344 7165 5944 7986 5280 4369 4007
2275 2500 6786 5136 6283 6823 3186 4935 6068 6885
4906 7625 7026 8484 2572 1633 9346 1626 8308 5652
7571 5616 8353 4530 2429 3005 4233 3608 2570 4242
4719 3566 7491 7812 1561 3414 7719 6934 5284 7467
1688 5598 5680 6565 7070 6844 8472 4712 5438 4477
8718 7404 7702 8399 3276 815 6729 8215 8775 4935
617 4121 1702 1992 5846 2019 6292 710 5271 3204
8768 7234 7900 8098 3624 506 7023 8084 8673 4846
7629 5614 8144 4479 2197 3001 4472 3993 2649 4231
8489 6865 2433 6362 7135 5763 8090 5241 4385 4015
4809 6902 4522 5603 7382 8026 5219 5737 3755 7030
4883 3593 7428 7846 1615 3491 7808 6791 5619 7442
629 4171 2007 1842 5845 2073 6441 544 5061 3282
1476 7379 3531 732 6909 2630 5989 772 8186 5234
2724 875 8674 3423 6414 1978 8534 7621 6267 521
9498 7927 3441 4924 1350 6275 2805 8305 3599 3961
8525 7379 7967 8135 3431 505 6663 8075 8880 4735
5382 6671 3867 1958 717 4131 7309 9031 3981 4034
9454 8160 3285 4978 1283 6543 2782 8562 3779 4217
1724 6478 4244 8069 2388 7517 8703 2755 2358 9241
5409 6351 3917 2152 531 4053 7300 8954 3865 3848
1433 7374 3548 955 6987 2676 6128 623 8137 5015
1591 7390 3677 811 7018 2503 6180 580 8405 4937
1358 7409 3535 797 6825 2591 6130 916 8464 4897
8393 6524 2500 6234 7282 5824 8248 5388 4506 4206
7919 5816 8204 4427 2375 3037 4172 3625 2443 4317
5484 6523 3744 2169 818 4025 7238 9020 4211 4099
5077 7695 7102 8577 2761 1759 9449 1522 8045 5415
562 3836 2121 7707 2262 4145 6904 448 6701 3340
2470 686 8571 3485 6520 1816 8812 7361 6358 505
6369 2161 1916 1991 7192 6693 3517 4299 764 7435
7835 5605 8121 4586 2187 3158 4211 3651 2390 4197
4827 3500 7470 7948 1568 3597 8015 6997 5533 7344
9114 2089 8488 7249 5456 9393 7854 4365 6353 3253
9118 1851 8396 7269 5457 9352 7640 4395 6651 3330
9224 7919 3565 4816 1078 6532 2628 8626 3603 4133
4948 2122 8328 3932 7869 3219 7738 9519 8945 420
1630 5740 5618 6434 7064 6752 8634 4654 5416 4332
1468 6652 4291 8107 2259 7688 8784 2564 2382 8930
343 4109 1941 1866 5836 2385 6323 668 5225 3370
7767 5486 8114 4335 2202 2972 4195 3898 2672 4359
1641 6585 4290 7810 2183 7575 8793 2699 2426 8998
8706 7461 7818 8413 3410 717 6957 8274 8835 4592
1538 5659 5509 6394 7063 6953 8524 4927 5094 4324
463 4119 2030 7443 2232 4249 7000 378 6580 3184
2420 2348 7056 5173 6136 6869 2855 5062 6150 6984
7794 5602 8178 4607 2289 3071 4458 3962 2651 4523
5283 2107 8486 4167 7615 3004 7749 9623 9238 388
9197 1809 8615 7018 5552 9113 7717 4384 6445 3393
424 4180 2040 2005 5727 2065 6363 474 5139 3140
1552 5544 5586 6504 6951 6818 8685 4849 5313 4458
1657 6507 4528 7725 2375 7402 8768 2672 2371 9239
8725 7599 7800 8359 3320 514 6779 8020 8503 4802
5031 7541 6791 8527 2481 1980 9276 1837 8251 5323
5630 6590 3770 1942 544 4012 7370 8955 4024 4099
8768 7303 7736 8113 3361 510 6980 8235 8656 4609
6197 9351 7866 2866 3066 7575 5793 6949 5873 9346
2489 2561 7078 5214 6508 6994 2881 4778 6191 6935
462 4087 2384 7662 2370 4056 7133 635 6684 3270
545 4183 2261 7626 2373 3996 7094 461 6717 3070
5031 7632 6985 8546 2709 1875 9244 1652 8126 5598
7651 5573 8188 4277 2196 2976 4459 3846 2669 4468
7398 7802 4407 7081 3946 1158 7748 3336 5176 8189
8900 7340 7864 8192 3518 693 6761 8191 8860 4864
7437 7941 4258 6794 3849 1279 7732 3310 5113 8231
4652 3459 7737 7953 1503 3525 8069 6750 5612 7577
9241 8023 3511 4907 1327 6172 2799 8545 3691 4299
1795 6766 4212 8007 2095 7583 9022 2585 2302 9184
9505 8199 3360 4969 1248 6298 2676 8603 3536 4289
9224 2010 8369 7123 5384 9151 7649 4293 6558 3510
8574 7623 7973 8297 3430 786 6726 8221 8742 4730
7392 7898 4230 7043 3855 1311 7751 3064 5161 8101
627 4132 1971 1780 5681 2365 6463 537 5045 3422
1454 7326 3422 813 6845 2690 6030 669 8252 5162
6379 2491 2116 1907 7315 6640 3358 4305 490 7676
414 3877 2053 1857 5653 2243 6319 714 5212 3378
6480 9244 7786 2837 3391 7610 5538 7212 5968 9173
8402 6617 2618 6361 7032 5783 8177 5406 4568 4362
381 4007 1905 2017 5734 2238 6129 720 5382 3488
5066 6823 4217 5327 7004 7816 5098 5764 3716 6927
2163 2282 6958 5275 6481 7044 3084 4847 6248 6790
9351 2009 8628 7078 5500 9390 7710 4422 6340 3494
699 3841 1858 1818 5932 2056 6142 412 5183 3198
8774 7285 7797 8202 3478 544 6871 8215 8846 4726
627 4208 2361 7552 2513 4303 7259 657 6392 3195
2264 2394 7082 4947 6139 6780 3148 4773 6224 6719
6238 2316 2108 1924 7435 6601 3468 4273 757 7332
9180 1789 8551 7289 5541 9066 7634 4326 6457 3510
5633 6609 4079 2295 512 3774 7098 8931 4130 3859
8808 7454 8066 8280 3574 473 7015 8152 8850 4764
8524 6584 2446 6460 7031 5815 8121 5479 4202 4041
9117 1984 8407 6961 5433 9048 7629 4371 6612 3444
2759 880 8513 3697 6398 1637 8869 7663 6441 607
6274 9169 8017 2876 3176 7676 5834 7300 5686 9185
8561 7302 7724 8167 3429 501 6767 8279 8558 4691
1736 5675 5658 6367 6901 6925 8589 4705 5309 4418
2287 2319 7021 5129 6136 6814 2839 4864 6260 6640
1829 5789 5617 6553 6946 6917 8688 4658 5169 4318
2642 822 8511 3414 6692 1865 8631 7355 6308 347
4881 6774 4328 5507 7109 8011 5099 5931 3790 6906
8789 7609 7790 8238 3534 718 6954 8109 8673 4933
5238 2045 8312 4193 7770 3044 7615 9333 8959 415
678 3895 1691 2050 5936 2142 6078 567 5091 3162
7286 8008 4386 6963 4170 1105 7763 3299 5232 7971
7482 7922 4087 6956 4171 1137 7709 3168 4942 8092
4961 6715 4459 5634 7215 7677 5016 5753 3495 6945
4941 1987 8353 3998 7777 2929 7621 9300 9131 611
8596 7328 7867 8304 3425 462 6867 8003 8524 4872
1552 7398 3494 878 6937 2828 6199 802 8281 5062
6283 9197 7711 2730 3136 7857 5638 7191 5905 9192
2311 2528 6918 5268 6145 6762 3000 4980 6322 6782
4846 6626 4455 5392 7176 7754 5203 5967 3612 6947
2249 2303 6925 4942 6148 7093 2998 4787 6366 6756
4719 3652 7710 7795 1491 3420 7714 6727 5312 7438
2650 729 8569 3436 6538 1921 8739 7323 6274 718
9246 8015 3362 4864 1060 6269 2529 8486 3913 4016
6531 2519 2076 2103 7332 6676 3654 4300 547 7658
4937 2096 8243 4256 7634 3186 7710 9582 9059 556
735 4160 2001 2143 5654 2224 6379 585 5361 3162
7199 7633 4280 6962 4052 1139 7647 3218 5127 8178
1528 7104 3668 1034 7030 2774 6255 758 8362 4890
677 3832 2160 7599 2466 4079 7287 606 6548 3142
1757 6559 4230 7839 2188 7390 8824 2533 2560 9093
4942 2121 8441 4267 7761 2975 7937 9542 8864 627
2633 800 8640 3385 6478 1947 8810 7620 6294 401
9467 8285 3557 4779 1120 6500 2854 8316 3723 4107
5261 1900 8126 4178 7733 3013 7849 9538 9130 731
7390 7737 4165 6860 4017 1368 7858 3151 5076 7932
7279 8000 4421 6926 3935 1245 7558 3051 4979 8033
8266 6699 2583 6284 7251 5751 8186 5412 4221 4157
9149 1953 8533 7278 5486 9207 7874 4376 6328 3266
6254 2294 1723 2133 7168 6644 3484 4508 646 7627
1856 6645 4189 7832 2116 7362 9031 2757 2598 8896
2744 906 8363 3490 6693 1988 8679 7587 6116 522
6480 9182 7993 2979 3137 7719 5590 7276 5796 9328
1832 5641 5392 6219 6969 6944 8466 4895 5208 4393
2801 622 8632 3383 6626 1708 8685 7464 6214 446
5596 6454 3852 2197 813 4151 7334 8947 3929 3881
9379 1825 8390 7094 5370 9200 7593 4306 6494 3430
1561 5563 5468 6421 7023 6776 8325 4999 5317 4482
5000 1920 8471 4138 7522 2897 7776 9304 8916 702
6544 2207 1886 1920 7432 6338 3696 4241 658 7414
1486 7252 3558 958 7037 2569 6155 767 8448 5206
323 4131 2220 7663 2335 4184 7040 736 6601 3037
5356 6572 3805 2223 676 4144 7080 8899 4141 3985
6280 2259 2076 2130 7185 6672 3448 4359 468 7394
5310 6617 4038 1964 729 4081 7058 8890 3958 3809
6380 9430 7992 2748 3300 7682 5815 7186 5799 9436
1615 5696 5388 6280 7015 6848 8652 4698 5240 4428
1512 6561 4466 8069 2327 7375 9006 2586 2373 9207
1546 7265 3318 749 6827 2584 6180 599 8401 4875
7852 5606 8257 4219 2345 2832 4220 3684 2666 4218
5106 6819 4131 5564 7049 7784 5059 6011 3767 6703
583 4007 1870 2008 5564 2200 6442 430 5308 3288
2306 2408 7016 4950 6383 6880 2851 5057 6341 6940
4582 3540 7586 7924 1423 3540 7923 6811 5575 7330
6563 2415 2074 2045 7113 6396 3370 4308 555 7593
7623 5661 8135 4566 2213 2931 4227 3985 2717 4550
8186 6733 2628 6380 7187 6006 8228 5294 4550 4291
8633 7558 7848 8376 3605 696 6754 7915 8702 4884
5617 6674 4095 2253 841 3938 7288 8782 3853 3740
1810 6591 4495 7842 2419 7716 8747 2728 2650 9202
6202 9400 7888 2820 3032 7837 5607 7149 5689 9277
9200 7929 3448 4843 1041 6550 2565 8410 3755 4071
1512 5445 5433 6568 6947 7096 8291 4854 5352 4241
5605 6674 3977 2079 474 4020 7085 8849 3968 3965
425 3887 1770 2142 5671 2389 6354 724 5342 3385
1773 5484 5617 6232 6842 6797 8592 4726 5261 4369
9037 1962 8515 7123 5583 9263 7702 4398 6668 3462
4845 6573 4347 5438 7182 8018 5022 5924 3422 6718
2388 2365 7038 4985 6335 7031 3095 5013 6233 6974
8746 7634 7936 8161 3255 772 6823 8176 8832 4801
1375 7156 3517 888 6984 2729 5970 889 8306 4889
1896 5411 5642 6389 7007 6861 8583 4798 5413 4494
4820 3324 7431 8021 1451 3758 8065 6887 5470 7497
8204 6525 2508 6499 7220 5835 8176 5128 4192 4141
1370 7464 3627 980 6948 2585 6005 851 8457 5051
6343 9161 7903 2715 3170 7893 5830 7142 5645 9408
1593 6676 4523 7979 2177 7678 9001 2551 2343 9073
6204 9140 7965 2908 3236 7596 5824 6992 5923 9219
8623 7363 7958 8130 3371 709 6856 7931 8586 4587
361 3848 2381 7345 2339 4056 7118 547 6743 3153
8586 7289 7972 8190 3485 602 6847 8277 8798 4562
6395 2247 2046 1788 7121 6563 3495 4285 425 7330
1681 6669 4449 8037 2139 7673 8666 2441 2559 9084
4972 6688 4363 5495 7341 7938 5206 5773 3619 6727
5304 1962 8497 4099 7749 2983 7774 9270 9210 551
8845 7527 7916 8203 3265 440 6824 8228 8560 4816
4685 3514 7715 8047 1671 3688 7988 6861 5611 7589
1316 7239 3325 903 6991 2742 5996 558 8475 5176
1537 7300 3362 803 6807 2668 6121 601 8375 5258
6494 2275 2015 2093 7157 6609 3380 4326 398 7467
8778 7242 7925 8076 3618 808 7007 8162 8517 4950
8470 6578 2692 6228 7244 5739 8307 5200 4439 4276
6560 2182 1813 1986 7382 6506 3630 4515 745 7636
2203 2611 6907 5239 6305 6755 2851 4720 6059 6791
2180 2615 6825 5178 6151 6929 2852 4822 6051 6712
5044 6622 4377 5378 7095 7990 5043 6074 3629 6764
567 4065 2057 7618 2569 4096 7240 600 6430 3142
9282 8102 3305 4742 1296 6286 2780 8423 3521 4220
658 4094 2195 7491 2348 4113 7110 589 6661 3172
4914 7411 6782 8434 2816 1732 9461 1722 7995 5415
2564 807 8313 3486 6700 1945 8662 7615 6187 657
7238 7863 4480 6753 4130 1208 7493 3292 4890 8188
6354 9254 7734 3005 3347 7904 5831 6995 5866 9312
4585 3255 7564 8032 1492 3617 8053 6820 5433 7467
8502 6818 2666 6332 7358 5852 7987 5486 4331 4054
4688 3397 7724 7902 1607 3770 8081 6868 5530 7541
5182 7410 6978 8460 2609 1835 9357 1853 8123 5664
2309 2631 7124 5006 6323 7105 2994 5006 6108 6886
6534 2321 2115 1985 7330 6435 3545 4119 783 7349
5020 7792 6866 8434 2476 1636 9239 1517 8288 5384
4763 3541 7609 7835 1301 3452 7844 6718 5265 7449
4858 7535 6796 8558 2503 1713 9539 1753 8036 5515
1539 7158 3534 1018 6966 2796 6091 751 8358 5199
1725 5534 5531 6299 7003 6960 8649 4862 5066 4505
1489 7294 3683 991 6960 2722 6182 871 8333 5142
8911 7620 8088 8426 3371 581 6816 7976 8848 4564
2857 813 8655 3686 6639 1604 8627 7474 6123 378
7177 7949 4188 6766 3853 1130 7497 3146 5233 8133
8207 6726 2345 6377 7189 5986 8226 5368 4224 4009
5128 2108 8338 3968 7654 2952 7914 9258 8987 611
6565 2234 1742 2076 7340 6377 3641 4351 425 7315
8824 7259 7985 8205 3268 482 6902 8122 8770 4677
2699 829 8495 3619 6576 1704 8858 7457 6405 614
6386 9315 7857 2806 3338 7829 5668 7076 5783 9071
444 4057 2230 7704 2528 4029 6920 516 6638 2975
4861 3331 7794 8105 1669 3446 7964 6643 5472 7307
4959 2001 8223 4056 7766 3087 7766 9454 9133 484
6446 2358 1894 1942 7311 6578 3614 4441 630 7451
1565 6681 4286 8033 2262 7373 8769 2536 2600 8865
8409 6718 2694 6288 7226 5897 8099 5271 4318 4089
8217 6829 2313 6264 7078 5831 8250 5461 4518 4268
2446 2290 7049 5169 6251 7022 2874 5003 6343 6646
4929 3542 7751 7896 1593 3423 8110 6873 5311 7314
2168 2569 7119 5060 6346 6833 3214 4921 5990 6685
2265 2338 7053 5063 6227 6766 2933 4892 6168 6671
2700 657 8548 3344 6388 1613 8577 7524 6253 514
7423 7775 4249 6973 4122 1450 7509 3309 5133 7951
1792 5703 5336 6486 6910 6769 8600 4855 5381 4540
2652 941 8635 3488 6569 1634 8520 7660 6380 431
1479 7157 3336 746 7110 2452 6026 678 8223 5116
666 4029 1751 1954 5948 2047 6325 763 5188 3371
8416 6778 2594 6363 7287 5977 8267 5369 4208 4041
2175 2285 6825 5135 6521 6802 3035 4788 6324 6946
9403 8123 3433 5017 1350 6172 2655 8357 3889 4165
7629 5459 8252 4224 2357 3178 4347 3690 2408 4325
8511 6704 2475 6182 7095 5704 8110 5389 4255 4272
5124 2121 8252 3988 7738 3095 7814 9455 9226 534
1545 6509 4217 7743 2190 7620 8660 2822 2324 9165
6436 2410 2026 1810 7163 6361 3600 4233 475 7517
6404 9235 7965 3048 3236 7598 5541 7229 5872 9343
4986 6756 4473 5481 7101 7770 4885 5834 3659 6953
8588 7349 7882 8302 3626 698 6837 8026 8495 4805
1455 7168 3634 961 7016 2463 6259 860 8238 5261
2230 2333 7071 5018 6342 6891 2829 4886 6289 6681
6199 9264 7888 2977 3021 7558 5698 7169 6010 9098
4590 3304 7512 8068 1404 3417 7971 6665 5374 7263
4866 6764 4428 5629 7266 7842 5266 5914 3709 7024
8630 7546 7857 8354 3398 743 6960 8000 8486 4916
5025 7514 7046 8575 2768 1668 9264 1628 7967 5443
1504 5730 5401 6432 6833 6815 8445 4978 5176 4332
8896 7508 8004 8329 3245 811 6692 7886 8546 4677
8195 6765 2558 6472 7310 6008 8210 5253 4520 4151
9308 2111 8698 7294 5342 9181 7624 4332 6569 3186
1553 5414 5648 6427 6821 6740 8491 4834 5131 4261
4944 3453 7576 7770 1578 3620 8047 6919 5430 7227
7455 7803 4191 6922 3829 1347 7824 3106 5069 8179
4896 7785 6773 8744 2778 1760 9436 1805 8050 5530
1677 6724 4354 7894 2099 7440 8742 2753 2618 8976
1622 6385 4502 7879 2107 7415 8843 2479 2635 8959
6232 9194 7951 2874 3324 7589 5887 7158 5711 9286
4825 3342 7688 7903 1526 3534 7862 6872 5359 7219
8901 7378 7796 8090 3463 677 6675 8258 8556 4686
8794 7423 7810 8239 3340 760 7030 7964 8571 4921
6428 2288 2105 2100 7512 6460 3566 4293 693 7534
6452 2275 2032 1805 7127 6602 3495 4409 696 7413
6582 2417 1974 2166 7295 6383 3436 4460 409 7327
5097 7616 7007 8546 2854 1844 9599 1702 8328 5550
7161 7770 4107 6992 4155 1452 7642 3034 5056 8079
462 3877 1981 1950 5678 2011 6167 423 5209 3350
405 3918 1915 1830 5634 2379 6222 521 5138 3420
1822 5494 5333 6365 6835 7034 8534 4882 5246 4416
731 3797 1851 1913 5703 2269 6120 599 5293 3479
9212 2052 8432 7234 5616 9088 7916 4251 6481 3288
5240 2083 8153 4090 7801 2999 7716 9581 9083 481
5520 6439 3953 2196 651 4076 7374 9101 3978 3908
2857 891 8684 3669 6676 1841 8777 7680 6260 462
6466 2159 1735 2114 7137 6612 3375 4374 735 7447
5340 6393 3998 1992 633 3966 7208 8994 4038 3748
8518 6593 2424 6388 7295 5822 8101 5232 4267 4247
613 4108 1829 1811 5564 2385 6236 439 5137 3138
4816 6723 4457 5332 7010 8022 5193 6047 3590 6927
5265 6410 3745 2148 834 4080 7002 8950 4235 3986
2257 2456 7118 5019 6517 6958 2998 4758 5989 6718
603 4139 2209 7526 2552 4136 7061 693 6518 3317
5112 1925 8240 4246 7727 3057 7848 9601 9181 516
8527 7521 7921 8387 3249 709 6789 8222 8604 4887
4959 2055 8501 4148 7913 3026 7687 9437 8953 569
1515 7099 3704 768 7060 2701 6083 645 8187 4893
1579 7425 3695 1050 7091 2648 6042 841 8496 4947
5299 6585 3762 1979 805 4032 7344 8993 4232 3914
5223 7576 6809 8655 2811 1939 9534 1604 8150 5497
5592 6566 3851 2276 533 3828 7111 8807 3917 4011
1605 6523 4330 7723 2421 7407 8926 2598 2615 9058
1442 7376 3470 1091 6814 2629 5951 586 8394 4995
1534 7272 3330 855 6935 2516 5970 913 8394 4950
4854 3350 7777 8046 1386 3421 7740 6934 5259 7567
8598 7358 7750 8177 3618 446 7031 8001 8519 4926
463 4197 2168 7422 2560 3999 7099 382 6575 3116
8906 7394 7737 8388 3306 643 6955 8133 8819 4609
4861 6744 4448 5313 7333 7964 5021 5737 3436 6984
7947 5738 8129 4592 2106 3019 4334 3841 2666 4274
6406 9398 7699 2945 3114 7703 5861 7136 5943 9065
2231 2426 7024 5115 6511 6742 2938 4960 6250 6706
1249 7284 3390 868 6809 2499 6285 919 8449 5217
7146 7697 4476 7090 4146 1204 7813 3088 5247 7970
507 4057 2233 7460 2553 3988 6909 732 6734 3079
5513 6507 3989 2161 637 3943 7335 8837 3947 3918
4639 3314 7420 8047 1471 3499 7773 6727 5558 7357
556 3987 1800 1965 5619 2249 6145 610 5349 3371
4964 6730 4265 5351 7316 7823 4879 5749 3671 7001
5020 1834 8347 4007 7548 3129 7736 9317 8850 559
6546 2422 2112 1906 7140 6466 3610 4344 671 7617
1414 7488 3665 851 6931 2475 6029 914 8467 5187
6469 9262 8033 3099 3301 7709 5847 7241 5907 9170
9349 1987 8692 7203 5604 9409 7792 4444 6351 3520
8787 7332 7898 8057 3478 792 6777 8109 8853 4879
1316 7302 3440 1106 6970 2750 6083 708 8152 4933
5178 7577 6828 8507 2695 1732 9415 1594 8050 5431
2860 838 8411 3615 6678 1712 8861 7717 6219 329
8630 7325 7986 8290 3234 612 6857 8048 8617 4641
5320 1838 8460 4309 7580 2911 7580 9423 9099 572
8617 7556 8047 8429 3413 442 6960 8186 8822 4815
4597 3255 7731 8042 1527 3476 7829 6983 5631 7559
2666 733 8329 3566 6491 1720 8843 7674 6360 528
5341 6365 3937 1983 594 3867 7007 8784 4238 4058
4925 3473 7740 7844 1418 3642 7803 6689 5416 7475
4969 6750 4239 5572 7158 7903 4950 5762 3453 6775
535 3996 1984 1801 5777 2272 6212 388 5126 3231
6217 2440 1757 2101 7121 6384 3426 4381 422 7628
1413 7395 3549 889 7194 2695 6122 657 8250 4937
7948 5783 8111 4250 2284 2811 4116 3788 2563 4288
8744 7253 7781 8279 3253 742 6864 7946 8797 4938
6500 9202 7893 2807 3248 7582 5679 7302 5737 9433
1818 6646 4237 7969 2196 7449 8867 2650 2492 9237
596 3875 2226 7463 2544 4047 7112 579 6407 3197
5179 7691 6866 8476 2568 1632 9227 1824 8016 5332
2657 686 8605 3401 6729 1822 8664 7389 6405 358
9366 1964 8655 6992 5312 9251 7763 4306 6651 3500
7565 5630 8385 4504 2414 3091 4156 3777 2535 4362
6201 2410 1799 2158 7472 6604 3490 4120 553 7447
5393 6585 4044 2303 854 4099 7274 8952 4240 3969
6360 2456 1885 1968 7141 6451 3677 4364 486 7589
384 4128 2027 7382 2563 4039 7152 356 6502 3318
9313 8015 3532 4899 1352 6256 2660 8293 3556 4102
1561 6646 4513 7779 2364 7417 8759 2659 2486 9252
520 4219 2410 7451 2389 4253 7067 401 6376 3227
1530 7316 3412 1125 7008 2677 6162 744 8375 5077
8743 7312 8086 8162 3235 488 6950 8107 8720 4552
415 4042 1694 1915 5892 2101 6269 443 5267 3122
4998 1845 8123 3942 7541 2875 7668 9483 9050 697
6503 2136 1839 1832 7112 6624 3587 4493 784 7318
4810 3465 7576 7841 1333 3414 7922 6637 5468 7463
5285 6545 4017 2297 669 4016 7290 9100 4043 4054
4883 7692 6973 8519 2484 1793 9211 1623 8055 5296
4792 3617 7496 7892 1405 3435 8038 6638 5499 7488
5200 1928 8514 3927 7911 3069 7633 9552 9131 631
8564 6745 2600 6199 7270 5726 8131 5425 4335 4042
7402 7779 4412 6791 4156 1400 7856 3199 4969 7973
4832 3390 7619 7756 1685 3732 8014 6820 5477 7267
373 4086 1846 2120 5844 2373 6383 706 5110 3428
1637 5478 5664 6550 6916 6967 8689 4826 5185 4559
506 3905 2137 7583 2303 4304 7217 593 6381 3348
4930 7530 7117 8480 2845 1633 9328 1701 8315 5651
5309 6464 3916 2264 683 4095 7005 8798 4099 4109
638 3940 1926 2082 5936 2133 6390 697 5301 3449
5573 6346 3823 1945 718 4154 7301 8863 4027 3915
1272 7420 3590 1054 7144 2454 6311 633 8244 5038
8558 6663 2541 6150 7282 5956 8093 5250 4204 4219
4859 3653 7575 7744 1569 3664 7953 6823 5543 7561
6206 9248 7936 2751 3331 7945 5646 7008 5963 9206
1473 7472 3690 1062 6817 2449 6069 835 8411 5173
9068 2053 8643 6941 5550 9407 7753 4221 6669 3198
4865 6838 4516 5419 7138 7876 4903 5890 3504 6942
8762 7598 7832 8064 3475 702 6754 8058 8548 4676
4875 7579 6892 8581 2738 1939 9574 1629 8163 5293
1459 6421 4538 8001 2092 7410 8947 2703 2652 9044
4858 7532 7120 8703 2687 1988 9259 1710 8089 5657
1673 5496 5604 6442 7081 7065 8460 4905 5425 4223
6364 9386 7801 3064 3056 7727 5589 7250 5843 9062
8308 6868 2410 6190 7312 5751 8081 5194 4555 4081
6392 2397 2065 2114 7414 6325 3563 4258 774 7436
7935 5807 8106 4552 2094 2979 4379 3849 2498 4494
650 3894 1741 1905 5770 2016 6422 391 5294 3165
4682 3268 7419 7756 1599 3581 7941 6735 5610 7460
9305 8058 3307 4819 1203 6354 2824 8575 3650 4057
5048 6601 4239 5426 7231 7934 4945 5917 3573 7055
2664 680 8676 3659 6423 1894 8805 7683 6178 636
7375 7727 4392 7087 4160 1405 7586 3040 4944 8165
398 3904 2164 7667 2559 4205 7028 526 6759 3070
1629 6389 4300 7827 2213 7492 8776 2499 2640 9192
6213 9104 7818 3011 3382 7698 5612 7193 5686 9380
1246 7106 3716 956 7187 2606 6212 879 8476 5029
2556 2303 6887 5255 6529 6817 3115 4962 6358 6995
4735 3315 7697 8137 1402 3726 8014 6790 5274 7219
6463 9248 7715 2857 3087 7826 5749 7318 5942 9172
7201 7930 4097 7089 3893 1477 7731 3042 4998 8016
2171 2332 7049 5188 6393 6895 3180 4913 6162 6715
9417 7892 3351 4703 1351 6415 2788 8366 3530 4172
6259 2286 1802 2098 7163 6406 3399 4235 518 7380
6301 9371 7740 3029 3184 7756 5893 7064 5745 9333
1513 5766 5624 6510 6788 7076 8623 4708 5414 4415
5151 1919 8267 4073 7771 3097 7824 9544 9118 645
1739 5603 5364 6339 6996 6955 8673 4904 5396 4246
5466 6602 3934 2292 644 3955 7374 8850 3875 3988
9360 7985 3369 4851 1226 6454 2715 8642 3851 3960
4984 6931 4376 5600 7370 7902 4918 5820 3445 6673
4992 7508 6956 8529 2771 1701 9502 1652 8176 5439
5011 6728 4490 5396 7263 7968 5073 5991 3654 7016
1705 5607 5587 6322 6922 6961 8460 4963 5123 4429
4939 7475 6906 8520 2495 1720 9554 1480 8178 5430
4878 7440 7096 8576 2489 1690 9231 1754 8284 5635
1399 7391 3366 751 7084 2628 6157 838 8241 5253
1737 5543 5538 6318 6935 6995 8483 4969 5332 4396
2755 810 8409 3550 6738 1603 8691 7351 6437 658
6388 9063 7765 2921 2992 7812 5649 7091 5644 9454
7538 7758 4146 7025 4073 1462 7851 2995 5242 7930
7299 7824 4449 7007 4178 1346 7638 2969 4948 8005
6417 2451 1784 2000 7252 6502 3692 4243 770 7403
8898 7448 7690 8420 3363 757 6888 8056 8693 4883
1731 6688 4491 8062 2121 7517 8854 2548 2389 9177
5549 6468 3876 2162 748 4118 7005 8732 4139 3840
2551 807 8333 3500 6678 1802 8707 7561 6134 500
657 3872 1861 1946 5654 2379 6234 438 5324 3429
1581 7482 3474 1056 6894 2755 6318 618 8421 4973
7626 5772 8112 4585 2358 3056 4241 3754 2631 4307
8823 7413 7817 8092 3388 776 7032 8242 8514 4555
7629 5745 8097 4444 2365 2901 4371 3973 2399 4413
1348 7339 3431 1078 7012 2847 6050 556 8180 4946
2749 958 8307 3549 6454 1671 8655 7668 6249 421
7367 7716 4425 6988 3880 1467 7566 3033 4892 8019
6300 2289 1823 2029 7137 6388 3621 4309 446 7422
2479 2387 7111 5067 6363 6839 3078 4733 6021 6969
2485 2393 6887 5056 6251 7054 2964 4915 5985 6870
9036 2131 8388 7247 5578 9316 7625 4376 6595 3405
2649 953 8500 3655 6460 1948 8889 7679 6176 387
1648 6678 4211 8107 2278 7559 8896 2661 2382 9067
4948 3443 7700 7755 1619 3735 8082 6861 5248 7378
6531 2179 2117 2163 7271 6656 3495 4490 435 7388
4683 3552 7438 7796 1521 3798 8045 6916 5557 7458
594 3957 2092 7587 2518 4290 6951 716 6507 3326
2759 713 8348 3379 6715 1722 8664 7685 6430 556
5084 6747 4319 5567 7129 7968 5060 5740 3638 6810
5077 1952 8453 4200 7838 2859 7784 9429 8996 569
4937 6572 4336 5299 7023 7935 5182 5765 3628 6669
5050 2057 8161 4300 7667 3099 7624 9641 8846 508
5117 7787 7085 8485 2684 1644 9393 1724 8127 5443
352 4079 2026 1930 5683 2075 6330 676 5085 3451
8531 7443 7897 8432 3507 461 7037 8237 8788 4696
9358 8224 3428 4984 1156 6478 2509 8314 3890 4089
5323 1841 8415 4156 7887 2896 7967 9582 9011 615
2805 787 8401 3389 6389 1702 8548 7531 6157 704
4985 6552 4311 5367 7377 7717 5100 5867 3491 6889
1506 7486 3702 917 6864 2591 6313 916 8386 5002
4877 6678 4475 5520 7361 7649 4964 5841 3658 6690
9343 8195 3416 4895 996 6541 2806 8468 3915 4024
8702 7423 7740 8276 3589 761 6992 7961 8612 4900
9248 8026 3361 4888 1196 6191 2611 8560 3680 3963
5297 2157 8420 4139 7554 3097 7762 9351 8875 551
5033 7681 6888 8608 2777 1758 9437 1627 8243 5315
499 4003 1815 1821 5568 2212 6244 696 5184 3369
586 4122 1794 1939 5663 2319 6462 414 5350 3229
1839 6400 4499 7992 2267 7492 8913 2695 2465 9040
6397 2453 2021 1981 7173 6537 3578 4147 530 7467
9393 7970 3364 4994 1306 6383 2552 8601 3805 4093
643 3818 1693 1941 5894 2353 6178 572 5247 3345
2360 2586 6899 5177 6319 6759 2972 5093 6312 6878
6412 9343 7886 3071 3250 7855 5579 7088 5704 9185
8375 6781 2651 6492 7226 5689 8248 5496 4274 4370
8604 7451 7889 8252 3557 583 6728 7904 8862 4668
8813 7403 7919 8300 3589 807 6823 8085 8771 4884
1297 7335 3486 1043 7078 2805 6133 799 8441 5055
2661 833 8638 3549 6654 1947 8657 7483 6189 645
6593 2242 1783 2109 7486 6369 3397 4483 404 7555
9096 1819 8581 7294 5373 9093 7687 4219 6299 3219
4948 7466 6793 8394 2546 1998 9434 1844 8164 5466
7178 7690 4382 6864 3968 1458 7473 3330 5219 7982
4730 3433 7542 7878 1379 3792 7712 6988 5564 7381
1432 7241 3514 793 7087 2780 6209 668 8439 5231
5176 7445 7078 8694 2783 1979 9279 1650 7949 5556
6584 2499 1989 2051 7140 6668 3718 4306 678 7460
461 3854 2035 7445 2515 4079 7272 417 6555 3073
5129 2085 8208 4157 7888 3075 7818 9414 9056 502
7471 7889 4246 6805 3817 1183 7575 3113 4939 8163
9274 8277 3351 4864 1055 6293 2586 8667 3873 4149
8545 6722 2578 6484 7094 5922 8034 5486 4502 4189
6540 9123 7967 2798 3354 7946 5846 7249 5910 9147
5373 6634 4044 1993 634 3836 7036 9078 4007 4011
1371 7145 3531 743 7029 2819 5961 784 8261 5120
5004 7628 6849 8404 2783 1775 9532 1862 8330 5543
5231 2091 8502 4101 7648 3087 7737 9584 9081 532
6432 9409 7689 2824 3349 7717 5576 7112 5946 9310
4931 2012 8418 4027 7686 2878 7744 9613 9028 494
2490 2584 6808 5271 6152 6852 3112 4997 6278 6739
9078 1840 8490 7247 5303 9204 7704 4425 6391 3421
5026 7718 6797 8528 2617 1698 9433 1724 7948 5519
5350 6619 3863 2101 484 3848 7118 8803 4119 4035
5189 2123 8354 4171 7587 3104 7838 9580 8927 627
4649 3363 7461 8001 1365 3547 7907 6703 5333 7556
6231 2498 1967 1933 7157 6548 3550 4323 694 7480
4825 3386 7437 7790 1345 3419 8025 6828 5419 7265
5316 1832 8204 4101 7642 3024 7649 9378 8977 439
4683 3444 7616 7913 1430 3574 7964 6840 5399 7260
6553 2433 1998 1793 7195 6422 3585 4136 401 7506
8608 7454 7918 8127 3525 453 6708 8155 8775 4867
5072 2054 8193 3922 7681 3212 7609 9378 8887 518
493 4110 2158 7674 2299 4121 6943 685 6578 3077
1380 7473 3343 917 6875 2634 6049 814 8136 5055
9140 8190 3524 4901 1214 6526 2555 8328 3611 4221
1798 6497 4209 7940 2125 7471 8999 2464 2658 9039
4674 3306 7789 7904 1564 3594 7870 6981 5504 7466
1595 7472 3468 970 7183 2844 6110 792 8449 5246
4805 6728 4233 5424 7114 7882 4882 5766 3701 6822
9291 8137 3515 4749 1277 6553 2723 8390 3729 4267
6563 9268 7835 2916 3100 7738 5837 7083 5840 9129
6433 9073 7941 3032 3371 7825 5535 7007 5772 9198
5092 2082 8163 4131 7834 2969 7916 9355 9164 381
5240 7705 6796 8704 2586 1626 9569 1640 8130 5558
7531 7776 4449 7114 4076 1422 7843 3356 5018 8191
6385 2148 2088 2088 7363 6475 3410 4334 659 7537
7570 5742 8404 4257 2166 2887 4298 3777 2532 4244
1624 6703 4419 8033 2156 7606 9010 2564 2606 8928
1627 5684 5601 6298 7098 7025 8554 4954 5332 4539
9247 8261 3462 4998 1001 6211 2583 8595 3588 4265
6585 9258 7842 2866 3208 7636 5816 7089 5624 9352
6439 2157 1992 1829 7370 6575 3574 4422 403 7682
624 3966 2101 7461 2304 4047 7218 716 6376 3303
5492 6582 3820 2166 620 3951 7214 9087 3911 3744
5572 6589 3985 2093 596 4120 7339 8933 4168 4063
4643 3605 7466 7806 1302 3731 8046 6706 5248 7306
7824 5604 8329 4331 2384 3194 4209 3994 2674 4381
5224 1893 8310 4249 7589 3057 7882 9476 9220 674
5079 2013 8458 4173 7590 2943 7938 9302 9188 460
4940 6676 4209 5509 7198 7676 4881 5963 3505 6896
2833 767 8355 3420 6511 1864 8598 7650 6414 444
5436 6474 3743 2017 833 3861 7181 8782 3932 3863
8515 6614 2500 6177 7142 6002 8079 5454 4400 4261
1775 6743 4184 7849 2125 7573 8676 2787 2612 9250
2382 2410 6935 4958 6305 7096 3196 4930 6247 6970
5442 6344 4040 2264 794 4034 7356 8903 4214 3945
7308 8002 4390 6878 4177 1246 7653 2998 5032 8157
8628 7409 7957 8423 3554 610 7051 8212 8884 4777
349 3897 2201 7607 2527 4075 6931 542 6608 3295
8327 6819 2443 6352 7278 5939 7949 5375 4476 4349
2616 932 8437 3410 6718 1698 8567 7606 6432 625
8712 7433 8023 8428 3587 579 7012 7950 8677 4751
1790 6532 4347 7950 2443 7373 8718 2735 2422 9190
4722 3546 7642 7776 1669 3668 8057 6880 5533 7255
8546 7243 7697 8270 3624 537 7005 8014 8838 4639
6470 9326 7780 2893 3302 7809 5600 7048 5748 9163
4704 3345 7672 7819 1439 3578 8083 6960 5638 7390
580 4025 1676 1785 5705 2358 6349 632 5354 3278
2686 946 8516 3677 6597 1759 8693 7536 6350 355
5079 2030 8350 4228 7865 3101 7845 9267 8900 479
5005 7730 7074 8688 2710 1629 9497 1524 8037 5636
6371 2450 2045 1855 7355 6348 3451 4254 684 7541
8338 6663 2640 6474 7148 5873 7936 5341 4537 4105
8300 6901 2509 6174 7275 5936 7989 5446 4435 4150
9460 8246 3563 4705 1303 6548 2530 8320 3869 4189
9190 7936 3291 4877 1265 6263 2798 8394 3680 4191
2630 648 8611 3381 6735 1899 8679 7542 6288 644
1508 7096 3330 794 6906 2806 6081 853 8291 5066
5006 6914 4264 5467 7396 7911 4926 5712 3491 6682
8210 6889 2434 6247 7221 5707 8150 5469 4513 4309
4840 3422 7644 7961 1470 3465 7947 6981 5588 7500
5085 6750 4448 5639 7064 7672 5131 5970 3606 6981
7880 5809 8234 4615 2197 2810 4132 3917 2653 4279
2474 602 8656 3578 6370 1765 8605 7510 6175 643
7466 7947 4481 6869 4123 1146 7736 3044 5120 7926
8776 7303 7851 8164 3495 788 6928 8094 8669 4600
9354 2073 8564 6984 5406 9217 7802 4249 6641 3244
9366 8055 3595 5036 1360 6267 2498 8303 3667 4166
6435 9336 7808 2845 3146 7854 5803 7173 5684 9362
8540 7285 7785 8093 3496 547 6936 8181 8794 4789
1432 7385 3539 882 7011 2746 6230 578 8445 4867
4758 6687 4270 5633 7326 7823 5240 5924 3785 6721
5605 6631 3949 2095 746 3877 7340 8942 3901 4076
7708 5774 8312 4234 2090 3181 4469 3784 2352 4529
1518 5761 5514 6532 7020 6852 8454 4766 5223 4343
1702 6749 4374 7889 2421 7354 9045 2525 2625 9190
4921 3449 7549 8004 1464 3472 8107 6713 5588 7594
4934 6840 4304 5664 7059 7712 5078 5816 3531 6854
7357 7884 4456 6912 4133 1415 7743 3127 5137 8084
5519 6422 4033 2055 506 4000 7022 8748 4158 3950
8537 7420 8026 8052 3360 726 7035 7943 8587 4686
5461 6303 3906 2102 835 3817 7221 8793 4157 3824
8796 7332 7734 8344 3623 754 6942 8047 8761 4747
7367 7881 4458 6997 3866 1172 7469 3319 5065 8250
7937 5489 8222 4513 2372 2801 4346 3752 2542 4498
2783 917 8644 3406 6715 1675 8719 7403 6200 428
5040 6566 4367 5483 7295 7697 4992 6099 3478 6837
6531 2252 1788 2076 7252 6593 3413 4465 532 7633
341 4150 2301 7685 2595 4014 7141 545 6655 3146
1876 5648 5625 6413 6795 7067 8519 5006 5393 4587
453 4089 2056 7587 2379 4241 7027 438 6438 3040
8889 7559 7953 8195 3613 553 6789 8100 8761 4702
572 4107 2374 7737 2280 4302 7216 464 6657 3306
455 4174 2054 1909 5708 2047 6246 751 5087 3294
8987 2029 8485 7278 5589 9364 7587 4381 6436 3457
368 4081 2036 1922 5917 2037 6179 677 5008 3146
688 3988 2098 7348 2550 4304 7110 685 6540 3317
7291 7727 4258 6867 3982 1324 7630 3356 4984 8164
7646 5667 8111 4568 2458 2986 4495 3985 2390 4436
2221 2494 7097 5140 6406 7107 3028 4895 6052 6755
5026 7717 7039 8515 2848 1853 9506 1730 8275 5603
385 3928 1927 1995 5881 2283 6316 733 5319 3287
1601 6688 4479 8029 2294 7410 8755 2599 2287 9123
8569 6899 2375 6510 7225 5912 8021 5457 4577 4372
349 3846 1738 2065 5941 2161 6161 692 5084 3284
4759 3386 7605 8119 1464 3611 8084 6943 5641 7211
2544 2387 6758 5047 6177 6872 3079 4706 6088 6902
343 3940 2181 7454 2292 3962 7258 701 6651 3029
9112 1870 8677 6953 5291 9161 7579 4482 6575 3557
5066 2134 8409 4165 7583 3082 7835 9625 8888 677
403 4108 1904 2156 5559 2222 6235 697 5212 3153
9347 7975 3592 4872 1321 6363 2711 8416 3682 4084
5142 6730 4336 5475 7216 7791 5124 5752 3438 6702
1739 6459 4514 8065 2113 7641 8788 2573 2430 9175
2201 2365 6800 5090 6390 6859 3002 4971 6215 6971
7877 5694 8315 4222 2156 3142 4202 3629 2655 4208
455 3843 2206 7437 2603 4144 7186 489 6421 3196
8993 2072 8447 7030 5526 9268 7659 4261 6325 3483
1575 7182 3453 821 6865 2516 6119 841 8497 5183
5584 6284 3968 2050 734 4046 7197 8931 4001 3866
512 3910 1823 2095 5789 2214 6351 558 5333 3422
5006 6918 4515 5304 7259 7683 4892 6065 3747 6670
6477 2452 1872 1857 7211 6507 3708 4318 679 7664
7852 5645 8102 4554 2364 2897 4158 3866 2635 4391
8637 7392 7793 8142 3373 826 7022 8061 8548 4599
7692 5628 8151 4277 2347 2986 4377 3756 2691 4386
6499 9259 7698 2783 3213 7629 5543 7290 5954 9379
1487 6573 4569 7989 2483 7711 8687 2538 2446 9147
7808 5643 8135 4456 2262 3098 4183 3674 2734 4277
652 3868 1831 2125 5929 2208 6217 701 5041 3452
1839 6561 4559 7951 2163 7372 8830 2660 2654 8896
7688 5544 8295 4552 2405 2972 4382 3978 2481 4506
2241 2295 6972 5251 6155 6971 3016 4827 6295 6845
2820 932 8535 3562 6712 1696 8507 7585 6325 370
7651 5569 8400 4355 2193 2923 4500 3961 2533 4223
5460 6347 3806 2317 752 4098 7120 8856 3937 3847
8354 6555 2456 6141 7350 5973 7973 5215 4477 4295
502 3997 2117 7700 2295 4247 7204 522 6575 3130
8371 6589 2431 6301 7091 5887 8146 5278 4314 4382
5060 1842 8390 4308 7739 2921 7871 9449 9102 498
4836 6923 4250 5411 7317 8008 5043 5878 3617 6914
8258 6630 2707 6507 7133 5662 8112 5222 4182 4309