8
1 2 3 4 5 6 7 8 9 10 11 12 13 14 15 16 17 18 19 20 21 22 23 24 25 26
2-7 16-8 12-1
7-4 22-4 17-2 3-10
1 2 3 4 5 6 7 8 9 10 11 12 13 14
13-11
5-1 1-4 9-7 5-4 4-4
1 2 3 4 5 6 7
0
6-6 6-8 5-7 7-6 3-5
1 2 3 4 5 6 7 8
3-5 7-2 4-1
8-36 5-21
1 2 3 4 5 6 7 8 9 10 11 12 13 14 15 16 17 18 19 20 21 22 23 24 25 26 27 28 29 30 31 32 33 34 35 36 37 38
36-27 8-30 31-23
27-2 34-6 28-2 10-10
1 2 3 4 5 6 7 8 9 10 11
4-6 11-10
8-35 6-33 3-27 5-14 1-36
1 2 3 4 5 6 7 8 9 10 11 12 13 14 15 16 17 18 19 20 21 22 23 24 25 26 27 28 29 30 31 32 33 34 35 36
35-22 2-11 24-26
22-1 1-41 33-4 30-8
1 2 3 4 5 6 7 8 9 10 11 12 13 14 15 16 17 18 19 20 21 22 23 24 25 26 27 28 29 30 31 32 33 34 35 36 37 38 39 40 41 42 43 44 45 46
9-39 14-3
