877 10000
163 435
435 211
163 152
152 211
163 225
225 211
163 273
273 211
366 319
319 738
366 289
289 738
366 815
815 738
366 485
485 738
439 682
682 764
439 192
192 764
439 793
793 764
427 749
749 611
427 792
792 611
583 442
442 871
583 513
513 871
583 789
789 871
115 126
126 816
115 578
578 816
353 784
784 170
353 461
461 170
353 412
412 170
353 102
102 170
593 664
664 14
593 131
131 14
593 43
43 14
593 843
843 14
179 646
646 286
179 374
374 286
179 635
635 286
179 694
694 286
17 335
335 684
17 862
862 684
17 295
295 684
569 754
754 624
569 526
526 624
569 416
416 624
569 690
690 624
471 788
788 305
471 129
129 305
582 769
769 421
582 540
540 421
582 544
544 421
391 702
702 295
391 7
7 295
328 512
512 615
328 62
62 615
283 41
41 643
283 257
257 643
283 163
163 643
283 561
561 643
470 854
854 72
470 798
798 72
845 41
41 531
845 216
216 531
845 557
557 531
845 231
231 531
715 310
310 431
715 666
666 431
331 338
338 741
331 696
696 741
331 342
342 741
191 97
524 573
265 526
563 23
566 527
796 814
540 112
631 150
645 575
167 822
414 227
130 829
29 390
11 669
861 264
203 81
564 116
376 72
172 17
523 858
787 1
835 79
857 674
292 91
15 234
354 143
283 598
861 191
176 453
799 816
456 541
819 584
385 691
711 36
607 546
149 514
99 631
317 820
640 720
79 110
51 65
366 544
148 790
347 728
433 235
240 256
3 232
681 478
141 51
167 828
726 709
97 555
233 111
744 877
476 710
178 860
824 163
785 637
384 597
254 187
270 65
190 318
708 542
835 532
712 296
735 82
209 94
612 393
531 749
621 413
44 662
242 821
694 392
58 408
630 218
758 439
660 30
4 37
695 654
146 111
302 121
870 447
464 277
203 456
451 137
692 310
738 815
435 853
297 468
803 28
301 871
724 626
28 775
860 825
787 118
741 778
316 271
116 52
99 725
334 49
114 591
366 759
37 460
213 89
216 457
76 750
601 619
249 364
351 211
507 610
565 716
141 426
592 1
489 583
652 732
713 143
164 348
430 459
130 593
435 747
234 39
140 315
597 201
786 245
669 530
286 523
351 871
216 250
616 572
607 35
857 855
373 283
217 220
537 756
45 578
531 714
772 275
747 538
69 750
633 487
628 843
838 178
8 665
591 237
474 839
571 351
746 361
787 670
174 382
476 45
322 387
605 378
323 464
803 58
62 269
858 109
338 199
442 258
457 328
348 869
211 511
160 593
531 405
248 604
652 49
381 805
754 101
279 574
816 59
772 697
660 860
141 716
656 496
107 486
277 101
805 766
754 126
263 215
236 420
410 266
99 562
442 482
117 628
434 80
471 605
231 363
599 94
639 677
866 100
711 74
596 824
620 726
505 174
808 188
302 739
251 843
126 437
372 175
618 343
266 226
49 761
645 753
585 91
234 694
603 819
135 457
589 335
331 25
788 396
871 766
513 436
67 353
470 424
141 459
696 821
374 521
92 567
436 399
735 535
815 525
155 259
685 757
749 789
571 415
784 760
58 147
472 435
873 60
221 292
179 724
786 519
140 10
37 49
864 69
214 663
501 226
793 53
275 816
720 351
444 229
835 336
87 93
203 149
85 352
546 867
172 403
157 286
759 210
872 77
271 204
307 74
296 571
291 230
1 134
513 597
638 421
98 820
734 613
276 85
810 384
345 408
637 330
488 315
782 341
394 69
602 719
282 640
512 848
428 431
514 868
863 535
107 471
800 478
144 777
119 384
786 633
533 814
35 574
282 406
817 603
699 659
741 702
318 395
565 640
259 490
159 249
145 201
642 842
335 743
403 341
59 652
462 756
810 686
609 137
209 171
547 718
386 133
617 190
306 294
222 466
237 549
726 1
846 718
358 136
527 532
728 339
127 821
686 388
530 683
625 740
862 375
134 554
94 433
359 746
874 26
404 436
355 213
145 722
620 456
335 613
182 343
547 299
442 248
763 823
638 392
164 353
660 122
561 449
618 95
410 873
607 179
33 332
316 589
163 638
200 359
580 799
665 61
842 308
583 726
639 40
692 351
758 674
190 779
165 711
688 184
783 308
761 292
465 681
364 835
182 181
835 796
275 738
466 605
296 611
630 724
361 324
775 562
323 140
439 168
238 75
263 52
313 186
872 356
657 486
335 465
533 704
720 634
12 866
329 572
252 241
350 385
668 260
667 278
546 163
460 626
23 373
2 301
205 559
448 845
284 263
829 128
698 400
524 120
790 161
771 600
403 462
474 411
366 220
588 508
755 869
272 440
782 506
17 523
456 148
107 263
134 589
242 590
127 505
55 590
773 239
362 652
557 420
686 486
494 300
463 833
152 669
448 799
805 406
418 851
234 487
548 65
300 400
256 279
716 270
71 283
526 640
292 117
499 29
58 176
596 734
742 348
602 252
670 546
137 467
294 163
27 342
91 319
223 661
388 549
547 403
876 401
844 224
242 704
19 22
739 234
754 450
195 302
525 251
56 723
445 21
489 443
93 596
270 176
243 289
439 864
461 181
683 583
353 682
283 217
661 244
23 241
467 277
446 145
126 210
726 817
376 7
501 339
868 555
131 637
91 627
731 433
648 280
136 455
691 586
809 48
320 500
569 671
602 376
730 133
252 36
544 793
686 87
262 379
791 496
120 145
78 480
101 146
406 843
621 870
716 638
396 154
510 84
722 739
796 724
665 257
655 844
637 833
754 10
338 655
694 416
576 393
176 43
757 513
687 506
656 162
57 102
797 763
826 644
762 115
436 359
301 464
39 516
755 600
7 608
92 610
549 809
747 857
806 286
511 23
713 728
708 557
398 151
8 285
504 531
839 739
789 549
73 25
525 97
422 854
283 120
735 286
798 146
412 858
734 619
120 831
857 191
789 792
225 810
28 446
40 728
400 5
204 223
678 408
481 243
29 190
654 105
396 490
714 613
250 411
27 673
422 336
709 299
741 210
321 623
259 43
636 479
808 461
439 513
220 149
173 194
528 745
290 448
51 4
752 717
425 47
645 631
667 519
584 664
170 248
168 280
317 299
292 858
751 391
450 363
767 563
544 823
674 710
311 852
189 335
478 31
308 500
445 470
55 340
251 873
202 322
651 374
444 655
250 460
416 411
26 115
742 307
508 501
800 421
18 756
663 244
712 522
584 158
152 788
685 102
64 565
769 730
867 273
149 182
708 381
169 648
478 435
348 317
754 578
167 862
172 479
159 257
30 566
572 602
791 835
256 34
493 708
28 624
457 766
147 268
147 584
494 297
635 61
384 611
620 601
43 2
161 693
19 606
357 673
147 361
620 440
196 137
486 230
306 706
481 193
263 392
34 147
259 235
858 650
406 419
725 166
715 546
814 6
507 876
565 746
772 450
756 567
366 663
95 37
585 24
212 40
751 797
175 451
861 681
63 205
840 757
605 101
569 858
527 72
492 201
578 304
632 770
247 409
124 410
261 237
662 117
807 499
854 872
518 53
711 627
403 827
792 760
399 163
11 412
297 299
620 873
659 808
184 757
376 201
697 125
746 689
488 585
92 775
475 439
807 251
779 876
860 740
133 587
778 650
10 695
201 97
330 135
645 513
277 45
279 95
152 336
453 849
315 368
558 301
81 707
620 78
101 692
243 492
346 283
214 720
99 837
665 294
592 62
616 123
294 773
323 482
478 145
727 198
174 346
96 49
700 261
326 836
210 276
800 808
503 732
729 299
626 583
490 803
443 439
6 4
281 433
342 684
69 326
105 326
59 35
399 841
244 801
320 588
43 627
40 107
136 233
615 398
399 478
676 185
663 806
291 750
304 589
8 809
828 579
840 625
295 429
709 600
659 484
173 813
826 5
13 567
562 537
286 776
132 581
477 304
465 611
257 336
546 876
732 14
149 263
445 678
143 563
830 422
120 730
734 42
308 508
442 734
340 871
468 582
201 742
122 875
665 664
784 218
259 875
357 833
308 639
525 248
840 102
764 694
731 601
648 134
154 259
60 283
815 673
652 552
180 808
533 128
657 800
796 406
463 266
8 582
768 145
794 681
614 593
754 823
383 672
341 231
836 407
623 414
317 790
304 753
789 155
32 323
208 726
670 296
396 488
550 819
125 838
41 554
447 199
216 782
693 532
108 434
333 444
539 583
704 71
408 467
410 816
421 532
329 559
502 361
530 309
317 425
455 785
378 137
606 572
566 539
478 209
568 472
641 789
331 832
644 406
472 565
763 596
326 255
867 181
280 427
574 40
494 493
384 197
186 38
257 228
407 661
199 358
176 74
185 729
462 285
140 738
162 731
478 797
558 369
438 198
122 795
442 289
725 703
725 113
783 738
291 252
576 139
759 372
744 175
24 611
534 451
805 393
720 356
476 575
554 553
335 213
39 517
594 186
513 504
160 688
278 760
737 147
785 265
52 290
390 204
675 589
774 351
99 831
865 656
372 111
186 83
299 257
684 797
300 149
56 11
651 417
876 336
619 264
198 681
771 33
399 188
376 51
514 311
510 112
83 153
66 31
846 146
447 718
1 548
196 162
529 37
169 496
711 445
19 613
366 273
692 160
319 692
399 1
647 465
222 81
504 287
255 779
533 138
850 801
262 633
738 825
261 134
80 810
652 358
300 476
454 505
747 249
28 677
710 729
758 396
63 381
352 806
699 337
647 314
788 417
802 825
770 107
197 419
373 336
312 395
795 167
167 636
286 272
752 399
315 405
849 456
550 12
297 517
683 757
587 831
828 210
135 128
827 781
352 438
218 276
574 372
701 209
116 369
392 772
473 521
540 470
390 82
272 241
602 805
53 644
538 507
641 555
691 383
406 553
537 852
695 762
269 820
459 458
812 826
119 228
320 837
330 658
287 748
793 29
184 589
489 129
293 820
10 474
676 772
703 377
633 3
514 611
549 224
70 189
365 342
558 141
124 506
257 332
723 44
75 33
811 808
684 769
800 210
370 530
254 558
178 560
779 307
330 315
223 241
788 316
202 472
260 234
22 643
232 853
419 823
204 718
478 391
692 864
524 839
29 400
632 511
500 408
180 684
53 332
325 400
270 626
355 646
423 619
182 42
722 579
515 406
598 321
672 118
233 326
15 86
303 302
699 843
688 745
603 517
775 712
90 736
789 138
126 128
460 286
373 86
22 205
678 140
182 106
847 400
229 179
847 854
314 14
522 715
45 767
618 251
369 382
579 152
442 282
683 812
636 631
690 688
458 217
340 227
10 419
374 798
605 249
236 27
264 47
266 825
573 539
115 397
451 379
153 524
104 868
823 84
175 595
696 872
685 17
382 102
261 493
406 317
342 754
779 215
538 216
138 472
91 208
686 864
733 605
294 234
458 7
24 762
194 332
246 34
538 717
554 746
352 370
734 569
849 375
459 130
192 701
738 422
391 54
597 274
30 822
859 732
300 607
489 329
155 583
392 794
293 324
169 617
109 42
737 670
459 852
44 48
857 643
115 232
588 118
541 170
107 413
178 764
438 250
65 792
740 95
533 785
813 87
418 744
466 540
181 292
875 513
553 750
628 232
645 397
64 266
358 260
101 89
127 714
588 170
185 30
179 859
847 380
400 208
388 154
32 758
552 218
480 781
282 296
577 449
480 245
387 380
375 722
530 302
569 66
794 776
543 358
635 283
237 31
267 429
807 65
612 65
790 254
92 766
108 652
279 741
352 727
41 440
480 215
691 519
664 839
397 875
567 865
558 5
102 45
534 128
422 608
514 13
231 862
218 309
186 561
367 574
48 587
621 587
301 182
715 548
722 618
75 39
858 208
279 161
597 799
331 650
840 242
528 317
512 417
273 602
311 434
402 719
467 242
844 359
335 819
597 300
336 365
550 183
236 12
547 316
464 383
550 778
247 257
208 478
684 697
668 509
162 29
177 345
552 689
366 185
348 256
533 492
795 452
858 347
325 71
521 92
858 288
11 316
635 423
480 565
139 164
673 60
617 80
709 862
764 603
642 139
519 859
309 118
18 579
94 22
687 658
415 15
865 345
395 680
84 426
549 345
568 339
618 113
95 608
758 399
822 851
700 344
166 342
15 196
138 766
549 573
74 377
743 234
13 781
516 750
650 477
385 873
215 425
70 599
455 598
230 298
797 69
690 5
549 172
720 805
51 760
175 828
876 491
21 427
833 689
358 719
553 741
538 87
734 431
114 420
270 579
82 501
801 136
511 193
189 333
284 670
267 384
595 6
614 227
146 452
586 98
464 711
17 236
616 273
771 305
696 113
8 442
321 3
874 873
398 351
569 92
305 818
241 751
122 259
522 167
167 122
122 571
875 50
60 552
136 827
860 506
718 346
205 607
608 544
528 166
268 6
195 103
494 247
278 313
220 818
835 444
598 347
39 100
717 12
147 615
709 822
495 301
605 80
518 574
250 108
649 735
495 64
12 844
497 813
380 425
383 532
764 139
840 325
861 5
256 405
400 122
807 760
51 371
98 311
272 113
70 724
425 361
391 512
480 106
577 416
777 104
716 543
550 225
410 778
2 180
797 872
435 113
284 393
540 674
250 190
394 723
454 115
99 214
729 273
272 768
355 187
645 828
374 273
247 370
502 451
25 855
377 755
415 514
261 440
654 240
104 139
676 398
588 55
270 303
628 716
209 652
309 656
733 6
663 496
460 340
399 430
672 830
576 735
393 33
516 796
264 612
642 855
762 733
136 51
542 376
712 364
798 326
38 444
565 482
698 367
452 804
192 491
374 291
254 185
498 245
306 596
302 415
632 415
747 369
790 370
422 203
327 237
159 704
111 162
764 828
402 619
854 589
491 698
500 525
390 16
432 710
817 776
585 606
117 648
729 533
413 170
182 815
273 353
612 202
268 577
18 215
87 41
486 188
501 580
134 66
89 507
172 512
528 861
570 301
609 542
829 437
219 673
213 244
29 589
115 837
369 358
84 67
514 790
86 339
372 148
621 174
627 74
533 127
35 691
638 559
771 595
728 321
230 18
222 470
144 628
698 577
711 863
730 657
674 847
703 459
820 439
317 726
250 51
828 351
706 750
583 756
30 675
620 365
826 237
362 662
242 192
235 218
28 336
749 114
581 467
469 370
145 871
631 397
698 684
170 157
25 8
846 345
524 869
698 751
593 93
432 92
646 875
847 187
276 341
290 93
228 449
813 168
535 671
78 364
743 603
617 845
77 738
242 91
213 49
733 378
854 43
184 100
282 198
787 144
464 211
316 92
78 237
213 290
110 180
585 127
145 594
833 593
11 479
25 696
236 177
445 668
243 88
240 7
273 332
845 88
387 84
464 747
652 250
406 769
435 822
523 63
630 23
673 146
238 88
99 48
35 844
612 763
742 50
171 43
785 105
479 503
278 709
652 595
255 729
497 165
144 755
677 50
428 522
501 852
267 870
405 840
222 548
139 122
149 367
517 271
28 371
775 720
39 685
488 686
492 584
160 585
865 185
94 201
262 817
362 323
840 21
762 7
305 658
521 191
544 538
818 296
201 494
494 757
232 54
413 63
417 450
611 813
130 456
653 30
389 777
518 103
640 515
303 362
239 334
371 849
158 361
700 780
325 235
287 432
237 566
452 58
50 760
247 449
551 775
757 640
203 234
727 347
599 86
63 510
665 824
122 170
344 436
831 33
424 637
129 742
513 299
38 234
481 261
798 68
238 515
44 741
744 209
683 420
473 816
562 769
34 296
864 813
558 437
33 372
194 860
103 494
724 806
460 242
865 802
23 731
603 630
498 119
184 393
485 247
408 602
671 802
423 628
857 803
784 579
672 864
104 216
204 255
597 152
437 78
374 136
452 47
801 782
113 48
707 68
333 267
397 748
90 54
616 82
833 564
851 137
17 718
447 693
289 87
98 463
178 821
572 305
565 59
731 98
681 344
185 98
447 752
177 632
218 232
143 568
155 178
80 211
851 62
338 213
715 172
455 103
338 488
146 229
599 526
154 168
623 170
171 616
616 387
468 279
168 108
523 102
770 540
492 801
32 846
817 147
245 517
504 46
846 9
423 110
290 786
455 197
347 567
673 614
752 280
818 699
660 824
328 763
490 659
411 860
283 705
25 625
794 428
489 514
420 71
250 871
601 755
540 108
452 5
604 529
542 627
241 517
562 554
428 403
433 444
785 681
427 313
746 262
128 729
642 572
101 123
465 258
601 628
17 129
818 36
462 542
449 744
155 428
287 272
448 400
765 208
250 252
364 368
616 831
801 399
197 626
96 641
608 622
707 620
747 124
697 690
276 732
109 505
446 623
105 722
92 210
233 383
759 13
484 564
763 601
219 800
56 707
737 734
758 543
595 46
77 819
276 87
5 18
865 147
623 452
797 287
1 210
635 528
233 632
144 866
155 864
423 350
32 580
852 197
313 136
714 60
874 195
646 322
386 333
872 445
229 276
574 310
800 877
502 440
489 184
621 652
349 774
162 793
361 840
116 834
839 540
15 463
135 667
594 804
796 697
75 388
759 779
44 535
350 1
508 442
621 522
178 101
459 571
35 609
346 197
643 446
727 458
629 656
230 570
244 669
313 784
863 224
393 25
324 682
639 871
285 846
811 703
137 492
3 534
349 247
564 747
725 804
837 731
496 428
166 877
201 314
584 176
556 368
379 163
474 795
135 433
786 434
699 528
208 723
531 10
244 228
701 465
158 620
107 254
402 248
576 453
122 75
454 789
180 335
613 50
670 507
368 317
484 423
454 674
681 759
289 72
144 214
843 203
200 304
352 229
716 517
637 400
85 720
435 183
400 837
418 470
426 670
54 44
539 447
384 195
438 287
43 635
53 662
590 152
359 151
69 617
125 22
590 280
789 729
263 51
3 374
738 828
673 69
710 641
264 442
626 735
135 476
394 759
209 389
411 106
329 453
486 419
447 552
93 737
52 719
14 117
240 381
449 137
631 413
733 746
257 805
755 833
619 244
738 155
276 706
47 77
281 377
353 546
488 291
779 481
224 433
609 677
495 806
585 588
834 865
532 816
21 570
481 257
338 846
752 833
646 372
350 291
245 774
683 320
353 198
167 267
319 681
312 654
717 732
807 170
170 360
371 600
464 50
330 67
778 224
150 869
808 242
864 352
704 22
96 737
636 290
172 839
875 733
774 739
824 560
491 615
97 675
218 531
359 202
729 87
671 27
682 289
295 203
338 473
745 520
602 458
851 808
43 529
546 506
339 168
168 484
69 23
803 69
242 798
211 389
479 59
812 512
690 434
93 603
752 670
741 607
67 298
847 308
675 786
850 202
486 471
694 465
326 792
150 151
58 370
392 68
626 854
8 303
595 413
163 150
460 873
808 10
333 290
132 8
695 603
656 139
123 271
561 378
164 129
815 52
760 415
267 210
678 761
386 355
60 701
350 839
536 490
89 314
618 498
617 309
520 38
604 669
351 634
464 536
65 609
100 590
371 285
295 759
289 119
638 210
580 865
534 773
844 342
870 175
204 615
470 465
649 603
223 34
622 95
380 877
679 591
337 146
198 267
833 233
679 588
10 392
25 767
338 457
363 596
161 252
2 393
434 419
42 314
433 417
121 783
644 536
112 687
328 506
228 506
276 868
696 185
767 398
524 575
132 849
601 497
88 387
311 312
336 415
139 632
4 335
413 71
150 367
659 114
758 819
67 872
232 514
346 312
817 532
81 554
495 189
767 615
542 164
532 59
484 80
708 691
69 331
526 584
263 358
634 447
659 349
390 623
215 689
291 656
430 88
309 31
725 436
509 126
242 748
274 472
221 609
860 236
591 685
213 441
400 233
611 128
93 384
187 380
144 759
498 605
849 440
497 99
378 259
341 325
770 509
551 138
149 406
795 865
61 548
704 811
133 293
38 640
500 418
691 476
203 760
347 667
585 682
360 827
665 303
824 198
746 14
362 255
567 836
275 726
671 761
692 647
556 343
852 88
304 462
521 473
261 478
2 284
377 451
292 716
706 664
403 69
271 698
134 42
868 149
67 635
606 830
439 704
291 516
726 730
310 289
216 121
697 626
374 760
83 130
82 291
715 872
369 467
558 1
483 784
433 786
359 849
640 824
838 630
9 26
479 711
736 158
364 148
280 108
564 123
506 325
277 358
313 770
47 835
696 265
731 765
232 612
301 613
539 159
663 284
729 285
53 237
769 656
425 222
780 91
333 495
281 458
466 575
127 452
171 834
412 12
541 492
796 336
361 874
312 36
205 766
699 809
740 533
62 583
610 554
412 7
715 45
126 140
13 687
738 574
536 744
283 565
712 10
702 528
871 34
352 501
587 364
431 250
564 387
482 64
4 814
76 115
67 543
634 242
137 841
51 47
265 60
582 297
185 81
557 439
549 386
309 771
867 814
665 637
813 644
131 154
406 582
273 593
647 601
137 806
799 213
798 535
466 292
1 291
493 576
514 767
825 818
306 270
437 826
227 669
675 808
12 485
334 830
846 488
259 489
289 620
457 175
376 508
76 842
669 261
128 283
726 305
130 156
615 521
869 823
391 496
17 112
325 474
568 602
735 532
728 401
287 851
797 524
370 542
300 594
478 82
98 169
64 477
265 432
347 325
340 797
751 768
579 324
600 314
779 532
251 100
40 497
481 739
625 666
329 56
471 188
794 88
316 451
659 520
428 404
138 672
519 84
500 105
754 408
558 766
466 607
871 444
91 242
846 599
679 710
728 676
589 460
313 130
804 40
225 684
83 523
113 289
103 351
444 548
38 698
148 673
683 221
349 273
212 220
715 638
838 300
552 874
519 525
505 679
337 400
565 627
92 822
622 240
740 497
524 19
37 825
693 336
624 834
730 661
627 758
10 682
164 744
857 9
167 517
198 689
827 864
772 659
414 537
668 691
670 499
33 296
793 478
806 5
48 823
275 211
759 847
354 392
315 453
563 251
364 559
846 105
234 595
685 379
670 804
305 482
632 551
30 168
81 541
172 82
541 336
873 301
487 845
593 64
610 533
475 581
511 576
811 430
584 444
299 729
180 16
626 859
562 602
247 837
852 746
11 199
498 186
399 189
440 399
773 582
114 383
772 339
287 644
822 395
734 383
96 254
102 631
139 365
310 715
530 287
610 37
588 38
46 29
556 441
559 417
625 774
359 120
131 586
356 112
61 113
597 234
359 72
624 221
807 575
381 113
148 218
478 372
309 395
334 734
499 581
630 870
756 116
527 117
31 310
13 197
106 751
48 563
40 118
45 528
805 225
507 104
681 831
786 335
45 384
545 282
795 166
142 135
418 706
723 275
784 83
70 206
555 280
123 322
543 168
565 378
575 186
818 127
634 676
367 134
597 740
764 285
804 35
610 273
472 619
580 253
668 610
517 790
453 91
467 230
604 379
7 858
573 808
523 518
2 777
143 600
545 126
250 172
527 834
395 186
405 684
481 778
363 465
134 265
430 34
438 694
260 108
112 758
745 433
358 703
372 346
559 10
713 47
875 445
273 230
351 465
373 65
408 829
767 47
470 663
610 313
231 542
661 843
757 261
172 361
640 662
30 626
798 701
641 263
315 374
58 463
160 642
648 278
141 31
409 278
787 768
491 620
302 450
327 413
360 534
228 875
767 243
719 456
101 767
474 692
5 595
807 443
799 68
644 864
60 30
805 280
821 607
44 486
637 261
478 131
490 737
647 100
722 412
830 764
254 570
547 180
215 414
698 479
39 759
413 756
158 754
765 533
514 751
278 599
233 820
340 73
301 629
630 778
369 231
301 593
195 829
218 602
853 34
703 827
318 418
450 5
777 180
686 240
253 709
606 868
423 526
246 308
210 405
698 643
389 532
208 659
299 218
404 471
283 410
440 335
424 861
645 260
673 529
700 358
100 246
260 409
694 532
177 584
642 744
564 428
304 183
473 832
47 257
822 539
584 64
817 854
316 256
263 234
618 222
265 245
585 240
712 163
823 514
109 725
94 492
665 105
620 518
723 502
605 485
515 743
154 444
239 214
367 227
527 122
809 403
754 455
194 422
226 109
494 229
540 849
431 172
388 79
213 153
395 93
709 543
470 134
677 669
599 616
777 479
714 431
672 394
552 447
173 812
141 772
660 761
382 576
84 659
647 865
701 129
275 276
494 669
859 149
733 19
41 696
375 253
475 107
710 288
23 424
270 863
721 772
631 607
505 354
835 434
800 185
601 807
68 200
124 668
827 383
536 373
171 680
689 573
600 246
350 200
802 12
32 559
402 414
860 629
471 684
271 191
41 702
515 622
825 528
53 7
74 489
119 508
214 316
854 849
579 783
840 550
71 430
859 67
352 643
215 525
555 178
806 16
530 792
619 194
463 29
217 571
412 656
773 304
789 190
641 226
749 304
143 820
343 670
612 354
429 526
295 168
202 432
113 627
125 234
593 443
800 425
377 195
869 655
705 580
114 459
476 572
419 847
722 831
797 603
184 825
732 655
569 743
57 817
415 74
648 660
700 175
232 770
81 705
632 309
150 301
189 624
122 696
708 154
809 191
788 357
621 48
494 647
450 263
473 284
319 741
551 394
62 459
872 191
747 787
518 311
801 279
397 459
777 122
321 11
457 676
192 685
621 496
291 299
292 407
615 758
382 827
844 22
846 810
783 720
265 42
876 832
214 713
594 290
516 253
564 373
3 810
310 234
426 859
122 247
122 185
627 630
781 453
499 234
316 744
484 49
740 676
610 250
712 143
51 29
429 623
793 501
99 102
164 264
221 226
163 404
73 278
508 262
460 158
274 362
371 327
426 282
646 293
610 620
18 152
510 709
31 96
478 677
724 825
669 726
787 852
314 837
295 360
448 80
136 372
792 223
403 190
72 392
707 380
39 436
97 510
274 307
139 155
517 804
607 395
575 807
215 51
37 224
495 340
516 497
736 474
861 149
570 68
590 285
254 487
749 490
454 350
630 390
292 10
463 285
609 800
325 577
492 166
414 381
489 341
745 766
296 648
826 39
610 156
78 425
721 733
4 228
550 168
875 20
26 483
49 412
150 83
601 739
213 179
418 307
319 109
781 677
822 447
219 672
155 813
846 645
748 343
23 76
843 251
240 578
866 663
120 243
533 509
866 622
75 706
25 792
476 760
337 405
472 654
842 41
753 324
236 294
591 327
85 759
538 585
155 163
81 641
290 30
568 64
598 51
732 395
214 369
447 416
407 43
296 291
255 473
312 752
603 802
121 420
430 525
565 105
622 177
89 353
773 593
208 335
29 754
839 662
120 552
628 449
39 313
581 399
468 866
415 687
17 764
406 587
733 499
26 635
32 75
396 537
178 33
460 127
376 716
221 235
126 18
583 119
560 674
495 5
564 274
222 585
850 119
452 847
315 13
289 326
822 538
709 613
506 860
437 387
711 117
518 668
571 624
850 288
869 80
338 733
50 273
412 193
149 188
731 572
69 92
143 677
316 7
329 306
40 513
589 745
675 176
92 32
733 386
159 156
306 127
474 200
258 339
672 364
278 725
692 811
221 320
34 830
72 800
535 549
253 270
290 393
432 838
796 798
288 861
801 752
228 768
836 321
559 513
42 163
271 404
424 392
847 353
833 738
497 816
614 454
620 763
668 502
739 434
734 861
675 524
642 110
398 346
159 514
595 680
80 830
131 445
606 762
323 366
362 752
831 260
686 480
361 673
827 278
341 435
290 153
488 665
355 662
616 573
674 334
607 193
51 803
291 29
772 678
364 428
419 824
546 290
241 89
313 325
128 696
582 496
476 773
144 127
313 786
174 738
560 703
312 206
252 833
608 365
225 50
490 341
465 49
720 750
119 450
806 608
800 415
15 256
528 30
711 430
779 608
360 870
336 256
540 482
74 691
60 3
821 273
501 598
45 650
169 772
24 403
470 142
105 685
88 219
149 566
664 876
603 717
495 22
457 61
862 809
623 244
216 309
563 431
782 418
662 441
262 751
233 10
746 680
167 695
128 679
730 799
360 709
573 660
416 20
246 542
371 808
316 654
660 586
310 150
728 505
589 15
56 238
585 807
113 491
873 144
45 609
231 380
675 263
31 567
684 596
360 568
276 486
89 461
609 97
31 845
553 91
206 314
221 449
66 666
288 719
835 273
26 289
433 321
684 301
143 683
514 500
339 172
653 268
593 305
205 434
837 379
54 28
169 752
669 449
576 295
826 511
527 400
697 16
316 592
759 859
813 524
443 22
596 476
301 775
36 214
820 568
449 746
619 444
167 302
414 406
574 625
321 507
280 262
84 609
194 257
790 371
846 594
813 254
874 613
695 289
679 284
216 349
458 180
345 321
89 18
367 700
845 494
758 818
746 283
241 38
523 743
263 202
793 553
116 235
730 870
104 497
611 382
510 872
692 599
631 537
424 96
383 357
475 87
152 692
143 839
185 145
768 265
246 522
671 122
115 581
279 13
447 866
764 482
37 304
824 575
394 114
385 388
446 735
761 492
2 186
843 47
138 64
633 474
717 469
200 557
654 89
185 376
6 575
822 841
12 89
333 272
493 144
804 9
255 225
318 22
287 704
145 701
219 42
136 324
760 764
17 543
127 241
817 125
229 605
830 260
826 352
749 29
639 301
380 448
354 704
91 585
653 830
198 248
779 57
388 1
65 574
676 297
809 268
160 722
859 667
699 801
330 620
784 795
78 557
301 863
861 267
743 149
427 535
66 400
738 398
119 355
825 214
158 347
842 580
656 616
366 263
106 152
824 624
257 767
165 495
819 358
728 554
160 268
95 38
697 699
290 502
49 378
39 358
551 789
159 407
507 211
674 482
670 289
304 20
512 27
564 416
373 414
385 782
709 678
462 284
5 697
24 850
473 625
85 462
611 499
32 13
347 615
246 765
658 596
651 793
446 603
681 841
187 287
709 540
540 70
171 89
14 215
583 734
233 501
737 127
75 656
766 632
743 94
667 855
539 168
683 432
545 74
478 559
757 650
537 395
685 12
773 651
655 545
274 582
248 25
576 691
849 306
372 499
862 384
504 174
354 507
624 252
521 840
745 37
729 53
794 851
86 208
601 696
113 475
726 741
274 369
124 424
687 322
788 598
564 570
264 258
636 350
180 93
629 470
575 53
366 409
851 296
556 690
148 771
457 866
388 166
821 395
596 231
320 745
774 91
846 274
320 830
274 466
93 171
494 106
637 642
781 688
12 738
578 185
722 258
357 174
169 471
356 113
19 695
179 502
713 434
480 557
710 740
788 750
329 563
77 841
376 263
34 33
479 22
341 115
748 622
253 819
119 368
361 224
242 98
821 277
635 261
330 323
326 346
416 723
645 26
807 772
712 98
122 501
97 734
284 738
114 224
24 529
636 860
785 718
395 630
877 431
626 380
676 843
606 526
701 96
247 839
602 802
196 702
257 834
826 832
93 735
840 98
155 404
592 858
718 405
58 203
558 762
308 120
654 580
397 429
178 486
343 334
160 311
349 502
90 672
649 145
584 577
743 721
717 437
829 439
637 828
245 555
777 818
244 797
606 855
140 546
100 810
468 305
496 99
742 790
868 653
26 241
75 733
459 532
779 369
507 333
95 181
409 206
310 335
578 814
305 490
854 81
232 181
637 244
535 346
526 757
70 639
811 294
708 818
194 358
442 339
701 365
433 53
346 601
434 340
93 90
168 193
787 363
857 499
724 568
97 723
108 565
789 319
628 452
439 760
576 772
482 277
1 466
843 662
574 151
164 375
808 788
828 437
802 600
823 774
575 109
228 721
857 278
419 377
11 787
452 624
722 673
664 721
704 601
865 388
821 629
691 760
188 581
771 292
589 497
165 109
1 591
594 12
258 288
545 147
203 837
544 301
864 376
244 760
81 86
221 591
475 493
483 661
725 139
840 111
515 410
685 814
205 123
498 788
661 521
334 632
615 112
669 363
629 599
722 615
105 750
216 481
474 493
612 443
131 412
732 435
329 793
390 514
680 160
402 251
381 591
115 736
387 505
481 309
728 150
314 657
517 93
362 665
445 249
696 203
831 512
676 488
532 682
130 38
810 316
329 637
609 374
272 860
848 233
828 603
355 519
309 831
875 260
418 125
100 383
23 153
81 396
495 641
156 213
564 795
638 613
47 536
158 323
658 366
37 175
477 844
537 599
200 760
252 759
820 612
196 471
215 316
340 46
536 187
287 771
199 175
584 331
220 429
334 464
603 518
8 170
221 551
417 287
664 666
344 92
584 146
197 395
773 606
173 508
226 870
12 348
667 784
648 772
627 834
666 808
447 327
112 745
645 371
746 532
734 20
835 40
573 818
265 520
407 270
558 391
299 10
800 865
314 549
650 164
82 359
248 853
523 259
183 491
474 220
131 219
483 806
860 716
747 628
220 713
542 723
330 621
830 442
33 735
757 305
598 15
470 678
163 137
174 51
218 643
494 736
105 236
503 587
780 372
832 252
381 493
557 655
438 122
247 150
98 537
39 224
767 559
82 161
304 782
507 665
599 707
490 115
781 419
513 793
149 181
81 310
715 382
51 491
469 867
798 384
117 95
612 777
207 560
54 331
67 613
84 392
428 85
748 226
13 310
309 566
410 731
715 552
111 156
167 663
41 311
813 128
102 561
6 147
503 202
543 601
475 527
762 861
669 21
280 80
677 475
221 586
576 786
211 495
686 386
451 749
668 692
744 186
544 681
766 562
504 721
495 652
286 211
483 475
648 89
863 309
202 690
22 578
645 505
442 283
282 651
486 539
283 547
400 377
692 34
265 139
773 13
857 122
394 207
340 321
723 127
42 801
532 595
438 47
486 860
698 483
256 503
249 666
626 190
299 334
10 78
679 606
839 139
510 869
141 13
698 721
689 577
30 399
870 435
514 276
595 351
736 226
384 306
544 866
182 353
21 219
502 493
517 120
665 95
431 762
351 101
515 463
478 730
597 100
634 723
810 403
342 297
745 31
154 104
159 17
17 322
598 379
29 406
598 732
444 67
575 305
847 647
112 111
100 241
328 598
408 868
661 546
236 776
607 660
210 335
502 166
224 494
172 402
850 700
104 471
739 643
555 574
227 553
276 184
101 786
689 415
489 162
827 610
414 704
342 161
679 852
788 651
212 847
490 189
588 771
391 192
196 495
279 433
572 651
682 633
96 359
659 306
812 23
370 676
288 152
622 687
76 301
3 704
521 117
829 634
469 134
772 52
338 397
757 495
207 415
558 375
261 647
104 270
127 361
277 168
661 136
367 614
753 550
412 161
707 527
629 378
514 600
651 461
807 745
283 230
541 358
740 111
750 574
129 601
372 391
208 134
814 243
361 752
787 645
571 361
350 24
319 338
866 69
66 203
598 440
154 46
802 792
183 493
455 858
208 638
657 79
799 652
403 193
170 619
163 88
849 198
781 412
754 173
602 405
865 7
90 583
660 770
479 334
844 545
374 302
624 732
104 199
469 302
548 74
125 320
229 494
127 82
338 803
778 201
139 813
27 695
362 369
471 648
721 665
681 348
707 569
535 753
716 739
592 176
732 29
210 369
339 706
242 253
798 55
192 645
608 479
462 486
217 584
519 122
463 287
408 470
649 806
444 228
107 26
717 321
119 171
306 60
187 400
557 355
133 691
366 316
234 873
644 170
302 160
466 164
256 74
414 230
624 327
307 9
620 7
743 143
528 595
207 66
21 616
451 303
325 253
59 373
738 207
673 197
734 208
88 698
268 685
624 506
632 451
525 60
676 824
564 714
516 523
86 764
750 414
361 457
202 233
5 83
39 351
831 770
476 842
593 641
632 207
603 131
12 324
720 180
536 593
784 870
733 243
22 182
286 56
645 535
634 872
39 522
732 144
765 804
802 76
648 113
288 386
574 289
266 532
510 1
39 130
424 836
295 809
752 467
664 394
783 7
576 425
308 777
751 309
862 830
862 466
637 872
109 438
428 707
553 282
698 96
818 848
573 527
875 712
565 483
853 188
803 657
689 321
814 139
552 566
628 437
356 836
833 625
48 740
43 145
658 313
745 333
537 582
150 263
13 540
615 367
596 567
716 118
31 64
441 145
110 548
690 102
169 562
19 835
454 870
796 560
422 753
262 72
553 528
138 366
806 680
268 745
839 176
39 134
285 282
493 21
443 333
129 242
266 25
519 293
357 91
623 3
78 6
151 680
209 4
487 122
840 706
714 237
260 874
44 589
585 150
584 778
511 804
775 564
562 492
741 120
232 12
32 777
208 758
17 191
296 319
439 127
345 43
211 691
850 493
762 742
345 90
501 489
671 466
154 167
725 389
350 31
392 559
592 590
526 105
417 390
586 221
289 521
177 814
623 768
434 801
877 668
226 652
64 537
804 173
94 632
666 112
184 131
838 155
668 524
494 290
799 166
328 99
563 793
601 667
359 817
385 866
213 221
387 156
527 327
320 225
522 728
701 49
413 746
514 9
778 334
681 106
607 570
578 642
492 620
91 154
351 155
415 420
184 392
257 186
853 845
812 214
388 370
554 327
18 402
317 767
37 112
641 623
41 18
800 650
198 606
840 868
777 115
306 62
260 338
592 24
747 516
182 7
250 630
701 799
410 88
856 71
471 843
490 75
104 622
572 410
857 147
49 308
501 430
751 87
710 506
699 602
461 134
605 691
210 551
149 528
371 876
138 586
612 185
659 141
18 278
661 445
557 774
849 181
752 217
130 451
647 109
537 686
389 59
625 192
519 91
278 838
168 63
171 478
822 462
401 359
717 453
158 691
606 115
443 795
159 829
417 332
607 445
706 186
355 617
459 273
639 654
247 329
508 474
122 67
412 376
661 739
140 852
397 566
333 371
395 501
266 368
710 686
755 790
558 794
288 676
421 91
851 507
585 687
758 434
606 245
601 364
427 62
197 380
539 84
284 815
63 816
202 219
489 818
45 124
843 8
429 291
467 480
22 335
558 142
410 83
513 202
718 264
186 512
332 289
461 873
692 220
754 163
282 645
692 376
742 48
664 35
52 627
294 398
509 89
40 116
105 745
875 287
677 709
523 510
607 293
584 362
165 766
207 121
867 425
769 287
708 705
762 31
68 694
210 854
249 28
419 138
1 432
336 416
37 57
374 285
532 331
476 356
582 125
184 667
161 780
771 317
298 620
534 170
346 407
704 30
303 430
36 15
529 475
766 198
522 461
28 106
213 139
467 731
771 638
158 668
313 498
477 801
646 742
809 377
396 732
380 714
103 499
34 4
459 561
664 575
550 525
590 37
645 374
848 651
282 765
584 670
877 49
803 228
326 679
251 638
804 643
28 691
403 479
402 259
636 617
665 579
460 105
641 127
42 554
245 690
191 89
66 327
51 284
652 669
673 663
607 649
578 652
790 12
684 6
151 472
726 488
31 822
877 18
228 599
819 640
466 732
10 359
465 441
111 628
19 800
524 752
327 353
48 680
604 830
126 818
170 750
99 339
495 46
103 545
417 139
632 735
459 331
677 445
854 781
344 824
38 431
337 139
500 236
568 372
568 562
465 63
579 600
745 865
466 258
385 93
136 546
311 23
419 46
523 855
14 760
563 393
269 622
716 56
258 200
652 362
585 533
87 320
337 561
49 849
422 770
789 462
537 698
662 477
550 519
520 64
548 489
855 699
700 200
223 665
427 778
391 305
118 617
658 323
247 290
868 669
359 604
52 332
365 749
146 215
160 196
477 857
840 762
133 636
124 162
850 829
855 475
205 625
872 580
457 660
78 504
567 60
876 21
93 523
383 548
692 636
353 266
357 503
702 65
791 705
408 777
362 380
181 774
316 806
143 32
829 16
253 843
429 102
850 732
644 814
822 502
572 819
770 829
821 688
438 637
166 303
125 259
271 188
506 20
600 437
212 75
467 401
47 389
629 520
579 350
852 644
45 325
330 208
167 397
860 123
242 719
338 551
681 64
835 91
296 829
483 255
710 276
229 273
292 23
454 528
626 752
390 742
36 799
607 870
738 451
582 283
578 697
125 157
345 706
608 715
566 434
509 240
543 335
262 740
874 113
213 112
547 326
2 475
79 267
174 166
393 818
770 482
240 178
500 309
291 734
456 860
56 672
226 571
359 505
419 367
188 699
240 43
859 383
483 549
251 626
10 573
439 446
121 816
595 193
326 484
489 315
178 307
843 375
201 421
126 242
730 121
120 169
802 265
514 374
205 122
437 796
752 575
623 429
371 345
797 850
223 709
321 745
340 775
197 89
457 245
49 795
39 114
224 859
360 488
38 164
123 416
637 525
187 20
78 217
690 676
676 457
24 300
327 544
269 251
736 768
537 642
650 230
719 427
340 131
838 139
669 35
633 646
406 83
538 417
724 225
345 420
573 708
852 774
404 702
517 193
668 726
141 21
471 676
804 524
154 472
525 759
333 414
660 800
178 756
631 710
138 749
486 365
444 145
628 399
80 75
560 798
663 790
443 626
716 608
725 597
547 34
588 486
299 477
138 533
515 111
46 243
779 807
804 189
385 271
849 765
151 102
361 131
712 222
7 823
242 488
665 205
443 310
44 859
642 16
683 391
697 698
398 422
64 263
854 751
36 435
348 461
239 520
202 148
162 291
871 118
568 875
814 426
464 659
772 491
603 339
416 265
620 57
818 736
424 599
256 562
583 123
840 5
229 694
864 725
27 531
376 143
609 332
707 588
487 179
364 465
545 15
542 127
323 764
860 552
116 172
88 561
167 527
746 69
587 686
698 181
429 545
247 874
353 215
634 669
191 416
331 193
414 213
360 81
549 349
210 44
432 311
42 434
487 829
508 564
382 233
44 70
669 576
88 398
715 397
227 458
82 677
375 262
405 50
242 29
715 35
11 311
56 539
418 115
229 98
676 665
200 449
435 270
286 326
174 704
26 864
197 354
808 328
350 573
525 645
807 333
845 342
97 410
21 313
313 309
398 251
284 766
595 551
120 59
271 743
329 740
260 661
432 743
7 437
427 110
590 760
115 351
667 535
753 689
627 875
47 516
145 606
521 780
152 126
196 690
59 478
249 797
313 744
854 747
28 353
389 103
500 556
190 65
259 248
179 517
28 389
621 352
564 49
738 348
740 739
284 18
781 414
617 7
269 429
55 97
728 813
209 100
19 94
496 586
343 602
697 595
95 53
308 142
464 613
493 15
696 326
407 561
799 284
677 850
368 698
398 525
617 830
691 185
667 861
325 368
674 117
675 383
18 876
723 485
333 303
780 267
19 233
485 60
467 548
372 716
728 102
156 316
218 515
608 107
222 623
739 111
835 355
90 719
737 178
638 40
390 707
704 45
375 289
486 725
323 810
96 52
721 666
467 491
23 229
71 754
770 784
606 161
15 152
234 161
647 110
715 253
1 368
302 666
252 281
175 696
520 822
173 683
603 391
327 309
383 385
171 767
617 727
555 486
382 810
440 277
179 169
233 550
549 289
545 382
244 588
628 756
152 313
112 348
445 494
829 834
128 388
846 843
23 203
715 33
671 248
827 775
361 71
547 430
146 327
340 830
62 603
193 479
758 849
48 809
792 112
875 47
274 11
744 84
152 838
608 568
32 322
242 129
638 694
115 181
715 414
687 132
646 406
365 625
835 530
807 651
425 779
787 573
639 498
820 221
703 123
800 591
735 149
816 248
21 752
12 331
825 591
585 158
781 727
351 131
505 115
298 455
251 362
458 678
537 541
512 432
698 439
865 122
251 766
23 725
195 295
255 16
249 810
398 87
797 41
749 729
157 137
430 189
497 620
269 870
444 504
290 807
659 787
309 397
858 102
63 675
350 471
277 792
407 203
23 78
676 321
564 423
838 415
410 74
321 512
145 785
57 352
470 151
82 370
259 631
609 670
486 863
746 37
513 863
730 631
439 856
633 805
686 357
616 298
540 862
226 360
104 192
861 502
346 828
371 853
121 94
600 309
60 529
644 779
505 865
787 702
610 494
806 287
140 772
141 383
510 411
253 870
382 518
136 782
254 522
27 688
262 383
634 16
615 204
631 534
429 458
419 79
824 341
2 115
565 218
208 858
11 707
534 709
876 543
565 780
820 240
754 158
72 396
171 827
749 831
673 742
444 454
753 321
685 825
480 562
527 541
813 118
288 586
666 836
276 8
362 588
639 799
659 719
712 635
146 550
9 823
857 201
49 687
28 847
791 389
659 722
342 674
789 303
774 248
825 80
400 650
714 361
355 400
25 572
749 761
5 800
585 747
706 151
597 465
198 616
782 87
266 231
681 851
737 416
244 169
780 330
740 596
855 305
164 334
804 793
76 865
513 843
515 590
406 38
299 294
5 616
62 122
417 167
422 802
666 749
495 442
607 855
102 663
344 343
181 180
165 210
831 283
525 334
849 410
230 701
572 436
555 867
752 150
262 583
665 595
136 858
113 423
417 199
800 548
527 755
510 783
418 104
768 124
197 876
818 8
337 116
377 142
742 219
593 557
725 335
874 822
2 169
283 683
682 850
313 192
467 133
505 632
622 725
655 596
11 740
725 539
844 276
29 275
551 25
447 134
406 752
184 603
714 382
563 439
527 876
583 657
743 504
524 598
562 270
623 312
447 511
395 780
274 277
550 702
182 536
258 580
282 616
247 311
795 220
610 96
859 718
445 650
209 519
93 137
836 338
557 13
158 653
638 758
322 427
416 734
843 39
225 440
407 375
226 860
855 526
25 751
580 325
746 679
621 675
430 367
699 306
490 526
350 393
519 787
792 473
365 435
188 257
641 328
277 831
136 686
312 191
829 265
197 637
336 327
775 116
223 496
862 714
344 125
573 90
872 601
386 383
9 275
483 721
351 877
23 284
647 269
115 307
816 322
417 154
655 333
622 805
319 193
234 434
486 467
798 409
424 148
7 221
559 34
252 533
734 74
281 200
460 568
371 655
90 849
579 325
471 704
151 865
342 832
744 552
685 782
712 726
160 330
864 771
121 826
419 717
303 225
132 189
282 289
269 789
581 252
184 555
290 622
807 212
854 341
325 730
143 30
594 698
603 841
535 193
319 742
557 399
520 300
551 840
73 288
152 629
305 153
776 708
253 613
842 830
384 264
444 483
63 75
233 424
32 565
259 340
716 831
742 707
834 806
537 292
691 145
54 759
633 432
647 834
129 444
810 413
465 442
27 505
134 629
806 262
214 817
513 832
209 239
60 198
67 588
740 751
101 706
439 794
228 824
374 55
103 838
90 304
312 11
286 466
739 238
498 46
400 361
723 445
165 53
43 842
344 387
157 182
219 651
469 429
616 383
118 668
273 200
50 142
117 245
475 435
546 707
427 814
24 509
735 255
612 550
273 689
673 514
561 474
744 140
243 726
246 240
115 18
526 401
597 373
109 244
155 135
615 141
650 450
442 483
644 138
420 212
778 662
403 635
410 716
701 185
202 366
339 629
124 199
110 55
608 527
330 413
159 145
746 404
636 399
613 480
796 721
306 485
659 66
859 241
724 683
18 629
69 640
593 251
78 654
351 868
326 735
174 665
394 179
285 55
764 855
367 61
412 646
337 645
95 187
849 722
577 673
547 274
485 185
389 684
816 137
495 98
854 416
579 262
785 845
188 586
834 80
523 315
657 527
441 169
366 443
718 313
358 472
611 764
102 57
764 20
190 87
65 500
115 38
377 648
591 51
182 502
598 188
383 4
737 272
841 25
244 506
19 479
369 745
701 128
51 330
386 219
180 780
418 523
597 196
687 606
819 436
861 842
520 541
852 873
395 720
507 50
483 713
214 129
612 372
746 833
869 380
799 294
286 410
463 777
31 29
413 114
850 203
239 230
764 462
836 337
315 783
281 718
573 692
240 45
7 736
803 2
51 245
650 150
769 792
540 599
21 44
444 16
101 242
674 245
593 220
280 9
614 22
792 820
254 15
31 471
524 326
653 311
756 641
324 192
238 462
65 54
87 679
174 340
133 733
861 747
221 30
462 733
769 703
595 537
217 409
539 397
819 56
818 617
58 51
230 703
79 615
401 67
478 511
279 407
534 513
236 28
377 872
307 142
402 500
19 768
669 846
168 163
600 251
172 250
94 89
304 293
238 568
399 506
627 781
343 115
110 838
445 567
379 225
27 332
765 508
749 330
744 176
412 744
602 3
254 789
669 710
443 389
298 357
876 732
451 606
249 223
317 419
768 542
79 702
176 839
575 517
527 461
824 77
184 451
487 245
297 158
423 142
237 841
757 570
677 170
499 212
130 99
432 859
505 201
776 86
574 449
199 55
67 141
248 261
620 711
535 767
535 151
185 474
446 579
508 483
694 25
667 533
252 658
52 475
719 306
114 413
225 254
35 349
383 622
432 536
742 764
641 361
470 707
119 774
802 386
437 471
694 45
449 25
70 721
355 314
565 389
310 664
224 641
470 677
224 402
402 43
670 493
11 146
415 281
406 88
684 418
222 15
685 444
172 417
826 451
399 318
62 414
481 531
157 430
447 426
213 269
273 14
507 361
203 403
223 466
148 860
514 342
61 346
456 241
533 517
445 503
104 469
73 655
38 387
204 153
704 629
570 303
750 263
64 863
229 761
671 837
253 713
788 554
500 321
459 27
715 236
351 322
260 360
381 347
73 319
830 245
250 471
285 570
310 287
864 848
495 782
575 830
863 509
578 393
639 582
466 34
185 565
286 653
562 733
277 169
620 612
821 657
655 51
452 181
840 502
90 861
771 816
620 143
743 800
171 297
752 493
250 310
658 389
119 730
547 28
328 704
199 719
213 382
519 437
248 320
262 319
123 752
785 829
717 812
10 460
799 844
200 404
203 135
288 357
21 747
24 268
592 175
192 864
159 378
743 87
121 863
216 579
217 216
58 380
370 500
417 404
473 701
175 439
53 554
319 673
62 787
519 37
455 875
549 724
857 10
354 120
562 319
191 129
222 364
626 661
787 581
85 622
288 211
320 711
284 777
366 229
650 654
209 498
547 519
191 430
764 376
567 31
691 786
592 524
757 737
686 650
193 573
609 108
414 12
408 229
805 788
735 555
44 746
429 95
10 724
633 588
265 179
696 446
684 664
472 737
779 394
336 108
763 504
384 135
495 30
345 315
809 451
438 603
66 410
54 241
514 343
280 650
841 310
181 775
195 762
326 211
42 617
569 446
431 498
825 518
719 457
343 119
82 340
461 472
10 381
793 608
40 261
678 244
144 37
191 660
335 525
63 426
70 628
317 360
820 143
183 10
875 94
506 742
639 474
599 248
212 93
169 795
500 875
875 361
756 26
611 536
140 125
238 638
648 73
241 518
574 440
545 731
66 773
651 544
778 185
746 603
421 450
4 201
36 428
664 757
780 845
104 10
548 47
11 835
359 657
873 33
242 826
124 779
361 720
608 99
249 843
105 395
625 282
39 165
677 290
382 867
773 604
856 355
859 484
427 510
176 413
797 245
560 67
801 319
317 122
573 828
677 329
454 444
698 417
802 593
432 868
645 368
682 561
409 245
42 41
789 701
326 277
654 365
607 73
424 618
677 304
558 705
610 197
315 592
809 386
783 117
849 759
394 648
609 376
674 375
199 185
289 522
514 692
161 776
123 243
249 275
447 241
359 598
287 796
149 690
567 546
444 474
49 59
286 412
744 354
571 803
707 361
172 782
46 328
766 747
861 389
347 377
750 804
65 617
115 794
413 226
421 164
666 589
867 380
59 382
871 698
441 325
25 486
769 32
635 344
441 849
713 664
355 449
768 221
414 138
11 696
443 472
11 140
489 122
647 740
230 656
429 681
549 787
640 223
225 6
762 263
818 297
423 730
684 591
717 742
138 48
521 46
355 192
756 469
262 524
559 720
35 461
610 772
371 173
571 364
573 501
120 581
812 469
320 613
609 6
114 417
706 740
49 647
273 427
308 445
337 85
133 100
455 420
500 767
19 398
431 523
639 357
400 172
28 133
248 742
763 671
719 292
295 419
422 330
533 93
386 520
464 781
433 851
270 278
46 600
20 301
646 732
577 494
536 30
727 475
744 115
587 817
808 99
492 183
636 721
21 154
121 715
803 292
424 49
216 856
813 549
297 533
194 152
705 358
658 681
285 302
321 253
648 6
78 53
56 492
606 239
844 256
577 157
789 869
740 71
142 96
275 560
303 57
367 265
830 463
656 610
554 223
808 434
444 742
18 53
319 409
381 665
12 139
289 43
749 853
737 194
629 563
531 743
190 599
79 197
336 178
786 400
168 435
311 360
157 583
572 860
396 518
604 374
335 780
431 674
350 753
704 636
446 818
164 486
700 464
290 224
660 211
557 660
865 336
410 325
705 35
70 149
239 146
873 442
266 139
479 219
124 559
162 226
864 523
749 169
353 226
180 212
311 421
273 571
539 649
69 19
141 154
214 378
293 119
571 848
813 153
6 179
119 46
823 660
507 553
604 487
493 792
234 390
73 333
813 352
440 539
34 216
320 498
833 751
338 606
67 870
30 225
542 283
645 837
396 826
223 10
36 833
424 625
539 92
106 318
209 11
29 867
811 431
178 655
263 537
450 154
179 189
421 225
670 694
367 364
342 451
281 795
324 479
123 234
184 843
396 520
754 481
700 364
513 692
390 330
645 349
378 534
790 313
820 97
138 379
503 582
693 681
246 101
167 300
103 146
573 197
120 64
472 667
172 630
23 761
243 470
809 315
729 72
494 715
750 573
113 864
169 563
472 717
873 128
5 242
322 861
275 2
708 491
447 593
489 448
753 507
133 255
207 419
451 255
745 767
722 639
2 736
257 811
587 81
183 435
715 607
168 845
860 94
584 631
601 184
706 225
773 433
695 10
765 703
608 624
434 666
682 89
477 523
612 32
655 451
657 702
495 251
223 672
826 323
710 604
64 727
275 862
448 834
36 813
861 594
400 655
454 845
69 860
309 759
172 707
604 359
391 58
143 329
769 693
625 378
291 635
210 634
21 20
456 23
648 519
375 770
516 673
241 15
77 794
79 150
498 504
532 506
225 789
688 399
466 174
436 684
192 73
278 12
347 717
480 28
502 461
874 775
177 687
584 91
184 531
805 479
583 525
316 116
194 581
855 769
742 827
592 410
576 698
143 666
302 326
614 66
427 677
241 252
871 437
524 561
508 842
140 223
856 340
500 759
735 694
137 176
620 83
336 839
484 25
144 813
120 428
123 315
255 491
543 70
805 284
205 468
270 307
854 538
243 138
774 23
641 774
643 324
490 353
777 857
208 321
44 794
468 319
864 588
382 860
324 405
348 824
394 74
242 656
546 631
536 137
277 537
632 150
399 395
38 147
557 386
242 310
422 765
773 413
52 494
346 161
63 656
623 593
522 50
152 335
247 122
839 510
54 529
306 261
801 21
757 77
161 415
744 528
862 734
209 39
391 620
847 674
77 386
148 587
764 727
337 459
868 280
689 466
821 404
612 430
756 74
836 38
678 607
571 856
599 81
642 703
182 543
145 453
208 682
476 628
435 401
18 515
239 562
786 471
706 572
610 566
17 95
117 761
559 732
40 203
556 259
292 297
590 831
765 31
253 705
432 376
344 1
595 699
570 4
279 787
269 66
115 356
82 650
210 590
197 839
732 503
524 57
197 275
762 70
579 267
438 456
832 870
582 354
666 202
13 419
84 853
603 28
505 110
156 585
642 621
685 467
738 683
809 189
748 380
372 775
585 583
445 827
493 849
219 519
81 742
284 276
630 212
427 748
589 446
40 266
226 869
669 533
532 463
818 841
744 572
562 11
667 213
149 81
385 72
142 657
349 88
481 770
450 514
371 712
90 117
636 660
481 731
525 286
685 420
540 189
856 724
380 73
662 466
647 572
218 85
159 141
349 174
638 30
352 863
125 123
776 687
258 633
486 674
225 438
609 395
117 757
872 231
425 202
755 408
177 797
307 75
73 227
758 65
271 745
842 509
781 147
14 187
469 550
331 68
663 140
41 95
56 617
818 212
14 239
809 374
11 278
181 302
192 771
350 698
48 196
482 385
656 579
689 588
112 812
829 342
559 823
292 739
628 508
18 611
377 622
782 71
694 67
661 664
683 214
109 710
796 828
248 478
606 487
102 311
188 616
1 272
769 80
867 684
318 655
854 552
191 746
659 655
152 345
674 267
614 625
39 637
51 540
270 157
536 607
794 395
35 170
857 463
413 66
528 313
851 518
663 698
843 346
245 660
251 874
691 301
360 570
380 625
68 618
539 775
624 859
40 460
632 683
618 353
354 715
734 682
745 742
460 376
798 121
248 118
129 192
149 667
747 319
218 711
43 500
107 505
47 519
497 143
480 304
327 616
61 836
324 141
543 553
138 444
8 562
257 588
11 562
305 444
447 86
765 268
345 816
737 391
494 645
660 361
602 505
74 70
721 571
463 438
390 60
188 645
615 237
794 24
676 1
608 77
150 824
518 101
844 646
429 211
523 531
772 680
861 433
106 143
77 234
26 386
200 159
713 28
388 469
785 598
13 592
388 480
527 256
49 655
73 678
838 123
286 381
461 460
63 328
784 675
730 669
708 317
113 608
351 254
648 251
641 325
428 487
512 824
360 239
624 593
310 322
180 623
432 130
644 403
208 380
535 813
186 327
330 624
19 395
522 847
784 145
488 668
77 94
534 365
60 806
491 692
488 676
770 729
573 62
779 774
318 664
790 521
783 542
279 373
702 430
659 758
26 776
696 780
40 276
807 372
21 679
231 110
195 289
641 656
759 364
276 162
11 461
315 261
146 620
514 98
360 410
690 566
671 719
378 504
606 159
185 171
56 188
286 703
291 243
198 812
374 777
236 730
271 708
515 781
431 810
354 11
571 379
593 169
846 406
298 173
776 417
471 373
779 184
112 139
690 41
214 457
431 273
431 314
39 332
185 546
413 675
743 855
822 145
8 459
852 501
305 829
455 178
671 296
458 130
625 248
287 310
92 513
652 824
632 197
2 828
431 397
683 684
566 341
210 766
66 627
211 814
248 192
719 816
120 458
222 786
107 207
244 43
378 647
865 236
338 639
403 761
308 208
731 198
71 402
745 355
343 41
165 178
163 228
740 490
166 78
852 167
89 439
875 406
165 875
98 316
396 616
559 445
64 649
269 369
126 610
683 630
708 730
747 151
819 164
272 637
195 353
835 412
831 412
857 31
597 674
812 745
300 344
235 1
357 736
148 471
825 641
722 666
170 284
826 492
453 329
147 455
428 803
354 241
804 106
368 328
530 276
540 614
474 655
128 316
189 816
718 108
116 381
655 383
824 557
839 227
728 566
600 684
611 639
502 519
406 476
146 766
759 699
774 446
703 357
674 772
762 488
802 808
844 712
539 212
410 868
522 228
669 702
156 272
241 752
534 194
406 666
331 674
805 750
265 795
316 199
89 175
795 286
529 311
9 154
877 670
37 811
137 602
302 723
284 497
775 150
11 464
531 335
443 450
706 424
77 839
573 449
667 811
272 408
767 206
290 205
82 317
577 493
494 7
719 481
423 625
658 877
172 757
851 621
538 535
370 430
735 469
72 200
437 441
686 21
758 780
244 165
3 596
227 263
800 264
493 84
639 224
523 864
682 817
257 238
234 477
594 325
91 14
731 602
338 594
208 172
179 48
543 407
335 515
545 242
36 447
738 359
461 493
850 567
373 394
749 315
179 450
838 237
685 629
460 731
750 260
719 273
770 314
419 561
753 4
60 290
319 747
404 520
304 693
751 20
238 434
192 802
678 709
277 248
175 530
607 217
672 397
348 392
329 802
629 546
419 167
389 670
554 442
223 795
104 362
506 553
362 630
54 867
38 1
38 331
710 405
431 234
563 491
5 792
380 694
63 559
377 747
271 482
498 653
821 874
762 134
613 867
388 286
210 290
672 27
395 551
471 170
370 118
578 204
470 100
5 645
656 499
108 291
471 502
558 471
820 48
370 798
378 430
739 294
638 447
640 255
177 534
578 234
714 833
836 443
588 496
53 747
439 48
667 569
588 208
533 272
493 292
805 830
537 659
739 55
431 811
328 114
489 49
342 657
327 338
80 705
296 69
482 692
721 614
512 775
755 414
199 119
621 31
493 25
802 191
867 313
819 2
707 381
388 602
408 461
138 243
645 820
45 460
101 853
23 1
753 19
309 350
749 106
485 489
518 206
590 128
830 8
14 870
437 818
126 78
500 181
865 733
479 747
88 842
671 785
17 402
201 251
622 338
625 794
670 828
358 247
770 166
39 572
523 78
230 580
275 286
9 689
145 609
417 735
497 716
441 662
257 854
591 63
839 402
287 440
110 843
736 495
406 438
531 700
276 169
336 402
702 24
480 181
119 242
210 826
605 678
373 664
636 36
63 98
162 280
842 307
708 373
389 334
737 308
503 262
443 219
782 173
877 838
835 668
828 108
32 658
636 821
745 479
421 40
102 415
327 502
523 429
74 663
142 291
785 479
254 866
432 641
617 446
340 682
552 692
73 709
249 668
807 780
561 590
574 560
824 711
669 708
664 273
465 430
684 419
384 572
632 660
167 381
131 654
303 526
59 37
256 75
675 120
614 722
567 549
266 566
545 608
387 499
744 83
177 776
615 346
72 844
350 609
765 615
850 484
399 851
516 625
743 85
317 87
529 282
500 427
563 474
250 651
135 129
35 117
102 463
643 484
580 313
749 638
453 633
488 143
87 674
697 325
296 874
522 17
602 614
194 449
141 585
69 239
422 790
397 147
465 62
242 236
141 442
1 381
605 479
186 288
671 185
144 600
5 82
731 459
550 198
548 199
521 465
267 710
196 784
209 480
163 6
47 35
307 375
213 743
402 96
601 244
554 247
5 622
743 523
31 129
186 619
779 431
206 383
605 358
180 404
491 175
192 873
618 489
297 420
414 629
641 136
324 447
105 751
477 77
55 108
96 675
61 259
806 873
429 122
254 272
203 489
141 72
54 77
417 221
629 525
619 346
790 22
858 333
87 79
575 95
528 419
442 503
520 309
201 670
48 464
660 239
464 586
139 434
666 12
663 341
97 37
559 78
54 423
420 324
669 618
203 702
384 24
770 654
618 98
809 179
801 858
163 229
299 438
359 842
772 290
57 697
454 857
338 205
159 422
353 527
31 753
148 800
815 350
235 394
775 459
765 76
490 8
670 355
37 342
12 535
34 841
50 606
297 130
636 508
822 812
616 632
295 2
229 245
805 233
316 632
345 519
88 769
736 858
835 439
93 776
864 252
43 812
281 274
608 615
502 773
271 180
46 24
102 121
193 313
448 693
800 20
519 16
862 759
840 691
850 10
164 192
418 331
862 511
599 104
827 549
465 566
170 287
314 692
152 212
854 406
389 786
483 68
80 82
6 234
271 195
4 689
529 603
247 519
594 446
479 341
145 242
620 424
178 64
623 269
852 258
875 24
561 669
485 676
245 789
444 755
287 74
560 464
789 458
187 16
876 771
693 202
38 341
424 483
105 563
661 138
617 151
179 393
850 805
279 82
769 595
659 305
726 154
788 155
183 759
382 345
588 627
430 242
491 764
575 202
272 70
98 711
150 729
466 152
554 569
51 112
44 579
689 827
53 652
599 867
503 629
614 235
484 358
668 361
302 443
353 163
143 808
537 857
621 516
633 289
731 629
6 153
561 243
46 85
686 553
348 341
268 867
836 564
445 611
708 476
483 377
539 433
770 523
385 863
763 520
79 347
447 225
297 376
206 317
115 767
699 21
72 95
524 238
561 463
593 605
653 706
478 727
850 184
265 472
364 511
368 193
433 412
323 790
620 212
770 175
551 119
749 704
121 726
48 764
601 104
404 286
249 470
373 596
755 495
261 813
683 25
154 478
542 650
492 143
804 621
5 498
12 763
778 462
485 470
687 485
331 370
506 512
95 754
339 758
314 618
838 86
11 277
245 388
668 251
414 432
337 215
873 208
543 198
819 605
303 85
126 461
173 618
43 460
88 471
771 614
22 497
56 517
550 420
35 660
874 850
487 346
674 19
129 92
689 203
471 644
692 854
189 698
391 91
147 35
346 190
338 876
61 822
428 799
827 272
703 529
774 272
357 429
429 827
573 495
161 181
231 664
544 588
198 486
592 357
542 62
77 488
515 299
498 802
608 593
788 172
599 774
848 700
140 110
10 49
740 453
652 723
171 709
43 585
687 291
490 196
604 779
534 682
69 513
660 777
282 482
264 255
838 63
315 484
681 293
440 784
563 473
663 674
446 177
701 665
116 406
463 716
465 511
445 535
724 848
409 435
444 91
492 767
717 185
203 507
841 703
709 796
268 55
631 161
87 806
588 147
536 445
548 2
126 591
69 603
177 572
570 119
803 601
6 131
684 754
392 194
36 76
231 210
428 281
453 382
290 278
436 169
393 776
772 487
849 485
771 15
21 609
508 506
543 353
70 35
117 114
415 198
556 477
242 596
538 407
852 604
857 676
471 790
644 515
551 223
128 152
654 184
707 540
195 556
608 743
484 655
95 175
47 99
190 346
839 846
763 190
542 764
467 399
130 644
520 470
563 5
499 564
506 699
530 145
735 307
818 45
781 411
441 671
515 308
121 537
719 233
546 711
619 154
667 258
344 79
430 317
25 836
19 310
594 645
808 615
748 490
765 359
722 145
579 268
49 676
788 455
569 401
802 462
852 877
658 60
577 571
183 618
634 720
8 374
627 712
273 688
487 486
84 543
700 788
709 330
566 380
544 689
523 161
474 440
534 332
278 212
721 311
76 210
495 470
500 254
180 844
541 813
786 813
722 196
412 802
122 3
815 493
674 837
523 843
184 210
289 527
238 254
75 233
311 31
87 31
230 452
624 246
164 205
93 695
171 867
93 758
820 495
430 495
46 261
446 333
840 516
492 861
145 857
283 176
784 693
111 63
271 641
762 776
606 307
257 318
59 334
325 144
126 648
521 186
645 676
507 872
267 636
75 776
746 227
592 237
697 653
528 399
494 498
422 57
859 367
422 181
154 2
316 296
208 593
276 597
50 563
693 639
513 714
150 62
665 486
535 576
5 209
520 24
327 517
802 711
225 150
202 499
196 235
187 504
364 647
441 638
735 727
249 233
812 27
828 434
688 73
866 421
386 771
339 307
86 841
361 284
173 294
219 365
774 356
870 129
682 809
62 197
336 753
486 576
563 568
338 212
559 755
152 379
816 530
653 346
751 659
72 366
692 53
819 250
101 475
670 177
466 173
240 710
507 153
836 150
795 112
392 152
574 109
833 713
746 144
596 216
399 91
123 337
754 516
67 539
690 460
291 55
158 191
785 205
154 554
578 261
393 315
418 154
552 37
865 847
322 268
874 233
230 312
286 270
92 278
167 203
594 257
471 655
399 89
571 134
765 814
183 782
529 283
538 137
742 842
423 679
386 371
305 256
33 164
499 861
355 602
561 251
598 458
366 522
157 730
673 572
165 242
477 367
529 176
651 40
428 867
787 782
751 150
194 608
376 731
576 456
232 259
699 409
162 607
138 712
24 186
416 571
599 862
412 3
357 256
309 505
316 88
839 770
182 512
806 168
95 821
318 667
631 387
746 545
395 69
779 456
411 468
847 395
607 295
438 282
125 46
328 406
242 63
382 209
224 752
47 335
492 778
290 740
566 722
256 826
430 145
56 604
797 621
514 375
8 184
777 272
771 261
30 313
436 186
21 589
784 494
450 459
354 326
715 246
702 414
2 101
857 498
113 711
190 255
811 257
510 481
146 63
244 158
191 31
169 815
268 854
863 300
102 771
108 427
553 373
595 874
270 525
340 1
62 815
64 225
329 625
778 169
233 250
412 252
438 334
356 264
410 30
558 260
460 259
783 562
854 804
347 678
363 540
703 704
330 49
192 583
570 384
759 832
31 229
91 424
102 139
463 265
349 57
449 438
693 753
244 310
639 184
710 22
643 676
188 582
848 711
605 273
847 574
198 551
777 456
750 148
435 834
118 248
155 655
387 151
272 712
676 113
189 576
820 356
8 610
197 284
210 850
277 370
613 731
808 157
764 160
80 429
863 336
420 728
724 680
385 532
520 275
548 818
8 753
464 793
412 517
634 354
839 258
48 636
831 863
567 300
571 109
724 433
534 645
489 670
258 534
813 844
88 484
345 177
870 546
94 150
613 502
575 596
260 800
477 614
731 157
721 639
743 429
365 849
538 471
777 652
57 801
195 484
575 88
796 318
602 449
352 42
48 290
660 379
151 859
314 120
802 101
5 322
817 376
422 394
61 573
600 109
842 404
786 729
565 858
65 423
689 319
517 373
721 713
15 574
148 668
846 785
378 203
297 827
865 852
734 860
183 800
145 250
848 460
439 40
723 701
20 856
124 469
675 154
81 772
164 84
142 861
31 33
68 763
824 112
328 797
661 665
725 527
822 312
508 342
688 111
393 719
646 602
569 179
438 194
762 638
95 650
92 830
859 489
291 733
588 365
145 104
431 704
349 122
229 336
561 140
599 267
26 523
203 598
354 705
282 767
67 514
593 135
222 441
838 379
59 699
562 254
203 541
227 395
257 38
19 68
433 31
751 259
611 184
508 628
346 766
50 66
779 317
230 38
807 457
644 875
219 91
583 799
38 130
657 302
48 390
283 569
400 502
609 811
545 813
475 831
395 825
436 862
726 501
741 767
330 875
388 673
354 528
558 195
350 765
262 663
597 839
739 67
831 182
581 689
608 102
25 719
785 95
128 55
7 517
400 183
415 649
303 873
661 329
705 561
705 614
528 608
525 775
150 376
243 614
625 764
416 700
688 228
390 112
381 645
728 295
712 176
542 467
259 399
717 837
46 396
497 177
170 512
189 381
452 755
814 236
47 494
97 44
151 43
730 1
793 321
788 693
222 77
670 399
711 656
855 773
689 8
812 253
420 651
611 584
85 717
191 849
4 476
112 145
11 193
50 482
516 296
696 62
576 769
304 240
301 518
679 558
799 654
310 546
607 199
375 860
399 667
700 870
763 790
835 489
699 601
179 506
844 521
510 47
676 330
192 862
761 358
396 324
63 168
363 253
238 799
288 743
617 649
317 643
434 440
474 277
74 257
57 674
213 602
659 837
77 845
704 415
237 199
636 18
355 231
651 343
129 200
561 369
403 428
832 537
492 840
800 657
183 154
643 97
531 259
766 132
67 83
107 116
857 134
772 362
684 330
736 870
133 685
622 699
182 739
44 323
413 23
860 759
273 91
591 15
20 137
120 561
465 707
291 275
791 274
198 456
229 603
467 15
285 206
635 267
350 820
92 486
666 800
774 565
393 669
131 127
720 475
860 264
768 816
595 17
622 394
518 510
552 822
673 751
152 57
480 454
416 300
351 366
246 231
562 478
112 601
57 636
361 136
57 469
657 489
662 190
12 306
119 63
67 654
846 183
795 65
407 248
816 460
259 128
681 592
365 219
72 463
215 85
496 756
522 772
406 163
659 761
303 196
520 165
866 509
399 338
443 177
861 581
840 379
494 774
314 749
404 701
162 14
744 455
579 348
616 245
394 708
421 652
13 546
463 703
756 448
45 505
177 666
843 605
188 658
794 264
735 756
681 75
766 513
695 478
667 497
793 621
123 90
731 504
113 821
500 680
495 724
852 724
419 641
761 231
586 50
532 7
817 374
381 723
341 474
386 40
573 86
240 634
283 411
302 287
736 547
511 516
474 308
28 5
522 395
426 180
385 838
209 283
805 653
140 565
77 266
168 365
54 183
335 87
230 361
202 155
114 747
233 8
787 400
819 677
461 552
382 451
655 852
380 621
468 782
280 770
775 684
289 613
401 302
141 865
419 284
507 17
621 30
1 850
613 368
293 815
327 226
786 378
328 249
383 359
351 331
210 202
679 293
828 376
225 238
13 616
744 845
730 448
725 797
341 76
201 263
102 845
1 229
579 703
443 479
690 224
46 244
708 265
260 753
849 725
368 738
161 103
458 4
367 596
426 499
298 488
250 390
211 523
870 276
502 731
634 150
229 412
156 362
368 256
62 58
131 258
719 119
203 197
14 350
842 11
24 729
501 421
665 503
874 769
446 393
108 524
196 610
489 592
114 759
394 245
252 288
225 594
865 512
121 452
347 822
784 115
134 677
637 303
174 848
119 676
88 62
426 857
608 589
394 454
557 450
873 63
240 871
22 402
342 249
12 492
673 297
687 493
732 772
681 779
589 232
549 380
102 272
17 777
42 525
463 667
141 553
133 370
301 671
716 610
507 506
331 226
680 322
209 366
205 329
790 453
793 475
100 311
531 190
382 334
219 658
801 693
535 791
372 665
309 328
179 799
471 123
211 827
149 538
590 82
225 426
475 103
329 226
354 10
321 677
513 68
849 798
75 288
863 226
203 777
536 71
806 537
380 318
641 485
37 312
24 531
599 761
341 619
380 727
370 338
714 519
328 806
503 455
725 375
322 372
124 437
561 688
48 664
317 717
328 10
19 731
54 139
779 92
449 95
3 344
832 590
106 424
160 372
547 368
500 792
820 1
7 71
422 577
309 62
681 239
703 562
576 486
393 603
31 455
85 199
397 35
449 718
835 462
546 294
600 545
15 2
644 677
495 803
633 252
334 85
695 366
226 264
765 308
265 501
670 17
429 199
820 655
200 556
528 712
473 684
783 168
823 274
135 136
687 610
231 128
570 259
700 415
864 741
112 722
65 363
281 583
585 532
219 185
782 383
578 50
568 702
430 32
625 501
36 481
623 596
784 807
500 459
676 378
158 520
87 609
754 225
219 765
34 146
32 404
80 572
632 56
655 206
649 189
727 479
102 524
39 735
74 297
672 618
535 255
299 216
686 603
511 77
157 745
703 226
169 229
299 198
550 769
664 206
79 850
79 543
278 671
77 830
407 132
293 256
755 485
874 849
240 738
354 663
326 452
720 104
296 263
648 306
309 182
467 78
781 229
445 276
650 129
168 551
588 46
860 258
253 203
35 721
715 139
242 847
730 311
581 558
645 545
785 282
134 65
814 828
172 570
743 620
550 277
872 407
791 566
184 294
822 788
807 623
653 558
320 390
242 620
392 537
781 107
844 84
186 540
711 840
589 656
333 712
337 386
92 52
728 601
844 76
282 175
783 842
231 297
66 330
289 260
78 221
637 14
614 823
469 152
4 747
650 870
728 753
209 701
282 741
211 636
152 454
485 417
134 335
513 556
347 569
417 688
42 702
217 124
384 768
445 4
185 116
562 289
397 838
432 480
762 48
305 550
493 474
872 594
454 645
570 348
179 203
376 462
838 453
160 825
637 297
309 535
874 647
499 275
26 168
224 142
34 749
358 325
406 660
154 430
816 180
36 224
415 200
31 722
549 728
438 706
678 438
501 291
118 501
646 234
419 444
684 538
785 214
465 138
85 473
181 833
764 347
7 579
115 419
199 54
723 6
805 81
547 522
169 661
209 109
462 377
634 736
661 497
679 477
341 239
236 509
640 820
791 546
25 240
321 765
125 458
61 10
46 70
681 241
689 470
597 23
536 546
30 728
263 367
92 677
633 416
303 703
434 873
415 305
90 229
518 651
67 540
779 767
544 468
158 804
672 308
724 445
732 516
739 580
507 775
491 79
516 616
5 410
764 532
6 240
665 213
513 823
735 470
775 395
593 148
188 306
269 808
281 655
606 292
542 767
31 304
650 854
134 496
646 733
552 376
598 664
515 830
849 82
802 387
334 727
415 657
436 432
436 697
448 357
265 777
596 137
64 97
788 210
836 662
325 825
77 658
592 290
250 119
722 568
612 226
765 625
129 546
747 470
448 326
131 406
850 652
429 224
474 414
348 536
654 729
184 274
432 593
727 348
285 332
492 8
777 327
626 34
535 449
856 324
331 361
351 545
496 103
88 500
463 681
52 248
503 170
371 274
477 750
65 315
75 17
812 637
376 99
706 440
816 463
256 487
180 24
745 68
723 8
662 386
373 739
107 869
671 668
502 28
230 700
388 761
616 72
669 596
729 561
412 658
15 145
619 289
108 71
821 589
717 768
1 48
398 855
871 51
556 633
329 87
137 159
137 812
389 227
675 306
769 506
774 413
13 718
680 337
835 792
143 373
588 743
322 467
810 203
405 42
161 4
462 141
135 719
35 23
389 244
527 40
852 5
347 489
343 709
173 570
36 503
635 191
664 402
118 8
716 507
697 410
99 301
387 333
649 29
281 132
35 94
34 68
507 290
447 79
232 330
327 641
82 50
439 73
211 662
131 86
288 306
29 815
346 428
800 115
456 159
279 125
851 697
237 315
775 379
875 30
108 23
177 368
571 103
776 314
61 30
843 234
255 774
698 258
226 625
47 825
53 184
614 90
845 511
402 863
429 345
304 682
637 681
795 339
730 281
870 475
842 653
167 249
645 194
465 59
180 843
128 392
199 108
193 90
214 561
515 394
266 391
93 433
834 810
709 825
33 636
573 306
565 662
355 764
15 95
82 295
269 684
33 572
702 536
798 152
737 173
379 558
873 55
260 46
96 146
575 866
620 434
868 180
820 661
751 601
815 663
166 801
83 786
268 467
113 804
86 447
708 28
626 195
433 863
656 18
671 694
761 301
669 769
487 199
115 763
736 35
2 492
440 405
147 73
438 162
157 834
111 449
658 226
7 841
202 863
404 251
855 315
506 83
215 598
140 96
249 187
786 304
199 579
837 623
416 573
589 734
490 725
297 118
202 732
328 272
580 442
476 96
539 600
66 348
382 785
48 140
240 703
733 840
158 869
275 158
663 509
700 448
44 154
180 464
594 840
37 834
803 717
560 167
271 225
553 398
363 666
649 61
546 394
312 394
402 478
310 243
522 439
841 783
665 331
871 531
773 655
324 220
487 4
494 17
263 328
641 617
869 542
370 797
458 254
448 136
770 275
758 660
276 266
553 2
153 526
624 713
665 790
319 822
376 621
410 870
352 489
705 353
613 749
106 339
399 9
185 679
25 440
338 724
719 16
329 698
423 770
545 672
251 323
250 138
569 53
536 382
402 229
315 548
463 588
724 856
524 738
569 425
732 291
312 380
96 89
718 55
181 305
128 188
194 826
366 236
605 670
158 509
497 643
373 249
7 502
412 73
479 444
712 445
643 847
642 227
546 617
853 364
146 835
147 564
304 489
436 743
663 432
683 335
681 555
248 188
807 213
225 462
343 621
225 17
320 872
547 164
264 567
168 676
176 483
309 680
98 456
246 229
446 91
392 47
501 506
370 663
711 234
28 234
208 235
231 714
320 628
737 13
646 349
78 429
425 287
353 693
50 622
442 213
242 144
323 411
588 162
144 745
284 135
170 807
266 724
657 448
456 811
487 568
622 94
34 645
35 845
156 384
667 266
360 179
595 646
38 740
570 441
461 229
650 784
424 518
101 871
335 276
580 586
683 15
280 486
1 100
132 34
21 83
691 122
299 692
250 14
529 673
456 610
713 693
582 386
660 349
224 776
529 844
339 153
799 871
269 603
478 712
322 728
448 284
391 632
514 464
128 165
152 582
190 666
587 455
572 593
718 549
478 263
685 369
614 253
326 158
474 265
145 332
454 406
485 440
511 132
234 385
760 565
826 2
520 540
843 544
578 360
480 302
387 419
27 739
436 744
642 815
208 827
840 282
819 99
669 844
132 201
589 383
360 446
791 723
860 566
189 506
727 202
669 36
570 252
55 269
548 257
617 431
763 577
56 391
10 369
480 755
755 241
218 669
101 326
748 236
821 407
520 355
360 225
668 756
343 801
748 568
753 268
204 630
767 275
857 806
256 423
607 572
556 387
300 563
658 502
427 521
625 131
189 764
6 453
98 374
455 532
736 860
795 237
6 779
416 106
430 62
400 440
232 31
43 206
767 819
684 777
809 540
139 70
544 698
576 244
181 745
377 370
688 302
437 726
838 814
686 159
352 808
600 765
492 546
249 294
239 481
412 160
552 339
339 424
321 66
800 792
324 578
464 743
509 681
214 866
275 460
340 279
734 484
590 153
459 537
274 473
508 738
213 514
421 639
793 658
474 350
280 166
725 324
565 603
380 852
863 315
860 754
459 425
173 317
187 655
112 679
266 662
788 479
41 699
635 627
110 234
530 417
99 530
125 297
27 243
374 497
487 684
779 841
467 740
710 280
762 875
629 652
50 697
237 246
136 277
321 814
476 585
702 852
791 686
117 151
871 773
764 47
542 245
41 139
146 54
588 423
340 622
205 604
24 619
478 386
253 722
803 152
570 130
174 600
613 41
761 426
226 190
331 477
163 689
305 89
742 595
110 278
289 421
211 470
256 873
390 740
366 575
181 443
529 680
567 37
760 66
203 452
71 729
242 282
15 403
142 129
203 581
543 685
158 134
301 325
341 177
848 349
671 357
19 248
751 782
138 656
597 503
538 308
24 160
462 283
325 572
512 418
489 342
199 570
393 853
375 42
647 851
397 341
805 544
389 476
131 741
553 729
453 621
458 98
679 667
508 120
637 862
298 468
663 260
278 803
83 342
52 759
661 659
512 751
18 326
266 61
15 557
580 166
80 430
564 26
686 302
667 22
831 315
452 11
98 787
235 798
709 403
597 630
803 186
489 98
612 82
307 120
691 99
383 700
657 217
244 126
420 347
576 50
801 430
386 141
724 821
501 262
535 168
438 54
705 792
821 593
527 662
509 388
745 754
696 495
401 689
609 814
142 817
315 351
645 777
833 795
392 418
837 558
29 248
706 484
449 868
569 523
265 83
465 858
227 768
614 168
518 411
112 322
876 230
343 671
289 136
675 849
103 554
858 483
376 708
544 368
580 28
28 590
539 208
745 610
280 821
228 239
631 657
337 346
200 568
71 417
410 524
43 673
22 343
312 744
3 840
777 157
748 65
606 761
65 172
562 725
708 784
246 579
245 726
400 688
222 202
123 22
279 838
745 797
806 113
191 649
783 874
169 20
269 181
127 301
151 379
729 669
697 438
109 846
572 290
44 140
127 1
242 331
825 45
603 327
599 152
700 92
491 381
708 19
175 633
392 169
723 538
856 427
794 854
176 103
293 123
827 98
556 134
667 853
40 334
598 488
193 37
270 871
501 740
842 371
731 535
167 395
199 872
869 374
518 148
786 190
344 174
99 111
175 694
217 673
760 473
477 625
733 740
89 382
108 328
807 820
29 650
762 36
607 232
64 193
237 581
635 256
520 184
270 285
579 247
223 215
206 96
257 229
174 288
305 41
690 235
206 777
9 144
762 537
523 578
127 624
554 286
205 437
22 753
306 607
758 764
116 728
676 781
230 735
744 95
726 211
264 154
471 237
6 505
25 690
153 219
447 185
198 533
21 453
438 548
547 124
21 357
352 310
870 500
172 309
722 451
356 799
285 118
363 795
445 556
232 348
4 692
405 628
494 812
79 41
37 372
673 527
256 241
18 623
760 441
231 64
543 716
260 488
218 94
323 819
634 216
614 242
182 431
562 75
686 656
15 366
459 812
277 799
736 109
151 307
694 382
715 796
97 707
26 194
67 578
376 834
583 196
203 396
448 558
784 621
837 664
722 209
805 23
802 871
603 386
594 167
762 289
362 746
853 199
848 164
492 478
429 52
288 741
88 201
590 753
84 41
494 3
572 865
602 834
479 687
596 709
705 366
174 698
385 243
735 341
419 736
286 144
92 178
301 719
622 642
461 175
149 433
458 833
820 22
351 86
593 396
687 558
73 2
263 303
669 432
549 680
264 563
24 480
593 779
554 411
318 510
53 583
243 742
308 746
506 478
780 159
738 274
36 26
280 685
847 272
187 656
158 565
520 81
783 283
560 191
103 387
305 579
372 514
523 705
662 690
839 495
621 572
501 167
219 412
876 764
27 834
457 655
621 759
866 825
495 399
143 565
342 765
339 274
696 600
344 38
20 831
733 93
186 795
165 434
334 802
501 513
503 246
83 677
247 501
5 117
125 664
574 181
423 832
867 686
353 393
172 60
522 282
847 210
803 196
4 532
566 471
19 28
186 823
372 168
277 526
863 79
144 526
872 506
8 837
710 737
5 553
670 529
92 786
297 474
626 163
451 809
470 819
850 195
797 210
120 109
696 680
704 427
198 17
677 314
413 872
283 294
553 238
493 101
589 226
734 110
143 445
307 666
450 252
6 571
517 434
675 747
128 254
61 410
348 339
4 538
459 630
86 112
501 588
400 229
204 215
823 449
870 813
547 393
812 510
750 49
500 400
509 325
205 351
137 807
354 336
362 693
561 214
823 339
28 165
373 300
754 369
810 109
228 596
318 2
566 285
148 177
626 611
288 234
760 649
165 714
735 330
20 662
217 280
151 199
770 148
653 537
180 57
269 531
342 208
600 482
127 666
534 121
594 271
796 12
181 48
17 119
266 722
582 350
315 598
462 408
666 414
153 463
465 755
659 397
403 243
825 48
750 217
51 588
195 236
776 754
86 519
40 418
603 666
145 108
622 616
425 194
501 349
93 60
610 430
850 749
863 5
344 117
305 387
431 775
490 567
344 355
819 725
307 755
64 744
406 86
588 760
372 446
177 648
428 869
755 246
336 571
240 514
861 58
637 662
771 777
481 28
487 747
698 235
694 69
361 568
60 640
102 10
663 24
237 62
866 632
472 678
204 365
693 264
436 667
560 404
766 179
13 600
838 706
130 169
358 543
194 814
202 772
329 493
448 199
229 337
172 134
747 696
750 326
160 800
664 442
780 284
312 200
665 543
619 145
224 621
153 856
554 81
834 740
355 781
455 827
551 236
262 568
658 646
1 31
628 551
248 628
689 798
639 736
245 47
536 567
235 492
94 437
868 564
356 337
438 321
158 785
723 118
867 813
809 307
245 99
50 639
307 782
767 224
874 492
849 335
262 188
349 64
313 747
708 314
611 222
555 529
210 336
796 843
492 485
585 13
254 251
552 251
360 809
735 593
646 437
437 780
601 105
536 554
793 353
364 617
810 751
403 717
393 548
566 49
761 505
689 694
250 3
342 112
776 377
712 787
323 569
80 356
451 32
286 352
225 411
834 131
153 468
269 474
6 59
869 755
186 422
185 784
657 388
862 468
388 742
328 218
254 287
560 450
652 403
85 567
621 154
237 269
389 735
226 219
801 725
795 704
189 237
60 851
445 65
627 383
792 483
230 811
260 82
678 765
529 736
264 597
779 218
642 316
696 229
29 237
369 352
506 37
159 318
385 443
251 663
75 612
318 745
437 353
15 371
870 155
9 582
613 186
606 608
3 235
32 822
666 365
270 848
117 319
356 504
90 386
186 631
14 763
267 825
686 591
198 585
744 788
413 784
87 506
60 698
485 105
219 821
276 366
386 482
112 193
833 311
745 557
793 274
350 292
848 118
771 108
362 497
152 265
350 63
555 74
731 338
651 60
432 663
426 4
862 587
133 30
813 815
473 280
560 430
658 165
465 102
367 64
273 854
110 289
804 110
351 696
185 418
739 260
232 789
634 626
844 566
599 812
11 415
373 723
233 828
476 50
723 650
450 748
410 333
558 666
52 5
61 342
666 822
687 337
145 731
376 401
361 675
406 589
621 569
780 683
629 789
554 777
309 143
78 191
323 733
541 419
253 147
217 522
32 332
628 122
420 699
272 193
251 798
571 100
270 380
77 239
783 171
403 55
406 278
364 25
383 407
4 267
768 706
311 846
796 546
41 647
632 774
396 620
231 558
124 231
529 398
42 343
872 5
450 332
823 426
615 594
274 421
571 641
563 220
869 180
632 805
664 645
862 464
526 80
736 544
282 78
173 555
143 149
439 376
368 157
813 80
842 382
443 492
582 450
452 500
197 670
79 391
397 18
728 744
508 646
85 438
300 406
235 260
738 191
580 174
675 877
580 645
628 871
42 770
333 866
38 270
152 799
90 149
580 415
423 850
674 741
813 91
319 157
448 592
230 123
626 533
165 415
514 452
58 698
622 611
860 24
375 760
724 185
234 501
65 508
390 10
210 847
527 105
799 100
877 380
196 775
554 692
376 709
479 355
439 16
28 260
52 499
246 643
842 852
167 382
709 740
507 798
207 596
430 53
384 552
759 447
637 223
303 677
33 787
653 235
55 823
337 550
131 440
696 388
201 356
541 776
288 199
227 856
270 567
293 327
103 314
264 52
425 643
243 511
523 370
150 206
644 543
301 822
570 625
331 742
730 209
768 674
37 204
12 615
656 318
256 345
747 379
599 191
584 284
322 61
198 668
423 699
31 422
734 182
650 440
20 442
396 81
179 224
412 771
822 856
484 416
502 312
799 805
174 311
74 576
435 710
673 767
229 514
811 384
605 638
397 524
785 465
287 583
220 621
600 846
467 116
68 569
180 316
126 223
446 97
83 608
111 813
181 170
303 600
208 757
27 19
557 312
25 689
869 667
837 738
377 539
291 418
48 180
275 603
623 96
310 173
515 795
491 98
709 209
567 171
545 481
70 314
863 308
779 872
823 311
735 515
378 112
138 241
102 69
132 726
563 145
368 155
151 73
666 325
240 707
211 185
132 150
524 54
703 186
443 681
746 490
614 637
341 729
657 104
473 691
105 639
649 627
687 296
811 208
38 529
515 592
326 208
722 91
328 867
720 428
460 319
847 317
244 802
170 289
761 600
120 492
681 408
631 873
706 547
501 17
295 654
260 494
196 640
30 251
50 332
548 346
484 191
175 526
135 392
150 173
192 851
558 380
626 296
357 8
187 799
398 193
828 247
38 630
356 771
653 612
129 11
839 236
66 840
304 81
69 282
746 495
618 703
240 34
114 758
128 610
788 799
548 501
550 740
367 341
623 314
377 255
150 176
15 804
156 194
728 466
800 476
126 319
181 810
78 450
695 122
70 193
125 12
752 504
201 780
380 626
333 592
513 98
89 146
860 329
14 269
828 41
385 552
138 511
812 756
235 319
631 528
598 836
663 316
530 539
711 693
618 275
414 369
141 259
420 649
699 865
530 54
545 871
431 396
44 92
457 11
29 844
561 346
470 544
479 408
473 539
641 119
323 509
457 720
273 96
720 361
704 194
770 293
230 405
548 357
198 256
75 365
363 36
389 808
353 439
830 160
434 143
444 753
75 744
407 552
284 44
239 237
863 389
187 675
231 579
89 385
346 348
437 759
123 265
372 351
233 825
348 531
272 273
700 539
512 522
362 159
508 316
498 220
252 619
582 168
315 410
357 752
812 599
586 848
780 541
396 447
834 730