403 200
155 1
1 296
155 150
150 296
394 285
285 206
394 111
111 206
349 373
373 55
349 358
358 55
38 80
80 198
38 339
339 198
38 43
43 198
328 387
387 390
328 334
334 390
375 20
20 197
375 284
284 197
375 309
309 197
375 51
51 197
351 395
395 71
351 165
165 71
351 176
176 71
351 181
181 71
261 158
158 338
261 68
68 338
261 309
309 338
360 39
39 208
360 219
219 208
360 242
242 208
15 34
34 51
15 5
5 51
15 383
383 51
15 329
329 51
279 288
288 337
279 133
133 337
85 306
306 23
85 81
81 23
271 255
255 114
271 57
57 114
271 166
166 114
271 87
87 114
4 251
251 391
4 354
354 391
4 296
296 391
71 196
196 252
71 370
370 252
167 306
306 190
167 56
56 190
167 104
104 190
167 22
22 190
176 243
243 219
176 178
178 219
134 72
72 124
134 36
36 124
37 221
221 303
37 100
100 303
198 348
348 283
198 67
67 283
198 94
94 283
198 227
227 283
247 143
250 31
216 277
383 356
1 224
8 136
156 292
42 335
253 135
32 288
243 160
147 215
46 296
73 70
20 115
360 45
33 170
325 274
347 171
327 360
25 1
101 17
383 43
38 111
205 171
343 290
60 107
213 309
201 309
36 83
133 317
305 137
323 257
1 371
78 234
158 323
154 23
119 265
131 389
179 246
206 154
163 394
71 55
40 107
387 189
98 59
389 69
40 272
392 243
308 3
200 163
208 185
346 23
259 178
225 257
144 3
33 382
351 332
138 293
83 24
176 285
202 108
210 46
121 18
173 96
355 246
375 50
134 147
9 7
326 252
127 103
389 134
247 378
143 384
137 24
262 195
311 363
120 344
65 349
49 79
270 168
3 10
216 127
329 69
298 108
179 45
151 83
337 58