90 10
1 54
17 74
45 103
31 135
91 139
83 159
36 196
16 236
86 268
96 312
97 315
28 345
62 393
96 395
90 437
86 470
70 499
33 528
63 539
89 583
51 623
39 670
49 691
92 717
21 764
58 810
1 833
74 872
93 889
73 910
92 917
64 936
36 951
48 987
57 988
19 995
60 1041
2 1082
37 1099
10 1145
19 1181
13 1215
38 1258
24 1306
61 1309
58 1338
56 1381
36 1406
22 1414
93 1443
70 1486
98 1521
37 1557
69 1578
26 1595
54 1599
63 1636
27 1671
7 1720
3 1744
82 1760
88 1781
4 1828
93 1842
65 1864
91 1874
58 1908
95 1932
55 1938
57 1969
20 2000
8 2006
40 2044
97 2084
28 2121
52 2153
8 2163
85 2184
73 2212
75 2240
22 2242
21 2264
43 2274
33 2292
8 2317
98 2356
30 2381
92 2392
24 2404
25 2448
11 2481
68 2499
11 2511
85 2555
1 2577
53 2582
16 2588
3 2629
40 2656
5 2687
5 2736
22 2780
7 2794
86 2802
59 2806
50 2819
57 2860
8 2871
17 2918
77 2957
63 2973
84 2988
64 3027
4 3069
91 3073
29 3115
18 3153
91 3192
23 3209
73 3236
4 3276
39 3325
45 3354
57 3366
91 3412
47 3413
32 3445
82 3453
56 3494
89 3504
63 3546
9 3566
46 3582
28 3607
96 3640
63 3670
77 3698
38 3705
41 3734
58 3762
37 3807
26 3816
47 3862
49 3872
29 3900
6 3939
82 3957
40 4002
45 4024
99 4063
57 4073
28 4099
18 4114
17 4119
67 4157
15 4186
79 4207
64 4250
7 4286
69 4289
1 4324
28 4337
53 4360
79 4387
58 4404
31 4421
31 4460
85 4462
86 4503
45 4539
28 4567
70 4591
28 4615
87 4639
38 4643
89 4676
83 4696
93 4705
42 4729
88 4754
83 4794
2 4819
89 4859
37 4878
67 4908
84 4924
99 4956
32 4990
36 4997
88 5024
53 5026
54 5061
28 5085
11 5093
27 5125
66 5163
81 5211
67 5252
4 5276
51 5279
18 5312
71 5330
67 5369
34 5407
86 5445
27 5474
6 5498
74 5513
92 5555
89 5566
52 5615
82 5645
18 5663
8 5666
23 5700
32 5702
65 5724
77 5773
14 5815
69 5860
30 5898
76 5909
52 5928
100 5953
7 5989
71 6027
69 6033
96 6078
76 6124
91 6137
2 6186
28 6221
10 6257
79 6269
82 6278
54 6306
90 6307
92 6340
82 6369
85 6377
75 6382
6 6421
45 6461
96 6468
4 6469
31 6484
26 6509
70 6543
36 6566
51 6600
91 6614
6 6648
72 6676
42 6692
37 6725
7 6764
84 6797
91 6809
70 6820
15 6840
87 6879
6 6914
30 6956
79 6963
28 6975
63 6994
94 7008
24 7036
72 7045
72 7052
39 7072
76 7121
67 7153
42 7167
6 7170
29 7192
60 7232
10 7240
55 7255
19 7299
95 7306
95 7354
99 7367
93 7368
44 7383
29 7426
98 7435
94 7446
59 7458
25 7471
81 7474
26 7508
18 7511
97 7536
24 7586
90 7589
65 7616
40 7642
82 7689
86 7730
84 7776
98 7791
20 7817
50 7848
15 7861
18 7904
15 7945
74 7964
66 8004
62 8026
22 8061
93 8062
59 8105
27 8153
84 8189
8 8223
18 8261
74 8268
2 8269
94 8292
46 8320
95 8355
82 8400
100 8405
92 8411
11 8423
33 8447
96 8466
31 8485
78 8504
86 8538
1 8567
94 8593
39 8595
84 8637
95 8644
65 8692
23 8712
16 8734
4 8767
56 8800
61 8818
4 8866
5 8875
7 8881
75 8911
45 8915
26 8939
69 8963
52 8987
35 9020
99 9067
34 9080
8 9127
2 9165
51 9191
77 9202
100 9223
16 9267
23 9269
68 9275
48 9325
55 9348
58 9396
34 9404
96 9418
12 9443
78 9489
3 9536
90 9557
50 9598
28 9641
2 9648
47 9656
59 9686
26 9732
86 9747
22 9760
69 9771
50 9810
72 9820
67 9840
41 9889
81 9890
24 9902
45 9949
68 9962
72 9966
26 10005
26 10008
35 10015
77 10036
100 10059
78 10100
54 10118
78 10165
62 10175
9 10195
90 10223
87 10228
67 10253
57 10281
76 10299
97 10331
11 10358
76 10360
17 10374
40 10396
98 10440
45 10458
78 10494
100 10524
85 10527
39 10563
51 10611
93 10631
87 10663
3 10706
93 10749
23 10789
80 10836
12 10843
29 10863
7 10895
82 10911
10 10941
10 10949
88 10988
94 11007
96 11049
80 11085
46 11086
63 11099
30 11140
93 11185
70 11220
63 11243
98 11267
100 11315
94 11331
97 11357
41 11391
64 11414
1 11429
90 11436
8 11481
21 11492
56 11538
52 11580
30 11615
40 11651
46 11688
55 11727
7 11773
53 11801
2 11830
93 11842
39 11884
12 11912
36 11931
99 11933
12 11983
69 12006
42 12032
16 12039
94 12085
64 12090
17 12094
46 12117
1 12148
33 12168
84 12198
47 12202
34 12241
18 12278
25 12287
66 12309
71 12333
58 12376
4 12414
53 12460
24 12509
43 12525
10 12547
24 12553
93 12561
24 12605
68 12653
63 12663
88 12678
61 12718
93 12761
77 12768
51 12775
13 12800
70 12826
72 12876
76 12901
89 12919
39 12940
76 12983
60 13001
49 13046
59 13079
57 13089
59 13106
69 13117
50 13160
5 13179
92 13206
53 13242
32 13248
43 13280
27 13315
75 13358
28 13360
28 13389
24 13391
72 13417
13 13463
75 13487
37 13497
12 13501
40 13544
64 13572
66 13598
4 13645
89 13672
22 13683
69 13707
39 13708
52 13716
88 13748
9 13785
44 13829
64 13861
64 13891
19 13924
23 13964
86 14002
92 14037
72 14068
12 14106
2 14132
2 14181
42 14197
18 14241
11 14263
73 14286
72 14324
91 14356
32 14376
57 14397
51 14437
92 14482
21 14505
58 14539
15 14586
78 14599
62 14630
37 14665
30 14674
48 14699
11 14701
88 14703
32 14715
72 14727
56 14743
72 14789
32 14813
78 14843
37 14879
32 14923
93 14944
96 14979
64 14988
36 15010
53 15022
42 15050
74 15100
68 15101
59 15116
53 15129
21 15159
39 15172
62 15208
8 15227
9 15250
70 15251
37 15281
53 15327
56 15346
31 15389
54 15428
65 15454
47 15495
29 15518
75 15545
46 15585
56 15614
1 15638
97 15663
40 15705
35 15744
12 15750
42 15783
53 15796
52 15797
36 15843
81 15886
38 15906
57 15956
27 15994
23 16036
53 16047
2 16092
59 16096
74 16116
96 16148
72 16175
96 16210
49 16251
11 16286
22 16298
78 16330
28 16375
78 16396
70 16420
32 16463
75 16494
71 16517
93 16537
83 16562
87 16603
64 16653
15 16683
16 16721
47 16756
37 16773
6 16805
80 16831
96 16859
51 16872
52 16876
45 16888
46 16891
20 16937
89 16960
86 16984
17 17031
45 17057
4 17093
20 17104
35 17117
81 17147
48 17158
72 17189
1 17208
12 17245
41 17265
93 17287
86 17329
9 17342
56 17371
16 17376
18 17386
74 17397
93 17400
12 17426
99 17439
88 17440
28 17461
63 17507
21 17557
6 17579
65 17616
86 17642
1 17657
69 17681
60 17706
84 17726
22 17764
64 17804
4 17813
76 17819
95 17850
12 17872
84 17921
83 17957
50 17976
92 18026
24 18074
77 18095
90 18101
25 18133
98 18155
50 18159
28 18188
54 18219
32 18234
79 18256
88 18285
49 18286
60 18301
66 18333
27 18377
90 18410
36 18439
99 18468
91 18483
92 18490
49 18522
6 18560
65 18587
28 18633
64 18659
74 18665
74 18684
47 18697
13 18711
41 18731
72 18768
33 18790
5 18830
9 18848
76 18885
32 18932
18 18968
85 18981
3 19029
85 19066
51 19077
74 19078
47 19115
24 19134
9 19169
28 19203
53 19252
46 19288
78 19295
40 19329
74 19332
31 19355
58 19358
56 19368
87 19396
76 19413
97 19445
29 19459
7 19490
42 19516
81 19530
39 19546
45 19577
19 19620
97 19652
57 19687
31 19692
63 19726
10 19761
60 19776
15 19796
65 19804
36 19823
86 19832
21 19853
34 19863
33 19889
82 19920
66 19965
7 19976
67 20000
7 20039
70 20087
83 20093
83 20094
45 20114
6 20144
29 20178
8 20217
46 20232
46 20274
22 20315
15 20360
96 20395
67 20419
3 20456
37 20478
27 20524
93 20543
15 20566
19 20602
59 20634
18 20644
100 20684
100 20692
71 20698
90 20710
13 20751
74 20753
85 20780
88 20787
53 20793
91 20811
54 20829
77 20877
46 20921
65 20941
28 20990
16 21017
36 21036
93 21069
78 21087
44 21102
95 21147
15 21149
47 21181
95 21204
39 21236
14 21245
43 21283
12 21289
48 21316
55 21360
11 21362
30 21393
98 21434
65 21473
51 21508
71 21526
91 21549
64 21588
91 21633
19 21639
83 21673
40 21718
87 21728
9 21762
29 21789
41 21827
89 21837
60 21882
35 21886
72 21930
36 21976
66 21977
72 22019
73 22021
47 22024
93 22033
16 22062
90 22108
38 22125
41 22145
50 22175
7 22209
100 22235
18 22256
38 22276
20 22298
79 22316
12 22319
32 22351
15 22372
53 22392
34 22394
91 22404
48 22433
91 22456
94 22489
77 22523
56 22564
70 22568
8 22609
80 22638
96 22683
86 22730
28 22752
28 22792
89 22825
60 22850
2 22877
58 22927
14 22930
38 22976
65 23000
79 23041
58 23069
90 23107
98 23140
13 23150
95 23177
69 23205
10 23208
57 23257
100 23285
6 23310
92 23341
97 23366
18 23375
42 23380
44 23429
16 23473
56 23518
50 23565
44 23593
70 23630
66 23638
96 23647
34 23653
54 23694
53 23704
66 23742
81 23746
32 23787
22 23810
11 23814
26 23828
70 23842
91 23886
85 23935
75 23982
87 23994
10 24002
1 24033
85 24076
36 24107
6 24146
2 24180
53 24214
46 24259
84 24268
93 24285
99 24318
10 24320
93 24366
26 24381
25 24415
89 24431
76 24435
76 24457
29 24496
39 24529
42 24578
14 24626
55 24676
1 24717
47 24749
68 24764
40 24769
77 24800
55 24836
85 24846
59 24879
65 24915
56 24942
58 24943
84 24948
43 24973
17 25015
6 25021
28 25043
64 25050
85 25062
67 25109
74 25130
33 25161
37 25206
60 25238
23 25248
78 25254
87 25270
90 25279
52 25300
41 25318
61 25365
22 25400
35 25406
31 25431
82 25455
16 25473
30 25485
86 25502
98 25543
