11 16
27 25
88 48
88 61
25 98
81 146
47 163
55 203
6 229
76 259
98 287
1 300
62 335
19 349
46 383
63 416
84 449
80 462
63 482
5 485
20 534
55 547
43 574
49 584
6 633
43 651
51 654
48 657
85 693
25 732
72 764
20 769
85 800
93 808
4 811
58 834
19 857
25 888
47 929
52 970
18 989
30 1032
44 1076
33 1109
71 1154
72 1159
16 1183
80 1226
99 1275
57 1284
8 1299
56 1325
51 1346
68 1354
16 1387
75 1415
36 1428
100 1474
19 1512
62 1533
45 1554
13 1601
60 1613
78 1660
92 1664
37 1691
41 1699
94 1744
89 1769
81 1798
7 1804
48 1836
64 1873
34 1896
77 1911
10 1926
88 1943
8 1944
12 1967
27 1994
26 2011
40 2055
15 2062
82 2079
39 2119
9 2160
28 2189
19 2229
49 2245
29 2291
87 2307
79 2344
41 2377
93 2384
82 2401
46 2407
29 2435
14 2452
65 2499
61 2543
23 2581
72 2628
19 2643
25 2684
42 2687
41 2691
42 2720
63 2770
71 2790
12 2828
12 2836
81 2885
52 2924
32 2942
7 2986
13 3009
47 3015
71 3032
11 3047
70 3096
72 3133
91 3136
59 3138
25 3149
86 3173
34 3181
32 3183
5 3199
75 3223
70 3260
80 3300
80 3342
45 3369
41 3413
47 3456
37 3479
61 3506
62 3508
20 3522
38 3548
2 3573
2 3578
24 3579
55 3606
89 3653
57 3673
3 3707
50 3751
67 3754
4 3797
16 3809
81 3859
76 3861
20 3867
72 3876
16 3892
17 3903
43 3925
2 3937
75 3972
48 3997
42 4000
2 4011
42 4042
66 4045
10 4047
29 4097
75 4136
19 4151
44 4201
9 4229
93 4274
100 4289
15 4311
66 4347
95 4348
89 4382
99 4404
17 4429
57 4459
89 4475
39 4488
3 4501
64 4550
86 4568
74 4580
57 4621
19 4668
29 4688
78 4701
52 4708
95 4746
81 4747
71 4769
64 4804
75 4811
92 4836
11 4872
93 4879
51 4925
78 4971
86 5000
3 5021
25 5067
67 5074
73 5088
48 5102
32 5150
32 5171
18 5206
43 5246
68 5291
31 5309
77 5339
35 5354
73 5369
77 5417
35 5441
65 5463
92 5490
30 5504
92 5543
57 5579
72 5616
32 5649
25 5663
99 5667
57 5684
76 5731
17 5743
15 5759
56 5781
90 5799
52 5815
66 5822
24 5829
86 5843
5 5866
7 5906
2 5932
58 5972
100 6021
80 6060
17 6094
17 6106
98 6148
60 6196
97 6203
76 6230
17 6274
75 6290
58 6321
35 6365
7 6378
34 6396
85 6404
61 6409
63 6438
19 6456
15 6483
74 6530
71 6567
65 6586
33 6600
23 6648
1 6681
2 6715
43 6716
85 6732
92 6734
53 6752
43 6791
27 6821
73 6836
29 6844
57 6869
67 6884
7 6933
57 6945
84 6995
61 7000
56 7040
27 7057
68 7075
100 7102
7 7128
48 7157
83 7204
87 7233
6 7243
91 7280
10 7286
99 7306
97 7316
62 7363
53 7391
70 7424
28 7428
5 7440
100 7456
7 7477
97 7500
98 7536
98 7541
56 7565
9 7588
63 7625
5 7630
71 7655
88 7663
24 7696
40 7715
83 7716
36 7720
53 7738
85 7749
33 7773
85 7794
2 7843
64 7846
86 7859
31 7888
10 7926
82 7931
19 7959
65 7984
69 8000
27 8005
66 8024
44 8038
93 8050
71 8085
10 8091
11 8111
41 8146
20 8160
99 8188
100 8226
27 8266
82 8291
30 8331
93 8375
34 8423
93 8460
5 8489
33 8538
72 8544
97 8589
95 8591
66 8628
71 8656
49 8694
59 8708
43 8734
71 8781
30 8789
98 8809
37 8823
19 8859
87 8873
56 8910
85 8924
52 8936
38 8963
61 8967
87 8998
61 9015
73 9047
58 9096
1 9101
18 9151
66 9185
87 9208
82 9242
87 9267
15 9286
46 9315
19 9354
97 9374
27 9384
99 9418
91 9453
6 9499
34 9501
32 9510
67 9557
72 9566
41 9584
31 9626
7 9640
33 9667
92 9709
79 9735
8 9759
69 9760
68 9801
32 9831
67 9841
13 9871
13 9883
51 9893
63 9925
1 9950
30 9966
63 9972
30 10011
16 10044
58 10056
22 10066
33 10113
52 10115
86 10143
37 10183
35 10212
10 10237
99 10272
45 10293
46 10320
25 10366
85 10373
59 10399
