capacity:
215
write:
2
48 70
138 100
read:
118
read:
149
write:
2
164 50
2 136
write:
2
45 192
107 106
write:
9
150 27
94 75
164 137
170 21
28 192
17 103
176 184
188 193
101 152
write:
10
196 157
88 191
59 142
93 170
200 94
107 97
118 107
97 25
103 94
22 101
write:
2
148 9
161 37
read:
103
write:
3
35 100
133 140
172 73
write:
5
96 83
182 76
210 91
192 83
7 215
write:
5
107 118
160 72
208 122
113 198
125 168
read:
90
write:
5
149 41
170 96
149 81
83 22
70 87
write:
6
145 208
208 80
89 176
152 94
56 43
81 64
write:
9
33 91
147 191
67 39
189 118
170 39
48 173
6 58
71 101
85 177
read:
41
read:
169
read:
62
read:
159
read:
97
read:
77
write:
2
207 214
111 115
read:
109
read:
69
read:
139
read:
149
write:
3
152 1
35 132
49 188
read:
49
read:
140
read:
120
read:
4
write:
4
186 106
197 60
13 118
28 43
read:
13
write:
6
206 42
84 205
197 103
155 22
41 175
183 176
write:
8
4 172
171 77
88 161
1 203
185 151
200 18
100 102
109 120
write:
6
160 59
140 133
185 142
120 130
111 14
37 57
write:
6
58 59
194 112
106 29
32 99
17 152
146 55
read:
45
write:
5
94 149
150 154
57 101
41 2
70 136
write:
4
16 85
171 193
38 129
64 62
read:
42
read:
210
write:
5
166 163
130 100
60 106
18 13
31 177
write:
5
177 71
8 60
36 103
9 173
42 134
read:
108
write:
10
211 6
24 109
146 101
149 80
5 171
55 66
42 64
130 185
155 92
85 66
write:
3
128 37
26 81
172 202
read:
197
read:
151
write:
9
160 84
40 153
132 90
79 94
14 200
94 29
63 76
59 56
155 84
read:
17
write:
7
55 59
74 192
75 203
69 190
46 84
40 155
95 96
write:
10
97 64
20 73
116 41
117 22
168 131
175 126
15 111
73 50
30 208
151 168
read:
104
write:
8
161 1
64 118
155 180
122 53
44 184
73 21
100 167
129 167
read:
30
read:
37
write:
3
189 186
38 209
36 124
write:
3
58 142
203 16
193 127
write:
3
12 43
32 71
176 153
read:
53
read:
159
read:
22
read:
166
write:
9
137 202
15 59
9 92
17 57
12 55
50 14
73 29
181 172
151 123
write:
5
188 166
118 157
168 148
54 164
99 156
write:
9
209 209
84 39
58 5
18 1
22 174
103 151
134 89
178 73
43 10
read:
93
write:
1
80 190
read:
77
write:
3
196 79
116 63
40 106
write:
10
40 19
185 160
187 178
63 203
68 180
17 87
36 187
177 132
78 186
141 99
read:
72
write:
8
212 96
49 127
187 34
193 82
195 192
42 116
195 89
80 39
write:
3
107 102
25 132
98 6
write:
4
161 104
161 168
145 161
126 180
read:
65
read:
189
read:
71
read:
186
read:
194
read:
65
write:
9
124 108
102 135
151 58
54 144
207 86
17 119
112 114
113 18
188 56
write:
6
96 198
106 76
71 119
177 97
78 27
160 67
read:
167
read:
61
read:
82
write:
10
37 198
176 62
195 40
167 84
17 193
189 175
121 53
86 72
59 91
63 147
read:
169
read:
147
write:
5
80 57
119 119
67 34
95 185
192 64
read:
203
write:
5
115 31
71 81
198 141
74 1
58 109
write:
7
10 12
209 70
68 204
31 212
165 182
2 47
182 115
read:
52
write:
1
139 136
write:
5
8 71
54 47
109 178
140 170
148 54
write:
2
182 92
114 205
write:
3
173 41
12 64
17 146
write:
8
215 100
75 153
58 5
136 41
175 42
133 164
113 159
32 29
write:
4
117 178
112 157
92 162
86 80
read:
195
write:
10
88 68
83 195
67 192
148 13
30 197
104 148
195 208
115 173
2 89
196 102
read:
162
write:
5
141 66
85 117
59 162
67 73
63 215
write:
6
22 83
95 112
101 191
28 84
46 164
169 177
write:
9
9 165
96 40
135 114
58 63
146 91
136 35
212 72
43 22
82 181
read:
182
read:
163
read:
174
write:
6
142 109
163 48
159 26
195 207
199 125
3 106
write:
7
126 181
162 54
201 13
6 29
48 95
144 209
66 26
write:
9
59 13
154 206
116 9
84 34
80 11
101 48
28 185
79 161
29 68
read:
123
read:
55
read:
176
read:
1
write:
2
171 128
164 196
read:
155
read:
121
read:
164
write:
10
143 134
20 33
179 143
156 99
157 107
134 199
162 10
163 101
174 63
174 173
read:
107
write:
8
88 172
214 153
20 185
76 80
90 168
16 174
145 7
131 6
write:
10
112 78
131 118
184 207
140 208
101 3
16 148
34 149
109 92
164 38
155 3
read:
113
read:
144
write:
6
112 89
4 135
50 199
120 152
120 21
162 157
write:
5
107 182
117 48
145 197
90 29
28 145
read:
79
write:
7
215 213
102 209
122 157
121 150
4 10
110 100
88 5
read:
98
read:
147
read:
94
read:
133
write:
10
142 78
123 118
8 136
56 13
79 36
39 136
186 92
207 92
97 97
190 176
read:
183
read:
185
read:
128
write:
3
42 35
92 198
94 150
read:
115
read:
133
write:
5
136 196
164 100
147 152
9 19
69 19
write:
1
84 6
read:
171
read:
185
write:
7
56 54
116 10
215 134
23 83
70 116
27 109
44 164
read:
57
read:
206
read:
33
write:
7
198 148
80 8
65 35
183 67
18 72
153 43
179 139
read:
60
read:
32
write:
2
128 199
51 93
write:
1
66 118
write:
9
44 191
207 126
41 116
143 8
214 56
33 142
144 51
39 183
212 113
read:
130
write:
5
165 117
67 150
211 185
31 130
52 127
write:
8
194 188
120 53
47 204
53 145
87 97
119 47
210 193
198 1
read:
128
read:
68
write:
3
198 123
26 140
32 19
read:
67
write:
10
189 176
154 131
125 138
115 108
52 214
129 170
110 160
64 139
89 113
30 57
read:
210
read:
62
read:
187
write:
2
147 108
73 97
write:
9
130 199
164 34
194 106
106 124
49 96
160 59
150 15
57 24
70 167
write:
8
82 122
132 14
154 87
51 129
170 166
154 102
125 62
166 44
read:
125
write:
9
139 45
192 188
143 22
111 7
176 17
145 42
183 116
104 103
111 190
read:
25
write:
1
98 161
read:
193
read:
139
write:
5
96 195
182 213
136 95
66 29
185 34
write:
8
52 52
123 189
136 22
151 164
184 199
141 156
215 87
78 193
write:
1
4 17
write:
5
49 189
206 113
178 33
158 157
213 200
write:
9
208 114
131 27
103 138
21 111
131 66
19 29
132 125
83 129
164 43
read:
91
write:
9
214 83
166 47
85 28
202 138
73 88
156 132
166 82
63 102
133 119
read:
186
write:
5
196 129
145 74
80 36
133 135
28 202
read:
178
read:
46
read:
135
write:
8
185 17
210 125
184 61
45 98
2 167
119 109
115 191
146 97
write:
10
192 106
86 61
181 1
120 117
14 18
172 88
25 192
203 114
139 205
87 41
write:
3
88 90
47 19
202 133
read:
173
read:
117
write:
6
111 150
32 150
210 89
69 209
3 169
215 154
read:
15
read:
48
write:
1
27 176
read:
7
write:
5
91 40
134 89
124 40
152 189
53 74
write:
4
24 41
177 54
74 28
109 29
write:
7
153 182
174 42
160 178
17 32
46 89
200 49
114 33
read:
165
write:
1
170 97
read:
201
write:
8
91 167
212 2
131 196
167 169
58 74
95 116
22 95
135 125
read:
173
write:
4
64 102
151 65
26 27
159 106
write:
6
75 213
42 190
26 86
25 213
107 14
136 24
write:
1
201 129
read:
11
read:
88
read:
212
read:
11
write:
4
162 162
147 17
50 197
101 56
read:
155
write:
5
52 134
96 103
9 137
125 61
123 197
read:
67
write:
7
39 150
215 140
169 74
4 164
13 150
62 152
35 89
read:
58
write:
3
100 114
168 84
60 47
read:
14
write:
2
189 174
208 34
write:
4
14 62
184 133
129 186
125 159
read:
181
read:
200
write:
4
16 142
78 69
35 206
79 87
write:
8
98 106
66 161
105 42
100 207
139 20
192 129
107 88
54 150
read:
15
read:
114
write:
10
114 39
72 24
209 173
95 192
83 152
34 61
141 165
182 49
114 24
190 126
read:
81
read:
55
write:
10
50 100
56 152
169 54
20 58
210 106
120 34
3 152
147 191
96 48
144 189
read:
87
read:
72
read:
7
read:
155
write:
6
174 43
131 132
51 167
22 65
46 37
110 139
write:
10
171 56
45 56
28 86
142 15
71 13
166 11
148 138
60 134
131 1
70 125
read:
210
read:
113
read:
145
write:
2
121 190
155 38
write:
3
96 181
140 39
183 69
read:
27
write:
2
30 125
182 97
write:
7
132 152
17 56
96 87
66 82
93 35
209 96
196 45
write:
9
69 186
104 92
150 96
87 153
175 148
168 90
170 121
202 148
2 185
read:
17
write:
2
116 52
163 212
write:
4
136 120
188 12
36 61
122 126
read:
43
write:
7
149 156
121 213
164 18
162 88
180 32
205 200
88 19
write:
1
36 44
write:
3
155 85
132 195
9 101
read:
179
read:
88
read:
150
write:
4
149 204
150 108
150 178
173 46
write:
10
54 3
123 195
54 10
45 114
65 130
3 147
22 66
204 166
206 56
92 68
write:
5
46 209
177 99
37 187
201 194
87 56
read:
207
read:
79
write:
9
209 95
141 201
126 208
71 8
201 170
45 144
189 183
192 122
147 29
read:
200
read:
78
read:
118
write:
2
145 109
18 131
read:
188
write:
8
135 107
69 167
157 49
165 73
4 207
17 171
79 144
89 16
write:
1
41 15
write:
1
172 82
read:
206
write:
4
5 103
80 154
112 85
62 168
read:
150
read:
192
write:
5
145 190
135 122
19 156
19 183
43 98
write:
5
82 112
132 7
97 51
93 8
50 126
write:
4
157 209
101 205
13 191
84 38
read:
36
write:
1
75 34
write:
8
132 212
129 194
33 204
28 35
132 32
134 27
60 73
91 11
write:
5
80 164
186 183
116 123
34 50
70 43
write:
3
117 151
115 15
74 54
read:
68
read:
161
read:
9
read:
14
write:
7
117 85
184 22
161 7
183 147
87 133
201 42
151 25
read:
54
write:
2
88 91
137 149
read:
6
write:
4
23 82
53 19
184 199
81 22
read:
158
write:
7
31 148
185 111
203 102
57 43
18 90
144 5
205 91
write:
7
138 153
55 82
156 138
66 55
55 85
96 204
165 80
read:
95
write:
1
120 82
read:
196
read:
203
write:
10
4 3
208 196
40 174
134 211
52 141
128 31
65 103
68 173
47 44
78 85
read:
110
write:
9
4 110
137 53
123 54
173 164
111 63
200 75
21 192
207 65
140 101
read:
155
write:
8
68 12
202 121
192 68
37 107
139 190
196 186
87 60
93 135
read:
76
write:
10
64 159
12 67
70 12
174 121
148 119
121 56
206 107
80 137
121 88
205 172
read:
126
write:
6
37 206
103 41
133 64
84 29
177 99
198 136
write:
10
214 178
109 24
19 22
115 18
147 149
64 140
211 121
78 122
188 201
118 28
read:
18
write:
2
113 160
134 206
read:
172
write:
10
143 173
207 109
84 189
161 12
110 38
7 132
19 15
82 146
24 207
154 168
read:
13
write:
7
195 162
209 51
129 77
189 107
18 56
128 10
215 150
read:
203
read:
182
read:
95
read:
68
read:
92
write:
4
170 39
96 96
22 33
72 186
write:
3
92 11
127 10
104 76
read:
88
read:
104
write:
3
35 65
104 136
196 92
write:
3
52 68
213 48
123 121
read:
100
write:
5
108 189
111 63
87 150
175 203
110 196
read:
211
write:
2
21 122
133 142
write:
3
113 82
4 40
74 97
read:
118
write:
8
199 205
140 72
46 72
133 87
75 167
180 149
202 198
147 155
read:
204
write:
2
63 81
87 150
read:
172
read:
94
write:
3
20 15
15 100
194 128
write:
10
4 50
210 202
29 126
42 112
89 178
92 155
180 129
124 215
214 54
144 173
read:
53
write:
2
39 192
199 92
read:
74
read:
147
write:
3
136 178
148 124
113 65
read:
23
read:
69
write:
1
81 123
write:
9
162 149
59 115
60 28
122 195
85 58
14 84
165 193
24 12
110 170
write:
2
18 130
24 96
write:
6
143 199
55 51
41 34
17 196
162 19
208 38
write:
4
140 60
10 158
69 104
40 76
read:
146
write:
4
20 61
134 5
115 140
170 34
read:
108
write:
7
55 23
120 116
153 20
165 154
182 121
186 112
138 188
write:
7
96 98
52 57
199 160
126 146
124 180
83 69
71 85
read:
98
read:
23
write:
10
29 125
108 92
140 77
47 99
40 200
13 16
116 155
64 211
7 181
28 189
write:
4
45 169
140 215
86 143
87 204
write:
2
6 4
131 195
write:
7
168 135
172 212
14 66
190 145
210 208
191 43
94 119
read:
114
read:
5
write:
4
40 87
40 34
87 142
208 100
read:
104
read:
40
write:
3
152 128
189 127
30 82
read:
33
read:
79
write:
3
133 55
130 209
53 193
write:
4
201 90
66 44
58 173
120 4
write:
7
69 200
213 122
109 69
118 28
113 89
124 174
32 186
write:
1
112 171
write:
6
176 72
113 194
73 118
70 130
68 175
61 171
read:
68
read:
89
read:
9
read:
108
write:
9
8 129
45 51
115 41
167 94
210 102
120 174
179 28
152 69
48 155
read:
155
read:
181
read:
15
write:
1
173 141
read:
157
write:
4
37 197
45 71
166 53
81 88
write:
9
69 206
51 118
42 169
75 100
120 77
5 60
92 138
35 27
13 193
read:
71
read:
98
write:
2
169 195
61 125
write:
4
133 25
188 144
123 3
137 131
read:
6
read:
135
read:
164
read:
82
read:
26
write:
1
103 59
write:
3
143 3
144 120
1 122
read:
45
read:
186
read:
194
write:
8
120 172
47 209
95 30
186 169
137 202
214 96
133 3
208 60
write:
1
49 14
read:
195
write:
7
53 177
75 102
195 141
74 198
211 136
119 10
56 41
write:
3
45 45
138 58
199 41
read:
109
write:
6
73 158
208 185
178 129
144 12
96 100
163 78
write:
9
154 128
35 27
19 3
91 165
153 148
19 98
122 92
193 28
74 76
read:
61
write:
7
74 112
9 206
148 143
39 212
163 55
47 106
211 168
read:
43
read:
215
write:
5
28 186
76 154
14 147
187 183
36 177
write:
2
103 118
189 71
read:
47
read:
155
write:
8
205 169
8 190
22 76
140 98
79 78
53 96
127 93
97 101
write:
5
51 46
204 204
215 29
127 96
60 195
read:
56
write:
5
112 203
42 205
139 68
112 19
76 4
write:
8
74 61
203 204
98 178
151 26
28 99
50 119
45 190
91 143
write:
1
179 80
read:
95
read:
153
write:
8
29 146
15 186
182 155
123 186
138 115
215 36
23 42
170 125
read:
166
read:
146
read:
116
read:
100
write:
8
132 146
89 211
160 125
161 155
101 171
52 1
126 199
94 143
write:
6
60 165
17 175
145 69
80 181
48 169
19 145
write:
8
38 189
103 160
188 32
11 186
14 173
4 37
47 63
49 122
write:
10
161 87
105 184
84 73
64 7
205 65
126 27
105 174
53 198
64 150
125 38
read:
52
read:
147
read:
53
read:
13
write:
10
76 23
4 139
76 49
73 103
24 1
16 94
154 148
77 168
150 123
118 30
read:
129
read:
123
read:
102
read:
56
write:
1
103 98
read:
152
write:
4
176 210
78 104
16 53
183 204
write:
2
91 123
118 24
write:
8
154 93
58 194
21 178
122 161
78 38
75 38
153 60
102 107
read:
142
read:
182
write:
4
156 115
9 163
165 152
70 183
write:
8
52 213
42 124
186 61
207 79
163 200
184 157
100 86
134 35
read:
30
write:
7
140 100
25 135
168 213
208 80
124 173
13 91
167 5
read:
114
read:
149
read:
107
write:
2
20 144
80 207
write:
7
77 91
110 209
155 21
119 186
54 124
148 94
47 35
write:
10
35 81
214 139
186 29
7 18
111 79
23 165
12 164
7 83
168 76
66 197
write:
8
82 74
170 80
103 214
162 84
25 119
65 80
204 28
127 4
write:
4
157 187
150 119
21 202
198 208
read:
148
write:
5
174 166
83 149
47 160
136 47
182 10
write:
5
171 167
89 44
172 117
167 183
114 117
write:
3
136 4
13 32
108 194
read:
146
read:
76
write:
2
8 144
9 72
write:
10
9 84
124 90
1 172
176 70
91 194
10 78
95 182
190 151
197 162
158 172
read:
2
read:
81
write:
1
115 142
write:
6
99 194
82 76
130 23
152 193
211 211
173 24
write:
10
19 155
91 107
87 106
92 62
52 102
91 179
186 93
44 60
68 132
65 29
write:
2
97 9
76 167
write:
6
175 206
58 208
60 74
1 6
93 130
140 163
write:
2
123 73
92 102
read:
154
read:
80
write:
1
191 122
write:
10
23 82
187 27
157 177
128 56
99 204
47 105
178 128
13 33
173 85
215 1
read:
5
write:
7
211 168
151 201
12 18
202 210
214 196
45 41
63 187
write:
6
69 38
210 168
82 179
47 149
28 28
54 12
write:
2
135 72
35 3
write:
2
29 111
44 110
write:
2
56 49
149 192
read:
157
read:
108
read:
153
read:
72
read:
82
write:
2
178 158
56 3
read:
29
write:
9
32 185
37 66
60 113
41 190
80 149
152 135
186 132
152 134
117 153
write:
4
202 161
72 127
149 61
212 158
read:
50
write:
2
39 177
101 64
read:
90
read:
75
read:
159
write:
1
137 201
read:
74
read:
29
write:
10
29 213
184 192
69 73
154 186
64 112
88 1
168 101
19 168
146 158
187 199
read:
140
read:
121
write:
4
129 209
93 206
134 66
121 89
write:
1
50 7
write:
6
103 192
101 86
23 127
104 95
193 7
105 70
read:
95
read:
212
write:
9
56 64
97 153
213 98
89 87
187 98
209 32
78 36
17 178
83 181
read:
203
write:
2
67 90
205 141
read:
134
read:
201
write:
6
118 1
60 151
2 44
69 145
114 102
104 97
write:
1
26 10
read:
195
read:
72
read:
148
write:
5
96 137
164 200
147 10
51 213
46 73
read:
72
read:
114
write:
7
108 17
145 211
204 212
64 206
30 26
15 194
43 111
write:
7
181 78
108 109
143 16
101 91
20 62
23 193
94 141
write:
9
125 70
5 7
29 58
152 149
215 109
86 140
45 186
147 24
14 56
read:
195
read:
76
write:
7
178 12
209 26
27 214
64 23
139 161
187 97
35 24
read:
7
read:
128
write:
8
41 35
84 215
124 31
210 10
163 186
209 73
90 79
207 103
write:
4
163 100
108 147
214 30
129 199
read:
130
write:
5
211 16
162 100
69 189
135 146
43 134
read:
32
write:
10
63 58
57 16
17 21
63 144
37 48
115 71
205 153
114 32
140 41
84 174
write:
6
195 212
201 194
111 105
11 71
65 120
4 4
read:
26
read:
40
write:
3
172 121
38 180
104 185
write:
7
7 139
23 128
98 142
16 116
134 118
44 152
210 158
read:
89
write:
10
40 207
114 81
30 185
34 1
55 86
156 176
163 2
144 128
81 121
78 176
read:
16
write:
5
190 203
140 28
133 140
146 99
199 70
read:
138
read:
8
write:
1
155 81
write:
5
214 134
173 203
24 119
122 101
65 79
read:
141
read:
55
write:
10
27 138
158 10
97 80
189 136
74 17
125 161
1 190
13 177
86 75
116 12
read:
211
write:
4
105 134
14 109
100 43
173 58
write:
9
124 19
214 35
163 58
94 193
27 51
14 134
85 61
71 79
145 147
write:
1
48 192
write:
3
8 54
23 180
131 204
write:
4
28 183
152 71
183 146
51 3
write:
5
207 185
162 130
68 197
13 145
123 89
write:
8
166 74
21 152
45 50
29 19
94 180
19 135
88 70
43 191
write:
5
163 169
96 61
210 118
202 123
160 56
read:
189
write:
8
17 172
8 65
114 56
157 47
53 130
120 48
72 87
205 164
write:
4
38 39
126 168
49 112
49 105
read:
42
write:
2
53 149
117 84
write:
5
211 134
66 141
119 69
45 49
152 135
read:
5
write:
6
83 138
179 46
139 86
136 134
153 114
119 9
read:
166
write:
2
122 75
22 143
read:
214
read:
91
write:
4
43 78
160 143
23 99
194 158
write:
8
198 125
176 172
58 15
25 177
140 215
115 138
208 197
154 16
write:
3
114 162
10 151
65 152
write:
5
139 107
45 34
5 72
53 102
182 85
write:
10
135 84
174 149
113 145
70 184
181 141
135 176
161 110
7 164
91 114
92 78
write:
2
184 101
191 184
read:
100
read:
48
read:
51
write:
4
213 100
181 31
68 83
67 6
write:
1
135 9
read:
4
read:
139
read:
30
read:
202
read:
182
read:
93
write:
7
38 109
161 71
114 185
188 98
6 154
214 208
19 70
read:
98
write:
1
78 48
write:
3
164 57
39 83
61 81
write:
6
184 101
179 35
36 197
205 207
151 65
9 59
read:
43
read:
88
write:
8
127 111
84 207
93 113
203 75
200 33
47 59
75 25
82 6
write:
1
8 115
write:
4
154 24
126 99
77 204
20 74
write:
4
167 138
211 1
46 85
128 188
write:
1
123 22
write:
10
128 92
134 161
83 205
62 168
190 183
105 131
147 184
156 172
98 123
120 122
write:
6
177 25
210 68
140 3
103 49
200 186
105 94
read:
54
write:
5
93 199
53 76
204 45
85 181
135 50
read:
99
write:
5
215 146
42 178
156 3
85 29
85 100
write:
4
20 161
196 117
111 92
194 95
write:
3
145 4
147 134
170 59
write:
8
164 179
27 119
79 138
116 38
120 64
95 145
133 150
25 146
write:
3
185 44
30 66
183 180
write:
9
178 143
168 191
61 134
111 195
68 127
195 26
117 215
38 23
98 111
write:
6
165 162
101 34
95 35
3 35
85 201
90 116
write:
2
33 189
105 134
read:
106
read:
162
read:
5
read:
73
read:
18
read:
65
write:
2
51 44
3 6
read:
19
write:
6
103 50
41 123
124 132
154 153
20 203
91 158
read:
47
read:
173
read:
194
read:
122
write:
7
167 85
76 92
195 123
137 47
15 176
157 27
4 44
read:
192
read:
169
read:
88
write:
5
142 144
195 74
110 208
164 198
20 31
read:
33
write:
2
192 197
46 203
write:
2
52 128
82 51
read:
82
write:
7
194 45
101 36
64 122
116 107
109 139
91 13
112 112
read:
119
write:
2
205 182
151 172
read:
16
read:
169
read:
66
read:
57
write:
2
187 121
158 45
read:
140
read:
63
read:
144
read:
48
write:
5
55 189
158 55
93 110
92 171
9 176
read:
82
read:
28
read:
23
read:
147
read:
5
read:
43
read:
166
read:
115
write:
6
167 185
189 209
69 5
59 39
20 135
166 136
read:
123
read:
75
read:
16
read:
36
write:
4
35 169
202 76
4 87
11 68
write:
10
9 41
80 196
4 26
114 76
71 118
111 82
71 48
199 49
7 20
208 23
read:
162
write:
4
205 77
146 182
85 4
63 173
read:
34
read:
146
read:
107
write:
10
98 164
83 167
191 54
92 20
109 148
75 28
149 185
175 60
78 86
82 31
read:
139
write:
5
138 157
128 47
128 101
197 63
115 5
write:
6
23 42
167 48
23 185
194 90
190 95
86 195
read:
19
write:
8
150 101
5 62
112 21
113 116
30 163
52 200
11 176
20 38
write:
8
22 159
195 170
23 71
164 126
201 151
91 65
71 125
125 65
write:
8
128 1
199 38
137 142
122 178
44 171
206 117
60 49
45 72
write:
7
103 202
63 56
134 132
80 73
132 106
159 125
162 33
read:
177
write:
4
203 7
165 108
156 207
42 172
read:
197
write:
1
153 17
write:
3
85 201
202 124
158 119
write:
5
57 92
176 200
215 183
112 183
87 121
read:
172
write:
10
34 151
178 34
208 14
98 204
181 67
109 165
44 99
78 154
92 175
1 160
write:
2
176 105
19 186
read:
64
read:
82
read:
88
read:
215
write:
2
188 57
56 197
write:
3
38 207
73 139
160 58
read:
138
read:
207
write:
7
110 208
206 26
123 14
70 6
20 143
89 149
198 114
write:
5
89 162
103 206
70 36
160 180
39 128
write:
2
113 125
209 134
write:
6
40 167
61 64
44 149
124 121
8 57
127 186
read:
98
read:
17
write:
10
85 88
129 203
103 195
166 118
144 132
127 76
51 11
186 32
24 185
100 16
write:
10
166 139
12 65
81 38
45 91
40 156
85 178
23 191
205 163
137 156
121 202
write:
1
180 41
write:
9
36 202
126 99
183 136
156 43
31 22
195 109
193 92
121 56
31 51
read:
31
read:
175
write:
4
15 192
191 177
81 136
117 82
read:
203
read:
89
write:
10
150 141
7 102
175 133
143 104
153 153
202 169
131 130
58 204
156 109
9 160
read:
144
read:
138
write:
1
126 172
read:
38
write:
2
130 157
161 184
read:
157
read:
172
write:
4
168 145
58 175
198 151
145 86
read:
11
write:
1
191 160
write:
5
108 205
118 151
134 66
116 211
199 178
read:
141
write:
1
68 102
write:
4
8 69
120 112
160 91
57 146
write:
9
195 38
181 3
158 45
10 123
68 173
3 71
118 114
200 155
154 51
read:
69
read:
196
write:
7
177 171
179 161
38 135
43 49
9 80
174 63
67 79
write:
5
141 73
108 24
163 139
2 138
16 164
read:
63
write:
8
196 108
167 83
202 36
208 194
102 185
129 83
205 162
196 96
read:
46
write:
10
24 57
58 81
66 140
32 17
188 150
116 50
76 145
60 67
103 71
125 61
read:
159
read:
109
write:
5
161 160
165 48
7 101
163 82
183 97
read:
58
read:
149
write:
7
129 180
157 183
175 44
149 179
80 4
22 198
215 54
write:
6
70 195
57 3
40 113
159 61
197 157
209 150
write:
8
65 2
61 32
131 162
185 213
169 172
195 184
15 24
125 74
write:
1
163 179
write:
7
190 83
13 61
153 61
184 133
3 18
171 14
111 193
write:
10
115 144
76 38
45 168
6 27
59 180
69 167
175 116
117 74
20 58
161 175
read:
39
write:
2
190 62
99 161
read:
10
write:
3
119 16
119 173
178 64
read:
180
write:
7
78 33
107 177
190 37
72 57
182 4
1 129
124 143
write:
4
205 157
12 138
100 81
145 96
read:
37
write:
4
181 52
34 67
5 174
123 182
write:
5
193 113
106 53
34 89
131 163
89 127
write:
6
30 122
62 50
215 40
170 211
214 200
170 125
write:
1
166 125
read:
185
read:
15
read:
86
write:
3
52 88
131 139
26 19
read:
107
write:
2
98 213
53 159
read:
62
read:
75
read:
90
read:
118
write:
4
58 93
113 67
34 115
136 101
read:
63
write:
1
212 82
read:
72
read:
19
write:
6
87 27
114 102
189 79
142 52
64 30
130 46
write:
9
1 118
179 64
181 93
138 198
80 89
176 24
161 203
139 18
148 41
read:
179
write:
3
61 169
102 185
42 97
read:
205
read:
132
read:
18
write:
3
103 79
23 165
7 163
read:
11
write:
6
30 73
127 194
25 12
124 92
213 59
29 82
write:
1
110 53
read:
63
read:
29
write:
3
99 113
13 72
54 151
read:
212
read:
39
write:
4
45 169
59 113
7 137
152 42
write:
9
34 178
92 131
204 42
206 12
136 164
53 133
85 159
52 182
202 61
read:
59
write:
7
69 66
31 27
79 168
147 167
143 37
144 141
207 146
read:
166
write:
7
178 192
65 25
53 125
127 11
193 147
52 108
95 214
write:
2
75 168
192 44
read:
63
read:
199
read:
1
read:
52
read:
202
write:
3
50 148
51 168
112 161
write:
5
214 125
95 70
33 169
164 197
162 8
read:
110
read:
148
write:
5
58 150
33 199
27 27
212 180
57 183
write:
8
18 64
115 29
31 131
123 108
58 160
199 84
35 50
158 21
write:
10
66 97
197 16
112 39
137 197
1 64
184 12
92 77
196 177
196 138
84 151
write:
4
210 131
143 19
85 77
21 204
read:
142
read:
17
write:
2
146 125
193 165
write:
10
70 84
9 120
133 212
120 5
14 14
87 108
21 30
151 209
2 53
133 133
write:
9
109 69
85 4
21 139
92 70
13 97
142 62
138 119
99 179
130 89
read:
104
write:
1
202 145
write:
4
146 212
75 55
84 197
172 43
write:
10
129 86
184 67
31 21
171 7
140 138
107 149
96 80
140 157
87 102
19 20
write:
10
210 36
188 55
193 51
142 138
19 120
129 20
26 212
120 122
76 4
110 192
write:
9
34 131
124 57
108 96
37 141
66 3
92 143
15 23
88 99
102 126
read:
102
read:
133
write:
8
143 104
130 165
44 10
173 211
171 11
101 79
203 111
76 54
write:
9
204 43
132 135
71 128
153 178
3 146
31 38
152 162
1 6
13 104
write:
10
22 48
134 103
13 41
121 150
104 102
136 159
28 158
213 30
19 215
67 186
read:
123
write:
4
167 128
136 84
103 204
42 160
read:
147
read:
163
read:
175
write:
3
7 61
132 142
147 62
read:
157
write:
7
196 54
90 93
85 130
13 181
97 120
35 178
179 60
read:
66
write:
4
37 198
152 166
187 52
205 108
write:
1
195 156
write:
4
10 17
169 163
21 105
52 33
write:
2
85 180
43 49
read:
18
write:
7
197 99
81 68
143 128
77 32
143 185
202 86
23 134
write:
3
45 16
128 170
48 142
read:
75
write:
8
66 99
150 31
127 47
171 195
73 124
186 162
122 46
197 139
write:
2
133 172
87 72
write:
6
96 197
156 138
39 49
6 120
199 206
115 138
read:
163
read:
35
write:
7
158 124
111 79
199 209
112 41
196 152
103 3
101 97
read:
146
read:
156
read:
148
read:
161
write:
6
144 72
99 131
129 137
52 204
45 100
163 139
read:
166
write:
6
194 150
152 31
7 21
90 90
45 1
190 214
read:
147
read:
68
write:
7
40 17
143 12
28 69
133 109
204 176
179 27
75 84
read:
75
read:
205
write:
4
54 30
105 140
205 20
18 49
write:
7
119 212
205 197
201 186
163 126
34 112
94 193
180 37
write:
2
207 58
4 143
read:
38
write:
10
75 127
109 154
80 180
150 109
58 46
214 140
170 129
47 14
23 6
14 141
write:
8
124 162
35 204
83 178
182 187
120 16
73 211
18 73
50 30
read:
94
read:
29
write:
8
98 129
76 195
107 3
164 157
215 172
152 36
138 167
125 41
read:
168
write:
3
77 208
78 119
70 170
write:
2
143 159
162 136
read:
119
read:
85
write:
10
212 129
165 48
150 7
53 114
127 209
214 26
186 206
172 128
159 143
193 87
write:
9
160 56
209 108
47 214
95 159
35 132
146 174
174 167
142 95
56 171
read:
193
read:
190
write:
9
126 26
128 80
173 97
26 190
195 50
202 62
198 38
55 8
89 114
read:
168
read:
173
write:
3
24 109
133 120
163 24
write:
2
208 136
25 48
write:
10
83 172
152 203
201 11
103 187
12 50
88 165
77 5
196 144
114 23
170 42
write:
9
38 7
32 64
103 126
117 47
111 149
165 144
62 38
190 208
56 112
read:
47
write:
4
12 58
31 137
203 5
62 119
read:
41
write:
3
63 203
133 68
102 1
read:
82
write:
9
41 204
149 99
111 46
212 197
185 43
48 134
128 5
17 140
151 23
write:
8
20 16
189 18
105 47
166 5
140 132
130 159
156 118
161 133
read:
14
read:
125
write:
8
11 125
186 59
145 47
154 129
114 181
57 30
132 136
102 52
read:
117
read:
95
read:
125
write:
6
173 88
30 154
163 28
54 7
58 178
57 180
write:
6
42 22
74 100
68 193
104 53
189 90
210 167
write:
1
84 13
read:
186
write:
7
211 179
181 103
208 43
122 77
154 84
200 55
190 190
read:
19
write:
3
91 66
46 103
11 201
read:
26
write:
4
32 54
61 118
95 73
173 186
write:
5
193 27
51 188
195 66
35 140
107 38
read:
49
write:
3
104 6
64 118
24 63
read:
142
read:
140
write:
8
77 45
17 49
140 28
25 133
72 3
21 25
36 50
151 213
read:
113
write:
10
25 67
98 12
4 21
125 123
59 159
176 149
194 208
59 125
134 50
20 20
read:
20
write:
1
22 122
write:
8
26 53
103 132
164 133
124 55
149 74
106 95
215 176
19 169
read:
195
read:
36
read:
115
write:
5
33 3
134 42
71 169
110 44
50 197
write:
4
203 184
214 117
171 117
102 101
write:
9
215 126
93 2
33 147
155 190
9 114
56 33
187 200
199 114
210 209
read:
118
write:
1
88 99
read:
111
read:
106
write:
8
93 83
51 102
19 23
89 58
210 118
108 176
60 177
116 8
write:
2
48 91
196 215
write:
6
64 86
207 116
65 57
146 183
192 29
84 175
read:
5
read:
194
read:
21
write:
4
22 71
97 9
151 202
177 73
write:
5
71 186
61 93
199 153
73 165
186 199
read:
41
read:
207
read:
53
read:
13
write:
10
148 121
73 158
153 127
105 161
172 84
29 24
146 199
68 154
117 203
207 72
write:
3
177 117
105 98
146 101
read:
140
write:
2
71 25
6 163
read:
16
write:
9
214 166
64 202
69 53
20 58
210 172
193 99
155 48
82 195
60 148
write:
3
13 42
160 17
57 120
write:
9
114 145
14 150
207 24
77 96
54 131
77 74
210 128
207 60
13 105
write:
10
190 213
142 85
100 131
50 59
189 125
57 175
68 80
131 75
71 44
77 83
read:
208
write:
4
15 188
206 8
134 58
35 134
read:
185
read:
58
write:
9
52 6
52 4
6 172
201 48
162 84
79 128
15 15
110 71
62 108
write:
4
8 73
57 152
46 8
162 137
write:
5
204 138
167 205
3 95
162 39
155 138
write:
2
44 169
160 1
write:
9
67 16
101 53
180 154
134 23
86 151
141 55
197 54
2 4
23 119
read:
186
write:
3
134 186
200 188
42 126
read:
202
write:
4
115 56
44 185
103 211
90 203
write:
2
141 124
91 200
write:
3
147 51
209 30
159 208
write:
1
9 167
read:
29
read:
108
write:
3
55 42
92 130
11 166
write:
2
39 49
108 178
read:
63
read:
130
read:
160
write:
3
29 121
11 84
146 125
read:
121
read:
59
read:
11
write:
1
190 102
write:
6
117 125
115 20
90 166
215 69
211 18
73 72
read:
193
write:
4
21 27
115 28
1 64
189 41
read:
177
write:
4
117 127
97 126
130 164
132 44
read:
147
write:
2
193 108
82 134
write:
4
199 68
28 169
45 66
206 47
write:
2
181 74
17 192
read:
182
write:
6
206 72
123 23
208 136
96 40
212 73
138 45
read:
73
write:
4
103 208
190 120
31 174
146 30
write:
1
117 176
read:
76
write:
3
155 66
114 144
170 125
read:
121
read:
177
read:
31
write:
10
181 55
18 153
144 188
39 100
159 173
8 60
34 17
16 167
174 19
180 72
read:
203
read:
159
write:
7
81 27
112 54
77 9
133 102
162 78
196 113
165 166
read:
28
read:
149
read:
127
read:
98
write:
2
86 125
1 23
read:
44
write:
4
27 108
140 150
204 80
109 123
read:
40
write:
8
51 137
121 175
144 107
189 53
174 177
177 65
85 143
113 40
write:
2
57 214
17 6
read:
15
read:
46
write:
3
106 8
72 167
40 137
read:
11
read:
122
read:
160
read:
135
write:
2
11 162
84 120
write:
5
125 38
28 178
27 112
78 97
167 147
read:
101
read:
127
write:
5
22 201
22 30
130 80
181 181
212 141
read:
16
read:
78
write:
1
197 3
read:
191
read:
33
read:
125
write:
8
205 179
102 109
131 96
33 45
177 173
59 13
18 27
195 13
write:
10
76 49
35 38
18 26
121 208
203 121
151 35
70 102
113 44
202 156
165 149
write:
1
103 113
write:
1
33 25
write:
8
175 164
66 156
35 145
87 74
16 102
42 142
3 212
107 76
read:
146
write:
3
123 74
145 89
198 103
write:
4
81 61
188 214
64 9
173 105
write:
6
127 118
197 91
144 159
121 71
116 117
79 4
write:
1
134 156
read:
28
read:
5
read:
8
read:
194
write:
8
52 190
203 64
41 171
102 98
35 86
131 186
99 164
24 206
write:
8
138 153
170 82
89 161
15 1
77 197
77 133
42 94
134 105
write:
7
82 43
166 150
96 188
36 177
181 44
86 177
83 80
write:
4
24 72
34 62
24 46
146 69
write:
7
33 75
17 67
20 205
160 17
73 66
136 31
214 19
write:
4
158 138
20 150
199 174
155 173
write:
2
37 183
85 78
read:
105
write:
2
181 190
96 118
read:
187
write:
7
29 136
190 205
66 47
32 104
183 47
128 127
132 70
read:
189
write:
6
139 185
213 77
57 93
84 108
148 125
86 30
read:
205
read:
75
read:
39
read:
5
read:
120
write:
8
14 18
47 39
117 207
27 91
160 109
8 134
148 173
184 136
write:
9
109 19
88 144
147 211
25 146
35 132
118 54
59 61
7 99
90 40
read:
149
read:
11
write:
10
131 110
214 55
183 215
80 14
74 93
49 63
30 1
78 95
26 65
6 42
write:
8
26 195
158 182
18 7
123 65
179 209
201 46
75 88
91 136
read:
2
write:
10
73 94
191 20
149 171
21 154
114 78
78 205
76 150
129 72
207 115
180 15
read:
117
read:
7
write:
1
80 101
write:
7
145 157
94 33
203 149
61 35
12 173
71 84
127 29
read:
125
read:
144
write:
9
165 200
161 100
19 144
172 135
25 109
43 96
95 87
77 200
155 152
write:
6
37 187
143 132
186 154
54 139
113 135
161 101
write:
7
46 62
212 98
166 9
74 49
56 158
62 197
211 45
read:
201
write:
8
165 47
194 125
187 156
15 37
186 168
213 109
129 54
162 197
read:
122
write:
4
99 146
4 47
191 98
94 78
read:
117
read:
124
write:
6
76 167
42 55
76 62
12 56
35 203
146 28
read:
177
read:
173
write:
3
38 170
90 168
44 124
read:
201
read:
125
read:
120
read:
18
read:
125
read:
99
write:
2
149 55
51 148
write:
2
10 167
93 58
read:
105
write:
8
190 188
82 107
113 88
136 109
171 62
133 86
186 174
148 65
write:
9
157 43
56 148
174 151
55 193
107 183
193 26
98 42
211 126
83 150
write:
5
161 37
142 24
52 153
104 56
208 50
write:
5
133 26
74 70
157 118
112 113
110 18
read:
11
read:
149
read:
35
read:
95
write:
2
69 20
46 121
write:
1
55 27
write:
10
109 119
4 20
198 10
3 158
149 11
181 211
22 38
157 166
133 177
69 154
write:
5
163 151
211 167
78 147
135 82
185 198
write:
10
41 163
210 169
89 195
10 170
87 159
140 51
69 113
95 201
148 22
193 92
write:
6
71 151
145 128
15 35
47 138
62 6
154 184
read:
113
read:
191
read:
155
write:
8
118 139
57 139
87 40
56 109
84 208
170 131
210 177
105 173
write:
3
48 94
152 80
195 207
read:
49
read:
148
write:
7
92 171
4 197
165 94
128 166
114 193
28 98
204 182
read:
118
write:
5
142 43
44 151
12 52
51 144
29 21
write:
6
90 114
138 51
164 31
155 188
1 127
117 108
write:
1
65 101
read:
19
read:
194
read:
23
read:
214
write:
1
45 193
read:
106
write:
1
120 162
read:
201
read:
28
read:
202
write:
9
99 121
97 64
158 30
59 49
204 172
69 20
152 185
187 98
116 117
write:
6
194 213
44 156
93 14
197 118
176 40
129 92
write:
2
34 96
30 183
read:
163
write:
9
120 59
80 9
22 96
60 46
72 184
57 95
192 168
41 32
7 189
read:
139
read:
129
read:
83
read:
137
read:
89
read:
79
write:
3
45 108
109 202
42 46
write:
6
108 127
56 30
54 134
101 110
116 193
93 211
write:
8
55 87
35 43
17 78
113 32
156 205
170 149
74 200
35 62
write:
9
27 175
19 78
22 139
57 203
90 41
188 165
163 23
200 109
182 148
write:
5
69 140
125 172
215 144
143 195
53 187
write:
7
77 138
46 130
100 136
27 19
112 116
11 195
209 79
read:
204
write:
9
73 96
181 201
148 56
194 158
87 13
12 207
16 116
128 131
44 25
write:
2
7 11
29 86
write:
9
158 3
197 97
139 172
57 182
75 9
145 68
71 127
215 94
38 157
read:
206
read:
175
read:
212
read:
214
read:
166
write:
10
109 115
17 20
42 187
187 100
136 137
123 153
128 20
177 116
9 82
100 176
write:
4
98 164
176 173
55 172
206 119
read:
204
write:
1
187 25
write:
7
101 210
62 96
128 9
208 40
89 5
63 113
141 77
read:
150
read:
40
write:
10
121 109
150 134
29 5
93 30
169 177
67 140
149 133
214 207
35 165
54 150
write:
3
165 172
108 188
5 123
write:
2
49 189
7 133
write:
4
24 180
193 81
101 136
138 169
read:
138
read:
89
read:
22
write:
10
94 175
167 62
37 147
147 186
172 126
191 191
202 150
149 135
27 20
179 145
write:
9
157 78
103 186
147 151
11 89
185 169
162 58
127 51
1 150
86 80
read:
111
write:
4
110 114
81 132
84 167
208 81
write:
9
213 119
161 192
201 88
186 192
177 144
17 119
73 33
63 47
126 151
write:
4
107 17
135 81
138 114
109 57
write:
10
138 209
169 139
122 51
208 17
163 4
77 72
21 131
4 124
57 31
20 57
write:
10
175 89
51 25
101 51
5 11
157 26
196 83
59 35
212 152
163 56
2 44
write:
10
129 108
158 31
162 83
211 67
204 123
192 121
187 208
31 81
59 59
84 180
read:
33
read:
72
write:
5
52 114
33 99
18 198
167 39
109 199
write:
2
20 4
108 8
read:
140
read:
81
write:
3
140 131
23 61
57 204
read:
184
write:
10
180 65
14 12
180 43
78 38
181 103
154 203
133 188
201 28
179 58
69 130
read:
80
write:
6
167 85
212 3
142 138
81 78
165 84
214 4
read:
63
read:
58
read:
169
read:
195
write:
1
81 200
write:
5
184 50
180 132
36 189
103 163
57 209
write:
2
46 58
196 173
read:
74
write:
3
74 72
47 112
151 74
read:
166
write:
9
143 12
181 15
158 13
135 155
135 14
149 32
75 119
182 132
18 93
write:
9
198 71
34 160
10 113
136 201
128 167
53 166
84 206
127 203
58 187
read:
51
read:
174
write:
3
58 192
168 163
80 9
read:
99
write:
4
62 57
21 87
144 128
134 157
read:
207
write:
1
107 119
write:
2
95 193
106 66
write:
9
32 30
206 140
164 96
86 142
127 59
153 144
14 198
86 153
69 144
read:
110
read:
1
read:
153
write:
9
175 195
64 37
20 85
15 121
142 210
128 71
105 20
203 19
205 172
write:
4
139 184
38 60
46 194
80 53
write:
3
117 56
21 5
201 132
read:
94
read:
71
read:
177
write:
3
206 37
138 31
80 195
write:
10
144 184
62 179
149 27
30 113
44 133
147 90
144 35
100 152
91 50
206 9
write:
6
64 200
102 13
195 168
59 194
156 208
202 126
write:
5
81 56
146 150
214 99
131 32
13 146
write:
3
52 94
9 1
146 211
read:
96
read:
7
read:
138
read:
201
read:
86
write:
4
213 112
153 195
100 126
72 191
write:
8
168 134
147 73
129 21
118 91
106 170
192 45
84 80
8 31
read:
208
read:
114
read:
196
read:
179
write:
6
161 14
123 198
168 106
12 25
100 39
54 30
read:
210
read:
91
write:
4
176 202
177 108
70 18
199 74
write:
6
213 108
207 158
104 143
123 76
215 144
145 118
write:
8
25 165
50 194
153 204
152 47
165 12
59 205
129 20
155 162
write:
7
162 126
58 208
191 140
215 36
61 197
132 55
72 69
read:
108
read:
116
read:
90
write:
4
195 180
209 158
24 176
168 112
read:
8
read:
59
read:
23
read:
157
read:
144
write:
4
76 191
8 156
152 6
74 42
read:
146
write:
4
92 20
85 181
156 130
39 176
read:
165
write:
7
16 169
207 51
185 159
39 179
135 31
213 20
78 97
read:
114
read:
48
read:
84
write:
9
124 141
11 44
202 110
123 154
173 15
130 39
73 213
55 8
33 114
read:
17
write:
3
186 194
203 159
23 194
read:
90
write:
2
20 83
181 144
write:
4
204 78
102 102
100 44
81 69
read:
35
write:
2
151 102
104 131
read:
120
read:
62
read:
53
write:
5
117 149
48 196
198 98
132 187
12 157
write:
9
84 93
51 140
102 159
154 73
203 57
11 59
198 72
191 184
86 139
read:
201
read:
93
read:
80
write:
7
144 159
106 152
182 127
192 103
167 19
68 41
72 106
read:
87
write:
8
131 194
119 55
119 71
150 137
69 98
173 37
29 124
55 22
write:
7
210 33
207 41
181 81
84 202
88 132
15 131
121 152
read:
182
write:
5
152 2
138 21
129 31
30 171
214 13
read:
153
read:
201
read:
204
write:
9
104 99
86 194
67 11
159 69
111 16
149 19
95 100
134 171
172 103
write:
1
167 213
write:
10
106 174
82 51
60 167
31 96
179 50
168 16
22 172
175 9
168 121
213 152
read:
136
write:
2
126 39
159 18
read:
101
read:
88
read:
91
read:
47
write:
4
142 115
73 84
2 63
10 159
read:
69
read:
180
write:
3
2 179
46 103
204 128
read:
78
read:
173
write:
4
14 190
156 193
97 137
42 127
write:
2
121 28
99 86
read:
215
write:
2
181 55
145 13
write:
1
47 166
read:
70
read:
29
read:
165
write:
2
167 8
117 153
write:
7
70 75
89 28
203 188
46 214
87 212
69 192
214 135
read:
213
read:
144
write:
4
44 116
98 59
47 48
148 36
write:
6
187 52
8 178
143 42
181 205
206 32
64 23
write:
5
164 169
13 137
200 132
105 9
103 54
write:
4
89 131
189 56
215 151
9 73
write:
7
99 77
12 22
130 66
123 125
150 162
31 3
73 118
read:
166
write:
3
153 187
154 188
3 179
read:
197
read:
169
write:
8
129 52
24 54
184 59
4 185
115 67
96 82
204 86
188 115
read:
168
write:
2
195 142
150 11
write:
1
153 29
read:
48
write:
7
50 114
39 177
8 126
124 90
31 189
1 87
172 36
read:
182
read:
86
write:
6
82 33
178 95
33 186
130 172
190 121
197 194
write:
5
94 1
186 113
116 87
25 143
73 156
write:
5
127 114
3 102
136 71
200 88
64 44
read:
63
read:
182
read:
95
read:
63
read:
6
write:
10
41 136
203 203
54 86
67 56
80 74
23 41
26 67
167 165
91 122
78 199
read:
25
write:
10
126 28
202 35
46 134
97 7
33 95
26 10
189 55
99 186
27 99
137 68
read:
63
write:
7
147 150
125 62
50 143
187 196
136 15
165 176
114 104
read:
40
write:
9
58 46
165 132
67 139
3 141
145 37
34 68
10 40
185 103
116 104
write:
9
69 61
36 168
82 15
30 145
16 75
84 213
57 49
99 62
67 197
read:
173
read:
27
read:
173
write:
3
74 18
70 124
189 100
write:
7
138 29
123 127
174 123
16 150
124 65
67 133
104 127
write:
9
162 10
164 205
127 17
62 178
77 214
98 203
188 38
206 29
160 35
read:
88
read:
81
read:
68
write:
3
153 94
87 193
66 88
read:
33
read:
71
write:
5
83 39
76 111
46 147
21 48
183 110
read:
199
write:
2
26 215
11 63
read:
114
read:
49
write:
6
3 110
162 4
84 152
111 81
116 132
83 160
read:
178
write:
9
116 200
162 64
20 89
155 110
145 154
34 210
175 158
174 104
45 22
write:
5
178 25
6 91
38 150
179 191
76 48
write:
7
51 207
109 129
137 174
186 82
103 129
191 110
212 199
read:
116
write:
4
61 174
7 37
214 147
112 202
read:
42
read:
41
write:
1
156 171
read:
175
read:
215
read:
136
read:
82
read:
35
write:
8
115 20
6 42
173 180
214 192
27 5
106 18
109 136
47 113
write:
3
27 65
66 70
42 166
write:
4
172 138
168 72
147 121
140 164
read:
89
write:
10
121 7
1 108
5 171
139 66
174 196
13 52
32 15
4 2
76 80
95 3
read:
7
read:
33
read:
109
write:
1
128 55
write:
4
60 133
151 115
130 119
4 188
read:
22
write:
7
94 59
128 93
24 203
162 22
65 164
80 121
209 170
write:
2
48 35
66 177
write:
10
210 146
55 50
112 168
126 208
8 94
200 197
91 93
81 57
88 64
18 162
read:
63
write:
1
81 60
read:
180
write:
10
111 107
115 92
34 73
173 133
28 133
215 131
208 61
8 49
166 35
156 85
write:
5
27 75
14 77
79 175
172 192
100 111
read:
57
read:
103
write:
8
178 167
86 143
197 15
129 75
10 52
171 49
114 14
44 173
write:
7
98 50
85 156
184 26
12 40
123 196
200 49
66 36
write:
2
148 79
14 207
read:
142
write:
2
67 180
133 66
write:
3
186 95
63 188
75 94
write:
1
107 154
write:
5
51 99
15 126
67 44
122 70
132 15
read:
112
write:
9
136 114
3 183
26 51
87 41
215 129
184 126
212 77
54 74
47 137
read:
55
write:
4
160 201
64 63
89 171
133 191
read:
44
write:
3
29 203
17 210
162 44
write:
3
168 9
111 173
128 83
write:
7
158 113
77 63
55 108
127 25
136 1
3 214
195 127
read:
214
read:
167
read:
100
read:
4
read:
131
read:
184
write:
5
18 21
209 64
200 89
183 48
161 84
read:
114
write:
5
27 20
116 151
44 2
40 12
75 36
write:
9
36 134
31 208
3 154
7 35
46 151
181 103
164 4
196 26
150 190
read:
146
write:
1
22 85
write:
5
155 78
129 57
113 70
210 162
21 180
read:
26
read:
80
read:
83
write:
1
214 183
read:
192
read:
172
read:
78
write:
7
201 160
53 214
188 172
151 72
65 110
171 51
116 79
read:
178
read:
10
read:
135
read:
100
write:
5
132 56
19 105
82 154
37 63
65 97
read:
128
read:
205
write:
5
144 72
135 79
73 214
143 58
165 111
read:
74
write:
4
145 132
57 167
206 195
209 111
write:
9
170 19
43 131
140 150
15 6
198 103
153 24
88 114
176 21
90 57
write:
10
63 39
22 8
52 20
50 108
22 112
202 19
166 60
149 180
6 208
98 30
write:
8
59 202
33 45
43 78
45 203
138 74
10 130
197 85
11 14
read:
163
write:
4
206 120
96 74
168 90
44 175
write:
7
94 96
116 5
37 204
130 100
25 42
23 98
204 59
read:
16
write:
2
152 108
63 108
read:
121
write:
2
64 119
102 28
write:
2
159 93
205 6
write:
9
199 13
183 162
189 214
134 115
76 100
177 136
172 125
125 165
71 24
read:
10
read:
149
read:
13
read:
49
write:
5
7 183
20 82
9 17
130 155
85 188
read:
141
write:
8
128 26
35 154
192 153
28 26
196 59
203 183
40 214
153 76
write:
7
46 64
215 9
176 19
67 213
154 149
207 189
97 61
read:
167
read:
119
read:
46
read:
55
write:
6
75 30
71 137
66 63
142 91
110 34
36 9
write:
6
97 194
20 163
111 117
197 108
191 30
137 11
write:
1
137 17
read:
84
write:
8
214 133
47 76
105 201
32 5
166 25
49 145
199 90
17 189
write:
2
5 151
135 105
read:
67
read:
97
write:
1
215 142
read:
95
write:
6
136 80
151 70
133 97
154 108
34 96
182 183
write:
6
170 159
99 146
167 47
94 49
13 69
77 172
write:
6
22 152
163 30
205 115
94 146
208 213
206 141
write:
6
37 8
131 82
33 160
128 129
93 124
143 36
read:
130
write:
10
78 135
52 173
52 198
5 142
20 166
164 58
105 78
46 59
60 192
106 101
read:
92
write:
1
31 19
read:
178
read:
28
write:
4
168 198
67 120
30 193
31 80
write:
2
91 207
107 5
write:
8
190 151
58 71
210 2
199 175
18 17
54 59
85 196
117 173
read:
82
write:
9
138 166
53 85
121 22
191 113
204 47
3 158
32 182
41 66
129 17
read:
37
read:
208
write:
3
39 42
14 4
89 102
read:
115
read:
139
write:
4
150 137
17 68
37 46
122 27
read:
47
read:
23
write:
4
102 88
194 55
160 59
34 144
write:
5
90 6
14 77
64 154
145 211
52 97
write:
3
51 184
214 14
175 20
write:
4
166 25
89 187
29 114
149 117
write:
4
189 92
14 165
81 124
202 68
write:
5
214 193
211 168
118 201
173 213
80 94
write:
10
49 28
52 41
41 136
84 139
53 145
60 120
55 124
72 10
156 99
128 67
read:
124
write:
10
157 47
119 73
88 62
163 113
198 160
200 61
9 46
205 214
33 48
32 54
read:
197
write:
5
110 151
195 148
210 92
45 161
213 153
write:
9
66 86
19 193
77 148
81 181
206 56
2 81
2 166
148 25
80 87
write:
1
29 163
read:
31
read:
9
read:
102
write:
4
75 201
212 214
201 198
190 37
read:
129
write:
3
30 15
55 130
209 214
write:
1
3 210
read:
214
write:
2
102 200
214 212
write:
4
172 48
194 84
107 152
92 167
write:
10
182 164
114 198
65 123
193 202
156 161
118 32
160 26
17 198
79 72
89 46
write:
10
66 211
192 106
77 139
19 159
144 144
10 16
214 174
108 58
166 137
215 39
write:
10
178 114
17 4
95 41
143 93
146 140
61 81
123 158
21 136
4 116
89 27
write:
8
64 192
2 177
59 153
48 24
189 44
99 156
57 84
28 64
write:
8
92 92
149 23
188 80
174 75
206 189
142 164
4 18
40 164
write:
5
208 158
165 141
68 90
171 127
111 97
write:
9
28 202
89 65
47 64
40 188
133 81
194 68
110 13
44 193
115 37
write:
8
105 40
108 58
140 50
56 70
132 133
157 141
206 34
160 193
write:
9
176 2
28 201
97 136
10 16
143 156
39 77
61 35
62 177
79 85
write:
6
71 139
4 170
211 20
95 11
73 118
8 32
read:
12
read:
132
write:
3
75 100
88 149
134 104
read:
49
read:
97
read:
16
read:
75
read:
84
read:
156
write:
10
79 126
78 122
28 163
211 78
30 136
19 173
104 77
119 5
108 186
150 130
write:
3
143 168
193 59
69 104
write:
1
172 93
write:
10
10 137
126 165
86 140
151 37
10 4
23 197
57 169
190 113
213 71
49 135
read:
113
read:
192
read:
158
write:
1
115 91
write:
3
55 137
170 18
208 116
read:
59
write:
2
113 126
93 126
read:
38
write:
8
59 205
209 153
214 117
51 76
131 52
125 196
187 33
53 110
write:
1
9 189
read:
19
write:
4
120 119
75 23
160 164
9 109
write:
4
139 136
134 208
60 135
11 45
read:
133
write:
9
194 4
189 43
141 211
34 118
11 214
110 90
50 174
73 195
36 35
write:
1
102 29
write:
2
138 44
191 135
write:
8
139 40
100 87
213 16
145 214
73 80
158 190
50 133
70 109
write:
5
174 46
46 19
144 96
171 206
87 151
read:
76
read:
203
write:
9
197 39
17 150
19 102
44 43
58 144
21 67
62 176
84 153
77 75
write:
9
45 120
175 58
141 85
134 116
186 71
119 136
78 85
214 74
208 93
write:
7
115 73
168 65
172 144
34 140
11 22
126 95
34 208
write:
5
188 165
179 149
197 120
97 30
102 200
write:
8
37 121
169 34
203 167
141 185
12 162
43 158
17 117
190 33
read:
155
write:
10
74 52
46 7
211 36
7 49
62 169
164 27
63 14
177 97
4 172
78 72
read:
91
write:
2
133 190
145 132
read:
79
read:
107
write:
10
96 105
89 82
27 211
146 78
202 32
204 155
89 97
156 204
101 190
77 162
write:
10
166 97
66 36
128 138
148 137
132 181
117 97
179 44
73 105
19 57
11 86
write:
1
46 186
read:
165
write:
5
154 125
78 65
202 177
140 88
187 127
read:
185
write:
5
95 36
11 115
77 166
58 146
88 51
write:
4
195 103
76 70
129 82
201 131
write:
9
141 122
99 188
156 43
183 58
155 138
125 197
52 9
190 145
205 149
write:
3
33 99
130 70
36 65
read:
83
write:
9
60 54
83 2
214 55
74 83
82 57
114 147
186 107
28 138
179 211
read:
114
write:
3
34 145
85 57
87 4
write:
3
4 37
98 180
129 177
write:
9
89 206
4 83
159 86
146 127
190 198
129 61
50 136
66 161
63 118
write:
6
86 36
202 209
105 41
45 90
201 53
150 87
write:
2
25 186
148 44
read:
47
read:
189
write:
9
116 92
118 163
211 84
58 191
206 72
90 203
8 2
159 104
171 208
read:
58
write:
7
32 94
56 40
83 51
190 140
161 64
161 148
129 92
read:
200
write:
8
136 54
31 7
9 43
100 154
132 61
74 127
108 55
143 32
read:
134
write:
8
33 87
104 39
181 178
52 67
80 165
205 137
113 45
19 207
write:
2
121 174
25 104
write:
9
194 15
16 74
140 77
47 133
34 139
148 169
77 64
77 5
120 44
read:
96
write:
1
64 155
write:
3
208 4
156 166
193 1
read:
144
write:
7
213 130
95 196
28 32
160 159
127 142
79 191
200 142
write:
10
34 181
64 142
11 170
35 5
58 70
33 10
58 107
176 211
50 123
104 39
write:
2
74 159
170 128
read:
200
read:
149
write:
5
38 65
122 98
198 20
23 195
108 96
read:
202
read:
70
read:
105
write:
8
178 94
27 4
149 183
61 59
17 60
116 127
205 54
181 215
write:
6
213 77
120 128
11 11
174 156
12 19
27 138
write:
1
80 96
read:
201
read:
170
read:
16
write:
9
181 11
78 169
20 87
27 192
149 16
131 71
2 70
127 123
50 73
read:
20
read:
194
write:
4
90 189
140 7
53 199
117 202
write:
7
100 181
59 115
155 147
204 187
204 15
98 34
126 187
read:
178
read:
93
write:
4
208 117
95 194
28 131
142 202
read:
182
write:
7
203 81
85 192
116 210
2 45
58 6
168 91
200 42
write:
9
37 11
47 132
79 69
129 37
201 113
210 9
96 190
144 55
171 35
write:
7
1 91
21 207
88 91
143 111
188 16
17 4
149 16
read:
166
read:
103
read:
201
read:
60
read:
54
read:
44
read:
181
read:
122
write:
5
31 128
187 210
123 25
130 7
8 88
write:
7
183 176
124 165
125 130
128 211
126 43
174 179
204 18
read:
67
write:
4
103 175
111 54
102 72
34 87
write:
4
93 3
205 179
203 18
190 80
write:
9
64 151
98 128
132 108
124 97
86 37
133 213
195 83
141 29
78 164
write:
6
106 147
149 168
45 73
55 197
140 121
42 5
read:
199
read:
182
write:
4
97 105
176 209
176 193
2 19
read:
30
read:
99
write:
7
104 113
146 33
157 52
98 70
17 160
29 125
15 50
write:
4
21 200
14 102
177 55
184 208
read:
153
read:
93
write:
10
60 46
74 204
24 204
204 118
185 20
135 53
100 210
26 49
63 196
40 26
write:
3
74 117
28 143
82 121
read:
175
write:
8
128 215
127 4
76 19
75 125
82 153
20 165
111 74
91 193
write:
4
144 48
106 82
182 142
22 156
write:
5
25 135
41 172
109 108
195 169
112 189
write:
1
97 106
write:
8
148 155
177 52
117 148
106 39
168 149
22 9
107 46
178 19
read:
36
write:
2
80 89
188 5
write:
9
207 8
126 194
113 172
127 139
147 157
204 112
62 208
46 77
48 170
read:
102
write:
3
210 35
178 158
30 110
read:
67
read:
113
write:
2
150 214
10 115
write:
1
182 88
read:
90
read:
37
read:
49
write:
6
75 25
179 118
86 209
199 8
51 180
212 40
read:
149
write:
7
98 44
54 48
13 43
4 34
127 124
108 70
163 213
read:
71
read:
134
read:
141
read:
174
read:
66
read:
174
write:
4
33 67
185 29
166 13
185 111
write:
2
80 96
149 160
write:
4
93 131
160 90
209 30
70 66
write:
7
180 74
148 190
126 175
117 131
75 209
46 35
189 164
write:
1
114 40
write:
3
141 208
49 20
18 165
read:
135
write:
3
71 201
42 128
38 23
write:
7
18 208
160 180
189 152
117 45
62 60
194 170
212 147
read:
177
read:
175
write:
1
17 46
write:
4
173 150
162 75
5 204
33 164
read:
4
write:
9
141 58
80 129
198 61
113 203
109 193
68 135
82 175
122 58
192 201
write:
2
4 34
92 168
write:
6
38 176
146 33
2 212
111 163
176 76
52 146
write:
7
15 211
95 188
45 183
163 199
108 160
54 166
140 119
write:
2
206 140
141 16
write:
7
78 105
24 141
36 33
97 58
1 73
168 179
108 35
write:
2
215 47
176 84
read:
187
read:
67
read:
11
write:
4
69 39
204 22
29 107
93 63
write:
1
4 120
read:
28
write:
2
23 139
47 125
read:
51
read:
42
read:
40
read:
167
write:
1
169 20
read:
109
write:
6
54 173
31 47
35 15
65 96
108 52
44 12
read:
196
write:
1
173 124
read:
188
read:
121
write:
3
215 62
97 120
76 204
read:
203
write:
5
98 201
44 49
45 1
125 176
2 161
read:
25
write:
6
111 181
180 118
27 16
19 209
85 72
141 157
read:
4
read:
186
read:
20
read:
122
write:
9
138 183
10 112
175 154
44 75
54 199
2 171
175 185
23 198
79 150
read:
34
read:
28
read:
180
write:
6
122 86
59 44
110 61
190 44
18 117
157 40
write:
5
66 126
155 26
147 63
114 193
89 132
write:
10
35 128
193 167
53 207
75 123
197 76
177 64
138 168
28 139
169 73
149 96
read:
94
read:
30
write:
2
72 38
94 143
read:
117
read:
91
read:
3
read:
96
read:
55
write:
4
59 7
120 38
45 193
117 203
write:
6
181 35
182 125
120 86
162 47
73 72
96 18
read:
76
read:
161
write:
10
23 18
189 123
15 133
153 127
77 73
122 25
173 8
17 162
153 116
191 118
write:
7
64 77
177 148
211 83
140 203
111 165
68 147
89 154
write:
2
12 6
73 114
write:
8
29 92
21 25
20 190
47 89
28 42
163 30
10 57
36 96
read:
106
read:
105
read:
79
read:
107
write:
1
90 49
write:
8
67 154
132 177
127 58
42 197
29 115
146 195
132 39
176 168
read:
127
write:
1
211 50
write:
4
122 56
73 153
77 49
207 104
read:
106
write:
10
132 141
203 103
158 122
34 27
63 182
87 140
140 149
176 47
142 192
83 198
write:
2
66 103
81 197
write:
1
179 215
write:
8
105 214
57 128
42 149
107 91
184 112
80 147
53 33
169 55
write:
5
79 126
16 94
202 179
191 107
136 51
write:
6
60 104
118 58
105 96
58 195
7 103
149 21
write:
1
147 125
read:
7
write:
5
162 180
29 11
25 157
154 39
140 89
read:
136
read:
14
write:
10
11 9
3 66
117 64
75 143
36 213
1 183
87 109
175 140
102 169
85 3
write:
7
95 108
174 33
210 133
35 156
156 161
79 88
165 196
read:
65
write:
6
23 105
142 144
139 53
165 28
96 31
28 53
read:
112
read:
185
read:
165
write:
7
110 35
77 205
215 57
111 124
152 188
97 78
186 31
write:
3
40 137
27 181
107 146
write:
7
161 200
135 37
161 205
143 205
125 209
208 53
194 1
write:
4
69 137
194 190
106 177
39 124
read:
35
read:
138
read:
164
write:
1
168 72
read:
95
read:
7
read:
46
read:
148
read:
172
read:
80
write:
9
211 183
191 186
60 197
109 213
111 205
101 77
9 84
75 196
115 47
read:
32
write:
2
47 72
120 83
write:
10
154 144
59 19
157 85
9 137
203 130
64 121
95 94
13 142
168 120
44 184
write:
10
3 73
102 135
206 8
67 205
69 188
165 99
91 214
151 131
204 199
74 84
write:
8
78 35
62 87
44 128
104 16
157 145
60 50
68 177
43 98
write:
4
57 153
33 208
93 194
14 190
read:
21
write:
9
11 76
10 66
96 92
133 176
183 102
184 182
18 191
23 137
156 183
read:
195
write:
2
34 33
63 55
write:
6
195 62
90 137
165 130
6 194
30 173
6 136
write:
7
10 70
145 157
50 123
107 171
46 112
40 55
2 97
write:
2
7 73
108 35
read:
148
write:
3
71 94
152 61
105 26
read:
169
read:
193
write:
6
95 189
95 136
64 164
62 55
74 129
85 213
write:
4
8 25
76 208
34 127
172 128
read:
15
write:
8
1 156
82 51
76 175
145 185
20 159
207 77
201 176
130 205
write:
5
81 207
96 23
136 65
43 69
90 71
write:
4
200 192
170 10
203 208
12 189
write:
6
62 105
67 137
5 77
138 28
60 197
5 131
read:
102
read:
162
write:
9
43 11
136 212
139 103
71 60
129 75
113 47
136 127
161 133
78 215
write:
5
30 39
46 43
129 142
168 133
159 84
read:
196
write:
8
125 152
34 93
40 160
102 3
199 80
173 80
104 116
157 69
write:
3
54 173
211 99
25 16
write:
7
139 99
170 88
215 200
45 199
116 4
102 102
85 106
write:
9
193 47
14 81
26 187
195 41
136 40
61 26
46 22
210 109
179 10
write:
10
206 60
205 143
49 103
54 7
54 109
115 54
133 194
191 199
36 140
166 120
write:
7
90 113
176 71
24 46
34 162
94 111
41 87
57 162
write:
4
13 113
29 153
211 194
14 121
read:
183
write:
3
194 36
85 79
75 13
write:
10
209 141
129 51
39 64
155 41
206 99
113 66
205 78
166 175
153 139
136 129
write:
5
48 102
146 42
170 164
100 142
73 56
read:
103
write:
3
49 149
167 137
19 11
read:
148
write:
2
165 131
107 38
read:
111
write:
3
100 68
206 92
116 147
read:
44
read:
120
write:
5
117 175
33 44
66 173
159 114
202 213
write:
1
7 50
read:
61
write:
9
213 196
29 140
73 132
43 156
194 131
101 85
181 85
42 4
134 89
write:
1
12 202
write:
6
106 65
13 47
176 52
187 118
197 76
174 117
write:
4
36 17
106 8
215 41
196 172
write:
8
125 37
142 143
160 166
157 24
159 161
121 151
78 37
214 65
read:
44
write:
6
94 206
27 52
144 92
34 53
168 109
26 149
write:
10
150 182
142 72
57 55
181 152
162 120
166 92
180 99
78 96
45 211
20 136
read:
124
write:
3
119 64
185 167
88 159
read:
175
read:
142
write:
6
1 104
215 105
103 10
37 160
27 23
77 186
read:
197
read:
73
read:
168
read:
65
read:
85
read:
17
write:
5
175 173
172 91
137 69
36 47
168 186
write:
10
32 47
202 108
124 82
192 42
198 113
38 167
197 78
103 125
184 24
21 166
read:
177
write:
6
107 20
19 54
3 46
46 164
170 25
135 60
write:
8
186 4
158 204
79 48
66 191
120 23
64 37
32 7
169 153
write:
1
62 79
read:
190
write:
1
57 72
read:
47
write:
7
26 119
53 102
115 21
115 44
170 105
196 46
62 168
read:
93
write:
10
158 118
122 197
140 84
152 123
22 180
40 202
18 113
207 205
129 67
6 167
write:
6
97 28
73 155
149 112
142 192
99 169
144 120
read:
138
write:
3
88 13
124 105
117 189
read:
82
read:
186
read:
18
read:
192
write:
10
107 147
63 179
146 53
52 194
196 133
119 15
124 193
28 33
188 179
206 23
read:
185
read:
109
read:
19
read:
153
read:
144
read:
77
read:
28
write:
4
11 99
114 138
13 10
135 215
read:
19
write:
5
128 149
146 69
66 126
111 201
73 104
read:
215
read:
58
write:
9
37 116
113 143
104 145
57 109
66 111
213 109
43 38
193 53
168 160
write:
2
109 108
29 146
read:
116
write:
10
147 10
24 130
107 193
191 209
30 193
53 115
30 39
94 123
175 66
14 71
write:
5
54 211
58 182
78 167
115 138
9 108
write:
4
184 89
52 88
77 66
113 166
write:
9
165 46
204 59
127 170
173 28
188 180
147 31
205 68
204 100
146 212
write:
2
181 43
16 91
write:
5
23 33
19 95
160 158
135 190
131 100
read:
67
write:
3
64 211
139 125
147 8
write:
5
213 52
97 180
166 2
51 104
44 152
read:
101
read:
69
read:
88
read:
59
read:
139
write:
8
137 172
90 47
159 70
114 37
211 35
134 196
124 179
27 43
read:
177
read:
18
read:
13
write:
3
109 12
105 179
65 137
read:
98
read:
103
read:
110
write:
10
197 194
122 14
192 33
101 2
188 33
197 13
104 31
186 141
160 196
116 14
read:
192
read:
75
read:
3
read:
102
write:
3
49 70
208 197
130 109
write:
4
51 159
210 198
165 154
113 109
write:
5
208 107
133 62
197 68
166 198
72 70
write:
8
84 156
189 198
16 85
75 26
109 111
158 125
193 114
147 129
write:
3
74 35
6 188
164 24
read:
137
read:
205
write:
1
211 42
write:
8
94 205
60 212
24 18
110 4
214 180
193 118
115 131
60 108
write:
2
93 4
47 51
write:
8
128 113
19 80
77 112
7 145
62 104
30 184
215 163
22 165
write:
9
110 208
129 120
105 121
128 113
41 80
36 70
40 189
40 186
115 34
write:
5
197 156
122 52
203 77
1 29
35 121
read:
202
write:
8
76 49
168 16
21 23
41 183
84 84
133 149
183 160
135 178
write:
5
116 34
116 89
18 204
2 164
125 49
write:
1
13 198
write:
6
168 51
192 131
193 135
81 181
73 91
40 154
write:
5
194 118
197 208
79 193
64 47
98 163
read:
17
write:
7
97 132
119 79
155 212
100 195
158 52
65 57
187 69
write:
10
73 25
118 197
157 71
182 183
154 190
50 191
63 17
204 145
22 138
35 188
read:
80
read:
11
read:
25
write:
4
38 2
161 35
24 94
154 207
write:
10
129 87
173 211
72 108
180 83
16 191
105 140
86 51
74 105
175 168
134 171
read:
92
read:
193
read:
122
write:
4
117 72
171 127
44 195
193 24
write:
7
69 142
150 159
84 93
98 23
123 151
163 169
190 95
write:
5
78 6
135 176
24 213
160 154
200 205
write:
6
163 176
39 2
202 171
14 72
38 167
170 18
read:
96
read:
92
write:
4
11 53
164 104
25 61
85 209
write:
9
185 117
174 23
8 209
20 100
161 201
205 11
153 166
211 184
110 10
write:
9
169 160
194 111
21 186
196 45
202 127
204 65
60 170
102 153
47 37
write:
9
77 67
120 137
30 91
120 185
33 183
96 124
91 111
92 59
158 28
write:
8
77 8
113 32
202 122
40 46
205 67
46 167
49 125
141 202
read:
164
read:
142
read:
199
write:
7
31 158
214 35
52 114
1 154
177 169
106 119
149 146
write:
5
18 56
207 65
121 112
120 168
105 3
write:
3
147 142
121 211
91 187
write:
1
108 6
write:
6
100 203
22 67
48 36
199 189
36 177
9 160
write:
4
195 99
154 163
194 56
160 149
write:
5
202 27
212 67
122 176
72 92
91 20
read:
184
write:
8
213 200
11 86
191 96
173 49
207 136
181 62
89 83
170 199
write:
2
154 198
193 195
read:
103
write:
7
205 106
40 163
88 203
213 44
151 188
153 201
11 97
write:
9
19 125
154 139
45 100
162 135
68 83
74 114
91 198
24 104
142 28
write:
3
8 92
81 75
129 41
read:
117
write:
1
9 65
read:
198
read:
87
write:
4
132 67
171 193
141 108
131 157
read:
19
write:
10
160 74
197 203
52 39
9 137
159 18
153 151
116 10
77 162
195 129
119 11
write:
7
203 201
173 205
43 185
78 88
142 147
52 146
41 90
write:
8
192 141
124 121
180 172
140 60
180 196
149 115
18 1
94 194
read:
90
read:
112
write:
2
91 198
213 60
write:
5
72 178
167 55
23 59
101 9
177 17
write:
7
179 125
27 44
210 177
61 24
73 121
88 136
189 53
read:
90
read:
57
write:
9
1 128
123 32
208 95
126 125
16 85
55 155
68 111
188 183
186 215
read:
211
write:
10
108 72
78 122
157 169
19 101
203 127
176 172
211 5
4 111
88 123
146 201
write:
10
188 67
213 156
131 157
13 203
25 203
204 189
214 128
59 49
80 22
63 190
read:
172
write:
6
79 65
187 139
99 172
18 105
194 162
109 183
write:
3
24 203
54 92
148 187
read:
6
write:
7
162 202
144 74
96 144
210 33
46 84
132 206
146 122
write:
8
47 117
164 58
38 56
158 184
12 119
6 56
137 140
107 159
write:
10
198 60
91 59
140 60
62 39
15 49
46 201
162 123
56 16
69 179
52 94
write:
1
103 211
write:
2
171 22
166 111
read:
51
write:
1
132 102
write:
2
195 114
160 88
write:
9
117 191
22 188
16 184
36 89
129 129
69 79
7 18
120 195
159 87
read:
36
write:
10
134 12
154 98
177 78
131 115
30 55
8 91
146 15
53 103
111 82
78 9
read:
74
read:
158
read:
6
write:
5
80 128
67 204
33 182
200 56
167 208
write:
6
96 147
215 147
80 105
140 212
111 133
33 15
write:
6
31 59
201 170
128 132
20 56
87 36
53 30
read:
22
read:
99
write:
4
191 156
136 204
187 161
8 64
read:
149
write:
8
168 178
43 114
29 108
6 208
187 146
90 133
69 137
215 167
write:
1
86 74
read:
174
write:
5
25 141
179 135
205 83
63 158
4 128
write:
4
50 206
157 10
31 211
40 77
write:
6
89 139
30 163
174 182
190 80
34 84
56 68
write:
9
112 178
169 111
31 16
54 189
77 62
8 33
180 29
95 102
150 6
read:
29
write:
6
16 10
58 82
66 63
67 131
101 26
133 46
read:
80
write:
6
167 147
127 151
87 186
121 58
166 163
167 95
read:
185
read:
28
write:
7
46 118
38 53
28 145
24 132
161 134
86 96
172 30
read:
156
read:
3
write:
5
96 10
102 37
74 46
91 51
22 105
write:
4
192 108
45 8
141 180
63 203
read:
7
write:
7
16 35
66 85
44 211
2 138
101 147
171 116
70 161
read:
68
write:
3
52 33
58 64
158 130
read:
63
read:
140
write:
7
137 101
183 183
76 185
53 169
196 36
185 52
81 22
write:
3
64 111
95 191
112 71
read:
79
read:
87
write:
3
106 108
212 18
48 24
write:
10
57 194
176 55
20 11
126 104
64 57
118 22
161 14
178 97
90 164
187 174
read:
29
read:
42
read:
104
read:
63
write:
4
43 90
6 109
31 65
73 93
read:
186
read:
119
write:
3
123 96
186 70
114 215
write:
5
38 127
68 50
186 2
121 157
58 24
write:
4
67 21
170 52
148 48
102 107
read:
6
read:
175
read:
6
write:
3
87 59
67 46
2 108
write:
9
90 26
215 167
18 197
140 46
55 11
129 188
65 131
96 79
165 166
read:
90
write:
9
149 195
186 59
138 132
51 213
100 135
121 14
163 128
132 38
110 76
read:
89
write:
6
66 209
19 203
73 116
67 32
183 111
135 41
write:
9
131 206
209 128
117 30
156 37
211 75
40 91
97 167
213 141
95 130
write:
6
22 138
157 53
111 212
133 7
17 179
174 193
read:
157
write:
4
98 38
163 185
116 171
85 95
write:
3
186 87
11 83
192 84
read:
201
write:
2
182 137
17 157
write:
9
19 83
52 178
174 52
141 179
70 26
95 10
57 215
138 143
163 80
read:
31
read:
200
read:
7
read:
140
write:
6
1 114
34 193
105 87
177 44
186 206
174 8
write:
9
185 170
205 207
73 203
81 174
4 42
35 111
5 72
39 33
199 133
read:
183
write:
10
195 128
37 210
157 27
47 204
4 77
63 29
43 74
63 30
143 25
24 33
write:
4
138 41
53 180
148 104
51 87
read:
53
read:
204
write:
7
58 55
115 176
1 74
57 23
120 63
17 136
58 51
read:
24
read:
191
read:
144
write:
7
9 21
129 209
162 203
166 93
157 177
26 58
55 120
write:
9
145 13
155 38
177 25
123 101
171 127
149 156
16 210
102 104
28 35
write:
3
5 175
191 95
10 11
read:
28
write:
4
81 77
6 44
148 43
131 68
write:
6
6 130
120 185
212 202
145 48
135 58
126 156
read:
132
write:
9
80 112
65 91
63 50
161 5
55 55
215 123
181 44
182 175
190 6
read:
112
write:
5
96 167
101 13
215 205
108 23
171 172
write:
3
118 68
121 120
35 84
write:
10
111 204
170 59
120 141
70 164
210 149
3 74
174 198
144 82
126 98
83 7
read:
134
read:
164
write:
7
161 41
6 175
138 129
204 69
119 192
8 202
65 118
read:
191
read:
199
read:
168
read:
39
read:
202
write:
6
164 133
101 156
95 213
214 211
53 94
47 89
write:
1
170 31
write:
9
185 64
156 163
46 44
202 196
106 30
12 190
211 85
130 80
185 72
write:
5
42 145
54 47
93 17
204 202
182 8
read:
122
write:
3
148 158
14 61
189 145
read:
5
read:
170
write:
5
73 73
188 164
162 13
130 100
161 178
read:
145
write:
9
24 33
5 116
2 51
62 160
38 67
110 6
203 168
60 16
18 27
read:
74
write:
4
136 75
175 111
203 126
207 53
read:
2
write:
2
154 55
195 77
write:
9
130 38
205 176
196 115
152 145
2 51
15 153
5 210
178 43
195 210
write:
2
131 96
75 127
write:
2
7 68
62 124
write:
2
185 37
163 149
read:
42
read:
67
read:
7
write:
7
64 141
198 71
208 154
132 152
181 89
39 124
185 36
write:
4
213 21
64 58
65 104
26 64
read:
171
read:
153
read:
116
write:
10
11 212
51 53
87 113
82 192
101 129
138 100
64 49
77 118
94 15
115 179
read:
15
write:
10
71 92
88 43
26 147
201 124
160 111
142 102
27 95
119 41
23 110
193 177
write:
1
85 13
write:
1
118 58
write:
5
111 41
157 132
144 111
175 160
192 159
write:
8
182 174
206 60
66 39
97 193
53 144
65 209
63 71
135 3
read:
181
write:
3
184 51
107 20
191 67
write:
10
86 59
170 91
180 104
167 204
149 146
213 105
188 12
114 214
44 33
91 21
read:
120
read:
190
write:
1
143 146
write:
8
61 178
110 59
110 130
89 158
86 205
50 206
47 90
199 187
write:
10
2 94
35 104
83 75
36 107
170 18
99 107
9 100
202 107
61 195
91 115
write:
10
142 118
34 137
28 31
140 186
7 1
66 157
32 93
79 189
211 29
42 31
write:
3
183 170
96 68
136 163
read:
154
write:
7
107 182
205 65
66 40
82 8
151 35
81 4
146 137
read:
144
read:
16
read:
209
read:
167
read:
133
write:
6
52 64
143 175
150 39
94 178
25 199
37 55
read:
46
read:
168
read:
94
write:
8
6 212
174 24
195 75
135 37
3 199
117 213
100 145
161 56
read:
128
write:
6
18 38
74 162
135 38
36 63
111 93
215 27
write:
9
46 197
188 51
212 52
198 152
139 85
170 121
21 78
21 110
93 156
write:
3
167 111
88 130
63 192
read:
85
write:
4
164 137
157 206
72 164
214 85
write:
4
37 139
58 44
87 34
133 140
write:
3
141 182
209 136
150 156
read:
173
write:
6
119 115
151 31
115 72
70 134
61 58
182 208
write:
1
47 6
read:
43
write:
2
93 186
30 192
read:
34
read:
14
write:
6
157 150
108 117
194 178
131 207
46 28
146 204
read:
162
write:
4
80 122
30 202
116 83
208 121
write:
1
180 61
read:
72
write:
1
106 32
read:
103
read:
43
read:
97
write:
5
62 58
110 35
133 76
108 169
138 7
write:
3
166 214
33 16
213 83
read:
73
write:
8
58 112
85 166
186 12
141 90
173 177
13 191
33 193
170 184
read:
201
read:
133
write:
10
127 41
170 11
186 2
167 59
206 200
30 42
48 192
159 46
161 117
13 11
read:
76
write:
10
20 42
146 178
123 48
130 203
155 191
114 192
134 167
146 66
97 6
6 91
write:
1
156 72
read:
129
read:
68
write:
10
84 92
110 167
48 138
11 117
53 117
143 72
180 69
73 151
3 55
146 147
write:
2
94 34
101 141
read:
140
read:
180
read:
126
write:
3
54 69
8 92
138 105
write:
10
120 97
213 100
111 94
133 139
36 18
155 142
137 31
209 148
17 67
126 89
write:
1
10 210
write:
3
181 129
7 183
199 178
write:
5
117 177
41 166
82 187
39 116
127 87
write:
9
17 71
103 50
139 144
176 112
113 155
38 37
83 39
144 24
53 36
write:
2
34 159
38 32
read:
142
write:
2
79 171
183 44
read:
52
read:
130
read:
131
read:
11
read:
111
write:
3
68 23
167 124
142 156
write:
8
30 143
91 168
197 145
143 178
203 78
15 196
29 207
185 207
read:
73
write:
4
118 34
161 205
70 17
88 11
write:
3
10 77
151 51
6 129
write:
3
152 135
177 135
21 50
write:
3
201 138
130 191
105 144
read:
51
write:
3
14 71
100 69
33 48
write:
2
144 103
60 60
write:
3
17 69
204 186
49 154
write:
3
120 56
46 107
59 74
read:
20
read:
61
read:
172
write:
7
161 213
145 126
109 188
146 37
112 184
43 127
124 198
read:
90
write:
8
184 21
196 196
40 82
143 108
68 84
88 73
3 178
103 166
write:
3
169 134
99 187
67 29
write:
5
31 54
49 106
51 64
32 11
20 101
read:
65
read:
191
read:
10
write:
3
111 46
66 10
173 158
write:
8
197 57
101 120
72 69
104 98
211 73
38 31
187 181
51 38
read:
77
read:
207
read:
37
read:
79
read:
44
read:
2
read:
180
write:
1
24 209
write:
2
30 161
150 198
write:
4
168 60
180 119
17 63
97 88
write:
9
40 210
197 205
96 118
158 186
65 56
211 69
113 151
193 95
112 201
read:
53
write:
8
16 207
143 19
188 3
198 18
40 137
214 64
119 138
112 183
write:
4
109 205
206 172
151 213
23 36
read:
127
write:
10
202 171
5 139
82 16
56 11
56 6
2 47
21 65
134 61
43 38
42 213
read:
84
read:
153
write:
1
41 198
read:
25
write:
10
52 154
114 20
169 22
13 28
91 164
31 54
35 96
162 66
161 9
213 61
write:
3
173 74
186 129
113 19
write:
7
81 107
63 191
77 57
146 36
70 164
34 70
24 214
read:
189
read:
63
read:
18
read:
63
read:
71
read:
67
read:
73
write:
8
6 157
170 196
76 99
87 161
65 213
122 134
31 137
188 140
write:
5
14 62
76 23
84 155
20 41
160 93
read:
103
write:
6
139 10
168 145
29 181
7 198
109 98
66 108
read:
212
read:
131
write:
7
133 119
137 125
85 85
184 175
38 167
86 198
116 178
read:
127
write:
7
4 160
195 27
83 190
159 61
115 26
71 117
210 166
read:
192
read:
72
write:
3
124 158
126 31
215 15
read:
43
write:
8
161 97
24 19
192 124
137 64
94 17
94 197
160 58
47 189
read:
57
write:
1
183 5
write:
1
51 201
write:
5
106 46
60 145
69 196
195 6
153 185
read:
120
read:
37
write:
10
172 36
69 186
205 198
104 212
166 136
7 195
113 162
49 99
90 128
195 189
write:
5
62 186
73 158
130 206
47 165
84 138
write:
2
26 19
35 69
read:
197
read:
54
write:
3
163 11
122 160
58 127
write:
10
113 44
106 133
139 17
29 52
178 64
131 16
62 64
210 161
157 112
69 110
write:
9
190 18
140 20
3 140
15 211
132 143
126 73
207 116
99 130
136 126
write:
8
7 5
211 165
104 83
72 112
98 56
50 74
195 1
55 204
read:
115
read:
38
read:
114
write:
2
78 43
2 133
read:
49
read:
5
write:
10
118 93
177 24
95 149
25 79
84 152
56 90
126 83
167 105
86 123
196 17
write:
9
1 176
143 71
148 122
102 188
76 169
45 118
200 119
202 75
22 48
write:
6
144 193
115 11
75 23
90 123
100 197
148 94
write:
4
23 100
75 111
193 181
39 196
write:
6
183 69
71 100
191 147
158 212
84 14
29 69
write:
6
108 40
174 39
178 198
17 46
93 31
161 74
write:
2
173 49
182 109
read:
67
write:
6
87 166
203 119
152 192
109 74
24 93
13 40
write:
8
11 84
109 130
144 32
49 28
40 108
13 190
148 155
189 166
write:
10
40 84
151 159
143 143
99 24
80 151
77 95
120 130
124 153
160 75
28 49
write:
2
155 1
163 37
write:
1
57 152
read:
170
write:
5
184 191
25 98
212 197
67 89
123 71
read:
70
read:
115
read:
53
write:
9
202 89
108 82
13 23
3 43
153 78
8 4
11 189
202 7
104 73
write:
8
38 12
97 211
194 59
81 17
5 172
105 149
12 72
163 106
read:
144
write:
5
5 77
48 9
167 49
159 154
45 184
read:
100
write:
5
116 208
53 44
125 123
116 173
50 33
read:
4
write:
4
120 122
67 94
81 113
170 55
read:
187
read:
46
read:
128
read:
178
write:
2
37 149
115 56
write:
3
66 2
41 57
115 196
read:
34
write:
5
209 105
185 46
56 179
24 26
98 190
read:
138
read:
149
write:
5
189 164
79 129
150 10
92 62
163 98
write:
1
208 95
write:
10
81 27
137 57
69 172
117 25
31 131
214 75
195 193
29 168
160 191
24 1
write:
9
125 84
2 98
46 194
105 138
100 115
111 81
128 56
35 191
210 117
write:
1
4 41
read:
80
read:
10
write:
8
102 46
181 201
185 33
62 127
174 143
92 13
73 111
40 160
read:
203
read:
108
read:
59
read:
68
write:
3
113 12
153 189
163 155
write:
2
167 45
99 107
read:
184
write:
5
164 208
55 130
90 102
139 136
206 171
read:
32
write:
8
90 181
151 213
66 6
174 27
124 109
120 99
86 62
53 151
read:
211
read:
17
write:
4
167 78
59 41
67 94
16 163
write:
4
114 173
175 207
79 19
60 37
read:
175
read:
190
write:
10
74 146
85 198
166 163
213 164
121 16
26 9
142 186
208 85
79 36
160 70
write:
6
89 176
121 103
156 45
26 127
75 44
122 89
read:
181
write:
5
154 56
119 83
10 200
53 182
35 167
write:
1
186 71
write:
10
20 90
120 129
23 194
109 50
62 103
150 102
82 57
150 79
2 27
126 31
write:
3
131 64
42 32
76 181
read:
188
write:
2
67 10
18 207
write:
3
96 191
181 105
64 12
write:
3
76 171
50 128
33 84
write:
5
77 35
34 167
4 187
23 200
121 111
write:
7
209 106
143 36
77 54
99 24
114 132
211 69
28 165
read:
36
write:
4
121 215
68 155
183 175
144 101
read:
52
read:
148
write:
10
27 40
18 89
35 110
194 169
96 9
159 76
102 151
114 2
34 195
164 79
write:
10
171 171
208 101
140 12
112 178
18 189
118 187
108 171
24 82
110 41
18 175
read:
26
read:
158
read:
95
read:
9
read:
113
read:
156
write:
7
197 88
109 50
66 119
37 96
104 21
115 207
64 96
read:
62
read:
74
write:
4
74 17
69 132
93 139
53 51
write:
1
195 67
read:
172
read:
193
read:
18
read:
197
read:
206
read:
8
write:
8
162 108
16 194
120 36
213 91
120 142
38 42
118 96
113 191
write:
2
61 71
6 110
read:
120
read:
68
write:
9
128 141
80 149
116 111
128 185
25 108
35 73
27 24
108 199
33 24
write:
5
72 178
144 100
78 104
207 58
183 193
write:
4
45 84
3 56
189 10
68 64
write:
5
133 93
200 184
163 31
207 104
32 100
read:
176
write:
3
198 42
88 37
180 19
write:
10
176 70
92 122
138 129
125 74
88 46
36 182
20 96
190 198
10 133
152 68
read:
45
read:
71
write:
8
56 113
16 18
17 30
48 108
153 190
190 91
164 156
155 85
read:
210
write:
3
131 189
61 196
148 15
read:
9
write:
4
201 138
45 75
63 134
190 131
write:
6
134 100
9 155
69 55
143 168
54 67
63 143
read:
59
read:
39
write:
1
171 52
write:
9
197 37
71 212
86 214
186 2
14 175
92 210
200 162
133 122
155 98
read:
117
write:
5
155 107
190 204
57 196
136 200
187 51
read:
194
write:
7
155 85
25 208
159 129
110 152
5 168
152 1
14 73
write:
7
177 159
165 173
158 41
69 60
130 13
155 140
110 182
write:
8
206 151
119 153
192 153
35 5
147 100
25 93
34 123
132 103
write:
9
42 38
211 45
121 87
113 39
64 203
188 7
58 76
16 97
120 83
write:
4
110 168
47 99
197 58
48 135
write:
10
187 143
25 86
21 1
35 16
155 29
89 16
5 175
57 59
204 123
69 98
write:
2
19 41
150 137
write:
6
83 14
48 107
10 193
113 172
140 188
24 9
read:
149
read:
86
write:
6
158 112
116 106
159 106
140 139
191 154
80 17
write:
5
182 91
207 49
144 42
20 48
182 93
write:
7
212 165
146 102
72 61
174 13
44 198
210 117
73 214
read:
132
write:
7
108 99
76 32
2 149
172 153
44 94
155 158
192 23
write:
8
163 63
44 64
15 165
45 79
63 78
57 70
7 196
149 161
write:
10
204 17
171 45
196 53
21 190
194 162
132 208
164 10
194 36
161 37
82 24
write:
3
78 36
201 42
197 112
write:
9
8 85
21 3
2 19
43 204
36 201
73 39
27 100
71 126
210 103
write:
9
100 104
111 109
76 205
198 211
201 98
165 66
192 120
73 182
172 153
write:
9
71 201
51 211
23 2
16 189
24 199
80 9
211 92
170 190
123 100
write:
6
155 76
197 84
39 104
146 87
121 40
74 18
read:
38
read:
152
write:
10
136 29
63 192
157 195
167 65
172 81
110 51
97 145
204 63
103 140
36 190
write:
6
89 128
184 90
24 161
201 25
31 10
115 188
read:
49
write:
3
136 212
175 97
166 177
read:
203
read:
121
read:
32
write:
9
170 160
25 1
92 2
213 77
159 206
159 205
5 38
166 10
34 78
read:
71
read:
214
read:
126
read:
195
write:
9
183 138
85 60
195 101
90 60
64 97
35 182
20 152
56 87
140 108
write:
10
66 77
180 151
116 128
4 149
181 186
98 171
75 2
12 34
131 21
154 23
read:
108
write:
9
102 192
25 31
167 157
71 199
169 35
84 24
127 54
149 207
214 207
read:
202
read:
178
read:
75
write:
7
16 158
112 7
58 123
134 34
71 139
127 21
54 59
read:
9
write:
8
84 96
121 146
157 56
59 87
26 131
37 31
141 108
131 90
read:
197
write:
6
22 145
191 10
44 40
194 47
165 34
163 104
read:
195
write:
6
42 17
98 32
50 127
20 10
110 207
133 109
write:
7
81 95
76 138
202 78
6 129
25 118
54 155
208 88
write:
4
89 172
29 170
151 88
168 126
read:
194
write:
4
27 64
71 195
97 73
127 50
write:
6
156 140
130 68
99 53
179 60
49 126
184 91
write:
1
171 69
write:
1
10 133
write:
3
147 27
182 52
93 155
read:
151
write:
7
8 169
88 83
182 8
115 82
81 48
161 82
83 206
write:
4
2 131
50 154
189 148
1 119
write:
6
183 28
11 6
138 152
28 203
206 48
170 94
read:
74
read:
133
read:
59
write:
4
103 34
209 198
193 62
104 74
read:
171
write:
10
146 128
44 75
15 149
156 157
169 145
36 61
203 87
113 118
181 162
210 91
read:
72
write:
5
19 52
98 65
99 186
60 95
38 118
read:
147
read:
116
read:
61
read:
31
write:
1
143 100
write:
4
187 119
78 197
93 81
2 160
write:
5
117 54
145 58
99 184
167 30
101 130
write:
2
128 17
56 103
write:
1
45 172
read:
15
write:
3
141 47
179 60
100 166
read:
100
read:
171
write:
10
148 92
124 13
136 106
21 32
188 108
71 140
150 71
68 127
73 118
184 141
write:
8
177 122
46 75
46 96
11 106
115 49
24 131
188 107
96 45
write:
1
196 2
read:
177
write:
6
128 45
68 135
130 50
4 145
151 56
131 154
read:
114
read:
177
write:
2
198 4
104 55
read:
124
write:
2
92 26
44 86
write:
1
22 54
write:
2
114 149
30 109
write:
9
187 139
153 159
109 116
147 198
44 167
10 160
177 15
117 16
3 60
write:
2
138 53
160 172
write:
2
151 8
161 74
read:
123
read:
84
write:
3
196 132
94 157
71 27
read:
53
read:
129
read:
144
read:
27
write:
6
53 182
78 145
156 131
123 150
56 175
115 214
read:
101
write:
8
124 30
107 54
143 12
77 12
129 102
31 194
112 202
6 197
write:
9
125 89
53 20
47 28
201 151
114 70
207 94
67 37
41 146
164 123
write:
2
83 101
154 187
write:
2
43 86
13 114
read:
162
read:
128
write:
5
19 120
187 7
140 131
58 116
70 49
write:
10
51 87
130 130
210 57
13 22
47 91
129 10
55 184
159 19
54 148
213 120
write:
10
196 202
31 169
31 93
125 26
191 103
113 193
12 8
115 28
23 173
43 162
read:
127
read:
123
write:
9
200 167
80 111
155 196
119 144
117 144
24 59
2 86
10 72
39 163
read:
185
write:
3
171 102
204 186
117 123
read:
136
write:
4
202 74
59 18
182 184
42 203
read:
146
write:
6
91 201
8 44
25 146
106 171
71 23
58 33
read:
128
write:
3
67 181
180 68
55 174
read:
68
write:
10
85 139
126 34
85 162
82 136
201 156
157 15
134 38
123 139
158 176
196 110
write:
3
109 181
103 97
52 97
write:
6
110 24
55 161
211 148
177 47
109 67
79 200
read:
45
read:
66
read:
149
read:
161
read:
172
write:
6
199 109
145 12
36 208
115 212
136 144
202 152
read:
113
write:
3
124 134
47 19
202 143
write:
6
34 113
129 210
85 87
106 174
158 139
140 34
write:
4
205 180
160 160
72 112
31 18
read:
173
write:
4
178 202
201 28
185 16
143 195
write:
10
167 195
36 71
102 60
53 189
138 163
54 1
185 147
100 62
75 187
160 192
write:
6
147 73
120 41
81 27
61 173
21 54
109 24
read:
10
write:
7
176 107
90 98
4 83
163 140
117 49
154 152
175 196
read:
163
read:
123
read:
159
read:
143
write:
7
178 27
117 190
2 31
122 28
65 165
198 75
16 196
read:
200
write:
4
117 46
26 195
79 22
79 157
read:
11
read:
150
read:
74
write:
9
212 176
202 48
150 102
165 140
47 157
73 166
74 52
148 100
89 2
read:
29
read:
40
read:
201
read:
57
read:
213
write:
9
35 135
85 196
76 192
53 9
111 104
171 155
91 22
83 101
173 100
write:
1
209 172
read:
134
write:
2
98 22
207 40
read:
195
read:
11
read:
205
read:
147
write:
4
135 61
52 215
211 96
46 3
read:
172
write:
10
110 208
96 87
188 73
71 172
11 213
62 111
152 55
28 118
159 97
47 166
write:
10
98 121
116 170
155 26
115 70
40 93
184 89
29 131
84 69
104 71
12 21
write:
6
118 88
45 10
132 15
104 132
117 193
1 168
read:
105
write:
7
143 82
160 215
172 176
146 49
124 188
85 125
164 60
read:
137
read:
27
write:
10
123 138
109 59
82 195
101 178
190 67
87 5
59 76
161 48
154 174
1 179
write:
8
53 30
6 41
75 202
87 127
47 97
88 24
85 27
168 91
read:
99
write:
7
215 194
185 189
9 188
77 143
84 147
157 171
119 208
write:
10
11 147
36 197
161 162
212 200
178 64
76 75
84 24
67 134
99 162
153 26
write:
4
127 145
209 145
49 61
147 186
write:
7
44 46
72 168
209 66
165 154
210 11
210 23
173 119
write:
3
137 48
168 165
60 25
write:
9
28 51
121 41
47 32
11 180
78 91
190 16
211 151
85 195
108 109
read:
77
read:
18
read:
85
write:
6
2 90
191 135
47 179
67 84
202 210
90 213
write:
4
61 182
180 44
214 215
132 191
write:
1
31 88
read:
96
write:
1
128 166
write:
9
108 106
162 74
15 189
58 118
131 133
168 129
15 6
113 15
68 186
write:
5
34 49
64 27
107 160
119 74
98 166
write:
10
156 36
10 91
105 168
94 28
207 32
155 169
118 215
165 20
59 55
163 197
write:
5
126 196
69 160
88 128
25 70
199 11
write:
4
34 101
152 43
77 165
13 95
read:
133
write:
8
61 141
112 13
21 22
85 73
128 85
10 53
24 14
83 133
write:
9
48 47
90 209
59 203
137 31
211 97
14 140
178 33
165 108
37 24
write:
9
117 199
166 196
97 56
58 6
199 149
179 182
33 108
171 10
141 60
read:
132
write:
1
130 139
read:
198
write:
6
131 146
191 1
149 195
61 206
94 113
174 116
write:
10
189 2
20 12
17 129
191 210
121 4
211 179
112 7
119 28
184 91
46 10
read:
58
read:
48
write:
5
17 127
213 72
108 69
60 169
10 71
write:
7
164 85
186 182
134 61
7 107
87 6
182 121
20 61
write:
5
21 38
8 18
100 10
128 34
199 35
write:
2
198 111
208 14
write:
5
83 28
89 52
204 120
72 7
110 139
write:
6
46 131
133 60
93 20
212 140
124 43
194 96
write:
5
210 7
146 182
34 88
90 23
174 199
read:
74
read:
189
write:
7
140 189
24 56
92 118
136 23
85 86
134 1
87 51
read:
169
read:
93
read:
163
read:
208
read:
146
read:
80
write:
10
103 13
153 32
139 140
16 210
42 198
11 31
156 87
125 145
15 22
33 58
read:
90
write:
1
1 202
write:
8
116 88
78 86
131 26
31 28
23 178
27 207
196 150
55 109
read:
180
read:
202
write:
9
173 111
141 126
34 112
85 124
76 203
77 41
46 214
75 163
153 187
read:
115
read:
1
read:
211
read:
162
write:
2
137 9
169 87
write:
9
70 50
182 179
118 23
158 79
107 27
129 38
125 91
15 81
184 168
write:
10
103 63
106 25
55 108
66 63
160 71
185 213
143 67
159 186
110 184
58 160
read:
12
write:
4
25 147
212 30
69 73
29 116
read:
197
read:
11
write:
1
213 96
read:
81
write:
2
6 49
38 42
write:
8
175 66
10 5
82 188
177 141
13 60
97 113
101 119
172 40
write:
8
117 120
161 78
83 99
55 117
211 142
200 183
19 95
47 183
read:
138
write:
4
83 92
171 21
47 17
105 18
write:
9
4 147
104 159
138 15
174 183
110 35
156 131
13 21
107 191
59 204
read:
197
read:
208
read:
136
write:
3
142 137
84 17
47 31
write:
8
178 199
32 72
62 72
172 33
81 202
81 26
14 95
53 65
write:
9
158 80
215 145
156 74
164 206
17 161
154 189
37 22
141 16
212 29
write:
9
1 76
138 120
178 154
207 79
55 80
82 177
12 172
108 2
35 213
write:
5
174 147
35 144
72 68
71 44
143 111
read:
42
write:
9
59 18
167 30
26 199
121 138
146 162
83 121
4 44
112 91
192 173
read:
98
read:
133
read:
183
write:
4
181 185
176 60
88 38
51 157
read:
131
write:
8
73 189
172 84
187 152
160 193
40 9
72 174
140 139
112 145
write:
6
52 29
4 64
77 79
70 109
25 163
191 85
read:
114
read:
154
read:
9
write:
5
165 208
57 157
215 157
138 146
122 64
write:
10
113 165
48 69
64 21
149 198
120 144
34 67
35 121
27 207
183 148
211 51
write:
9
107 8
29 198
138 128
70 98
204 136
23 175
31 151
31 86
55 105
write:
8
44 167
40 19
197 105
19 173
99 19
184 142
131 41
124 168
write:
8
140 13
163 51
35 4
53 16
105 50
202 161
128 48
138 26
read:
205
write:
10
42 37
206 107
58 131
62 183
102 191
42 32
169 24
33 74
91 35
75 29
write:
5
131 133
145 36
76 104
107 171
185 121
write:
5
117 36
62 135
190 20
38 43
9 97
write:
1
28 149
read:
204
read:
183
write:
6
86 43
178 33
38 182
68 159
100 168
164 208
write:
7
142 178
55 3
95 13
129 177
159 182
40 214
71 127
write:
6
18 49
119 35
59 92
20 56
37 201
206 75
write:
8
126 74
193 186
166 57
149 119
130 96
135 173
201 23
10 122
write:
2
153 128
144 158
read:
183
read:
188
read:
166
read:
106
write:
10
1 92
68 122
60 24
87 198
178 163
30 51
36 59
41 163
91 98
32 118
read:
157
read:
168
read:
158
read:
184
read:
86
write:
4
110 124
201 148
129 3
132 138
read:
84
write:
7
113 125
180 160
202 5
36 144
66 8
13 75
158 210
write:
4
130 102
87 24
156 169
9 28
read:
89
write:
8
85 200
77 136
33 105
111 146
214 157
68 66
120 127
81 198
read:
16
read:
209
write:
2
125 167
52 212
read:
80
write:
5
149 185
57 86
193 26
22 183
110 2
read:
154
read:
60
write:
4
190 38
157 58
89 26
19 210
write:
1
92 122
write:
5
145 55
70 161
69 153
13 43
27 175
read:
152
write:
6
183 8
69 141
190 14
36 151
106 171
142 207
read:
168
read:
13
write:
3
107 47
15 22
210 209
read:
71
write:
8
4 95
115 93
2 63
157 170
176 109
67 111
212 23
174 37
read:
60
write:
4
39 37
103 189
68 143
49 52
read:
199
read:
151
write:
2
23 171
106 79
read:
167
write:
10
41 193
132 180
176 187
136 110
205 64
209 176
185 57
3 135
19 154
195 105
read:
185
write:
1
108 116
write:
9
154 142
180 49
178 57
168 21
11 210
156 4
111 162
146 210
96 178
read:
10
write:
6
194 60
50 38
94 213
58 178
31 152
45 122
write:
6
55 193
171 68
103 9
4 137
194 161
57 42
read:
114
read:
210
write:
2
112 42
192 183
write:
10
87 8
174 164
195 50
1 147
156 172
136 55
178 160
96 140
6 187
201 207
write:
5
137 205
192 215
157 213
174 101
173 18
read:
214
write:
2
19 59
105 198
read:
174
write:
1
138 209
write:
6
17 15
105 193
175 139
143 44
116 138
160 17
write:
7
5 146
201 148
192 160
38 91
61 153
55 117
28 152
write:
5
3 111
142 48
72 89
135 158
115 107
write:
1
200 66
read:
137
write:
1
162 211
read:
161
write:
10
140 79
23 17
201 61
27 177
104 28
132 10
124 180
204 105
160 193
120 149
write:
3
113 90
93 188
93 185
read:
50
write:
5
153 135
206 105
200 62
158 50
21 96
read:
97
read:
215
read:
39
write:
2
57 109
136 158
write:
3
195 162
91 44
199 37
read:
75
write:
7
34 79
113 192
119 38
139 36
197 72
4 10
128 122
read:
178
read:
144
read:
169
read:
177
write:
3
162 71
205 146
206 137
read:
66
write:
10
166 55
27 40
86 149
105 125
30 47
181 131
162 9
202 112
161 175
62 127
read:
206
write:
3
174 104
51 27
107 10
read:
82
write:
7
107 201
23 143
34 103
79 63
92 140
13 17
1 131
write:
10
79 35
25 1
129 94
196 6
22 15
168 91
63 18
152 97
78 164
106 137
write:
9
109 204
144 131
120 58
149 95
127 23
188 39
7 115
4 86
31 67
write:
7
194 88
25 36
145 12
76 89
123 44
17 125
170 144
write:
8
117 208
210 75
144 176
166 118
143 176
21 142
133 42
65 147
read:
90
read:
24
write:
4
31 114
136 182
16 198
33 36
read:
22
read:
181
write:
8
185 99
50 49
148 18
164 59
3 149
176 71
142 1
101 164
write:
8
199 127
113 182
102 34
138 102
126 43
206 129
21 102
138 171
read:
204
read:
175
read:
91
read:
58
read:
126
read:
84
read:
114
write:
6
91 21
185 133
167 27
114 120
118 123
159 193
write:
9
162 75
104 207
208 197
199 160
3 119
98 198
79 91
56 85
134 129
write:
1
196 38
read:
111
read:
120
read:
204
write:
3
2 33
151 39
66 127
read:
61
write:
2
36 83
212 209
write:
7
47 211
8 25
74 65
210 104
16 35
153 15
43 165
read:
172
read:
148
write:
5
190 12
207 75
207 86
90 48
185 139
write:
10
2 186
116 173
169 185
39 168
180 139
183 83
212 177
176 154
107 183
57 67
write:
3
192 74
49 210
52 147
read:
202
read:
190
read:
167
read:
41
read:
30
read:
2
write:
10
84 194
174 96
155 97
139 106
67 180
7 201
161 163
104 131
117 209
47 132
write:
7
179 17
59 70
10 62
185 155
206 22
169 64
146 123
read:
97
write:
7
143 143
153 211
22 123
103 65
155 139
18 121
137 67
read:
54
write:
2
201 59
90 5
write:
7
75 77
69 206
125 202
94 69
123 71
114 193
79 53
read:
205
write:
5
29 124
69 15
73 137
2 193
177 193
write:
9
31 14
39 85
198 95
93 119
95 209
116 11
55 6
65 23
81 153
read:
184
write:
3
28 38
131 187
174 203
read:
53
read:
111
read:
94
write:
9
26 160
116 93
59 20
25 105
76 33
3 106
1 88
38 55
9 132
read:
72
read:
182
write:
1
150 110
write:
2
68 145
62 186
read:
22
read:
21
read:
171
write:
4
7 67
184 14
105 146
100 50
write:
4
208 74
95 173
204 209
184 180
read:
60
write:
4
128 108
42 213
109 124
2 42
read:
142
read:
89
read:
154
read:
116
read:
121
read:
169
read:
138
read:
215
read:
87
read:
201
read:
7
read:
212
write:
1
73 60
read:
136
write:
6
69 127
11 75
104 2
86 38
158 101
111 182
read:
207
read:
70
write:
10
183 151
44 74
165 196
107 92
83 171
128 94
111 193
103 133
93 8
105 127
read:
130
write:
10
88 28
98 68
21 39
166 9
36 14
23 34
44 206
153 158
17 81
51 195
read:
179
write:
1
35 18
write:
5
57 118
170 97
33 212
95 153
212 8
read:
5
read:
103
write:
9
27 28
60 85
39 75
108 15
83 21
80 81
194 94
193 140
198 140
read:
97
write:
4
32 131
33 179
88 192
120 65
read:
126
write:
8
111 126
205 112
50 72
93 214
102 209
167 153
73 135
31 156
read:
47
write:
1
89 113
read:
31
read:
30
write:
2
201 160
160 200
write:
1
37 119
write:
5
141 79
155 143
147 195
177 74
11 176
write:
3
210 167
51 151
158 198
write:
8
104 93
57 166
66 98
3 14
127 100
28 161
70 107
156 113
write:
5
12 71
97 15
184 59
185 105
108 198
read:
179
write:
5
191 42
145 156
53 90
94 207
215 155
read:
104
write:
4
39 124
122 117
47 86
205 148
read:
191
write:
10
211 86
186 155
113 158
201 142
82 124
51 131
172 166
178 148
194 73
105 205
read:
108
write:
9
80 53
188 40
207 214
186 54
1 47
44 35
74 110
97 137
214 154
write:
4
86 190
103 164
148 122
147 94
write:
3
39 44
77 104
212 54
write:
3
170 58
193 153
39 15
read:
15
write:
3
137 194
55 147
80 178
read:
100
write:
9
157 78
164 22
170 70
4 76
139 15
131 140
61 16
200 8
132 199
read:
71
read:
144
read:
213
write:
6
145 1
148 9
128 126
198 159
132 163
149 165
write:
5
112 116
153 106
86 39
202 176
200 184
read:
135
write:
4
65 193
40 169
114 61
172 210
read:
205
read:
142
write:
5
87 111
9 58
201 112
91 90
102 173
read:
175
read:
43
write:
10
59 188
47 55
212 158
107 40
185 120
46 160
38 89
11 65
199 164
104 26
read:
53
read:
39
read:
138
read:
177
read:
36
read:
24
write:
4
40 12
160 177
139 47
141 165
read:
171
read:
94
read:
88
read:
159
read:
68
read:
187
read:
169
write:
6
127 143
168 105
1 187
171 82
180 36
134 66
read:
54
read:
61
write:
3
52 44
122 2
122 61
write:
2
150 8
10 110
write:
10
169 71
123 60
1 139
85 96
150 156
126 196
193 48
39 4
180 43
152 179
read:
182
write:
9
2 121
49 155
66 52
131 76
143 70
185 75
44 22
44 60
177 144
read:
201
write:
2
81 185
1 165
write:
8
159 50
164 11
43 182
146 85
215 71
107 70
113 33
162 45
query:
28