capacity:
910
write:
1
872 478
write:
10
140 703
70 278
262 526
192 4
262 262
266 703
465 755
140 269
281 185
484 577
write:
4
360 698
273 449
896 838
881 405
write:
4
151 870
326 120
511 120
326 443
write:
10
581 668
687 222
811 788
246 620
180 361
74 197
665 234
289 288
59 365
368 667
write:
1
439 761
write:
1
101 642
read:
246
read:
257
read:
501
read:
127
write:
5
717 723
510 801
341 393
707 693
795 742
read:
726
write:
10
806 164
210 404
482 324
427 278
367 264
261 362
134 356
794 594
3 195
209 256
read:
853
write:
7
315 44
854 496
361 396
550 223
798 269
821 177
791 882
read:
744
write:
9
741 126
855 224
466 889
568 19
708 215
15 883
278 791
489 840
891 629
write:
9
611 721
211 529
754 495
896 609
629 867
142 878
713 10
569 783
736 764
read:
22
write:
4
910 131
36 905
383 237
85 582
write:
6
186 208
893 219
18 201
86 3
478 42
755 701
write:
10
323 328
171 804
874 408
753 216
65 184
147 573
179 204
567 472
346 652
579 424
write:
1
112 827
write:
7
392 624
565 652
219 845
88 123
243 874
14 377
632 332
read:
18
write:
8
402 432
183 487
326 328
55 31
661 632
898 697
440 623
626 855
write:
8
184 749
515 886
660 726
352 169
483 273
165 428
149 229
424 130
write:
10
432 510
431 851
193 885
169 469
392 405
119 520
285 358
139 526
641 805
660 223
read:
316
write:
8
603 15
334 403
738 872
152 390
733 370
382 542
732 228
199 478
write:
8
417 324
156 76
631 169
412 234
365 229
779 857
748 431
6 39
read:
829
write:
7
11 825
153 804
599 446
456 101
651 17
453 421
271 576
read:
863
write:
4
724 319
158 121
287 551
139 381
write:
10
345 396
705 722
661 25
344 655
834 163
545 234
654 474
870 827
293 882
840 35
read:
288
read:
325
read:
696
read:
6
read:
24
write:
9
63 407
613 400
142 666
92 400
861 783
754 65
99 261
71 713
380 169
read:
742
write:
4
15 133
382 385
364 224
727 902
read:
396
write:
2
362 482
176 746
write:
9
814 377
569 239
442 328
855 586
729 88
302 77
675 51
547 778
363 266
write:
7
611 415
838 167
897 23
308 173
807 397
725 618
381 664
read:
724
write:
9
743 724
755 59
763 195
900 624
381 845
862 465
367 447
625 193
241 6
read:
31
read:
598
read:
440
write:
10
661 729
286 31
648 727
182 515
422 485
272 265
357 626
444 820
581 385
638 207
read:
151
read:
485
write:
5
741 623
818 782
52 452
801 364
284 105
write:
10
3 592
207 563
575 783
67 521
355 796
194 114
407 79
566 768
561 424
513 184
write:
10
19 800
323 351
355 823
753 40
821 259
150 626
676 11
568 783
898 237
57 325
read:
401
read:
391
read:
484
read:
410
read:
522
write:
9
640 31
340 616
892 600
416 557
769 676
225 623
154 33
377 278
190 489
read:
338
write:
7
136 886
631 622
591 138
215 618
258 793
312 689
508 314
write:
4
135 904
61 42
16 703
452 154
read:
627
write:
5
53 524
156 289
115 493
200 645
904 183
read:
889
read:
195
write:
4
666 724
894 327
219 252
813 249
write:
4
840 628
542 151
514 3
734 64
read:
609
read:
765
read:
319
write:
1
363 726
write:
2
85 725
660 542
read:
407
read:
673
read:
416
write:
4
287 117
846 321
268 632
856 253
write:
6
4 351
744 374
127 448
328 24
8 56
32 300
write:
7
523 69
393 391
291 502
426 725
897 205
411 473
613 435
write:
2
109 108
209 612
write:
10
683 393
381 135
878 325
890 255
351 110
218 528
661 715
350 62
28 890
222 510
write:
4
745 390
796 687
97 550
265 777
read:
483
write:
2
802 118
307 119
write:
2
88 825
319 44
write:
1
180 176
read:
702
read:
577
write:
8
137 153
767 767
478 544
218 265
236 186
517 450
901 286
545 457
write:
2
226 746
470 758
read:
286
write:
6
759 758
451 285
144 824
707 607
50 795
350 267
read:
175
read:
314
write:
9
759 761
119 889
330 609
538 78
792 298
714 171
699 344
10 877
729 693
write:
7
251 768
55 543
693 299
274 140
193 779
636 587
484 346
read:
147
read:
735
read:
589
read:
828
read:
804
read:
144
read:
394
read:
905
write:
2
582 330
272 625
read:
413
read:
404
write:
2
164 817
537 778
read:
905
read:
798
write:
5
553 573
746 354
628 567
167 420
476 581
read:
723
read:
475
read:
904
read:
725
write:
1
869 323
write:
1
541 871
write:
10
829 374
527 143
777 899
30 436
742 512
354 519
296 812
527 748
22 453
38 167
read:
477
read:
88
write:
5
631 220
191 510
590 686
82 115
166 392
write:
3
1 554
827 61
573 344
read:
67
write:
5
854 358
411 618
572 725
542 216
629 708
write:
4
568 200
154 781
174 222
195 537
read:
891
read:
453
write:
6
221 811
804 813
91 280
762 41
887 718
767 6
read:
581
write:
9
487 217
461 859
102 355
757 555
540 36
160 417
732 270
371 198
183 470
write:
5
319 209
70 830
592 501
843 305
187 268
read:
751
read:
169
read:
219
read:
299
write:
9
147 903
602 142
266 52
26 823
34 185
90 288
716 779
828 322
326 9
write:
9
896 45
507 143
579 808
265 488
661 51
267 335
44 547
650 692
706 163
read:
215
write:
6
484 374
48 561
436 723
503 275
640 286
320 213
read:
630
write:
5
396 160
655 723
664 374
710 262
191 854
write:
7
763 851
517 522
321 767
210 534
875 11
103 602
858 851
read:
847
read:
441
write:
7
855 907
587 621
269 565
117 248
639 604
771 572
267 898
read:
228
read:
70
write:
8
264 611
575 910
75 628
620 775
127 601
9 112
79 446
375 685
read:
153
read:
156
read:
806
write:
8
658 90
132 707
268 587
644 482
630 559
242 897
67 868
62 488
write:
5
410 665
498 487
781 167
310 517
596 180
read:
851
write:
10
544 384
675 192
752 418
45 549
677 266
317 554
739 662
646 127
389 165
249 365
write:
9
447 211
277 204
125 900
61 475
794 809
759 215
127 69
116 183
330 794
read:
326
read:
268
read:
833
write:
1
437 670
write:
1
307 119
read:
200
write:
10
376 190
450 11
209 232
263 788
519 635
16 544
270 255
408 253
170 164
212 645
write:
4
453 882
485 763
321 114
549 179
read:
747
write:
9
391 771
847 592
755 508
210 888
335 883
769 106
263 671
245 211
359 783
read:
806
write:
1
471 388
read:
876
read:
691
write:
8
176 264
227 539
444 266
259 228
96 638
533 404
283 228
314 159
write:
8
114 134
833 357
788 556
851 750
787 346
143 428
144 372
307 730
write:
8
744 467
235 186
277 657
207 457
18 65
275 510
724 235
267 859
write:
10
574 184
387 463
70 371
71 410
577 260
172 494
780 263
463 494
326 625
27 49
read:
510
write:
5
129 482
561 477
28 11
229 467
101 562
read:
280
write:
1
600 686
read:
3
read:
577
write:
7
487 337
39 113
666 143
876 171
147 621
73 685
797 196
read:
842
read:
793
read:
335
write:
5
358 767
714 909
82 277
811 407
56 645
read:
204
write:
3
2 895
198 429
590 429
write:
6
218 397
456 778
87 360
775 455
236 320
874 77
read:
678
write:
2
589 389
568 57
write:
2
388 881
530 239
read:
275
write:
6
119 309
814 728
310 160
532 721
131 401
31 603
read:
699
read:
883
read:
169
read:
827
write:
2
651 422
619 147
read:
517
write:
2
448 853
134 450
read:
504
read:
464
read:
29
write:
3
902 102
390 204
377 364
read:
200
read:
808
read:
775
read:
613
read:
861
read:
228
write:
3
276 362
16 739
788 149
read:
92
read:
252
read:
818
write:
3
293 781
113 462
369 896
write:
1
590 664
read:
331
write:
7
698 458
395 86
344 510
142 134
301 178
726 689
259 571
read:
627
write:
2
158 111
57 905
read:
211
write:
5
413 812
648 539
749 220
9 734
550 485
read:
853
write:
5
322 630
848 727
164 401
242 99
854 129
write:
1
438 580
read:
594
read:
91
read:
781
write:
5
452 23
288 814
217 741
6 867
859 774
write:
2
846 2
283 746
read:
316
write:
4
308 666
114 630
565 565
623 869
write:
4
430 310
603 53
806 890
649 129
read:
313
write:
6
352 185
657 872
82 613
1 619
530 257
145 377
read:
28
write:
2
843 817
844 145
write:
5
698 479
22 790
159 318
297 775
384 528
write:
7
779 404
27 237
741 715
743 591
227 889
279 823
475 717
write:
9
151 844
313 783
33 303
410 338
343 805
116 567
744 474
790 141
217 714
write:
6
389 509
249 245
366 132
857 513
240 290
191 882
write:
9
122 811
554 156
127 886
556 41
14 461
335 844
501 203
610 206
538 184
read:
846
write:
9
114 863
518 342
782 624
880 472
820 765
709 550
583 43
656 764
3 216
write:
5
46 378
651 87
703 668
519 14
692 838
write:
10
397 58
672 833
813 225
340 616
816 294
177 704
14 903
707 711
205 96
899 484
read:
433
read:
478
read:
891
write:
4
770 813
29 322
572 565
701 645
write:
6
569 212
79 212
454 211
618 399
395 220
689 475
write:
10
102 213
265 475
809 5
836 456
700 140
513 322
670 111
17 388
810 201
171 254
read:
341
read:
90
write:
9
691 428
675 85
27 891
664 556
818 459
278 543
246 296
351 74
341 66
write:
2
383 703
872 519
write:
8
446 396
137 399
548 872
330 87
615 780
799 122
176 497
582 155
read:
839
read:
185
write:
3
389 472
176 62
149 732
read:
219
read:
451
read:
692
read:
622
read:
66
write:
6
401 265
36 18
81 739
874 484
91 57
586 807
write:
3
602 18
214 450
711 607
write:
7
647 846
206 743
556 722
72 502
397 715
402 284
887 54
read:
513
read:
753
read:
723
write:
10
761 81
366 730
288 258
194 432
691 28
488 674
522 184
491 198
124 310
733 71
write:
10
777 2
203 333
149 150
166 892
227 433
328 110
499 117
254 754
676 178
514 123
write:
10
879 576
802 521
545 309
759 382
808 143
548 733
200 318
586 796
684 328
20 843
write:
2
160 59
204 359
read:
874
read:
137
write:
7
724 661
292 597
520 155
579 460
814 92
68 24
774 785
read:
257
write:
5
306 644
225 444
274 628
698 694
331 362
read:
689
read:
93
write:
1
50 464
write:
8
551 859
274 495
499 357
784 177
218 694
731 643
413 128
465 869
write:
1
890 43
write:
5
569 103
316 2
400 167
398 324
446 284
write:
4
680 203
9 114
678 850
197 391
write:
4
715 667
137 240
591 577
339 532
write:
2
147 58
719 108
read:
448
write:
9
801 878
235 636
416 433
159 167
303 173
766 188
290 901
467 262
815 589
read:
113
read:
682
read:
831
write:
5
146 533
876 522
34 323
118 275
347 287
read:
799
write:
1
705 529
read:
501
read:
569
read:
613
read:
281
write:
6
37 394
169 874
420 115
343 109
319 708
341 153
read:
223
read:
74
write:
6
779 110
637 682
779 772
223 501
238 3
207 116
read:
140
write:
8
556 678
491 16
563 184
328 549
99 307
17 554
114 434
906 145
write:
8
908 619
762 806
305 813
301 643
350 676
583 319
218 215
897 277
write:
1
274 375
write:
1
652 525
read:
201
write:
1
880 227
read:
227
read:
71
read:
9
read:
348
read:
322
read:
634
write:
5
310 58
583 886
278 428
376 753
394 116
read:
284
write:
7
359 511
409 581
898 413
824 844
291 270
337 436
605 411
write:
9
444 716
529 86
49 766
406 473
482 140
272 380
751 704
660 440
513 17
read:
454
write:
6
173 237
399 443
580 549
719 289
753 252
381 331
read:
497
write:
3
687 824
367 270
832 317
read:
833
read:
846
write:
3
398 91
326 842
394 529
write:
5
495 401
570 463
837 88
470 570
593 801
read:
627
write:
5
548 849
756 100
334 894
789 215
691 367
read:
198
write:
6
779 893
593 423
217 643
779 156
172 138
714 835
write:
7
745 809
68 492
760 573
736 811
706 811
654 895
382 613
read:
552
read:
730
write:
5
638 275
316 904
891 763
231 696
570 515
write:
5
328 504
58 780
646 606
445 125
351 904
read:
527
write:
6
788 777
429 210
841 3
369 216
211 270
320 66
write:
9
780 669
31 414
798 185
439 506
333 840
418 294
666 56
326 892
61 36
write:
5
748 256
904 212
573 240
230 216
833 692
write:
7
534 505
222 526
112 493
16 862
338 891
266 560
596 441
read:
868
write:
7
311 204
412 235
746 197
409 165
708 63
786 823
249 847
write:
3
770 836
278 102
484 272
read:
832
write:
8
885 350
837 480
490 694
66 668
356 711
666 662
275 12
545 370
write:
8
89 776
237 609
153 579
761 829
767 534
38 286
640 666
841 694
write:
8
34 850
154 525
846 256
828 837
619 774
231 731
441 87
143 66
write:
6
481 600
128 332
649 530
486 347
577 330
634 503
write:
5
883 579
443 267
873 446
188 616
395 591
read:
261
write:
1
280 300
read:
603
read:
377
write:
7
784 742
884 407
159 108
649 641
256 281
77 905
631 822
write:
1
770 344
write:
2
52 714
513 557
read:
879
read:
61
write:
10
654 523
491 314
598 142
684 885
650 791
178 81
134 477
285 874
406 678
229 481
read:
658
read:
150
write:
1
27 731
read:
675
write:
9
557 547
423 616
702 49
246 756
394 135
361 719
571 119
820 224
75 443
write:
6
162 253
533 314
496 859
127 68
1 682
462 635
read:
34
read:
476
read:
590
write:
8
650 358
155 646
62 491
909 32
556 293
214 748
228 347
872 750
write:
9
704 97
848 358
789 277
43 327
816 874
766 362
172 753
745 348
326 326
write:
4
905 37
16 731
409 410
595 44
read:
66
write:
4
124 475
336 11
207 663
760 639
read:
462
read:
12
write:
5
178 106
142 436
319 347
25 781
384 760
read:
548
read:
648
read:
229
write:
8
31 836
162 555
423 860
230 204
258 498
554 606
745 29
229 468
read:
762
read:
870
write:
10
233 665
661 72
455 691
291 391
528 22
52 181
293 699
34 394
568 569
167 516
write:
1
684 413
read:
261
read:
205
write:
7
652 298
205 819
681 625
157 61
554 847
391 841
672 147
read:
764
read:
683
write:
8
163 18
871 738
794 267
358 290
673 846
558 655
224 763
280 119
read:
820
write:
5
100 337
294 512
596 890
790 793
776 798
write:
2
593 334
847 717
read:
381
write:
4
332 142
863 340
572 47
21 896
read:
478
read:
867
write:
4
341 727
833 709
484 200
296 837
read:
12
read:
611
write:
10
220 883
697 892
306 396
875 220
884 230
800 766
735 711
262 389
789 453
162 879
write:
2
280 349
408 158
read:
129
write:
3
587 457
37 659
318 188
write:
3
696 550
227 391
349 528
write:
6
299 247
418 455
764 497
828 75
852 583
505 470
write:
6
581 323
682 481
820 536
561 621
702 522
214 680
write:
2
475 349
154 58
write:
2
405 534
86 320
write:
7
458 204
484 750
47 393
694 665
572 27
740 790
212 660
write:
7
149 91
289 775
78 1
695 236
720 267
33 474
696 531
read:
846
read:
185
write:
6
510 561
773 778
228 133
219 771
572 341
220 751
read:
823
write:
3
719 226
344 646
506 345
write:
9
384 509
355 793
59 296
749 636
185 417
518 430
193 497
461 25
810 817
read:
270
read:
34
read:
392
write:
4
830 846
216 553
516 798
129 413
read:
21
read:
398
read:
901
write:
9
490 465
907 299
287 304
816 334
55 800
379 135
856 262
327 16
584 159
read:
139
read:
303
read:
796
read:
878
read:
81
write:
6
894 9
608 296
322 304
662 780
26 325
184 183
read:
357
write:
3
323 591
50 856
492 771
write:
5
750 83
106 531
319 9
725 599
376 646
read:
126
read:
616
write:
7
160 200
127 320
801 200
582 910
122 739
323 567
761 187
write:
2
426 629
682 190
read:
603
read:
643
read:
747
read:
513
write:
6
152 556
351 334
127 135
758 534
458 448
531 82
read:
683
write:
10
230 121
143 727
122 426
124 393
686 508
780 189
261 820
641 285
344 214
333 846
read:
4
write:
7
461 825
80 723
64 293
225 259
762 745
699 534
625 588
read:
831
read:
846
read:
42
read:
317
write:
2
90 652
434 372
write:
2
397 182
609 20
write:
7
164 756
446 896
286 690
859 552
110 190
684 253
21 479
read:
860
write:
2
616 260
504 20
write:
2
851 401
589 518
write:
8
467 310
652 283
121 305
889 228
281 902
880 412
210 300
596 610
write:
8
495 159
733 57
664 286
474 93
800 364
166 907
825 185
335 596
read:
625
read:
227
read:
518
write:
10
130 681
290 438
244 152
15 90
788 905
702 617
674 568
661 35
156 483
283 396
read:
749
read:
403
read:
255
read:
23
read:
413
read:
727
read:
788
write:
3
697 584
209 294
410 549
write:
1
75 526
read:
892
read:
297
read:
647
write:
2
90 356
704 281
read:
503
write:
2
373 340
515 892
read:
475
write:
1
773 660
write:
8
792 526
679 847
657 516
495 780
525 602
586 798
195 881
500 683
write:
6
349 509
317 502
468 599
478 488
200 877
698 783
write:
10
116 795
416 807
128 43
457 785
552 71
15 68
140 540
569 905
25 546
685 103
read:
618
write:
9
275 652
585 865
758 360
296 443
717 906
575 452
596 325
802 409
96 263
write:
4
750 200
854 392
777 196
441 666
read:
822
read:
341
read:
579
read:
450
write:
3
594 303
12 38
206 488
read:
271
write:
3
547 831
629 115
258 357
write:
5
881 631
829 55
237 45
567 840
697 612
read:
352
read:
728
read:
762
write:
3
514 863
843 550
288 515
write:
2
392 326
635 293
write:
7
452 349
266 692
284 413
491 627
311 188
268 722
4 230
write:
2
783 206
347 17
write:
8
403 655
258 173
499 567
693 393
456 768
737 91
607 791
179 192
write:
8
592 175
845 440
191 697
286 121
203 899
133 570
9 337
415 809
write:
9
779 904
520 367
316 529
521 183
356 245
562 558
368 730
177 302
659 793
read:
823
read:
142
read:
437
read:
342
write:
1
651 206
read:
571
write:
9
386 254
4 119
563 36
624 634
431 807
71 156
668 660
61 553
489 111
write:
1
718 156
read:
776
read:
526
read:
908
read:
790
write:
8
262 870
848 210
473 515
51 738
217 655
778 653
564 203
56 290
write:
4
873 116
449 800
547 6
667 13
read:
335
read:
548
write:
4
327 487
388 154
844 513
451 902
write:
8
165 225
645 455
376 512
104 379
357 349
531 909
349 783
694 625
read:
609
read:
708
write:
9
627 640
394 417
523 232
149 145
513 391
87 344
320 885
807 409
754 298
read:
208
read:
89
write:
9
690 368
826 168
833 388
809 843
512 682
350 283
347 773
858 774
626 244
write:
8
275 842
67 667
905 525
559 231
795 894
539 174
618 545
195 787
read:
194
read:
165
write:
5
370 492
667 590
6 679
664 65
571 107
read:
763
write:
7
861 833
40 380
285 785
909 128
192 302
765 131
803 149
read:
437
write:
9
744 237
397 625
615 5
427 844
55 214
429 840
268 286
373 72
601 825
write:
8
327 554
4 843
290 860
132 780
808 286
627 662
59 328
680 357
write:
10
603 589
427 771
513 827
84 781
52 323
573 898
514 4
825 504
48 826
26 464
write:
4
423 141
579 737
685 430
345 532
read:
889
write:
7
212 153
10 17
48 674
789 11
318 550
517 738
702 617
read:
538
write:
8
902 20
175 460
412 139
334 142
598 833
188 482
255 556
419 753
write:
2
254 174
45 509
write:
7
908 477
864 795
769 636
120 135
79 477
798 698
631 700
write:
6
802 842
274 379
49 429
745 58
363 902
346 740
write:
9
163 22
91 586
786 775
563 679
154 545
658 148
57 56
560 295
464 801
read:
905
read:
694
read:
789
read:
673
write:
5
130 851
402 668
498 188
508 382
312 83
write:
9
313 554
128 158
726 207
628 693
539 888
644 334
744 698
356 854
86 442
write:
1
162 421
read:
751
read:
132
read:
618
write:
4
462 568
599 864
205 903
830 103
write:
8
539 741
202 891
830 612
87 437
654 496
341 170
607 790
337 505
read:
610
write:
10
546 122
71 656
706 31
5 249
556 409
594 569
882 904
736 128
715 508
98 384
write:
2
846 326
673 355
read:
808
read:
801
read:
387
read:
373
read:
109
write:
8
660 789
655 517
69 138
591 52
71 710
392 640
310 456
779 59
write:
5
292 401
784 27
608 366
377 11
551 668
write:
2
186 716
493 847
read:
430
write:
4
694 559
523 634
48 162
883 852
write:
10
293 520
119 702
775 894
605 755
43 352
342 502
27 270
51 649
818 118
699 1
write:
1
614 776
write:
7
884 486
605 459
342 173
887 384
757 887
128 849
364 143
write:
3
786 203
82 669
527 890
write:
2
147 427
130 110
write:
3
74 818
373 763
449 347
write:
3
807 727
614 610
418 719
write:
4
365 355
269 509
130 788
540 372
write:
3
300 632
670 487
206 755
read:
820
write:
4
207 40
577 82
688 3
479 812
write:
3
257 213
728 514
59 884
write:
5
174 243
78 584
772 353
617 456
83 503
write:
3
155 724
408 118
566 623
write:
8
769 466
492 258
803 468
838 101
311 270
854 104
132 698
569 361
read:
10
write:
8
205 844
806 482
465 602
807 367
717 593
153 603
255 418
586 45
read:
744
read:
620
read:
466
write:
8
828 611
675 740
481 523
377 69
516 45
391 495
261 380
205 44
read:
155
read:
800
write:
8
861 713
434 333
10 323
412 166
730 785
605 258
90 286
737 605
write:
1
837 507
write:
3
547 484
765 892
315 190
read:
8
write:
7
386 105
600 879
454 126
108 670
722 727
141 150
649 240
write:
10
141 871
238 625
344 748
367 323
265 370
262 348
62 144
595 254
708 202
129 139
read:
305
write:
9
479 159
240 312
36 231
334 206
844 139
187 282
567 726
66 525
790 109
write:
4
539 71
809 31
553 398
133 789
read:
738
write:
3
792 710
123 655
249 535
read:
236
read:
706
write:
4
724 675
881 415
685 809
209 299
read:
516
read:
86
read:
811
read:
603
write:
5
844 383
173 41
802 285
10 181
825 516
read:
886
write:
5
547 246
773 136
489 249
368 174
669 883
read:
193
read:
321
read:
510
write:
3
161 872
818 112
361 704
read:
207
write:
6
212 370
254 293
615 839
417 613
563 520
381 793
write:
7
268 523
129 148
489 819
224 209
902 847
316 213
761 645
read:
446
write:
10
86 139
127 146
42 505
688 468
280 393
484 421
104 536
179 889
640 204
446 58
write:
7
157 275
733 93
830 616
436 25
99 97
786 405
188 471
write:
8
183 719
241 477
643 621
39 600
351 683
676 242
706 567
82 852
read:
685
read:
556
read:
762
read:
312
read:
736
read:
547
read:
747
write:
5
354 146
694 741
438 172
748 301
238 245
write:
9
372 321
655 146
464 575
722 120
408 657
212 69
492 752
700 548
306 736
write:
9
687 600
660 282
469 214
826 480
833 448
446 242
250 538
39 309
310 227
write:
8
103 150
261 316
424 741
798 252
482 144
237 663
643 882
231 498
write:
9
155 91
876 874
478 250
815 899
876 323
81 718
448 760
605 491
286 83
write:
10
771 66
355 848
131 830
603 663
885 251
25 658
743 56
563 663
233 875
521 907
read:
336
read:
322
write:
5
661 894
283 394
2 70
282 809
82 327
write:
8
566 218
337 905
827 523
525 385
356 227
823 444
195 867
669 408
write:
4
595 491
280 108
879 404
139 640
write:
9
566 500
882 704
560 691
886 99
637 94
39 445
251 557
457 7
636 25
read:
131
write:
3
85 137
856 640
46 262
read:
345
read:
164
write:
8
460 128
727 632
366 6
446 422
894 592
588 25
76 805
90 785
write:
2
771 441
892 466
write:
7
794 308
138 671
68 27
553 304
802 259
910 178
141 892
write:
6
782 301
205 882
691 211
553 720
710 8
102 298
read:
851
write:
8
833 20
257 384
656 39
500 840
553 380
19 807
421 705
564 140
read:
437
write:
4
620 656
801 309
340 177
778 76
read:
414
write:
6
851 112
181 659
405 87
632 478
332 202
367 202
read:
770
write:
9
215 634
263 317
33 47
875 144
834 103
441 3
527 756
286 819
22 303
read:
357
read:
376
read:
361
write:
3
900 622
361 734
9 695
write:
1
479 25
write:
6
629 824
734 718
39 549
10 351
197 324
881 290
write:
7
795 379
755 874
355 423
261 878
634 760
205 782
314 416
read:
797
read:
256
write:
6
79 879
197 838
792 680
874 255
301 40
796 761
read:
238
read:
901
read:
66
read:
562
write:
9
617 676
72 451
598 631
361 655
785 689
218 91
672 743
399 815
839 339
read:
513
write:
3
517 732
636 818
206 134
write:
8
863 750
868 600
540 392
684 826
608 856
514 86
829 523
883 297
write:
5
849 463
217 670
112 809
280 681
682 204
write:
1
181 623
write:
9
491 17
730 210
575 622
514 681
650 155
766 293
703 332
372 618
243 384
read:
685
write:
8
83 521
466 92
289 370
460 600
166 162
663 540
389 2
438 861
write:
6
687 578
204 125
672 696
34 459
500 838
433 861
write:
6
269 877
370 261
674 61
10 659
404 621
47 661
read:
360
read:
35
read:
716
write:
5
514 834
404 890
465 887
736 220
20 894
write:
9
159 757
673 680
272 648
590 609
197 588
77 214
709 789
520 860
880 138
write:
5
710 232
730 658
705 139
472 713
770 29
write:
1
95 181
read:
858
write:
10
727 114
391 624
345 56
211 394
185 457
418 286
312 844
106 368
894 241
279 839
write:
3
155 456
263 618
89 378
read:
229
read:
139
write:
8
54 187
473 385
823 258
40 176
373 373
196 251
229 623
211 64
read:
838
read:
670
read:
252
write:
7
770 703
64 888
655 199
236 672
322 864
587 403
120 872
read:
446
write:
2
507 571
823 305
read:
463
write:
6
872 562
283 129
702 276
206 800
41 431
149 205
read:
750
write:
5
490 481
507 542
200 172
768 485
846 471
write:
6
395 235
848 829
47 676
38 874
113 103
50 439
write:
5
659 721
18 218
72 208
803 301
385 531
read:
11
write:
10
4 605
854 497
152 506
58 423
310 810
454 839
747 37
518 756
477 399
243 134
write:
9
415 341
208 75
421 463
678 40
118 816
903 154
10 284
495 155
859 229
write:
3
132 767
531 121
455 79
read:
545
read:
312
write:
8
376 236
328 137
673 398
386 758
725 617
205 666
732 315
414 338
read:
890
write:
9
439 501
739 642
551 621
96 815
318 460
878 464
443 64
400 564
328 63
read:
728
write:
6
772 667
788 574
377 63
717 212
351 102
569 837
write:
6
407 56
445 400
522 54
843 373
760 296
67 232
write:
6
59 888
712 478
324 533
299 108
554 247
805 570
read:
391
read:
864
write:
9
191 431
699 326
689 705
861 704
800 746
94 131
332 191
836 632
45 27
write:
7
661 785
866 752
181 786
395 270
326 369
425 859
568 178
write:
8
672 447
551 330
309 803
248 686
84 29
467 511
211 493
771 273
read:
693
read:
647
write:
10
552 516
593 273
530 224
81 241
714 591
699 867
277 599
564 769
443 511
245 496
write:
9
896 718
645 194
135 695
828 302
448 901
623 557
622 856
876 477
207 884
read:
802
read:
786
write:
5
268 418
659 369
309 422
533 562
679 506
write:
10
768 905
237 806
902 415
169 838
499 64
832 202
519 834
334 492
106 332
812 136
write:
6
203 777
511 26
362 603
356 510
165 887
527 249
read:
717
read:
574
read:
655
read:
91
write:
5
864 870
656 527
93 484
460 698
90 178
write:
10
857 719
485 195
362 46
522 411
558 661
327 402
508 882
21 660
564 626
25 8
write:
6
72 711
382 482
529 686
641 582
222 3
261 223
write:
5
603 390
395 802
733 359
142 117
238 497
write:
3
474 874
510 348
329 116
write:
8
707 217
708 127
722 251
409 575
152 738
748 691
428 388
36 675
read:
641
write:
8
237 817
6 305
667 730
794 587
591 141
305 32
283 15
661 660
read:
890
write:
2
465 621
538 890
read:
279
read:
768
write:
8
107 49
367 552
239 677
251 757
721 306
650 703
515 580
815 18
read:
227
read:
251
write:
10
51 270
22 234
861 285
683 17
549 18
316 382
883 650
239 731
586 496
611 144
read:
37
write:
8
443 470
883 399
632 138
140 325
208 715
305 457
853 149
789 115
read:
74
read:
719
read:
664
read:
241
write:
6
712 756
15 884
87 426
195 54
118 602
5 383
write:
6
749 785
878 632
167 211
530 16
789 505
850 729
write:
9
173 614
751 199
622 324
563 874
771 586
458 840
576 720
642 635
311 808
write:
3
442 359
525 321
481 192
write:
1
139 270
write:
1
375 263
read:
908
write:
6
633 155
769 778
39 38
652 9
275 569
72 875
read:
249
write:
6
96 168
330 93
598 500
717 658
610 893
820 505
write:
1
801 611
read:
549
write:
1
4 598
write:
6
265 506
393 209
682 185
405 31
761 268
531 424
write:
1
180 52
read:
299
write:
9
146 171
143 665
714 872
60 86
249 774
672 597
103 51
50 499
209 593
write:
8
803 648
783 350
554 293
621 200
506 174
799 438
145 903
423 170
read:
751
write:
4
216 144
51 202
852 119
746 369
write:
2
633 228
910 256
read:
701
write:
3
634 268
330 541
383 792
write:
1
746 378
write:
5
774 602
620 508
56 550
811 273
28 351
write:
10
865 138
787 744
785 580
221 2
252 29
639 578
600 360
465 765
890 459
644 73
write:
4
850 305
703 255
566 275
905 102
write:
8
770 86
338 891
52 883
754 865
872 660
621 810
440 648
316 340
write:
3
192 837
503 171
215 677
write:
6
241 453
637 67
663 261
125 102
539 866
502 788
read:
614
write:
10
595 198
615 881
26 899
666 46
840 464
856 155
576 685
908 448
165 63
673 787
write:
4
444 666
125 352
446 525
140 392
read:
374
write:
10
898 878
492 403
397 605
385 636
223 773
724 4
132 570
227 165
29 498
318 685
read:
13
read:
148
read:
670
write:
3
619 536
802 344
682 820
read:
13
write:
1
511 402
read:
694
read:
555
read:
527
read:
443
write:
9
635 104
412 542
405 637
621 199
773 410
134 763
163 252
228 790
406 643
read:
749
write:
7
165 815
173 906
11 194
656 237
431 391
826 312
602 245
write:
10
706 540
833 137
562 154
772 739
313 584
271 782
49 690
780 46
482 452
431 678
write:
10
414 142
817 668
133 27
598 205
422 454
386 632
799 131
206 568
841 900
617 546
read:
607
read:
867
write:
7
765 866
35 651
8 366
426 897
488 157
814 205
264 245
write:
10
220 883
841 610
309 228
708 19
490 180
535 586
729 637
816 283
873 807
199 267
read:
140
write:
1
709 625
read:
320
write:
10
316 632
633 631
179 569
672 507
485 854
832 448
170 458
531 104
619 679
840 589
read:
886
read:
727
write:
1
461 893
read:
594
read:
392
read:
825
write:
8
481 370
530 348
465 733
71 5
669 440
187 503
872 792
152 668
read:
413
write:
8
365 140
535 277
745 334
531 859
675 325
486 885
547 361
462 848
read:
801
read:
892
write:
4
803 68
71 391
880 563
106 817
write:
4
593 133
371 152
519 585
845 94
read:
443
read:
388
write:
6
881 78
138 246
749 825
195 827
657 174
362 897
read:
763
write:
4
757 8
735 455
26 555
57 806
read:
608
read:
207
write:
3
247 187
16 229
62 21
read:
152
write:
10
674 12
644 191
700 779
732 36
649 106
203 196
592 232
762 823
442 543
586 344
write:
4
263 458
467 153
746 809
290 762
read:
434
write:
5
427 541
53 741
518 4
65 155
447 110
read:
219
read:
527
write:
9
561 244
105 420
525 523
267 798
386 486
673 772
538 24
71 366
680 700
write:
8
664 604
94 335
58 409
790 283
696 16
425 3
881 750
844 302
read:
172
read:
813
write:
1
414 381
read:
246
write:
4
373 307
903 611
11 536
599 411
write:
8
632 329
807 534
238 583
876 365
787 693
278 304
332 675
180 374
write:
6
294 643
745 4
447 711
650 146
398 347
469 231
write:
10
65 297
228 542
385 677
617 376
517 237
491 406
524 457
683 757
901 692
355 228
write:
8
87 575
608 76
212 670
166 308
674 550
297 788
547 408
56 74
write:
7
309 555
40 483
68 151
572 849
623 63
421 515
589 299
write:
4
841 678
132 88
170 239
367 462
write:
3
271 706
472 14
535 793
read:
465
write:
8
89 482
866 329
74 753
540 677
309 854
545 396
88 382
548 441
write:
6
452 208
401 254
902 540
816 833
803 306
751 134
read:
208
read:
113
read:
403
read:
445
write:
4
34 735
388 374
619 266
40 573
write:
10
372 5
489 290
22 551
501 881
615 159
762 565
506 385
778 809
686 355
630 844
read:
557
read:
16
write:
8
2 611
859 903
814 584
238 809
61 307
437 285
536 694
419 859
write:
10
657 775
264 118
816 195
338 658
69 505
655 117
509 551
649 851
323 18
312 227
write:
10
333 191
825 287
445 808
857 13
711 23
59 171
95 247
35 400
384 879
220 187
write:
4
493 630
481 17
479 716
576 243
read:
658
read:
674
write:
4
431 844
273 277
269 717
714 222
read:
230
write:
1
432 388
write:
10
256 109
228 716
488 46
678 245
179 3
763 524
594 1
554 428
541 734
221 377
write:
6
777 102
644 642
245 402
886 339
640 284
421 858
read:
325
read:
680
write:
9
249 676
783 768
151 293
490 844
515 385
505 352
910 158
524 272
535 813
read:
464
write:
1
266 846
read:
664
write:
3
171 142
169 556
130 787
read:
355
write:
5
513 370
531 352
410 159
139 105
770 241
read:
396
write:
5
764 205
394 702
55 223
679 451
451 372
write:
4
360 387
609 295
547 351
587 581
write:
8
119 102
375 282
146 45
138 488
196 755
857 587
595 142
165 696
read:
595
read:
138
read:
659
write:
9
428 225
760 741
581 806
908 441
225 809
180 335
403 811
6 517
179 70
write:
8
881 16
211 731
809 479
332 860
692 154
873 567
576 54
163 678
write:
7
360 619
103 427
190 745
795 48
709 843
424 172
727 800
read:
344
read:
56
write:
7
371 282
76 19
383 587
526 357
891 694
888 251
304 597
read:
565
write:
1
823 299
read:
589
read:
210
write:
3
339 172
420 519
38 851
read:
866
write:
1
720 478
read:
435
read:
258
read:
133
read:
745
write:
2
892 466
505 684
write:
6
474 63
394 19
230 498
307 147
98 468
292 693
write:
10
766 729
42 28
311 486
420 428
678 504
595 480
895 297
508 509
718 744
864 158
write:
2
423 246
34 194
write:
3
768 392
415 63
463 266
read:
138
read:
709
write:
3
562 153
509 745
783 196
read:
795
write:
9
187 339
587 304
831 572
684 596
574 431
606 5
245 889
824 863
60 331
read:
130
write:
10
142 883
52 795
737 130
620 382
399 735
404 557
113 648
519 561
176 810
87 160
write:
7
629 718
194 280
858 501
850 364
82 14
853 425
93 628
read:
524
read:
145
read:
184
write:
2
791 115
548 457
write:
10
848 768
720 420
206 108
694 417
166 34
554 153
289 226
463 795
650 245
145 162
read:
905
read:
890
write:
7
449 202
816 573
22 150
286 696
500 313
382 389
798 893
read:
778
read:
614
read:
729
read:
398
write:
9
359 199
24 287
860 547
327 581
428 823
125 453
141 48
438 256
8 113
write:
7
767 896
106 324
218 888
692 812
642 326
737 66
828 651
read:
784
write:
3
160 839
24 782
756 450
write:
7
134 351
177 701
428 726
885 464
782 46
599 557
95 447
write:
5
676 772
503 630
206 837
564 453
880 188
read:
637
read:
446
read:
774
write:
2
811 23
669 544
read:
881
write:
10
573 245
44 133
341 262
704 547
246 648
755 516
100 252
13 84
721 326
672 347
read:
598
write:
2
227 174
727 863
write:
10
569 595
79 832
140 409
350 342
680 580
227 635
406 808
376 852
396 386
261 52
write:
6
232 141
595 659
460 169
91 396
625 669
168 804
read:
637
write:
7
421 185
903 535
175 67
40 235
181 755
880 690
143 132
write:
10
13 718
855 724
857 481
547 781
401 285
647 461
301 287
716 541
483 631
792 570
write:
7
401 779
173 802
162 191
627 684
604 840
67 625
564 336
write:
2
721 347
25 576
read:
3
read:
15
read:
767
read:
287
read:
621
read:
248
write:
3
217 41
757 378
1 910
read:
586
write:
9
656 889
681 466
347 135
710 110
839 633
281 831
825 54
696 184
753 54
write:
1
115 743
write:
9
329 5
191 115
293 631
624 903
749 38
254 13
580 644
779 245
253 503
read:
240
read:
338
write:
5
105 790
411 546
473 668
536 906
560 195
write:
8
711 229
471 426
583 704
505 90
807 734
283 714
461 252
825 376
write:
1
397 94
write:
8
398 115
482 7
131 692
417 886
369 401
177 792
516 719
723 279
write:
4
760 80
412 839
905 107
497 653
read:
177
read:
623
write:
10
639 724
595 889
230 697
704 246
345 461
194 675
251 7
480 260
407 96
231 78
read:
739
write:
2
552 19
89 447
read:
895
write:
4
347 824
602 683
638 514
849 131
read:
18
write:
2
241 338
629 228
write:
1
97 753
write:
1
780 505
read:
341
write:
10
606 730
879 743
891 818
706 778
112 653
640 785
62 80
679 904
18 731
820 625
read:
15
write:
9
607 826
448 534
269 240
265 337
449 250
670 193
89 632
837 80
670 345
read:
855
write:
10
851 332
277 249
337 492
541 872
58 687
701 621
402 322
433 11
89 756
72 703
read:
675
read:
400
write:
9
403 696
12 130
589 429
397 172
256 456
92 46
343 466
260 674
224 703
read:
561
read:
794
write:
6
769 135
104 659
469 577
148 31
695 536
660 259
write:
6
877 576
329 527
784 54
501 214
708 766
283 711
write:
1
758 219
read:
304
write:
4
114 680
744 839
214 366
584 640
read:
478
write:
2
54 840
503 848
write:
6
590 356
764 240
108 553
465 195
54 634
110 196
write:
3
861 883
336 679
514 62
read:
222
write:
7
900 325
679 605
352 37
616 207
395 534
740 655
714 754
read:
681
write:
4
745 751
739 720
333 565
7 3
write:
10
66 341
747 855
248 535
44 267
181 270
305 814
482 334
289 688
337 471
819 510
write:
10
246 801
518 507
252 878
92 444
135 116
529 317
257 137
239 672
755 644
849 711
read:
479
write:
6
241 769
281 246
632 433
38 535
360 387
906 190
write:
2
739 474
295 452
read:
523
write:
3
205 409
402 883
674 767
read:
369
read:
472
read:
834
read:
416
read:
452
read:
723
read:
679
write:
10
883 401
466 110
408 866
790 621
203 270
212 904
121 800
83 364
53 781
680 495
read:
466
read:
750
write:
6
684 814
12 348
510 862
501 8
108 416
298 63
read:
775
read:
390
write:
8
202 534
269 566
446 730
571 262
836 566
323 444
58 442
112 901
read:
9
write:
7
782 693
692 747
253 216
578 206
799 782
257 711
888 281
read:
610
write:
2
699 723
507 179
read:
478
write:
7
251 700
243 803
520 819
596 899
232 108
139 546
903 477
write:
9
564 12
725 22
632 502
268 234
901 578
229 603
104 899
820 312
811 519
write:
1
700 735
read:
778
read:
487
write:
5
499 498
742 625
684 562
575 693
391 413
read:
180
read:
404
read:
751
read:
362
write:
6
557 250
41 351
704 591
752 524
39 63
627 909
write:
3
574 700
604 7
471 201
write:
1
628 563
write:
10
253 266
204 66
374 152
552 55
771 354
520 836
73 855
8 598
30 12
470 154
write:
10
761 351
507 78
692 730
517 560
15 113
897 404
48 130
184 871
760 285
228 863
read:
457
write:
4
796 95
513 313
699 314
270 781
write:
6
396 614
42 639
622 157
139 848
893 633
656 428
write:
3
226 854
169 695
436 590
write:
6
140 157
374 836
887 408
301 751
721 850
890 382
read:
409
read:
905
write:
4
27 714
494 720
857 905
318 319
read:
476
read:
399
read:
615
write:
5
89 421
169 638
77 299
901 628
414 390
read:
666
write:
10
213 374
451 765
66 579
39 549
784 27
835 459
43 799
905 198
286 186
683 52
write:
5
538 404
476 321
873 259
784 640
379 70
read:
152
read:
362
write:
1
817 150
write:
5
816 593
590 708
521 460
473 82
398 661
read:
618
write:
7
532 637
90 595
260 315
328 141
814 508
252 477
467 173
write:
2
86 739
313 820
write:
6
459 131
381 820
557 205
824 668
381 111
505 277
write:
6
554 282
13 573
10 648
309 366
732 341
526 598
write:
6
32 777
394 901
591 630
746 114
765 427
594 620
read:
692
write:
4
203 731
352 570
147 358
720 679
read:
177
write:
5
209 723
631 279
242 84
317 211
653 542
write:
10
316 61
125 682
462 485
615 735
115 345
718 858
257 575
642 900
693 458
703 651
read:
462
read:
354
write:
7
499 73
546 177
566 675
462 768
294 399
159 180
123 47
write:
1
449 157
read:
524
write:
1
122 318
write:
8
656 34
429 881
493 120
70 765
531 108
423 200
258 904
351 29
write:
9
216 769
314 707
724 890
151 32
730 51
900 514
569 282
737 519
223 370
write:
5
381 257
709 392
525 187
423 372
767 722
read:
507
write:
4
883 835
23 234
868 39
600 696
write:
8
559 750
108 772
564 191
486 9
234 588
83 786
682 777
362 201
write:
8
666 312
558 852
504 117
833 78
405 281
904 132
333 402
689 68
read:
30
write:
4
800 561
221 156
534 236
848 291
write:
10
203 287
244 520
533 91
586 848
910 37
900 595
112 701
878 472
327 77
151 148
write:
4
272 904
24 337
48 208
609 834
write:
3
857 497
8 677
311 677
write:
7
693 139
177 506
84 889
106 629
208 689
343 385
505 353
read:
411
read:
367
write:
5
207 394
176 399
217 29
299 641
654 851
read:
26
write:
9
63 594
507 871
400 27
889 380
504 785
481 231
891 637
90 428
133 385
write:
3
514 90
605 675
391 107
read:
11
write:
6
400 32
791 854
694 285
433 858
775 426
505 456
read:
362
read:
670
read:
665
write:
1
456 667
read:
48
write:
5
560 686
223 689
109 631
444 746
652 336
write:
5
579 865
174 468
203 699
376 775
345 448
read:
525
read:
407
read:
261
read:
92
read:
375
write:
2
462 768
299 805
write:
2
677 752
489 203
write:
8
589 887
81 518
783 757
450 460
275 752
254 442
724 639
588 820
write:
2
425 672
745 805
write:
4
855 466
896 276
882 298
614 668
write:
8
276 210
38 486
336 622
284 774
706 56
814 136
844 767
854 10
write:
10
589 639
586 568
127 879
36 217
457 304
592 73
409 454
714 106
279 72
176 644
read:
633
write:
2
860 605
58 590
write:
2
46 71
463 463
write:
3
279 755
467 679
10 504
write:
8
221 486
307 742
294 862
580 508
453 481
708 212
881 716
687 670
write:
6
884 711
335 861
231 892
750 161
445 400
520 330
write:
9
757 363
677 829
211 356
80 808
128 19
815 18
758 214
418 893
189 612
write:
8
160 397
873 120
875 892
617 648
763 356
689 294
687 546
566 521
read:
257
read:
215
read:
723
read:
719
read:
585
write:
10
713 351
482 811
740 192
431 267
580 765
814 500
363 123
377 463
181 534
500 725
write:
9
867 351
101 538
573 85
683 317
699 79
256 784
696 18
603 440
46 634
read:
904
write:
1
543 488
read:
621
read:
71
read:
405
read:
879
write:
3
117 356
873 207
723 702
read:
482
read:
109
read:
835
write:
3
352 127
872 778
95 614
read:
136
write:
5
179 47
783 402
725 684
295 350
62 335
read:
860
read:
361
write:
2
231 47
580 735
read:
874
read:
655
read:
598
write:
5
385 23
224 289
387 874
63 143
126 427
read:
721
read:
20
read:
807
read:
762
read:
511
read:
400
write:
7
814 341
627 117
910 503
244 125
851 760
425 427
185 654
read:
417
read:
758
read:
540
read:
19
write:
4
843 735
147 766
411 289
81 770
write:
6
761 587
813 165
220 7
278 14
240 131
510 623
write:
3
210 456
519 169
595 711
write:
4
387 515
572 155
665 575
690 492
read:
653
write:
4
709 315
236 169
194 717
810 112
read:
37
read:
72
write:
4
459 204
320 736
901 179
91 199
write:
9
564 211
438 788
465 251
348 748
770 575
591 383
760 498
457 367
512 603
read:
16
write:
5
592 767
833 136
824 904
157 12
455 619
write:
9
198 436
701 325
757 268
448 104
653 217
661 888
309 396
254 272
699 137
read:
554
read:
709
write:
9
634 163
322 154
241 628
710 100
701 38
136 571
332 315
569 385
874 718
write:
4
818 452
188 442
245 23
456 148
write:
9
401 411
799 510
478 825
747 104
186 295
74 845
729 174
640 586
723 284
read:
774
read:
498
write:
4
116 882
211 760
780 640
297 91
read:
808
read:
504
read:
675
write:
8
474 885
695 228
98 800
469 314
660 108
490 455
713 890
199 629
write:
6
771 621
821 345
181 515
154 188
874 773
118 564
read:
340
write:
6
826 828
4 96
683 843
353 510
484 441
286 764
read:
689
write:
9
334 147
859 624
320 294
90 636
283 550
604 269
145 773
255 593
174 464
read:
160
write:
5
9 786
389 659
531 419
665 425
192 578
write:
6
668 792
831 453
189 280
424 338
763 431
720 257
write:
1
346 910
read:
415
write:
7
771 861
555 182
767 382
334 751
134 475
386 385
672 13
write:
1
158 910
write:
4
357 893
451 803
195 907
15 577
write:
3
327 890
836 94
460 660
read:
821
write:
6
259 499
409 372
306 564
382 199
785 225
642 11
write:
4
698 269
731 585
383 460
222 297
read:
860
read:
840
read:
276
read:
493
read:
65
read:
876
read:
214
write:
9
341 37
404 487
910 555
541 204
882 411
249 622
454 299
809 646
262 459
read:
769
read:
527
read:
36
read:
56
read:
850
read:
492
read:
416
write:
8
146 467
609 867
670 497
296 348
241 59
258 522
744 352
859 874
read:
120
write:
9
202 792
483 404
464 887
646 673
375 875
89 299
568 520
516 344
232 751
write:
9
881 201
418 206
679 28
646 360
237 593
733 57
552 222
21 773
293 365
read:
652
write:
7
851 792
758 347
524 448
633 20
596 778
222 629
371 655
read:
777
read:
93
read:
157
write:
8
32 70
407 217
151 868
505 592
293 287
694 298
130 349
747 609
write:
6
674 515
464 878
59 135
362 711
284 569
123 736
read:
440
read:
58
read:
346
write:
6
400 678
175 332
769 484
57 206
285 276
407 644
write:
7
184 657
881 338
139 300
560 534
179 265
820 312
116 892
write:
5
779 484
485 237
397 724
618 456
868 510
read:
791
read:
112
read:
690
read:
545
read:
604
write:
1
178 179
write:
9
254 746
615 846
317 158
512 422
15 20
398 228
414 51
596 802
229 891
write:
10
462 681
204 422
233 775
302 371
416 364
621 331
253 802
843 888
668 857
417 701
write:
4
832 42
426 18
253 827
798 201
read:
482
read:
714
read:
741
read:
618
read:
801
write:
2
333 179
767 112
write:
3
661 15
206 493
128 830
write:
6
808 599
262 180
656 394
794 246
418 329
580 290
write:
10
752 19
554 610
868 149
496 352
779 512
20 305
87 320
204 383
732 856
653 701
read:
86
write:
10
280 505
591 158
729 725
858 75
444 15
910 341
50 867
18 71
71 882
304 114
write:
8
614 200
579 237
846 319
909 782
86 716
284 402
719 300
403 251
read:
89
write:
1
318 250
write:
3
329 275
490 129
398 793
write:
4
640 359
727 660
554 562
226 840
read:
188
write:
5
417 566
138 358
798 678
654 685
584 784
write:
3
174 710
687 442
307 451
write:
1
276 234
write:
10
463 139
112 601
603 619
603 888
83 113
252 521
460 400
187 355
516 326
450 222
write:
10
41 844
320 711
773 565
635 137
869 260
106 24
143 149
397 670
372 661
742 443
read:
506
read:
452
write:
6
745 853
712 576
848 730
49 496
137 679
21 198
write:
7
788 124
464 500
153 477
578 90
800 177
902 154
543 290
read:
690
write:
10
760 538
265 682
662 785
352 589
712 587
777 7
605 677
96 59
763 609
643 809
read:
146
read:
508
read:
746
read:
54
read:
276
write:
1
182 343
write:
3
437 137
291 406
194 231
write:
3
643 445
349 8
285 863
read:
579
write:
10
815 115
387 535
204 55
577 260
218 878
806 71
358 814
523 910
846 144
15 907
read:
851
read:
130
write:
7
686 227
744 903
656 36
405 858
35 238
608 713
485 846
write:
10
191 521
130 542
557 83
502 474
538 444
627 555
421 423
407 528
804 462
263 871
read:
498
write:
1
297 167
write:
10
319 870
202 77
493 463
109 381
511 461
384 351
136 702
371 174
485 636
253 223
write:
8
161 120
528 903
551 761
613 807
17 523
68 324
429 194
541 830
read:
716
read:
37
write:
2
542 199
821 486
write:
2
824 307
68 93
read:
152
write:
4
673 105
740 853
440 799
274 877
read:
119
read:
437
write:
5
391 213
607 209
307 217
862 200
5 503
read:
172
read:
172
write:
8
271 714
864 772
660 492
98 578
195 8
19 271
793 317
475 494
read:
300
write:
1
122 781
write:
6
550 240
677 36
274 502
779 114
891 649
499 879
write:
8
247 185
848 865
153 316
652 40
653 381
744 774
334 538
363 215
read:
527
write:
9
763 225
348 100
86 588
492 62
875 761
567 869
703 414
452 755
143 748
read:
461
read:
110
read:
316
read:
771
write:
8
398 255
837 768
353 366
544 383
591 78
827 258
364 359
880 146
write:
4
746 391
717 26
541 523
229 518
write:
4
18 768
142 719
774 299
896 431
write:
1
325 281
read:
249
read:
772
read:
381
write:
5
910 87
568 753
583 902
422 872
314 806
read:
441
read:
185
read:
418
write:
8
760 272
757 262
2 710
415 335
482 689
151 96
683 688
138 153
write:
6
636 693
360 518
220 459
242 860
741 872
146 250
write:
2
614 770
741 884
write:
10
153 695
415 390
96 142
92 531
655 263
611 70
644 798
813 840
286 749
170 453
read:
296
write:
1
492 177
read:
820
read:
213
write:
3
612 173
4 799
246 167
write:
5
660 812
317 576
189 531
449 643
174 185
read:
225
write:
7
618 495
585 509
318 417
9 551
870 255
614 570
485 498
write:
10
471 329
770 259
216 878
82 682
369 900
135 547
302 480
771 440
618 905
802 516
write:
4
109 415
128 295
129 778
298 761
read:
618
read:
72
read:
856
write:
3
861 2
226 547
406 299
write:
7
791 364
95 594
487 126
686 752
217 170
788 28
208 10
read:
37
write:
1
898 849
read:
645
write:
9
670 92
820 224
120 479
690 396
650 147
167 403
514 428
458 395
398 506
write:
2
586 171
585 575
write:
4
36 466
441 358
54 299
123 68
read:
890
read:
405
read:
752
read:
35
write:
10
802 414
403 573
604 377
616 704
803 145
625 875
74 605
199 734
764 518
670 220
write:
3
333 589
294 872
123 802
write:
7
665 77
133 226
734 879
190 448
470 587
478 720
835 91
write:
2
423 434
123 584
read:
907
read:
634
read:
234
read:
421
write:
6
302 399
305 738
644 202
746 75
731 156
902 505
write:
8
68 791
293 30
440 895
855 350
362 890
725 835
358 498
516 482
read:
726
write:
7
393 443
440 366
562 285
25 329
282 866
298 191
589 359
write:
4
435 451
751 843
521 486
812 659
read:
722
read:
753
read:
694
write:
6
623 794
312 785
677 185
166 429
787 166
839 839
read:
847
write:
7
178 672
882 749
613 635
577 682
121 102
78 176
229 20
read:
120
write:
3
295 99
825 505
215 699
write:
7
67 504
511 144
240 93
176 14
905 68
167 667
733 3
write:
8
796 187
30 841
230 470
380 91
572 12
150 879
845 808
93 573
read:
27
read:
282
write:
5
892 203
177 518
481 135
758 183
602 94
write:
4
639 384
275 280
204 885
605 565
write:
6
357 777
553 174
398 130
40 460
43 40
201 733
read:
148
write:
6
239 202
399 360
704 820
558 182
807 414
828 218
read:
36
write:
2
574 149
109 195
read:
408
write:
6
331 756
171 462
324 755
215 838
3 473
520 676
write:
8
316 456
613 707
900 314
146 619
683 878
809 217
762 901
181 881
read:
133
write:
5
692 122
815 854
269 757
241 352
434 608
read:
439
read:
621
write:
6
214 671
629 284
867 761
666 579
713 821
408 212
read:
506
write:
10
821 535
250 116
261 456
895 99
888 853
896 715
812 294
152 401
804 878
188 401
write:
3
902 234
297 257
795 612
read:
830
read:
526
write:
5
825 343
737 746
451 638
431 308
218 149
write:
3
602 209
669 814
84 410
read:
284
read:
204
write:
7
734 787
633 173
429 333
78 207
52 694
777 160
133 628
read:
166
write:
10
380 524
198 702
804 691
242 723
128 633
76 442
614 873
634 767
751 730
862 22
read:
895
read:
451
read:
228
read:
559
write:
1
791 118
read:
296
read:
277
read:
847
read:
120
write:
3
183 79
514 234
115 791
read:
801
read:
101
write:
5
636 530
671 330
806 420
671 873
116 869
write:
9
556 774
270 863
663 273
458 641
229 778
206 572
365 25
39 350
554 461
write:
5
41 462
672 611
844 108
715 124
403 413
write:
9
120 711
59 65
590 796
896 805
41 672
421 38
895 213
501 365
860 829
write:
1
753 675
read:
224
read:
3
write:
9
469 747
409 400
490 302
303 551
866 38
845 583
466 761
793 351
147 649
read:
125
read:
789
write:
1
535 708
read:
404
read:
112
read:
299
read:
663
write:
9
469 668
356 741
173 410
101 498
23 285
547 761
875 259
112 902
760 206
write:
10
114 6
449 64
146 370
134 878
428 429
103 503
757 672
453 494
56 395
331 591
read:
626
write:
4
347 734
36 517
211 694
638 721
read:
69
read:
565
write:
8
341 629
729 18
487 455
881 202
404 364
752 547
162 107
369 880
read:
321
read:
476
write:
1
401 359
read:
32
read:
18
write:
10
230 453
248 660
697 544
329 834
81 334
532 774
61 871
820 849
287 894
203 837
read:
225
read:
409
read:
157
read:
439
write:
5
811 282
212 319
480 716
361 656
769 542
write:
1
551 713
write:
3
834 658
398 548
328 4
write:
7
541 683
804 568
676 67
423 597
271 363
685 549
435 254
write:
9
909 188
678 169
92 339
608 279
732 474
885 698
246 906
341 65
884 564
write:
2
447 689
843 652
write:
7
403 603
153 478
487 358
525 67
482 567
216 498
131 802
write:
6
197 674
415 10
551 431
191 649
737 66
445 36
write:
8
530 317
297 394
563 364
423 698
221 683
649 29
712 624
350 816
read:
686
read:
300
write:
2
884 888
777 514
write:
10
180 470
248 482
233 273
801 361
632 461
794 83
534 708
530 725
433 450
160 895
read:
497
write:
3
420 508
487 174
781 29
read:
512
read:
225
read:
682
read:
494
write:
10
553 904
323 180
303 228
427 530
181 868
498 138
740 205
124 816
376 431
876 286
read:
723
write:
2
606 678
551 865
read:
342
write:
2
698 592
310 239
read:
94
read:
807
write:
2
244 38
662 253
write:
10
445 279
780 519
467 506
23 119
279 681
811 375
740 15
61 297
490 305
497 113
read:
224
write:
8
656 3
642 724
717 2
265 715
305 290
712 239
485 889
469 102
write:
6
434 466
695 614
424 538
491 39
83 305
795 378
write:
10
233 738
1 157
224 763
875 199
601 773
128 472
748 219
196 655
248 677
332 835
read:
865
write:
5
742 101
53 293
342 533
852 661
679 267
read:
832
read:
766
read:
169
read:
655
write:
6
89 302
601 557
476 251
765 872
175 559
353 636
read:
736
read:
649
read:
151
read:
848
write:
3
863 661
209 754
212 492
write:
6
24 32
36 825
393 14
549 683
803 651
547 883
read:
74
write:
8
685 136
105 541
257 486
797 494
788 412
136 480
462 531
89 45
read:
439
write:
4
207 143
210 103
185 707
374 190
write:
10
388 129
893 475
894 690
596 812
665 39
233 613
69 157
358 845
721 324
425 758
read:
640
read:
692
read:
143
read:
528
read:
780
read:
737
read:
232
read:
522
write:
10
838 368
605 101
815 646
165 54
187 837
322 35
631 330
656 290
459 875
742 322
read:
303
read:
656
read:
840
write:
10
306 395
164 196
3 378
704 692
71 423
228 731
840 909
714 316
839 156
296 357
write:
9
299 48
148 908
817 738
447 780
130 770
514 65
631 294
102 553
830 666
read:
250
write:
1
825 503
read:
225
read:
805
write:
8
714 362
404 577
193 836
422 130
143 703
644 766
700 253
271 400
read:
284
read:
499
write:
7
423 118
848 664
722 665
350 354
750 33
148 169
653 132
read:
801
read:
150
write:
4
868 66
511 318
894 726
126 505
read:
778
write:
6
593 134
448 854
822 769
83 49
33 892
526 619
write:
10
650 288
685 716
461 449
266 422
439 151
195 710
634 374
42 639
196 9
604 801
write:
5
310 861
565 206
719 321
295 162
750 223
write:
4
32 674
755 251
676 884
804 884
write:
1
51 187
write:
9
767 120
228 431
707 294
342 55
824 563
691 745
353 311
737 368
479 404
read:
520
write:
1
671 601
read:
503
read:
602
read:
873
write:
9
557 883
257 96
403 484
413 73
398 134
19 405
210 636
763 410
111 767
write:
9
16 731
591 594
61 638
490 784
794 68
221 220
763 1
138 855
544 893
write:
9
526 822
441 647
648 253
119 828
111 383
685 449
41 189
385 712
477 22
read:
869
read:
40
write:
1
447 485
write:
2
580 19
300 638
read:
768
write:
1
676 31
read:
292
read:
624
write:
4
428 351
647 663
477 201
386 637
write:
7
521 25
491 422
581 645
223 144
642 335
531 761
482 238
write:
6
815 309
595 55
195 413
120 751
538 462
804 33
write:
1
160 22
write:
7
539 214
271 812
663 415
150 396
350 897
804 790
896 307
write:
4
140 138
256 746
907 419
858 59
read:
221
write:
4
366 847
466 114
846 483
892 419
read:
573
read:
495
read:
861
read:
641
write:
5
705 49
239 650
644 282
710 313
115 839
write:
4
202 687
402 849
588 457
698 559
read:
10
read:
746
read:
467
read:
175
write:
5
377 86
191 755
39 493
494 645
29 897
read:
89
read:
310
read:
682
write:
9
138 545
381 270
87 893
96 837
16 398
587 231
620 69
229 249
639 402
read:
853
read:
257
write:
3
848 313
256 747
654 286
write:
6
98 767
860 602
809 614
318 804
807 410
764 542
write:
7
485 29
804 741
819 367
769 684
301 816
172 304
703 751
write:
7
506 788
626 743
457 274
65 644
679 393
78 841
444 568
read:
450
read:
323
read:
769
write:
8
215 594
642 241
603 605
740 460
840 38
882 486
153 613
459 365
read:
427
read:
3
read:
692
read:
637
write:
5
358 10
650 277
127 821
730 175
431 703
read:
101
write:
7
457 235
414 447
1 852
648 516
686 186
101 837
53 900
read:
890
write:
7
116 23
67 460
524 133
682 70
202 104
419 186
354 659
read:
243
read:
567
read:
711
read:
169
write:
8
783 139
602 237
885 627
682 555
164 343
245 607
442 374
73 200
write:
6
625 421
460 552
338 659
884 825
794 329
128 487
read:
317
write:
1
1 435
read:
202
read:
665
read:
31
read:
293
read:
299
read:
290
read:
762
read:
894
write:
5
451 370
322 750
576 613
637 326
312 875
write:
5
560 352
784 48
637 521
481 392
478 63
read:
360
read:
735
write:
8
554 604
672 897
404 35
77 641
892 848
752 693
787 65
569 330
read:
630
write:
2
813 491
255 77
write:
5
27 57
814 314
339 807
495 112
655 710
read:
509
read:
615
write:
5
552 112
332 147
39 696
890 667
88 444
read:
159
write:
8
76 586
424 234
469 297
280 423
870 719
888 390
176 254
80 381
read:
382
write:
6
831 267
337 242
151 45
429 437
182 496
746 833
read:
723
write:
10
771 525
867 616
457 212
801 735
861 73
428 122
383 654
628 23
885 496
130 130
read:
697
write:
5
471 901
4 567
704 343
489 15
424 830
write:
10
606 282
673 579
643 116
317 464
491 610
295 258
896 133
681 231
346 609
862 152
write:
8
83 789
134 567
895 268
571 524
458 331
345 167
331 632
299 107
read:
201
read:
37
read:
304
read:
853
write:
10
814 480
834 578
343 5
169 395
380 494
237 872
694 436
801 146
750 664
668 656
read:
144
read:
593
write:
6
644 881
835 152
826 440
109 440
438 224
611 686
write:
5
650 689
490 590
574 434
117 731
730 587
write:
5
8 108
513 118
572 66
143 301
372 179
write:
5
305 22
138 712
713 775
122 14
852 338
write:
1
201 282
write:
5
248 710
766 17
473 904
578 336
476 133
write:
1
464 201
read:
307
write:
4
28 689
741 248
29 775
274 645
read:
768
read:
553
write:
5
798 658
411 206
409 356
271 671
853 709
read:
825
read:
890
read:
534
write:
9
34 115
114 669
565 726
470 467
220 89
712 246
556 745
736 235
813 822
write:
1
870 869
read:
7
read:
591
read:
229
write:
9
342 800
513 263
94 705
611 136
81 170
198 183
647 703
324 264
595 322
read:
494
write:
4
682 356
738 102
449 170
512 388
read:
878
write:
7
187 903
452 770
47 33
536 835
264 422
797 848
293 380
read:
31
write:
4
242 671
363 596
187 700
340 79
read:
346
read:
679
read:
155
read:
498
write:
8
589 604
882 660
496 40
157 732
101 269
114 816
882 320
608 764
write:
6
99 729
651 774
786 603
432 528
402 219
459 41
read:
27
read:
635
read:
472
read:
399
read:
37
write:
3
276 725
105 545
208 103
read:
697
write:
4
283 863
815 265
881 695
909 82
read:
251
write:
8
423 801
623 338
899 501
628 292
157 849
388 524
766 214
572 92
write:
9
253 31
710 383
825 235
109 49
322 68
440 301
266 836
775 182
338 75
read:
531
read:
794
read:
834
write:
5
247 799
376 149
424 694
646 98
881 856
read:
459
read:
732
read:
763
read:
463
read:
122
read:
625
write:
5
601 213
550 287
517 891
821 307
496 663
write:
10
241 816
479 338
94 314
197 263
887 330
134 208
602 509
832 582
492 799
357 795
write:
7
489 461
908 811
683 388
254 411
465 166
802 699
222 185
read:
95
write:
1
412 421
read:
474
write:
7
387 733
905 798
136 690
590 692
589 696
587 58
62 90
read:
703
read:
58
write:
8
12 871
201 739
882 890
430 519
775 845
177 591
17 423
412 79
write:
6
66 772
288 746
273 767
457 293
737 330
87 449
read:
178
write:
5
723 126
713 438
241 157
424 626
128 574
read:
331
write:
2
381 120
16 221
write:
10
547 1
887 382
805 792
631 196
22 51
31 668
901 717
648 685
687 272
348 495
write:
8
214 256
625 473
98 237
654 541
722 119
536 515
602 682
449 784
read:
590
write:
6
766 819
452 412
364 711
334 120
519 146
312 560
read:
222
write:
10
827 876
696 223
870 508
649 531
32 860
375 411
792 222
201 768
62 370
198 748
read:
264
read:
64
write:
9
829 354
650 70
700 129
374 284
414 303
54 782
317 268
144 738
135 850
write:
9
376 404
317 370
580 744
677 871
31 683
716 486
487 609
816 684
524 638
read:
131
write:
6
186 267
879 153
350 319
720 513
477 26
724 876
read:
713
read:
669
write:
5
566 782
63 601
26 397
383 336
327 730
read:
903
write:
1
639 88
read:
278
read:
175
read:
809
read:
247
read:
573
write:
4
371 202
153 353
8 205
685 196
read:
881
read:
701
write:
2
501 643
409 338
read:
366
read:
625
read:
329
write:
8
661 775
41 277
225 466
571 821
836 517
328 409
84 534
807 497
write:
10
266 354
287 581
180 791
220 100
175 341
783 393
262 461
7 428
193 721
37 6
write:
5
491 335
543 135
196 362
393 81
897 424
read:
511
write:
8
595 709
697 222
175 820
909 420
590 165
27 329
445 500
783 54
read:
746
read:
688
write:
8
39 132
889 314
390 121
623 764
678 133
180 454
881 874
295 262
read:
778
write:
7
386 361
770 485
376 548
226 140
884 724
410 13
887 433
read:
462
write:
6
465 279
645 139
515 199
373 133
121 285
45 186
read:
651
read:
878
write:
8
164 538
17 474
808 304
323 529
97 742
832 428
814 577
260 348
write:
6
456 445
482 106
690 838
147 162
184 669
281 578
write:
5
751 863
302 804
714 133
113 611
302 768
write:
6
690 490
76 49
294 647
678 42
401 722
253 702
read:
731
write:
3
605 344
515 39
173 670
read:
719
write:
2
199 721
594 687
write:
6
104 353
531 897
239 106
218 866
287 292
106 567
write:
10
45 606
740 889
244 471
553 215
654 390
601 27
269 757
282 175
181 644
717 545
write:
1
883 513
write:
6
627 551
656 54
335 845
100 646
110 272
591 679
write:
9
331 106
874 843
8 801
389 130
226 578
42 285
734 739
463 889
490 82
read:
625
write:
6
713 799
325 170
1 308
451 864
704 755
709 449
write:
2
294 768
372 535
read:
585
read:
743
write:
5
828 822
25 714
747 655
123 371
231 626
read:
171
read:
807
write:
7
581 898
24 18
595 716
116 474
899 318
833 40
385 269
write:
6
76 105
513 625
681 400
265 34
877 866
494 170
read:
490
read:
102
read:
135
write:
4
607 718
480 190
270 95
468 102
read:
861
read:
587
read:
282
read:
623
write:
7
78 122
331 541
238 240
15 123
472 636
484 244
292 676
write:
9
569 175
419 434
617 284
846 882
23 297
73 374
251 586
224 891
642 342
write:
8
859 749
521 772
908 234
334 233
272 771
426 368
732 383
548 233
write:
1
839 751
read:
747
read:
166
write:
5
186 834
57 896
131 518
877 96
671 670
write:
8
660 833
805 458
53 239
393 116
672 781
851 708
380 236
627 223
write:
9
787 273
75 623
516 676
505 338
828 292
350 405
762 363
420 190
899 282
read:
885
read:
588
write:
1
70 322
read:
650
read:
592
write:
10
703 542
605 563
799 226
777 274
256 272
695 441
78 495
550 672
335 877
363 206
write:
2
88 580
242 560
read:
235
write:
6
325 114
910 538
635 896
414 588
509 785
247 211
write:
2
299 688
713 49
read:
455
write:
7
29 49
49 558
855 452
480 560
434 501
51 701
31 277
read:
240
read:
242
read:
759
read:
755
write:
1
226 822
write:
8
887 761
184 329
33 633
338 95
549 151
488 94
303 420
514 69
write:
8
658 567
123 92
596 327
694 674
767 42
590 23
616 63
377 506
write:
10
769 643
415 286
672 412
394 900
603 445
652 657
38 831
720 633
49 385
750 523
read:
470
write:
8
422 871
315 666
827 811
737 179
476 543
483 799
798 434
174 593
write:
10
678 211
694 634
283 96
424 905
19 794
412 286
480 475
585 347
318 3
638 381
write:
4
858 571
359 801
438 160
627 766
write:
4
196 609
47 435
433 627
72 349
read:
114
write:
6
631 462
803 583
414 543
190 364
11 692
330 248
write:
7
627 420
31 842
806 759
215 301
680 902
528 181
855 637
read:
318
read:
55
read:
89
read:
99
read:
346
write:
7
626 762
749 900
792 176
634 719
854 111
658 828
790 604
read:
706
write:
6
45 303
76 795
433 829
60 770
740 288
99 518
read:
57
read:
710
read:
555
write:
8
862 78
352 453
692 358
326 462
77 491
592 288
27 341
902 227
read:
289
write:
1
427 383
read:
691
write:
2
172 817
466 778
write:
3
834 365
886 651
579 175
write:
5
369 822
758 761
776 620
742 111
823 59
read:
120
write:
6
255 73
441 766
36 684
397 459
364 390
333 659
write:
7
149 304
425 19
260 842
432 795
869 469
790 725
300 435
write:
9
431 422
334 339
693 900
795 672
225 118
855 14
714 747
650 65
728 78
write:
2
599 324
910 234
write:
2
724 539
469 342
read:
274
write:
9
383 604
697 52
512 11
112 281
760 352
379 120
123 735
454 292
484 83
write:
1
414 548
write:
5
390 209
714 545
198 248
370 745
286 877
write:
1
479 503
write:
7
633 320
292 413
783 322
300 148
497 69
283 690
391 600
write:
2
755 288
805 886
read:
290
read:
798
write:
4
224 578
597 731
146 341
188 156
read:
563
write:
10
662 813
434 119
248 490
420 248
659 350
535 562
643 467
137 142
515 667
893 858
write:
10
654 708
131 826
746 77
662 274
431 836
757 686
114 721
63 641
328 839
871 501
read:
547
read:
261
read:
193
read:
310
read:
701
write:
10
45 881
785 165
66 171
438 535
67 628
337 312
421 4
601 518
359 704
514 238
read:
585
write:
6
622 649
657 749
450 843
33 864
332 79
261 608
write:
3
532 191
613 629
328 572
read:
426
read:
116
read:
439
read:
112
read:
443
write:
7
580 267
426 851
418 190
210 417
316 235
547 456
347 85
write:
7
889 419
893 653
576 638
724 14
301 524
235 341
204 694
read:
418
write:
9
813 329
660 611
271 14
797 594
210 367
218 136
423 134
262 217
903 47
write:
3
387 536
359 45
325 75
write:
7
822 430
792 730
801 529
803 498
408 897
374 408
276 499
write:
1
190 727
write:
8
254 701
764 634
424 137
28 893
882 878
359 870
143 361
851 348
write:
2
28 142
346 7
read:
425
read:
422
write:
2
752 167
528 313
read:
844
write:
7
776 522
495 573
190 540
324 58
774 628
157 523
209 539
write:
6
527 304
114 121
6 369
465 243
284 230
838 514
read:
595
read:
490
write:
3
109 141
782 832
543 728
write:
1
112 640
write:
10
758 776
685 612
13 665
714 479
657 862
676 149
668 525
820 639
598 617
412 33
write:
8
377 735
12 399
618 261
549 857
452 630
627 55
897 367
528 517
write:
7
318 474
305 118
504 466
273 154
206 403
92 675
890 485
write:
8
689 553
320 358
262 652
659 634
602 826
355 90
672 231
654 852
write:
6
68 500
814 288
564 728
400 293
284 745
91 621
write:
2
534 154
644 470
write:
8
180 16
644 910
214 160
272 65
472 806
728 542
343 63
669 277
write:
10
724 588
735 816
146 127
115 168
117 626
104 709
503 323
294 372
55 564
212 743
write:
7
74 574
73 412
887 565
483 411
806 126
636 530
350 509
write:
10
200 205
258 72
722 173
327 214
880 584
74 208
662 123
404 307
834 759
762 735
write:
9
29 292
163 835
384 649
788 767
853 690
180 557
566 180
450 389
351 785
write:
9
726 14
80 94
816 538
611 639
251 503
87 78
250 773
461 833
778 73
read:
662
write:
5
164 838
491 152
613 154
877 420
270 363
read:
618
read:
804
write:
3
200 721
813 846
566 213
read:
142
write:
3
208 660
413 584
852 197
write:
1
549 516
write:
4
71 294
194 382
697 550
118 755
write:
6
699 770
419 581
884 565
433 458
856 37
524 332
read:
293
read:
895
read:
743
read:
715
write:
7
351 317
616 246
160 352
177 467
50 567
265 520
179 277
read:
663
read:
859
read:
663
read:
662
read:
9
write:
9
323 327
730 466
510 778
656 378
77 96
475 330
118 91
573 56
387 232
read:
397
write:
10
768 708
768 492
403 170
317 454
281 467
256 141
767 797
165 722
453 57
647 543
read:
339
read:
425
read:
829
write:
2
782 505
207 625
write:
4
300 207
242 654
644 748
403 812
read:
683
write:
5
216 312
680 204
46 733
49 336
447 65
write:
8
542 737
404 728
511 766
778 860
746 226
70 880
506 660
141 28
write:
4
244 295
690 845
214 444
739 534
write:
8
290 539
462 830
600 697
348 349
425 741
332 352
282 244
185 825
write:
2
273 463
488 446
write:
10
696 602
387 657
336 136
539 632
409 660
757 885
510 288
264 836
173 582
367 675
read:
67
read:
314
write:
2
6 147
479 786
read:
896
write:
8
272 44
568 227
180 250
103 484
235 125
479 129
230 91
443 666
write:
7
604 678
314 670
775 721
468 485
320 697
322 168
673 844
write:
8
143 828
867 789
46 107
208 783
600 480
564 622
662 106
647 209
read:
33
read:
152
read:
162
read:
616
write:
2
572 15
364 664
write:
6
469 324
174 150
90 35
861 879
707 874
806 360
read:
46
read:
695
read:
344
write:
2
388 878
582 482
read:
288
write:
1
76 131
write:
2
862 418
893 128
read:
416
read:
618
read:
107
write:
7
758 342
146 675
645 576
722 185
747 617
331 172
537 722
read:
229
write:
10
639 479
130 696
815 863
182 551
255 908
504 36
401 122
604 552
638 405
86 220
write:
7
138 510
680 128
643 417
865 581
746 747
457 871
440 491
read:
326
read:
139
write:
3
443 5
2 805
250 111
write:
7
738 757
504 372
342 815
281 119
772 298
664 29
155 491
read:
760
write:
1
315 247
write:
6
159 479
18 34
585 683
37 531
789 77
241 813
read:
466
write:
10
906 73
803 142
216 680
106 606
683 564
423 36
49 355
743 902
283 298
869 316
write:
2
660 617
745 329
read:
630
write:
4
275 572
165 602
11 610
75 343
write:
6
190 322
336 129
177 617
502 516
118 9
620 33
read:
226
read:
410
read:
69
read:
696
write:
3
236 408
118 277
30 695
read:
146
read:
95
read:
772
write:
5
676 621
48 470
69 722
139 590
286 11
read:
503
write:
7
489 302
368 595
613 599
821 599
351 721
814 333
395 269
read:
867
write:
3
83 256
498 42
570 152
read:
879
read:
886
write:
3
140 298
663 630
734 197
write:
5
70 667
814 460
477 334
252 373
124 12
read:
861
read:
468
read:
647
write:
6
127 807
751 863
732 439
873 309
691 490
206 749
write:
3
418 94
380 489
619 556
write:
2
620 255
392 327
write:
4
385 602
24 657
393 767
525 539
write:
6
564 536
394 713
618 261
727 763
15 831
805 330
write:
1
593 725
write:
3
278 210
825 462
160 178
read:
686
read:
411
read:
405
read:
252
read:
287
read:
99
write:
10
12 107
765 786
403 533
748 531
439 646
141 750
832 93
103 711
1 292
43 365
read:
782
write:
1
123 158
read:
469
read:
674
write:
5
530 68
428 857
365 89
522 752
476 639
read:
537
read:
724
write:
7
860 113
162 579
348 163
775 893
143 780
644 700
344 391
read:
385
read:
668
read:
448
read:
391
read:
262
write:
8
239 477
512 204
113 67
376 152
217 380
820 784
483 818
349 900
read:
305
read:
409
write:
2
130 563
596 735
read:
288
write:
3
594 627
825 290
849 865
read:
544
write:
7
460 152
597 191
557 601
50 287
826 752
764 504
62 250
write:
1
197 87
read:
712
write:
2
729 79
182 858
write:
2
606 11
343 665
read:
480
read:
828
write:
2
462 839
863 7
write:
6
644 696
161 538
765 565
702 508
784 302
843 178
read:
202
read:
544
read:
564
read:
591
read:
341
read:
318
read:
147
read:
139
write:
3
67 880
398 122
503 192
write:
7
166 486
241 823
772 244
244 851
746 668
526 700
246 168
read:
145
read:
750
write:
5
365 565
367 883
33 883
697 369
329 152
read:
696
read:
13
read:
67
read:
469
read:
762
read:
282
write:
9
445 777
686 898
447 67
329 605
704 799
670 662
14 39
94 670
361 41
read:
206
read:
837
read:
710
write:
5
136 83
788 543
517 69
658 257
41 713
write:
4
393 133
820 475
231 750
489 316
read:
828
read:
490
read:
586
write:
4
859 293
720 853
492 20
660 268
read:
559
read:
116
read:
112
write:
6
685 352
110 819
402 423
708 476
31 592
358 177
write:
10
35 284
628 761
898 828
803 529
457 50
616 519
411 588
460 150
294 136
25 453
read:
783
read:
636
write:
3
626 253
90 560
127 403
read:
421
read:
10
read:
768
read:
593
write:
4
621 240
318 625
127 333
61 631
read:
323
read:
462
write:
3
67 741
137 135
233 389
read:
796
write:
7
211 517
787 389
295 334
248 645
343 304
713 256
827 858
write:
9
561 709
364 45
111 853
256 255
365 828
522 720
536 400
81 638
80 433
read:
393
write:
4
343 512
909 811
604 400
362 74
write:
10
794 763
493 454
736 786
36 717
532 608
870 1
875 340
234 732
181 154
662 441
write:
10
248 539
365 844
379 250
486 64
874 114
398 341
566 13
170 361
697 718
665 614
write:
4
857 500
763 832
117 774
161 295
read:
303
write:
9
66 388
294 43
529 784
703 109
381 11
88 422
774 799
717 724
304 182
read:
612
read:
490
write:
10
845 582
501 769
485 503
806 566
517 645
82 457
347 876
36 702
906 450
76 794
write:
3
541 704
848 881
425 237
write:
9
741 723
719 384
679 488
112 741
367 152
543 82
427 664
374 181
819 399
write:
1
383 829
read:
708
write:
3
877 717
572 36
549 463
write:
4
157 405
845 203
318 819
386 300
write:
2
257 579
167 859
read:
249
write:
3
628 151
154 635
501 874
read:
682
write:
2
755 782
204 633
write:
5
321 353
804 450
244 825
605 392
176 287
read:
384
read:
584
write:
6
897 617
570 579
421 553
134 530
800 337
842 286
read:
584
write:
4
13 8
175 261
193 248
656 273
read:
87
read:
841
read:
696
read:
431
read:
833
write:
1
901 499
read:
186
read:
738
write:
9
444 575
659 138
465 164
153 664
463 467
656 340
398 402
778 309
639 476
read:
176
read:
329
read:
491
read:
644
read:
732
write:
9
321 485
75 344
392 205
855 563
46 300
639 87
292 179
626 104
329 753
read:
120
read:
323
read:
7
read:
9
read:
850
read:
683
write:
3
678 645
332 626
93 495
read:
16
write:
2
101 590
704 860
read:
615
read:
552
write:
5
79 130
700 710
197 18
510 581
70 61
write:
1
274 56
read:
821
read:
212
write:
4
133 125
710 64
360 592
414 40
read:
140
write:
5
554 885
61 124
414 391
570 513
642 116
write:
3
359 133
612 643
57 484
write:
10
44 451
893 393
318 559
894 493
35 591
653 400
246 412
595 77
299 714
573 822
write:
6
501 300
811 655
179 173
449 80
21 775
420 58
read:
222
read:
447
write:
1
695 307
write:
6
408 47
617 675
535 868
283 203
690 804
139 758
write:
9
709 513
397 359
42 271
782 517
279 742
632 635
631 205
592 530
824 907
write:
5
53 362
631 618
451 889
479 641
752 226
write:
3
668 474
857 500
794 587
write:
3
17 4
849 624
564 850
write:
6
151 521
178 268
898 42
205 607
875 244
700 365
write:
5
84 25
73 694
473 608
220 63
449 844
write:
3
298 607
237 364
886 280
read:
376
read:
563
write:
5
777 467
322 573
750 643
210 867
11 238
read:
103
read:
603
read:
101
read:
221
write:
3
852 107
891 366
279 299
read:
872
write:
10
524 410
249 489
538 306
99 388
386 1
398 698
651 806
692 885
213 520
506 410
read:
478
read:
501
read:
734
read:
473
write:
6
443 845
642 626
380 841
653 902
20 902
44 204
write:
10
103 214
483 647
379 830
42 265
410 549
90 323
349 375
520 610
605 909
636 723
read:
68
read:
345
read:
125
read:
254
read:
841
read:
162
read:
257
read:
315
write:
9
714 262
19 475
838 740
364 233
400 373
632 850
1 144
261 30
499 626
read:
531
read:
839
write:
5
208 830
860 172
388 514
316 637
194 450
write:
8
908 279
330 832
104 362
15 774
197 641
449 523
304 550
262 864
read:
457
read:
894
write:
2
502 136
36 605
read:
40
read:
653
read:
733
read:
431
read:
363
read:
733
write:
9
603 33
166 726
160 3
561 61
125 405
503 39
251 138
628 5
240 771
write:
7
341 130
376 295
136 230
852 297
888 491
572 311
721 30
write:
8
110 92
441 450
510 904
841 156
837 507
387 516
625 498
137 428
write:
7
883 70
328 765
826 475
620 307
419 895
848 268
812 526
read:
878
read:
652
write:
8
784 802
510 666
636 551
214 576
763 715
185 679
657 647
450 240
write:
10
626 777
716 593
878 519
237 723
325 182
450 283
879 536
264 789
125 274
139 12
write:
9
434 443
681 313
738 790
543 889
411 493
898 114
40 662
272 627
821 678
read:
141
read:
665
write:
6
790 829
566 178
56 133
19 60
7 782
331 493
read:
583
read:
688
read:
520
write:
8
226 427
727 755
161 6
325 17
394 691
422 574
760 330
351 808
read:
643
read:
82
read:
203
write:
2
121 293
54 823
write:
8
11 741
335 900
221 579
139 309
627 671
657 74
706 646
463 409
write:
2
333 133
472 327
write:
5
745 53
635 704
248 882
462 853
230 542
read:
426
read:
46
read:
798
write:
4
745 367
187 585
370 522
163 758
write:
9
315 624
120 375
511 410
349 864
509 751
554 50
606 453
88 48
55 259
write:
6
589 884
92 303
85 2
196 504
445 549
246 586
read:
403
read:
260
write:
5
611 562
501 900
855 551
849 510
208 337
write:
10
285 52
765 404
87 708
170 853
442 581
627 1
26 760
522 910
571 120
894 644
read:
328
write:
4
224 373
340 721
695 283
642 907
write:
4
415 87
687 139
54 258
577 82
read:
513
read:
517
read:
192
write:
10
124 762
722 750
276 282
600 792
555 343
538 278
418 904
243 814
774 24
677 647
read:
707
read:
807
write:
4
485 428
78 519
553 169
120 473
read:
418
write:
9
134 372
368 723
375 404
113 741
324 358
77 642
412 448
347 331
856 55
write:
3
364 399
379 186
598 383
read:
515
read:
334
write:
4
60 247
555 850
419 275
678 755
read:
60
write:
7
345 812
797 50
350 465
366 206
846 907
658 491
302 653
write:
4
392 450
207 317
783 738
147 794
write:
1
209 906
write:
2
824 249
268 331
read:
305
read:
391
read:
698
read:
723
read:
729
write:
3
31 819
888 309
376 42
read:
430
read:
334
read:
85
read:
682
read:
777
read:
262
write:
2
473 685
526 646
write:
6
652 387
100 142
340 281
476 388
673 752
632 68
read:
432
write:
4
665 610
564 611
508 758
851 326
read:
507
read:
857
read:
459
write:
10
631 665
892 232
828 129
193 456
774 172
617 176
34 860
569 809
444 740
847 773
read:
21
write:
7
485 523
460 196
269 842
198 811
367 142
386 871
776 87
read:
708
write:
2
786 623
552 266
write:
10
193 228
257 382
83 469
133 11
868 467
311 892
667 11
163 170
141 661
474 569
read:
278
read:
534
write:
6
521 243
460 116
144 840
500 296
381 115
680 55
read:
785
write:
8
688 826
875 357
185 617
796 421
822 131
525 671
507 26
265 91
write:
3
718 623
108 254
168 530
read:
189
read:
455
write:
8
142 223
76 6
531 256
284 775
391 575
346 51
726 360
385 491
write:
2
431 512
119 56
write:
9
176 343
723 46
150 573
222 175
720 674
539 7
726 320
521 813
595 763
write:
10
595 650
245 13
634 146
780 455
104 66
549 759
845 123
663 760
621 179
474 57
read:
374
read:
132
write:
3
280 765
90 12
860 139
write:
3
491 319
593 548
94 139
read:
430
write:
10
112 147
739 367
824 447
204 80
772 844
613 901
115 417
84 831
432 161
871 680
read:
123
write:
10
228 446
346 126
761 244
446 559
104 604
569 610
470 28
749 479
202 397
583 288
write:
7
286 2
110 178
493 56
445 91
623 350
623 451
381 570
read:
307
read:
236
read:
198
write:
5
460 708
843 365
44 251
827 850
434 327
write:
8
329 476
14 516
838 595
511 607
856 29
779 396
699 152
854 837
write:
1
254 896
read:
126
read:
636
read:
85
read:
497
write:
6
62 646
546 295
865 481
482 836
895 201
512 423
read:
318
write:
1
876 494
read:
206
read:
194
write:
6
529 501
747 880
313 80
497 91
909 702
632 204
write:
10
657 791
879 293
668 250
86 553
476 126
493 696
340 313
723 825
47 17
772 414
write:
5
714 751
842 49
774 145
175 239
421 909
read:
138
read:
759
read:
83
read:
753
write:
2
1 735
184 411
write:
10
651 774
450 211
873 628
139 544
130 490
544 656
648 352
710 559
397 570
901 698
write:
4
78 674
370 136
692 821
717 65
write:
8
737 500
643 192
174 271
427 485
75 739
810 888
863 578
522 686
read:
422
write:
9
334 619
496 228
127 648
597 632
406 388
803 600
22 390
45 288
469 605
read:
250
write:
2
846 53
814 885
read:
689
write:
4
761 817
133 194
537 28
170 273
read:
33
read:
644
write:
5
97 322
392 807
569 220
778 254
20 172
write:
7
421 797
600 250
413 589
687 766
176 512
429 75
119 326
read:
15
write:
3
55 700
896 746
742 335
write:
10
709 393
782 204
214 282
518 804
21 829
353 11
79 632
833 622
528 87
796 553
read:
511
write:
3
41 32
281 582
61 140
read:
139
read:
672
read:
308
write:
7
113 368
444 261
250 265
119 343
336 173
281 453
905 618
read:
307
read:
722
read:
536
write:
7
148 592
200 909
204 201
627 907
342 710
42 466
3 751
read:
887
read:
817
read:
204
write:
8
802 505
659 157
94 77
146 466
580 31
46 153
660 81
493 96
read:
786
read:
153
read:
447
read:
440
read:
731
read:
141
write:
1
562 119
read:
611
read:
257
read:
53
write:
3
755 303
620 404
373 35
read:
382
write:
2
524 117
648 790
write:
4
302 551
254 862
163 292
45 728
read:
23
write:
10
376 669
182 722
853 890
899 699
113 61
773 663
861 252
63 424
39 527
310 815
write:
10
664 73
676 804
910 167
852 845
842 594
200 428
672 576
755 489
846 816
51 111
read:
218
read:
591
read:
647
read:
623
write:
3
410 575
601 722
213 269
read:
335
write:
7
330 108
608 295
637 870
336 616
471 367
483 302
618 414
write:
7
226 362
708 353
718 36
203 341
186 521
699 566
909 758
write:
1
471 186
read:
215
write:
3
485 463
539 379
343 623
read:
483
read:
668
write:
7
255 575
557 203
501 216
666 749
80 871
487 282
299 669
read:
330
read:
373
write:
1
327 678
write:
2
344 864
601 257
read:
769
write:
6
765 321
440 277
746 834
714 848
470 334
681 700
write:
10
744 226
711 893
456 561
209 696
520 455
903 121
89 223
428 473
251 349
217 361
write:
2
493 587
464 547
write:
6
192 134
349 407
412 632
402 802
605 85
571 277
write:
7
120 267
198 26
25 552
851 328
725 142
489 660
796 35
read:
883
read:
29
read:
563
write:
10
587 790
413 380
128 574
404 513
20 803
114 355
646 519
907 591
907 124
134 214
write:
5
309 867
396 386
89 615
311 716
413 459
write:
3
125 797
407 266
892 151
write:
3
128 231
430 305
584 784
read:
618
write:
5
808 637
341 502
172 170
758 675
805 65
write:
2
721 722
466 653
write:
5
878 887
816 624
679 563
314 371
690 268
read:
599
read:
118
write:
4
262 874
715 679
881 395
455 402
write:
2
114 421
820 647
read:
374
read:
134
write:
10
90 670
756 427
535 140
690 690
478 250
461 739
237 53
693 730
680 866
20 289
write:
9
245 281
824 302
173 659
541 491
63 313
493 765
834 12
72 577
463 830
write:
5
831 528
59 753
563 59
767 335
781 885
write:
9
254 244
488 218
150 520
85 136
106 227
581 481
810 382
154 232
458 462
write:
9
470 339
93 189
262 825
659 30
110 574
615 553
778 93
90 65
182 221
read:
92
read:
277
read:
202
write:
1
298 472
read:
178
read:
688
read:
770
write:
8
347 324
707 779
339 798
170 44
847 582
139 309
603 621
409 422
write:
9
133 697
415 668
352 193
634 197
534 417
486 461
321 313
265 144
653 583
write:
10
799 522
852 199
536 878
296 654
860 695
362 413
736 554
654 658
686 626
727 169
write:
9
5 186
265 457
315 310
180 545
143 267
194 267
492 694
147 554
794 334
write:
6
531 228
459 472
255 464
779 400
471 447
886 629
write:
10
488 23
39 356
187 515
393 271
665 845
24 183
448 653
374 794
650 240
416 490
write:
1
772 827
write:
1
725 352
read:
887
read:
116
read:
471
read:
161
read:
152
write:
10
198 262
444 893
482 351
627 239
621 10
641 32
692 369
288 801
163 311
251 12
read:
779
read:
784
write:
9
77 503
839 393
637 826
31 258
220 463
552 436
691 512
398 761
425 682
write:
5
826 166
786 199
428 144
289 216
341 735
write:
2
37 192
2 137
write:
4
37 395
520 836
286 42
221 824
write:
7
421 452
212 585
34 621
863 113
19 505
265 117
104 101
read:
299
read:
862
read:
375
read:
817
read:
422
read:
141
read:
569
read:
351
read:
353
read:
875
read:
107
write:
5
704 702
707 796
121 706
158 322
641 896
write:
9
552 319
215 464
526 629
62 568
894 534
73 745
846 583
272 181
345 738
write:
10
6 901
441 222
604 776
366 63
695 66
74 532
806 652
372 39
410 565
331 659
read:
424
write:
10
596 519
724 846
223 906
602 399
313 151
273 818
528 443
739 314
560 748
123 194
write:
1
349 859
read:
79
write:
3
520 193
366 898
87 729
read:
653
write:
9
462 81
789 427
596 397
290 171
735 234
601 783
725 479
678 572
306 14
read:
342
write:
7
50 50
59 337
807 678
743 241
609 785
169 53
184 699
read:
875
read:
140
read:
83
read:
521
write:
4
333 19
409 112
859 699
648 193
read:
700
write:
5
710 534
315 111
399 627
276 103
907 305
write:
6
168 243
155 79
33 250
208 334
254 217
324 287
read:
412
read:
811
read:
224
read:
312
write:
4
298 805
110 423
198 76
769 783
read:
576
write:
8
792 205
773 329
390 333
63 699
871 276
176 287
341 589
318 147
write:
10
784 827
42 210
841 825
214 125
520 441
478 516
876 619
621 793
57 331
174 233
write:
5
906 283
65 310
468 236
379 499
559 800
read:
104
write:
8
798 807
848 380
446 585
834 225
644 328
255 451
904 103
786 341
read:
607
read:
57
write:
1
750 166
read:
201
write:
4
575 384
677 187
546 403
49 348
write:
7
121 510
748 806
304 203
676 836
100 583
661 337
4 324
write:
8
114 555
221 250
378 9
795 374
478 684
337 104
695 190
148 326
read:
657
write:
7
59 445
1 455
798 150
429 669
694 53
117 633
814 214
write:
2
133 247
387 219
write:
4
798 833
868 259
209 8
451 275
write:
5
842 487
853 183
695 829
65 138
67 590
read:
252
read:
881
write:
8
533 40
904 276
900 885
199 704
258 373
219 1
58 505
210 514
read:
211
write:
4
210 759
860 62
669 190
625 332
read:
614
read:
602
write:
2
522 369
334 238
write:
5
687 278
35 472
855 255
15 90
857 254
read:
42
write:
7
904 57
510 907
826 503
729 655
774 275
298 741
804 386
write:
3
407 182
307 346
795 588
read:
722
write:
6
4 264
216 831
83 79
514 638
844 181
828 438
write:
1
620 876
read:
232
read:
217
write:
8
135 681
720 275
128 785
302 814
548 872
798 375
579 528
788 782
write:
4
423 626
646 833
176 586
42 344
write:
7
86 528
659 907
850 639
818 860
867 467
798 379
705 585
read:
630
write:
4
461 245
752 588
665 531
614 92
read:
472
write:
9
334 642
120 594
461 40
610 345
380 809
868 400
244 892
818 121
225 577
write:
7
351 122
569 24
740 833
519 851
124 457
155 580
454 47
write:
7
72 727
303 653
388 2
508 338
472 302
519 302
901 752
read:
837
read:
362
read:
768
write:
3
239 241
512 768
77 179
write:
2
646 684
514 705
read:
893
read:
337
write:
3
767 314
322 876
184 326
write:
1
497 266
write:
5
308 133
535 533
723 463
205 899
90 277
write:
1
193 29
read:
405
read:
43
write:
5
228 363
223 708
160 753
345 613
43 239
write:
7
110 270
417 501
670 277
767 209
548 759
257 795
820 512
read:
427
write:
8
603 252
411 379
239 437
430 419
388 272
664 661
301 22
622 348
write:
4
61 618
50 619
824 890
541 542
write:
7
796 483
662 130
56 677
102 680
596 353
517 40
254 247
write:
9
696 36
39 302
860 451
301 225
827 91
376 508
795 238
203 492
224 517
read:
83
read:
649
write:
3
775 651
771 277
774 859
read:
432
read:
222
write:
8
123 559
769 802
692 705
845 743
242 271
592 279
19 164
852 461
write:
9
63 906
373 51
384 62
879 120
575 280
909 148
70 845
474 32
125 121
read:
519
write:
4
557 832
199 752
229 795
6 77
write:
4
617 466
435 330
618 141
689 709
write:
1
878 612
write:
1
458 197
write:
1
440 535
read:
708
read:
299
read:
304
read:
302
read:
714
write:
5
353 785
544 726
651 152
863 549
751 330
read:
740
write:
1
447 236
read:
402
write:
8
268 213
86 463
78 320
216 712
60 835
478 789
729 187
157 722
read:
42
read:
55
write:
7
88 122
534 399
62 258
660 666
502 266
176 790
843 552
write:
8
512 290
448 768
605 539
144 760
13 694
12 891
784 565
647 466
write:
8
816 651
100 860
548 16
783 687
519 602
705 699
47 103
133 11
read:
463
read:
290
read:
225
read:
13
read:
82
read:
227
write:
8
854 339
466 792
690 79
519 381
893 419
793 676
629 358
488 240
write:
5
249 287
796 53
349 904
330 250
516 110
read:
724
write:
2
629 823
840 494
write:
9
489 825
536 119
27 146
214 103
854 650
39 782
667 783
402 470
567 240
read:
198
read:
675
write:
4
410 433
7 486
885 722
285 331
write:
7
509 843
333 91
246 391
151 787
549 737
491 263
93 368
write:
10
321 461
793 293
300 444
590 784
277 869
612 436
249 703
54 405
877 155
325 148
read:
337
write:
10
305 737
621 214
902 50
263 129
707 56
533 200
811 524
749 268
194 45
480 571
read:
864
write:
8
648 451
294 817
322 898
833 824
890 259
725 383
780 349
234 139
read:
206
write:
6
55 559
39 582
357 304
220 7
436 418
226 795
read:
267
read:
129
read:
389
read:
431
read:
599
write:
7
65 242
155 313
615 72
183 325
239 775
808 382
649 757
read:
368
read:
292
read:
437
write:
5
777 19
281 26
495 582
305 783
547 727
write:
6
238 523
114 691
813 226
677 497
711 485
841 239
read:
580
write:
3
287 99
434 379
433 477
read:
437
write:
10
788 216
268 489
159 209
209 232
401 582
629 889
190 123
389 231
881 6
574 473
read:
197
read:
71
read:
887
write:
7
1 375
893 601
194 249
707 77
416 172
772 813
658 823
read:
813
read:
79
read:
471
read:
215
write:
10
742 743
313 541
768 177
668 298
548 405
64 736
420 594
318 865
493 793
829 106
write:
9
568 209
332 55
595 547
315 704
800 50
119 707
425 514
838 531
289 225
write:
8
721 241
64 49
283 615
631 336
735 230
366 547
728 147
363 290
write:
9
740 306
143 33
381 251
338 133
7 488
770 25
833 464
499 881
396 510
read:
239
read:
627
write:
9
555 648
741 119
416 125
381 447
286 845
95 592
354 146
129 723
857 226
write:
7
711 454
250 348
578 127
675 441
308 772
844 231
12 428
read:
589
write:
2
127 499
390 445
write:
10
745 160
235 372
466 618
39 454
399 72
834 103
688 82
666 149
658 307
125 543
write:
1
160 720
read:
360
read:
846
read:
516
write:
4
533 828
644 307
262 855
721 407
write:
1
462 482
read:
475
read:
56
read:
885
read:
751
read:
351
read:
760
read:
279
read:
635
read:
346
read:
715
read:
60
write:
7
132 483
577 426
238 133
73 563
852 259
581 468
631 323
read:
660
read:
44
read:
472
write:
9
187 89
670 141
357 233
564 800
517 624
19 101
538 571
389 496
684 703
read:
466
write:
3
587 680
129 297
324 447
read:
265
read:
830
write:
7
149 173
711 749
581 737
481 488
122 201
647 211
244 748
write:
4
156 587
143 437
351 906
37 562
read:
369
write:
5
147 477
390 827
105 366
607 770
385 787
read:
454
read:
727
read:
734
write:
2
338 287
849 760
write:
9
121 279
485 783
86 378
51 270
150 892
68 823
653 618
269 745
203 329
write:
4
713 825
169 540
722 114
18 758
write:
9
787 846
6 332
505 846
32 891
467 555
889 89
376 451
792 91
101 340
write:
3
383 304
355 510
154 469
read:
633
read:
866
read:
185
write:
5
580 418
367 126
131 910
692 676
856 253
read:
700
write:
10
882 37
426 643
855 413
337 313
413 415
653 517
810 209
99 336
812 465
826 265
write:
10
407 297
57 306
713 170
210 715
627 309
767 583
109 729
136 831
102 822
756 203
write:
1
367 229
write:
1
869 438
write:
8
308 440
808 512
341 637
313 664
733 499
414 346
611 410
815 640
write:
6
47 417
560 376
696 188
591 649
90 362
38 90
read:
484
read:
870
write:
9
250 891
654 158
539 150
616 372
298 188
802 18
484 128
760 289
710 80
read:
500
write:
6
861 900
218 561
522 533
693 85
30 186
513 704
read:
887
write:
10
323 763
115 439
426 361
844 894
187 302
58 266
119 31
790 680
127 600
515 172
read:
272
read:
564
write:
4
777 391
358 568
501 886
407 58
read:
7
write:
8
343 532
409 472
761 687
28 819
545 728
835 598
463 341
908 409
read:
380
read:
835
read:
349
read:
589
read:
610
read:
581
write:
10
684 483
552 707
789 446
254 457
233 22
278 899
138 617
500 615
258 425
74 829
read:
141
write:
9
868 323
797 397
136 556
764 6
548 777
889 490
706 178
123 475
345 675
write:
4
376 804
313 776
226 342
551 382
read:
58
read:
663
read:
641
read:
564
read:
895
write:
5
378 81
28 152
192 712
707 134
800 554
read:
130
read:
98
write:
8
19 797
833 816
901 25
831 270
532 725
785 65
352 585
891 540
read:
189
read:
611
write:
2
610 710
61 292
write:
2
407 709
148 787
write:
1
37 366
read:
399
write:
10
210 426
121 853
768 88
744 350
126 57
796 169
870 196
318 868
514 233
330 684
read:
4
write:
3
840 1
197 276
449 441
read:
895
read:
553
read:
855
read:
468
write:
3
759 98
25 381
637 895
write:
6
707 257
243 521
831 516
295 844
403 386
529 335
read:
260
write:
6
397 451
637 656
188 35
126 538
648 845
704 281
read:
183
read:
21
read:
496
read:
264
write:
4
435 266
271 186
137 886
210 177
write:
10
138 402
522 777
20 680
419 581
464 566
797 792
77 170
146 251
753 890
200 281
write:
10
432 539
254 91
83 258
369 91
380 286
84 768
542 246
6 212
158 820
863 808
write:
7
308 651
235 679
215 56
728 785
247 841
244 852
367 654
read:
635
read:
38
read:
312
write:
9
299 822
766 820
866 341
580 50
277 32
354 18
910 1
363 76
699 174
read:
160
write:
5
308 46
756 286
705 628
347 305
247 369
read:
309
write:
4
150 407
93 90
86 531
845 612
read:
48
write:
2
312 116
717 603
write:
9
369 604
437 882
513 122
137 111
584 565
679 707
483 483
718 663
246 114
read:
528
write:
4
295 348
498 63
873 362
115 877
read:
86
read:
582
write:
2
754 738
694 324
write:
8
879 487
575 626
521 795
738 658
667 68
80 562
825 180
63 494
read:
835
write:
3
220 50
536 596
575 238
write:
2
213 849
93 594
read:
214
read:
270
read:
506
read:
280
read:
178
read:
56
write:
6
147 727
666 877
442 51
841 218
269 497
57 382
read:
466
read:
559
read:
546
write:
3
362 513
322 51
55 32
write:
10
186 351
814 450
771 517
641 711
610 787
421 505
254 804
774 296
525 103
586 145
write:
3
38 556
725 764
516 843
read:
28
read:
12
read:
716
read:
651
write:
5
2 205
497 433
293 533
679 270
269 602
read:
669
write:
10
663 653
485 330
846 67
753 724
749 96
850 357
896 548
890 843
199 822
489 725
write:
5
445 57
474 864
706 40
162 73
341 186
write:
8
862 51
731 668
285 47
504 717
39 564
117 657
324 447
795 863
read:
397
read:
203
write:
3
521 835
54 63
238 788
read:
793
read:
864
read:
897
read:
340
read:
763
write:
3
476 541
656 875
686 847
write:
2
682 328
726 117
read:
579
read:
433
write:
7
438 60
516 571
107 88
537 315
419 221
613 817
241 596
write:
6
413 729
437 441
731 102
818 386
881 523
392 439
write:
4
518 122
255 683
221 149
135 717
read:
128
read:
372
write:
3
192 578
490 439
729 374
write:
1
49 437
write:
3
475 807
314 750
18 343
read:
611
write:
10
824 142
898 860
111 693
278 164
160 402
850 261
406 577
878 804
115 785
874 760
write:
4
851 766
836 403
687 346
562 50
read:
655
read:
456
read:
517
read:
531
read:
833
read:
872
read:
344
write:
4
98 33
346 730
825 432
494 587
write:
8
855 58
142 241
596 730
287 665
213 11
96 197
71 418
249 272
write:
1
385 764
write:
4
108 143
252 320
850 500
253 740
read:
277
read:
115
write:
5
34 526
327 286
212 897
695 517
745 803
read:
349
read:
580
write:
6
437 111
26 564
690 317
609 225
56 57
661 8
write:
9
4 283
102 229
667 31
229 421
143 470
339 590
733 864
379 803
464 360
read:
900
read:
585
read:
14
write:
10
46 57
688 780
178 664
453 807
459 791
699 844
403 69
306 459
387 757
692 205
read:
217
read:
889
read:
679
read:
159
write:
3
293 900
377 748
420 429
read:
524
read:
630
write:
9
647 484
189 625
153 893
473 600
349 120
636 541
559 220
646 92
308 328
read:
467
read:
372
write:
8
868 542
143 301
737 703
899 232
695 224
887 169
400 127
644 473
read:
82
read:
450
write:
6
68 759
354 367
697 436
388 325
145 21
549 73
read:
52
write:
4
557 629
106 722
225 708
236 139
write:
1
553 472
read:
378
read:
370
read:
106
read:
591
write:
7
671 390
204 624
122 259
790 522
707 719
539 822
749 391
read:
707
write:
7
437 438
486 388
367 497
908 281
308 113
626 792
571 449
write:
7
450 226
480 154
73 456
516 894
402 469
675 221
233 865
write:
1
802 397
read:
443
write:
6
832 3
688 487
874 677
92 820
401 765
42 6
read:
724
write:
4
350 164
176 531
899 115
422 885
write:
3
9 138
262 40
614 906
write:
9
209 854
690 124
567 883
444 771
537 42
350 565
406 568
44 584
186 738
read:
173
write:
10
350 556
362 401
501 298
206 563
1 83
588 171
170 860
474 287
738 515
506 844
read:
886
write:
1
188 596
write:
4
137 25
308 121
247 888
118 528
write:
5
276 393
802 44
724 842
530 703
848 483
read:
729
write:
2
677 15
457 735
read:
45
write:
10
500 234
820 205
149 150
852 749
748 392
500 843
68 807
109 90
731 230
827 687
write:
2
566 511
112 437
read:
137
read:
614
write:
9
891 278
411 96
132 87
669 284
260 884
667 197
335 97
446 488
579 898
read:
60
read:
905
write:
3
625 446
864 699
460 325
write:
5
45 468
873 557
1 838
215 876
387 792
read:
271
read:
215
write:
3
411 772
828 541
128 291
read:
731
write:
9
503 821
485 486
691 260
731 447
756 148
749 559
168 165
578 781
94 311
write:
7
365 175
252 188
333 188
168 893
348 69
541 494
199 237
write:
8
698 873
243 845
454 663
494 78
305 314
356 649
119 841
181 610
read:
711
write:
9
311 434
715 801
754 328
587 102
220 220
679 141
548 640
669 808
127 617
write:
2
821 574
634 812
read:
651
write:
10
349 37
343 711
32 485
618 55
716 291
723 716
715 450
502 68
541 34
886 902
write:
2
884 829
701 805
read:
806
read:
816
write:
3
289 404
800 667
197 657
read:
194
write:
8
491 254
588 857
184 832
433 422
359 740
293 416
449 646
433 763
read:
145
write:
1
637 492
read:
364
write:
4
464 765
369 378
245 58
364 211
read:
159
read:
176
write:
4
543 279
244 321
710 526
298 94
write:
2
653 425
378 189
write:
6
152 27
457 5
488 232
208 877
737 238
749 472
read:
72
read:
175
write:
9
451 560
720 810
191 158
259 282
871 124
750 60
903 261
572 876
145 146
read:
664
write:
6
745 817
147 221
467 242
462 193
806 355
188 621
write:
4
481 523
416 179
690 333
46 707
write:
7
256 303
224 824
328 753
645 725
852 646
667 839
779 35
write:
7
627 651
791 456
395 710
452 491
422 670
838 178
658 898
write:
2
448 189
537 323
write:
7
513 30
7 576
509 822
411 460
787 337
89 483
494 840
write:
2
311 661
477 616
write:
4
401 160
657 842
588 190
86 798
write:
2
896 406
905 289
read:
312
write:
2
636 485
624 760
read:
367
read:
139
write:
2
155 208
281 555
read:
842
read:
455
read:
202
read:
380
read:
419
write:
9
100 453
850 24
751 555
10 845
369 709
561 626
297 739
902 829
644 79
write:
5
34 264
192 762
656 633
695 737
14 829
read:
341
write:
6
125 28
264 404
658 369
823 5
677 536
399 401
read:
850
read:
183
write:
4
562 766
465 102
724 94
323 270
read:
833
write:
4
562 385
734 653
890 564
358 314
write:
8
593 54
418 886
191 605
86 772
813 454
150 657
313 672
132 502
write:
4
701 64
784 535
169 746
39 565
read:
130
write:
7
41 196
168 556
154 680
535 726
464 80
478 881
172 321
write:
9
792 161
771 284
52 534
745 238
723 299
132 696
485 401
740 575
803 215
write:
4
158 688
90 8
202 753
366 733
write:
8
635 582
604 424
482 61
357 824
92 449
630 910
112 92
560 338
write:
5
406 147
732 179
909 386
256 521
514 689
read:
280
read:
165
read:
511
write:
8
376 572
366 689
505 157
843 196
344 184
851 592
507 746
150 622
read:
631
read:
185
read:
459
read:
727
read:
394
write:
4
219 268
421 250
885 406
91 591
read:
826
read:
554
read:
555
read:
692
read:
852
read:
852
write:
9
254 393
487 420
864 421
280 69
388 673
565 800
606 708
695 473
481 726
write:
6
726 156
390 234
487 850
507 353
51 216
266 731
read:
262
write:
5
343 631
434 376
76 99
366 330
513 608
write:
3
467 780
531 908
798 117
write:
3
865 689
594 757
770 311
write:
4
33 98
900 156
800 718
207 885
read:
161
write:
8
871 583
426 480
105 395
514 482
389 357
323 387
274 61
439 167
write:
4
655 449
531 440
763 756
321 684
read:
490
write:
2
237 703
266 455
read:
658
write:
8
739 493
111 41
582 823
245 809
176 199
131 817
859 833
849 817
read:
649
read:
492
write:
8
116 52
330 396
749 403
184 703
649 447
454 642
487 686
492 522
write:
1
837 463
read:
458
write:
4
412 372
818 868
235 325
632 418
write:
6
464 157
51 792
727 561
532 466
198 465
881 866
read:
423
write:
1
372 142
query:
485