60
-32807 29955
-34612 31970
-38301 -8972
-22904 12268
33470 35894
-34641 21737
37642 48194
-33620 -32218
-34925 -21233
-49232 -12078
4104 47720
-16240 46753
-43367 -1674
31473 46160
32959 46067
19970 38386
-24996 31029
-35482 19125
-31670 -3015
43653 47996
-2883 13602
41983 45038
-1427 31361
-1242 10360
1194 25587
-4023 9205
-37011 30021
-23446 27581
-36111 46948
-9868 24234
-23346 31881
20928 22489
-27520 30755
-32333 42385
30342 31568
-15660 23776
37644 48732
-3044 22792
-27604 35129
24272 24643
-48065 -20312
-48726 16065
4300 19174
-46032 11635
-35335 16748
-39753 44522
4710 45726
32551 44350
49726 49869
-35496 -33744
1254 11408
-45226 34065
16435 26593
33447 42631
42557 43835
41640 46495
31365 47820
-26120 37369
45116 46044
-17482 -1808