80 118 30
9 17 9 18 10 13 13 13 5 10 13 4 5 12 16 4 4 10 9 1 2 17 20 14 12 6 13 15 3 5 15 13 1 18 7 19 5 20 5 18 3 6 12 14 6 18 14 20 11 18 13 13 6 14 13 7 5 19 15 16 14 13 15 16 9 17 9 6 20 7 8 17 19 7 11 11 5 16 4 17
1 2 1 46
2 3 5 23
3 4 3 50
4 5 3 37
5 6 6 19
6 7 5 10
7 8 6 42
8 9 5 38
9 10 6 28
10 11 1 20
11 12 3 34
12 13 3 45
13 14 2 17
14 15 5 24
15 16 1 15
16 17 4 27
17 18 3 16
18 19 2 35
19 20 4 35
20 21 3 19
21 22 1 31
22 23 6 35
23 24 3 49
24 25 3 6
25 26 6 5
26 27 2 19
27 28 1 41
28 29 4 22
29 30 3 8
30 31 3 44
31 32 3 23
32 33 5 34
33 34 1 17
34 35 4 13
35 36 6 29
36 37 4 33
37 38 2 16
38 39 6 27
39 40 1 31
40 41 2 14
41 42 2 33
42 43 5 23
43 44 1 26
44 45 4 30
45 46 2 5
46 47 4 3
47 48 3 12
48 49 3 28
49 50 6 38
50 51 5 45
51 52 2 37
52 53 1 4
53 54 2 19
54 55 1 21
55 56 1 19
56 57 1 4
57 58 3 46
58 59 5 13
59 60 6 21
60 61 4 21
61 62 3 48
62 63 2 5
63 64 1 20
64 65 1 22
65 66 1 9
66 67 3 38
67 68 5 19
68 69 3 50
69 70 5 22
70 71 1 32
71 72 5 1
72 73 1 28
73 74 6 11
74 75 3 49
75 76 5 12
76 77 1 13
77 78 1 15
78 79 2 9
79 80 5 35
33 16 9 80
20 32 4 21
23 75 9 13
69 50 8 16
34 60 8 14
16 52 4 14
73 74 8 67
49 67 10 50
33 22 10 12
42 5 9 5
4 63 4 7
36 26 5 80
76 44 4 80
64 66 5 21
11 52 9 78
3 60 6 78
51 14 8 33
39 21 9 32
68 45 10 69
54 50 8 67
49 26 1 5
70 35 1 53
69 35 5 2
54 26 5 68
37 3 4 68
72 38 4 79
47 61 9 47
67 35 1 60
55 42 8 7
36 58 3 78
6 32 10 54
80 74 10 47
6 46 7 37
64 3 5 27
13 12 3 12
33 54 10 55
47 6 8 15
6 52 3 10
74 54 4 75