43
1169
1 2 11
1 3 12
1 4 61
1 5 80
1 7 21
1 8 49
1 12 99
1 14 27
1 15 31
1 16 98
1 17 10
1 19 28
1 20 82
1 21 70
1 25 34
1 26 96
1 27 83
1 28 67
1 29 14
1 31 28
1 32 42
1 35 85
1 36 100
1 42 97
1 43 72
2 1 18
2 2 34
2 4 32
2 7 12
2 8 40
2 10 23
2 11 69
2 14 18
2 15 55
2 16 67
2 17 65
2 18 69
2 23 25
2 25 19
2 26 86
2 27 68
2 28 83
2 29 52
2 30 2
2 34 91
2 36 86
2 38 40
2 39 7
2 43 87
3 2 46
3 3 66
3 5 82
3 7 89
3 8 93
3 9 85
3 10 13
3 11 46
3 12 7
3 15 23
3 17 87
3 18 45
3 19 45
3 20 82
3 21 97
3 22 61
3 24 55
3 25 88
3 26 82
3 27 98
3 29 87
3 31 51
3 32 4
3 33 69
3 34 42
3 35 39
3 36 40
3 37 70
3 41 85
3 42 43
4 1 76
4 2 65
4 3 9
4 4 9
4 8 86
4 11 80
4 12 34
4 14 2
4 15 12
4 17 4
4 18 86
4 19 37
4 21 10
4 22 3
4 23 80
4 24 55
4 25 88
4 28 25
4 29 39
4 30 31
4 31 28
4 32 26
4 35 61
4 36 35
4 37 86
4 40 10
4 43 36
5 2 15
5 3 34
5 6 42
5 7 91
5 8 68
5 9 22
5 12 74
5 13 76
5 15 84
5 17 45
5 19 67
5 21 85
5 22 79
5 24 95
5 28 11
5 30 88
5 31 73
5 33 42
5 34 19
5 35 3
5 36 71
5 37 4
5 38 41
5 39 48
5 40 38
5 41 78
5 42 33
6 1 74
6 3 28
6 4 92
6 5 45
6 6 68
6 10 92
6 11 10
6 12 87
6 14 21
6 17 88
6 19 23
6 20 82
6 22 8
6 23 61
6 24 99
6 25 21
6 26 49
6 27 65
6 29 46
6 30 7
6 31 56
6 32 21
6 33 63
6 34 88
6 35 62
6 38 76
6 40 99
6 42 43
7 1 65
7 3 16
7 4 7
7 6 20
7 7 7
7 8 100
7 9 66
7 10 31
7 11 54
7 12 46
7 13 31
7 16 10
7 18 86
7 21 89
7 22 73
7 23 92
7 24 12
7 25 82
7 26 88
7 27 75
7 28 90
7 30 54
7 31 69
7 32 35
7 33 46
7 34 43
7 35 85
7 36 91
7 39 63
7 41 100
7 43 43
8 1 7
8 3 86
8 6 33
8 8 22
8 9 15
8 10 74
8 11 4
8 14 4
8 16 67
8 17 90
8 18 85
8 19 28
8 20 39
8 21 63
8 22 9
8 25 53
8 29 85
8 30 4
8 31 49
8 33 60
8 35 16
8 36 36
8 38 59
8 39 88
8 40 16
8 41 91
9 1 61
9 2 92
9 5 4
9 7 16
9 9 21
9 10 28
9 14 86
9 15 51
9 16 62
9 19 72
9 20 33
9 23 82
9 25 76
9 26 58
9 27 27
9 31 49
9 32 17
9 33 2
9 34 93
9 36 18
9 38 98
9 39 67
10 1 16
10 2 49
10 3 100
10 4 63
10 5 57
10 7 76
10 10 73
10 12 46
10 13 9
10 15 2
10 16 69
10 17 71
10 21 54
10 22 17
10 23 33
10 24 100
10 26 4
10 27 13
10 29 5
10 30 73
10 31 83
10 32 67
10 33 69
10 35 31
10 37 55
10 38 46
10 39 82
10 40 61
10 41 81
10 42 49
11 2 94
11 3 66
11 4 46
11 5 86
11 8 70
11 9 80
11 10 2
11 12 25
11 13 38
11 15 41
11 17 82
11 19 35
11 20 54
11 21 80
11 26 97
11 29 28
11 31 10
11 32 90
11 36 24
11 38 67
11 39 95
11 41 81
11 42 96
12 2 94
12 3 49
12 4 80
12 5 76
12 7 78
12 8 53
12 9 44
12 11 3
12 12 47
12 14 12
12 15 59
12 16 10
12 17 3
12 18 26
12 20 68
12 22 42
12 24 95
12 25 47
12 26 23
12 27 77
12 28 27
12 30 4
12 34 45
12 35 14
12 36 71
12 37 78
12 38 81
12 39 86
12 40 22
13 1 36
13 3 83
13 4 61
13 6 86
13 9 66
13 10 81
13 13 50
13 14 83
13 15 100
13 16 33
13 17 50
13 18 33
13 19 83
13 21 75
13 22 17
13 24 28
13 25 2
13 26 51
13 27 30
13 30 59
13 32 41
13 36 29
13 38 8
13 39 89
13 40 75
13 41 95
13 42 5
14 1 29
14 5 44
14 6 10
14 7 4
14 9 64
14 11 25
14 12 41
14 13 57
14 14 31
14 19 18
14 20 98
14 21 12
14 25 83
14 26 92
14 29 38
14 30 2
14 32 86
14 33 25
14 34 60
14 36 19
14 38 38
14 39 65
14 40 25
14 41 5
14 42 16
15 3 7
15 4 14
15 6 63
15 8 77
15 11 18
15 12 61
15 14 65
15 16 15
15 17 96
15 18 69
15 19 95
15 21 91
15 22 28
15 23 81
15 24 89
15 25 10
15 26 19
15 27 14
15 28 39
15 29 38
15 31 2
15 32 12
15 33 100
15 34 50
15 35 33
15 36 14
15 38 3
15 39 20
15 40 11
15 41 85
15 42 67
16 1 62
16 2 52
16 3 56
16 4 75
16 5 27
16 7 87
16 8 17
16 9 43
16 10 36
16 11 74
16 12 1
16 14 90
16 16 47
16 17 11
16 18 40
16 19 49
16 20 66
16 21 100
16 22 99
16 23 14
16 26 90
16 27 28
16 28 43
16 29 72
16 30 30
16 31 87
16 35 59
16 36 2
16 38 39
16 39 72
16 40 1
16 41 6
17 1 22
17 2 30
17 5 49
17 6 80
17 7 88
17 9 66
17 11 65
17 12 15
17 13 92
17 15 30
17 16 36
17 17 23
17 18 82
17 20 100
17 21 50
17 24 56
17 25 3
17 26 36
17 27 7
17 31 62
17 33 25
17 35 72
17 36 55
17 37 37
17 38 56
17 39 83
17 40 65
17 41 55
17 43 70
18 2 8
18 3 43
18 5 36
18 7 47
18 9 12
18 10 10
18 11 89
18 13 83
18 14 69
18 16 82
18 19 12
18 20 48
18 22 68
18 23 24
18 26 34
18 27 98
18 30 61
18 31 50
18 33 18
18 34 53
18 35 93
18 38 83
18 39 46
18 40 75
18 41 33
18 42 8
18 43 72
19 1 90
19 3 29
19 4 30
19 6 7
19 7 1
19 9 83
19 10 16
19 11 25
19 13 49
19 14 14
19 15 75
19 16 18
19 17 49
19 18 13
19 19 80
19 21 22
19 22 26
19 23 40
19 24 34
19 25 8
19 29 38
19 32 85
19 33 86
19 34 69
19 36 45
19 40 10
19 43 19
20 2 39
20 3 46
20 4 74
20 7 97
20 8 80
20 10 20
20 11 21
20 13 28
20 15 77
20 17 32
20 18 58
20 19 100
20 21 2
20 22 4
20 23 4
20 25 64
20 26 97
20 27 100
20 28 78
20 29 39
20 30 27
20 31 80
20 32 46
20 35 90
20 36 1
20 38 91
20 39 67
20 41 64
20 42 30
20 43 67
21 2 47
21 3 67
21 4 21
21 5 96
21 7 61
21 8 59
21 9 18
21 11 29
21 12 32
21 14 96
21 15 94
21 17 40
21 18 91
21 22 39
21 23 87
21 26 81
21 27 33
21 28 88
21 29 56
21 30 99
21 31 80
21 32 47
21 33 28
21 34 58
21 35 70
21 36 68
21 41 44
21 42 88
22 1 33
22 2 69
22 3 84
22 5 1
22 6 80
22 9 58
22 10 11
22 11 52
22 13 25
22 15 94
22 16 2
22 17 29
22 18 20
22 19 49
22 20 57
22 22 48
22 23 39
22 25 84
22 26 55
22 27 79
22 30 68
22 31 73
22 32 35
22 36 11
22 38 96
22 39 23
22 41 55
22 42 35
23 2 77
23 3 28
23 5 74
23 6 41
23 8 6
23 9 53
23 10 1
23 12 61
23 14 97
23 16 85
23 17 69
23 20 95
23 23 58
23 24 10
23 25 71
23 26 92
23 28 58
23 29 65
23 30 75
23 31 88
23 32 63
23 34 20
23 35 70
23 36 55
23 37 22
23 40 69
23 42 51
23 43 90
24 1 72
24 3 24
24 4 92
24 5 79
24 6 13
24 8 21
24 9 2
24 14 75
24 16 78
24 17 67
24 18 41
24 19 86
24 20 70
24 21 52
24 22 65
24 23 76
24 24 88
24 29 83
24 30 21
24 32 87
24 36 3
24 37 30
24 39 64
24 40 41
24 41 49
24 42 71
24 43 26
25 1 64
25 2 24
25 5 9
25 7 55
25 8 27
25 10 50
25 11 14
25 13 83
25 14 58
25 15 44
25 18 48
25 20 17
25 21 21
25 23 37
25 24 5
25 25 25
25 26 76
25 27 23
25 28 55
25 29 72
25 31 31
25 33 43
25 34 24
25 35 9
25 36 9
25 37 57
25 38 93
25 43 79
26 2 94
26 3 55
26 8 29
26 9 68
26 10 54
26 12 22
26 14 81
26 15 12
26 17 62
26 18 72
26 20 21
26 21 23
26 22 97
26 25 80
26 29 65
26 31 43
26 34 59
26 35 39
26 38 93
26 40 97
26 42 28
27 2 25
27 3 42
27 4 41
27 5 68
27 6 79
27 9 50
27 13 11
27 14 14
27 15 10
27 16 18
27 17 85
27 18 51
27 19 67
27 20 90
27 21 71
27 24 1
27 26 8
27 27 92
27 31 58
27 32 44
27 34 16
27 35 81
27 37 40
27 38 51
27 39 83
27 40 80
27 41 47
28 2 13
28 3 36
28 4 28
28 6 88
28 9 33
28 13 94
28 16 13
28 18 26
28 20 12
28 22 24
28 23 46
28 24 30
28 26 55
28 27 60
28 29 57
28 33 17
28 34 89
28 36 39
28 37 85
28 38 93
28 39 46
28 41 63
28 42 72
28 43 36
29 1 35
29 3 52
29 5 29
29 10 11
29 12 68
29 14 63
29 16 21
29 19 37
29 20 52
29 23 48
29 25 10
29 30 91
29 32 44
29 35 99
29 36 55
29 37 27
29 38 30
29 41 98
29 43 33
30 4 59
30 5 47
30 6 61
30 7 45
30 8 88
30 9 35
30 10 90
30 11 84
30 12 90
30 13 52
30 14 9
30 15 63
30 16 95
30 18 42
30 19 22
30 20 7
30 21 12
30 23 29
30 24 46
30 25 67
30 27 30
30 28 23
30 29 28
30 31 11
30 32 53
30 35 39
30 37 93
30 38 41
30 39 45
30 40 67
30 41 25
30 42 38
31 1 14
31 2 62
31 3 80
31 4 44
31 6 17
31 7 21
31 10 3
31 11 57
31 12 3
31 13 15
31 14 24
31 18 70
31 19 62
31 21 82
31 23 97
31 24 57
31 25 34
31 26 68
31 28 39
31 29 56
31 31 46
31 32 82
31 34 90
31 38 3
31 40 79
31 41 28
31 42 70
31 43 99
32 1 28
32 3 77
32 4 26
32 5 56
32 6 70
32 7 5
32 9 64
32 10 96
32 11 29
32 14 32
32 15 64
32 17 45
32 18 36
32 19 92
32 20 30
32 21 77
32 22 34
32 23 17
32 27 81
32 30 92
32 31 98
32 34 24
32 37 33
32 38 38
32 40 48
32 41 34
32 42 87
33 4 61
33 12 100
33 13 83
33 14 84
33 15 9
33 17 27
33 18 66
33 19 87
33 20 14
33 21 55
33 22 7
33 24 47
33 26 30
33 27 92
33 28 23
33 31 20
33 32 28
33 34 12
33 35 66
33 36 1
33 37 24
33 38 19
33 40 22
33 43 10
34 2 27
34 3 47
34 4 22
34 5 2
34 8 90
34 9 41
34 10 26
34 11 100
34 13 98
34 16 69
34 17 30
34 18 62
34 19 34
34 20 35
34 21 78
34 22 62
34 24 17
34 26 62
34 30 60
34 32 8
34 33 66
34 34 45
34 35 66
34 37 87
34 40 85
35 1 12
35 4 81
35 5 91
35 7 70
35 8 60
35 11 50
35 12 52
35 13 84
35 14 50
35 16 88
35 17 33
35 19 3
35 21 1
35 22 50
35 26 75
35 30 66
35 31 29
35 35 67
35 38 51
35 40 32
35 41 51
35 42 71
35 43 33
36 1 69
36 3 35
36 7 52
36 8 11
36 9 39
36 10 69
36 12 41
36 13 77
36 15 70
36 16 43
36 17 14
36 18 6
36 19 29
36 21 13
36 22 96
36 23 43
36 25 17
36 27 62
36 28 37
36 29 62
36 30 27
36 33 47
36 34 11
36 35 94
36 37 81
36 40 50
36 41 13
36 42 13
36 43 37
37 2 84
37 3 83
37 6 54
37 7 42
37 9 9
37 10 32
37 12 100
37 13 39
37 15 87
37 16 77
37 17 70
37 18 65
37 19 2
37 20 63
37 21 97
37 22 99
37 23 39
37 24 36
37 26 15
37 27 51
37 28 32
37 29 86
37 30 77
37 31 92
37 33 71
37 34 24
37 35 67
37 37 67
37 39 21
37 40 85
37 42 27
37 43 78
38 1 81
38 2 26
38 3 3
38 4 47
38 5 13
38 7 43
38 11 35
38 14 44
38 15 60
38 17 9
38 19 78
38 21 31
38 24 76
38 25 95
38 26 68
38 27 33
38 28 74
38 29 22
38 30 100
38 32 50
38 33 68
38 35 6
38 37 46
38 38 87
38 39 38
38 40 49
38 42 40
38 43 47
39 4 28
39 5 26
39 8 53
39 9 67
39 11 31
39 12 58
39 14 66
39 15 66
39 16 98
39 19 58
39 20 60
39 21 15
39 23 59
39 24 22
39 25 78
39 27 28
39 29 10
39 30 31
39 31 35
39 33 34
39 34 25
39 36 55
39 37 62
39 41 78
39 43 65
40 1 33
40 3 86
40 4 16
40 5 56
40 6 59
40 7 88
40 8 18
40 10 75
40 11 40
40 12 63
40 13 68
40 14 98
40 15 85
40 16 22
40 18 13
40 19 5
40 20 7
40 23 67
40 24 36
40 25 93
40 26 42
40 27 80
40 28 83
40 29 72
40 30 93
40 31 98
40 33 32
40 34 9
40 35 74
40 36 34
40 37 3
40 39 76
40 41 99
40 42 63
40 43 39
41 2 72
41 4 1
41 6 55
41 7 44
41 9 94
41 11 63
41 16 85
41 17 32
41 18 17
41 19 54
41 21 51
41 22 77
41 24 66
41 25 56
41 26 97
41 27 75
41 28 82
41 29 7
41 31 57
41 33 66
41 34 21
41 35 60
41 36 73
41 40 33
41 41 17
41 42 35
41 43 74
42 2 96
42 3 12
42 5 29
42 6 94
42 7 36
42 8 7
42 9 71
42 10 81
42 12 61
42 14 3
42 15 88
42 18 91
42 19 64
42 20 64
42 21 94
42 22 29
42 23 46
42 26 72
42 27 25
42 30 4
42 31 87
42 32 81
42 33 37
42 35 86
42 36 11
42 38 74
42 39 77
42 41 92
42 43 6
43 1 46
43 3 71
43 4 79
43 5 98
43 10 42
43 11 10
43 12 8
43 13 70
43 15 56
43 17 10
43 20 73
43 21 5
43 22 85
43 23 6
43 25 37
43 28 24
43 29 61
43 32 40
43 34 36
43 35 11
43 37 35
43 38 33
43 40 29
43 41 17
43 42 90
1