87
4808
1 5 36
1 8 20
1 9 91
1 10 95
1 11 6
1 12 32
1 13 86
1 14 26
1 15 11
1 16 33
1 17 43
1 18 37
1 21 88
1 22 30
1 23 14
1 24 3
1 26 14
1 27 17
1 28 54
1 29 15
1 30 33
1 31 94
1 33 61
1 34 38
1 37 28
1 38 98
1 39 61
1 40 100
1 41 55
1 44 93
1 46 87
1 48 62
1 49 87
1 50 58
1 51 37
1 52 25
1 53 46
1 54 41
1 55 37
1 56 78
1 59 51
1 60 21
1 62 84
1 63 67
1 64 34
1 67 91
1 70 13
1 71 81
1 75 74
1 76 83
1 77 50
1 78 86
1 79 54
1 80 90
1 81 31
1 82 56
1 87 19
2 1 96
2 2 85
2 3 67
2 4 28
2 5 58
2 6 45
2 8 68
2 10 7
2 11 82
2 12 54
2 13 87
2 14 3
2 16 6
2 18 68
2 20 34
2 21 25
2 22 43
2 23 10
2 24 14
2 25 80
2 26 75
2 27 53
2 28 45
2 30 36
2 31 68
2 33 33
2 34 28
2 36 13
2 39 38
2 40 41
2 43 100
2 44 71
2 48 75
2 49 2
2 51 88
2 52 1
2 53 46
2 54 93
2 55 81
2 57 80
2 58 30
2 59 86
2 61 68
2 62 69
2 64 39
2 65 71
2 66 51
2 68 34
2 69 89
2 70 4
2 71 82
2 74 97
2 75 57
2 76 94
2 78 80
2 79 37
2 82 8
2 84 19
2 87 95
3 1 85
3 2 75
3 3 75
3 5 40
3 9 58
3 10 39
3 11 48
3 12 82
3 18 72
3 19 40
3 20 31
3 21 88
3 22 68
3 23 41
3 24 48
3 25 13
3 26 33
3 27 69
3 28 21
3 29 20
3 30 89
3 31 85
3 34 88
3 35 72
3 41 17
3 43 64
3 47 46
3 49 10
3 52 31
3 54 40
3 55 24
3 56 56
3 57 38
3 59 51
3 60 36
3 61 56
3 66 31
3 67 32
3 68 95
3 69 58
3 70 7
3 71 75
3 72 82
3 73 50
3 74 77
3 76 46
3 77 61
3 78 93
3 80 78
3 86 2
4 2 52
4 4 42
4 5 14
4 6 86
4 8 52
4 9 72
4 10 69
4 12 42
4 14 76
4 15 66
4 16 81
4 18 98
4 21 68
4 23 46
4 28 5
4 29 100
4 30 49
4 32 37
4 34 18
4 35 90
4 36 19
4 37 51
4 40 66
4 41 69
4 42 19
4 45 70
4 46 31
4 47 83
4 48 78
4 50 1
4 52 48
4 54 32
4 55 78
4 56 92
4 57 41
4 59 48
4 61 89
4 62 57
4 63 39
4 64 78
4 66 31
4 69 20
4 70 95
4 71 83
4 72 75
4 76 86
4 77 41
4 80 72
4 81 90
4 82 79
4 83 92
4 84 54
4 85 95
4 86 50
5 2 31
5 3 53
5 4 39
5 6 57
5 7 88
5 8 51
5 12 25
5 13 21
5 15 16
5 18 97
5 19 35
5 22 19
5 24 19
5 26 22
5 27 95
5 29 100
5 30 82
5 31 47
5 32 84
5 33 54
5 34 26
5 37 28
5 39 36
5 40 91
5 41 34
5 42 65
5 43 23
5 44 49
5 45 40
5 47 58
5 48 41
5 49 71
5 51 20
5 52 75
5 53 52
5 54 95
5 56 26
5 57 50
5 58 94
5 60 28
5 62 49
5 63 23
5 64 49
5 65 10
5 68 4
5 70 66
5 71 70
5 76 60
5 79 71
5 82 7
5 83 59
5 84 54
6 1 5
6 2 31
6 3 16
6 5 95
6 6 1
6 8 25
6 9 63
6 11 24
6 12 22
6 13 72
6 14 39
6 15 17
6 16 8
6 18 66
6 19 26
6 20 39
6 21 100
6 22 76
6 23 19
6 27 87
6 28 43
6 29 13
6 30 95
6 31 98
6 32 30
6 35 27
6 36 49
6 38 86
6 42 52
6 46 61
6 48 99
6 51 44
6 52 40
6 53 58
6 54 79
6 55 58
6 56 81
6 58 18
6 59 48
6 61 19
6 63 15
6 67 30
6 70 78
6 72 52
6 73 100
6 74 40
6 76 83
6 78 22
6 79 39
6 81 61
6 83 98
6 86 21
7 3 23
7 4 54
7 5 68
7 6 19
7 7 47
7 9 93
7 11 6
7 12 21
7 13 88
7 14 97
7 17 34
7 18 97
7 22 88
7 23 35
7 24 29
7 25 1
7 26 14
7 27 87
7 28 32
7 29 95
7 30 38
7 32 66
7 33 82
7 34 30
7 35 59
7 36 56
7 38 61
7 39 15
7 41 53
7 42 33
7 44 4
7 45 11
7 46 4
7 48 84
7 49 17
7 50 84
7 52 10
7 53 44
7 54 15
7 55 62
7 58 80
7 60 51
7 61 14
7 62 52
7 64 44
7 65 28
7 66 70
7 67 32
7 68 33
7 70 28
7 73 24
7 74 47
7 77 87
7 79 14
7 80 42
7 81 60
7 84 81
7 87 95
8 2 22
8 6 63
8 7 33
8 8 88
8 9 10
8 11 93
8 12 2
8 13 22
8 14 78
8 15 78
8 16 91
8 17 65
8 21 21
8 25 1
8 26 15
8 27 7
8 32 76
8 33 27
8 34 88
8 35 95
8 36 45
8 37 82
8 41 97
8 42 48
8 43 88
8 44 48
8 46 39
8 47 4
8 49 92
8 50 77
8 51 86
8 52 47
8 53 76
8 54 21
8 55 40
8 56 86
8 59 25
8 60 94
8 61 89
8 62 68
8 64 75
8 68 92
8 70 71
8 71 2
8 72 8
8 73 13
8 74 81
8 75 34
8 76 76
8 78 43
8 79 73
8 80 98
8 81 31
8 83 8
8 84 30
8 85 41
8 87 4
9 1 78
9 4 13
9 6 35
9 8 30
9 13 7
9 14 59
9 15 21
9 16 92
9 19 14
9 20 88
9 21 20
9 26 64
9 27 34
9 28 38
9 29 6
9 30 79
9 31 95
9 32 9
9 33 68
9 35 91
9 36 39
9 37 90
9 38 14
9 43 22
9 44 98
9 45 34
9 48 96
9 49 44
9 51 57
9 52 12
9 53 50
9 54 7
9 55 24
9 58 9
9 61 67
9 62 93
9 63 30
9 65 11
9 69 41
9 70 85
9 71 77
9 72 32
9 73 48
9 75 9
9 79 54
9 80 44
9 81 100
9 83 88
9 85 58
9 86 10
10 1 76
10 2 28
10 3 6
10 4 87
10 6 12
10 8 78
10 9 32
10 11 79
10 12 13
10 14 36
10 15 2
10 16 92
10 18 95
10 20 86
10 21 10
10 22 4
10 24 64
10 27 53
10 29 87
10 30 46
10 31 16
10 34 33
10 35 19
10 36 72
10 37 27
10 39 46
10 40 90
10 41 68
10 42 66
10 43 16
10 46 30
10 47 88
10 49 4
10 50 41
10 53 63
10 54 7
10 58 76
10 59 91
10 63 88
10 64 68
10 65 5
10 66 27
10 67 3
10 71 41
10 72 17
10 73 81
10 74 42
10 75 85
10 78 54
10 79 53
10 81 74
10 83 69
10 84 64
10 85 90
10 86 56
10 87 53
11 2 82
11 3 65
11 5 97
11 6 29
11 8 100
11 10 64
11 11 98
11 12 5
11 13 29
11 14 59
11 15 21
11 16 82
11 17 71
11 20 30
11 23 87
11 25 66
11 27 96
11 28 8
11 29 79
11 31 28
11 32 70
11 33 56
11 39 57
11 40 84
11 41 61
11 42 7
11 43 14
11 44 39
11 45 58
11 49 69
11 51 75
11 52 98
11 53 99
11 54 59
11 57 56
11 58 75
11 59 82
11 60 20
11 61 60
11 62 33
11 64 28
11 65 46
11 66 13
11 68 73
11 69 7
11 71 51
11 72 21
11 75 52
11 76 6
11 78 73
11 80 74
11 83 79
11 84 23
11 86 55
11 87 74
12 3 45
12 5 45
12 6 61
12 8 84
12 9 48
12 10 87
12 11 70
12 12 41
12 13 43
12 14 68
12 15 87
12 18 38
12 20 50
12 22 41
12 23 91
12 25 49
12 27 54
12 28 40
12 29 1
12 30 63
12 34 99
12 35 46
12 36 62
12 38 89
12 39 19
12 40 23
12 42 52
12 44 53
12 45 56
12 47 64
12 48 82
12 50 83
12 51 61
12 53 98
12 54 4
12 56 51
12 58 49
12 59 49
12 60 9
12 62 25
12 64 33
12 66 8
12 67 19
12 68 40
12 70 27
12 72 51
12 73 71
12 75 43
12 80 98
12 81 40
12 82 30
12 83 50
12 87 44
13 1 31
13 2 59
13 4 67
13 5 66
13 6 67
13 7 46
13 8 76
13 9 43
13 12 62
13 13 20
13 16 12
13 20 95
13 21 8
13 22 88
13 23 76
13 24 53
13 25 98
13 26 25
13 27 4
13 35 59
13 36 70
13 37 21
13 38 82
13 41 37
13 43 73
13 44 6
13 45 94
13 46 36
13 48 2
13 50 3
13 51 78
13 52 21
13 55 21
13 56 53
13 57 5
13 58 73
13 64 54
13 65 59
13 66 90
13 67 86
13 68 31
13 70 46
13 71 66
13 72 95
13 74 31
13 77 41
13 78 10
13 81 36
13 82 1
13 83 76
13 84 98
13 86 89
13 87 72
14 1 30
14 3 71
14 4 76
14 6 84
14 7 65
14 9 57
14 10 89
14 11 29
14 12 1
14 13 13
14 15 65
14 16 58
14 17 14
14 18 88
14 20 100
14 21 37
14 22 62
14 23 68
14 25 95
14 26 73
14 27 52
14 28 25
14 29 50
14 31 24
14 32 54
14 33 26
14 38 35
14 39 6
14 40 4
14 42 98
14 43 39
14 44 33
14 45 90
14 46 11
14 49 33
14 51 70
14 52 32
14 53 1
14 56 16
14 57 93
14 58 100
14 59 36
14 60 12
14 61 33
14 62 96
14 63 82
14 65 16
14 66 98
14 67 32
14 70 38
14 71 6
14 75 34
14 77 86
14 78 40
14 81 95
14 82 37
14 84 28
14 87 88
15 1 81
15 3 44
15 4 10
15 6 72
15 7 34
15 8 33
15 13 45
15 15 60
15 17 91
15 22 9
15 23 83
15 24 62
15 26 25
15 27 62
15 28 52
15 29 94
15 30 22
15 31 50
15 34 72
15 35 23
15 36 68
15 37 19
15 39 18
15 42 55
15 43 17
15 44 80
15 45 11
15 46 36
15 47 43
15 48 23
15 49 32
15 50 19
15 51 66
15 52 65
15 53 74
15 55 93
15 56 77
15 57 88
15 61 75
15 63 99
15 64 30
15 65 52
15 67 41
15 68 55
15 71 37
15 72 40
15 74 40
15 75 53
15 76 88
15 77 65
15 78 1
15 81 55
15 82 48
15 83 46
15 86 66
15 87 27
16 2 54
16 3 58
16 4 17
16 5 16
16 7 52
16 8 3
16 10 31
16 11 64
16 12 78
16 14 28
16 15 67
16 16 9
16 17 49
16 18 78
16 22 63
16 23 67
16 24 23
16 25 38
16 28 87
16 31 32
16 32 46
16 33 27
16 37 90
16 38 37
16 39 61
16 43 82
16 44 1
16 46 29
16 47 61
16 49 29
16 54 28
16 57 91
16 58 5
16 59 27
16 61 6
16 66 85
16 67 92
16 68 24
16 69 4
16 71 26
16 73 66
16 74 81
16 76 15
16 77 75
16 81 77
16 82 15
16 83 66
16 84 62
17 2 5
17 4 21
17 5 54
17 6 90
17 7 31
17 8 55
17 9 92
17 10 95
17 12 86
17 14 21
17 16 66
17 17 37
17 19 90
17 21 42
17 22 62
17 24 39
17 25 52
17 26 33
17 27 39
17 28 58
17 29 42
17 30 37
17 31 94
17 32 66
17 33 73
17 35 16
17 36 24
17 37 20
17 39 65
17 40 11
17 43 72
17 45 36
17 46 72
17 47 36
17 48 60
17 49 29
17 52 73
17 58 92
17 63 75
17 64 99
17 66 70
17 67 82
17 69 21
17 70 80
17 71 27
17 72 67
17 73 90
17 74 54
17 77 73
17 78 3
17 79 96
17 80 92
17 81 63
17 82 56
17 84 80
18 1 35
18 2 4
18 3 10
18 6 59
18 7 47
18 11 29
18 12 10
18 14 9
18 15 2
18 16 16
18 17 99
18 18 9
18 19 92
18 20 42
18 21 66
18 22 71
18 23 12
18 24 17
18 26 17
18 28 34
18 29 30
18 30 77
18 31 11
18 33 78
18 34 73
18 38 7
18 40 13
18 41 41
18 42 15
18 43 58
18 45 64
18 46 79
18 48 42
18 49 94
18 51 89
18 52 36
18 55 33
18 56 30
18 57 21
18 58 73
18 59 28
18 60 90
18 61 78
18 64 63
18 65 28
18 66 77
18 67 9
18 69 79
18 70 22
18 71 91
18 73 58
18 74 69
18 75 2
18 77 90
18 79 18
18 82 88
18 83 63
18 84 87
18 86 51
18 87 57
19 1 30
19 2 75
19 5 37
19 6 11
19 9 18
19 10 35
19 11 58
19 12 90
19 13 98
19 15 7
19 17 86
19 21 31
19 23 5
19 24 9
19 25 89
19 26 64
19 29 60
19 30 34
19 34 18
19 35 9
19 37 39
19 40 17
19 42 89
19 43 1
19 44 49
19 45 29
19 46 95
19 47 21
19 48 77
19 50 39
19 51 61
19 53 85
19 55 81
19 56 75
19 58 54
19 60 32
19 61 20
19 62 19
19 64 9
19 67 11
19 69 29
19 70 76
19 71 46
19 73 85
19 75 17
19 76 14
19 77 96
19 79 77
19 80 21
19 83 46
19 87 51
20 1 31
20 3 64
20 4 82
20 5 7
20 7 64
20 8 66
20 9 31
20 10 16
20 11 16
20 13 26
20 15 58
20 21 95
20 22 81
20 23 22
20 24 61
20 26 61
20 27 2
20 28 28
20 31 63
20 32 15
20 34 73
20 37 94
20 38 34
20 39 74
20 41 41
20 43 74
20 45 44
20 46 79
20 47 54
20 48 15
20 50 88
20 52 70
20 54 58
20 55 92
20 56 66
20 58 90
20 59 76
20 61 58
20 62 14
20 63 20
20 64 47
20 65 48
20 66 57
20 68 61
20 69 25
20 71 6
20 72 17
20 76 1
20 79 16
20 80 13
20 81 78
20 83 94
20 84 5
20 85 66
20 86 20
21 3 8
21 4 76
21 5 69
21 6 95
21 7 67
21 8 99
21 9 53
21 13 84
21 14 1
21 16 70
21 17 69
21 18 50
21 19 36
21 20 10
21 22 1
21 23 9
21 26 79
21 29 24
21 31 100
21 33 18
21 34 44
21 38 13
21 41 72
21 42 71
21 44 82
21 48 8
21 49 4
21 51 72
21 52 52
21 53 23
21 55 25
21 56 50
21 57 86
21 60 1
21 61 93
21 63 27
21 64 6
21 67 36
21 68 56
21 70 99
21 71 2
21 72 50
21 74 71
21 79 1
21 82 87
21 86 22
21 87 10
22 1 21
22 3 30
22 4 28
22 5 68
22 7 48
22 8 46
22 11 29
22 13 54
22 14 28
22 15 45
22 16 44
22 17 84
22 19 82
22 20 7
22 23 27
22 24 59
22 25 57
22 26 11
22 27 98
22 29 92
22 30 65
22 32 21
22 33 8
22 34 15
22 35 80
22 36 64
22 39 20
22 41 27
22 42 19
22 43 73
22 44 60
22 45 9
22 48 100
22 50 75
22 51 75
22 52 92
22 55 15
22 56 20
22 58 44
22 64 68
22 65 39
22 66 96
22 68 97
22 69 66
22 73 3
22 75 93
22 76 73
22 77 94
22 78 80
22 80 18
22 81 53
22 82 66
22 83 56
22 84 89
22 86 49
22 87 67
23 2 47
23 3 74
23 4 2
23 5 93
23 6 1
23 8 33
23 9 51
23 10 99
23 11 81
23 13 15
23 15 21
23 17 35
23 19 84
23 20 67
23 21 47
23 22 35
23 23 33
23 24 40
23 25 42
23 26 13
23 28 59
23 29 61
23 30 100
23 32 1
23 33 71
23 34 77
23 36 87
23 38 12
23 39 44
23 41 68
23 44 37
23 45 51
23 47 37
23 50 90
23 52 57
23 53 80
23 55 66
23 57 94
23 58 48
23 59 84
23 60 69
23 61 18
23 63 85
23 65 22
23 66 14
23 67 33
23 68 82
23 70 51
23 72 48
23 73 17
23 76 25
23 77 18
23 78 7
23 79 11
23 80 5
23 81 54
23 83 63
23 85 87
23 86 92
23 87 46
24 3 70
24 4 68
24 6 12
24 7 84
24 9 28
24 10 31
24 11 49
24 12 93
24 16 66
24 18 62
24 19 23
24 20 11
24 23 50
24 24 85
24 25 97
24 26 64
24 27 89
24 28 88
24 30 13
24 33 83
24 36 6
24 38 96
24 39 92
24 41 29
24 42 89
24 44 54
24 46 32
24 47 37
24 49 95
24 52 12
24 53 96
24 55 75
24 56 1
24 57 7
24 58 96
24 59 53
24 60 79
24 61 17
24 63 74
24 64 55
24 66 46
24 67 60
24 68 64
24 69 1
24 70 23
24 71 78
24 73 19
24 74 66
24 75 26
24 77 75
24 79 55
24 80 76
24 81 35
24 83 79
24 84 96
24 85 49
24 87 20
25 1 92
25 3 17
25 4 7
25 5 87
25 7 52
25 8 95
25 9 100
25 10 65
25 12 27
25 13 100
25 15 23
25 16 55
25 18 100
25 19 72
25 22 51
25 23 12
25 24 92
25 25 83
25 26 45
25 28 96
25 31 99
25 32 48
25 33 88
25 34 100
25 35 93
25 36 46
25 37 77
25 38 41
25 39 36
25 41 57
25 42 43
25 44 1
25 45 36
25 46 80
25 48 96
25 50 39
25 51 35
25 53 24
25 54 8
25 55 87
25 56 15
25 58 51
25 59 66
25 61 74
25 62 64
25 63 78
25 65 25
25 66 35
25 67 14
25 68 75
25 70 48
25 71 58
25 72 6
25 75 56
25 77 13
25 79 83
25 80 52
25 82 72
25 83 47
26 1 46
26 2 97
26 3 31
26 5 30
26 6 98
26 7 46
26 8 92
26 9 75
26 10 28
26 11 93
26 14 88
26 16 80
26 17 50
26 18 38
26 19 66
26 24 89
26 25 91
26 26 93
26 27 37
26 29 72
26 30 40
26 31 26
26 33 26
26 34 50
26 35 72
26 36 65
26 37 46
26 39 86
26 41 8
26 42 15
26 44 78
26 45 81
26 49 14
26 50 32
26 53 13
26 55 87
26 56 38
26 57 34
26 59 82
26 60 89
26 61 73
26 62 54
26 64 59
26 65 87
26 66 2
26 67 86
26 69 81
26 71 13
26 72 79
26 73 35
26 74 61
26 75 48
26 76 89
26 77 16
26 78 70
26 79 34
26 80 50
26 81 2
26 82 28
26 83 70
26 85 33
26 87 58
27 2 92
27 3 20
27 4 51
27 6 4
27 7 1
27 8 13
27 9 10
27 11 61
27 12 30
27 13 93
27 14 43
27 15 42
27 16 49
27 18 90
27 20 83
27 21 90
27 22 16
27 23 97
27 24 16
27 26 70
27 27 30
27 28 34
27 30 65
27 32 16
27 33 64
27 34 57
27 35 80
27 36 11
27 38 80
27 39 90
27 40 49
27 41 5
27 43 30
27 45 76
27 47 47
27 48 76
27 49 25
27 50 37
27 52 96
27 53 33
27 55 32
27 58 12
27 59 44
27 60 54
27 61 70
27 62 41
27 63 66
27 65 34
27 66 82
27 68 6
27 69 64
27 72 15
27 73 63
27 74 2
27 76 84
27 77 43
27 78 84
27 79 50
27 82 95
27 83 83
27 84 51
27 85 25
27 86 73
27 87 32
28 2 91
28 3 68
28 5 33
28 6 46
28 7 58
28 10 6
28 11 10
28 12 75
28 13 44
28 14 82
28 15 2
28 19 80
28 20 5
28 22 15
28 23 10
28 24 50
28 25 73
28 27 15
28 28 59
28 29 44
28 30 50
28 31 75
28 32 87
28 34 95
28 39 57
28 40 50
28 41 7
28 45 78
28 46 57
28 48 48
28 50 15
28 51 27
28 52 32
28 54 56
28 60 86
28 61 41
28 63 72
28 64 25
28 65 56
28 69 27
28 71 37
28 72 42
28 73 17
28 74 10
28 75 39
28 76 45
28 77 80
28 78 54
28 80 3
28 82 37
28 83 51
28 84 7
28 85 45
28 86 42
29 1 77
29 2 21
29 6 69
29 7 36
29 11 70
29 12 84
29 13 54
29 14 86
29 15 50
29 16 98
29 19 61
29 21 78
29 22 93
29 25 57
29 26 42
29 29 94
29 30 68
29 31 78
29 32 69
29 33 45
29 35 31
29 36 66
29 37 65
29 38 90
29 39 91
29 40 74
29 41 73
29 42 27
29 43 66
29 44 42
29 45 45
29 46 10
29 47 55
29 48 18
29 50 18
29 51 61
29 53 54
29 54 25
29 55 33
29 56 92
29 57 10
29 59 65
29 65 6
29 66 39
29 67 54
29 69 18
29 70 82
29 72 64
29 74 76
29 75 98
29 76 86
29 77 42
29 78 38
29 79 74
29 81 72
29 82 95
29 83 95
29 84 59
29 85 39
30 1 82
30 3 12
30 4 63
30 5 14
30 6 80
30 9 11
30 10 28
30 11 61
30 13 84
30 17 2
30 18 21
30 26 19
30 27 42
30 29 28
30 30 100
30 31 47
30 32 90
30 33 13
30 34 84
30 36 6
30 38 16
30 39 4
30 40 9
30 42 85
30 43 33
30 44 38
30 45 84
30 46 91
30 47 67
30 49 100
30 50 67
30 51 72
30 54 70
30 55 35
30 56 8
30 57 84
30 58 8
30 61 67
30 64 17
30 65 74
30 67 38
30 69 74
30 70 60
30 71 13
30 72 3
30 75 91
30 76 20
30 77 84
30 78 53
30 79 27
30 80 79
30 81 67
30 87 49
31 2 70
31 4 45
31 5 85
31 6 56
31 7 9
31 9 18
31 10 53
31 12 67
31 13 79
31 14 43
31 15 70
31 16 2
31 17 33
31 21 19
31 22 94
31 23 73
31 24 75
31 25 23
31 28 16
31 29 67
31 32 3
31 33 62
31 34 13
31 36 100
31 37 88
31 38 27
31 39 72
31 41 92
31 42 95
31 43 28
31 44 53
31 45 92
31 47 56
31 48 92
31 50 92
31 51 21
31 52 77
31 54 94
31 56 93
31 58 82
31 59 31
31 61 80
31 62 11
31 64 27
31 66 78
31 67 3
31 70 49
31 71 16
31 72 9
31 73 44
31 74 69
31 75 50
31 76 4
31 78 12
31 79 87
31 80 48
31 81 97
31 82 6
31 83 84
31 87 12
32 1 98
32 2 17
32 3 24
32 5 61
32 6 2
32 7 81
32 9 28
32 10 80
32 11 9
32 15 30
32 16 48
32 20 90
32 22 84
32 23 20
32 24 28
32 25 4
32 27 20
32 28 63
32 29 93
32 31 96
32 32 43
32 33 51
32 34 35
32 35 44
32 36 34
32 40 92
32 41 13
32 42 84
32 43 60
32 44 22
32 45 80
32 46 25
32 51 90
32 52 35
32 53 39
32 54 26
32 56 10
32 57 63
32 58 38
32 59 58
32 60 22
32 61 45
32 62 30
32 63 56
32 65 95
32 66 85
32 67 41
32 68 66
32 70 57
32 71 5
32 72 74
32 74 2
32 75 44
32 76 36
32 77 99
32 78 76
32 79 95
32 80 87
32 82 29
32 83 71
32 86 49
33 1 58
33 3 40
33 5 14
33 8 41
33 9 3
33 11 32
33 13 58
33 15 46
33 17 4
33 18 86
33 19 91
33 20 39
33 21 51
33 22 47
33 24 6
33 27 79
33 28 17
33 31 58
33 33 85
33 34 28
33 35 64
33 36 72
33 37 41
33 38 41
33 39 70
33 40 5
33 42 87
33 47 37
33 48 78
33 49 52
33 50 98
33 51 26
33 53 77
33 54 63
33 56 8
33 57 31
33 58 39
33 60 69
33 61 75
33 62 69
33 63 15
33 64 24
33 67 50
33 69 64
33 70 32
33 71 47
33 74 56
33 75 16
33 79 70
33 80 70
33 85 72
33 86 86
34 2 8
34 4 75
34 5 50
34 7 89
34 8 43
34 14 77
34 15 84
34 17 84
34 18 79
34 20 62
34 21 41
34 22 53
34 27 25
34 28 3
34 31 38
34 32 82
34 33 29
34 34 87
34 37 58
34 40 100
34 43 28
34 44 52
34 47 51
34 49 46
34 50 100
34 53 49
34 54 77
34 55 15
34 57 47
34 58 91
34 59 83
34 61 94
34 62 73
34 63 70
34 65 84
34 66 76
34 67 58
34 70 94
34 71 88
34 73 74
34 74 36
34 75 11
34 76 67
34 78 49
34 82 65
34 83 98
34 84 81
35 1 100
35 2 87
35 3 94
35 4 42
35 5 22
35 8 19
35 11 29
35 13 16
35 15 75
35 16 35
35 17 38
35 20 66
35 21 7
35 23 4
35 24 87
35 25 79
35 26 28
35 28 91
35 30 18
35 31 92
35 32 78
35 33 35
35 35 94
35 36 23
35 37 89
35 39 95
35 41 91
35 42 69
35 43 31
35 44 72
35 45 41
35 46 16
35 47 65
35 48 67
35 51 33
35 53 88
35 55 43
35 56 84
35 59 64
35 60 6
35 61 93
35 62 49
35 64 6
35 65 79
35 66 92
35 68 72
35 69 7
35 70 28
35 75 72
35 76 95
35 78 47
35 79 82
35 80 72
35 81 43
35 85 59
35 86 88
35 87 57
36 1 2
36 2 89
36 3 30
36 5 10
36 6 76
36 9 44
36 10 32
36 11 35
36 13 79
36 14 85
36 16 79
36 17 3
36 18 31
36 20 21
36 22 92
36 23 80
36 24 19
36 26 45
36 28 59
36 29 26
36 30 73
36 31 26
36 32 5
36 35 95
36 36 15
36 37 21
36 40 81
36 41 25
36 42 64
36 43 30
36 44 23
36 46 48
36 47 64
36 48 38
36 49 22
36 51 90
36 52 84
36 54 39
36 55 61
36 56 80
36 57 41
36 58 35
36 62 60
36 63 35
36 64 21
36 65 48
36 67 16
36 68 31
36 69 19
36 71 55
36 74 74
36 76 62
36 78 38
36 80 70
36 81 27
36 82 36
36 83 48
36 84 44
36 85 78
36 86 70
36 87 99
37 1 66
37 2 78
37 3 12
37 4 25
37 6 67
37 7 11
37 9 40
37 10 88
37 11 77
37 12 2
37 16 15
37 17 64
37 19 33
37 20 95
37 21 34
37 23 24
37 25 49
37 26 98
37 28 18
37 29 94
37 30 31
37 31 17
37 32 83
37 33 51
37 34 81
37 35 85
37 36 83
37 37 90
37 38 51
37 39 16
37 40 65
37 41 96
37 42 13
37 43 70
37 44 12
37 45 92
37 46 77
37 48 15
37 49 18
37 53 60
37 58 63
37 59 35
37 60 69
37 62 92
37 63 3
37 64 39
37 65 56
37 68 33
37 69 11
37 71 27
37 72 25
37 73 17
37 78 78
37 81 72
37 82 62
37 83 40
37 85 92
38 1 8
38 2 37
38 3 70
38 6 51
38 10 96
38 11 96
38 12 20
38 15 69
38 16 30
38 17 85
38 19 39
38 20 75
38 21 14
38 23 51
38 25 57
38 26 89
38 27 78
38 29 45
38 33 5
38 35 71
38 36 72
38 37 86
38 40 53
38 41 44
38 42 39
38 43 13
38 45 26
38 46 36
38 47 10
38 48 38
38 49 90
38 51 87
38 52 4
38 53 41
38 54 78
38 55 88
38 58 45
38 61 79
38 62 85
38 64 88
38 66 28
38 67 50
38 68 73
38 69 32
38 72 45
38 73 88
38 74 17
38 77 31
38 78 20
38 79 59
38 80 11
38 82 68
38 84 35
38 86 35
38 87 38
39 1 10
39 3 69
39 4 89
39 6 95
39 8 81
39 9 100
39 10 75
39 11 59
39 12 38
39 13 48
39 16 15
39 18 44
39 19 78
39 21 80
39 23 56
39 24 85
39 25 40
39 26 72
39 29 35
39 30 30
39 34 27
39 35 100
39 36 43
39 37 25
39 38 89
39 39 32
39 40 71
39 41 86
39 42 57
39 45 20
39 46 12
39 47 58
39 48 22
39 49 66
39 50 37
39 52 94
39 54 25
39 55 25
39 56 1
39 57 92
39 58 1
39 60 61
39 62 96
39 64 90
39 65 37
39 66 73
39 68 33
39 70 98
39 71 49
39 74 79
39 75 48
39 76 83
39 77 41
39 78 94
39 79 55
39 81 85
39 84 47
39 86 48
39 87 90
40 5 70
40 10 75
40 11 46
40 12 83
40 13 31
40 14 84
40 15 17
40 16 22
40 17 93
40 18 16
40 19 34
40 22 37
40 23 86
40 26 87
40 29 70
40 30 59
40 32 42
40 33 84
40 35 87
40 39 10
40 40 18
40 41 61
40 43 41
40 47 74
40 52 66
40 53 90
40 54 4
40 56 28
40 57 50
40 58 72
40 59 52
40 60 31
40 61 71
40 62 26
40 64 22
40 65 14
40 66 27
40 67 15
40 68 83
40 69 15
40 70 95
40 71 5
40 75 63
40 76 98
40 77 15
40 78 94
40 81 75
40 82 28
40 84 55
40 85 77
40 86 78
40 87 45
41 1 87
41 2 75
41 5 57
41 7 76
41 8 80
41 9 94
41 10 93
41 12 59
41 16 18
41 17 57
41 19 97
41 20 23
41 21 62
41 25 85
41 28 84
41 29 28
41 30 29
41 32 24
41 33 67
41 34 4
41 35 99
41 40 81
41 41 71
41 42 64
41 44 36
41 46 4
41 49 86
41 51 72
41 52 49
41 53 42
41 55 91
41 56 96
41 57 63
41 59 6
41 60 63
41 62 63
41 63 93
41 64 76
41 65 18
41 67 71
41 69 39
41 70 78
41 72 79
41 73 72
41 74 77
41 75 66
41 77 87
41 78 14
41 80 100
41 81 40
41 82 78
41 84 53
41 85 7
41 86 36
41 87 11
42 1 40
42 2 26
42 3 54
42 4 17
42 8 2
42 12 48
42 14 76
42 15 30
42 16 46
42 18 21
42 24 59
42 26 77
42 27 85
42 28 6
42 29 30
42 32 58
42 33 20
42 35 79
42 36 99
42 37 65
42 38 32
42 39 89
42 41 47
42 42 11
42 44 51
42 45 26
42 46 73
42 47 100
42 48 3
42 49 18
42 50 98
42 51 54
42 56 25
42 57 72
42 58 67
42 59 88
42 60 42
42 62 35
42 63 78
42 65 86
42 66 40
42 69 49
42 70 26
42 71 80
42 72 44
42 74 49
42 75 18
42 77 82
42 78 87
42 80 52
42 81 67
42 82 100
42 83 31
42 84 35
42 86 81
42 87 97
43 1 15
43 2 2
43 3 59
43 5 88
43 6 73
43 11 96
43 15 30
43 16 100
43 18 51
43 20 13
43 23 21
43 24 100
43 25 60
43 26 64
43 29 50
43 33 12
43 34 53
43 36 19
43 39 14
43 40 71
43 41 80
43 42 88
43 44 73
43 46 86
43 47 47
43 48 53
43 52 56
43 53 99
43 54 43
43 56 13
43 58 88
43 59 41
43 60 11
43 61 72
43 62 52
43 65 7
43 66 32
43 69 5
43 70 2
43 71 75
43 72 7
43 75 71
43 76 42
43 77 21
43 79 73
43 80 87
43 82 66
43 83 48
43 84 17
43 85 51
43 86 57
43 87 48
44 5 47
44 9 17
44 10 63
44 11 53
44 12 4
44 13 61
44 15 84
44 16 87
44 19 22
44 20 93
44 23 92
44 25 62
44 26 37
44 27 68
44 28 58
44 29 64
44 31 19
44 32 73
44 35 48
44 37 89
44 38 44
44 39 49
44 41 47
44 43 62
44 44 4
44 45 18
44 46 67
44 47 25
44 48 65
44 51 81
44 53 1
44 54 55
44 57 11
44 58 34
44 59 27
44 60 91
44 61 58
44 62 38
44 64 28
44 65 95
44 67 32
44 70 6
44 72 21
44 73 37
44 74 87
44 75 98
44 76 71
44 77 36
44 79 90
44 82 96
44 83 77
44 84 46
44 86 42
45 3 63
45 4 40
45 6 7
45 7 22
45 9 6
45 11 65
45 13 99
45 14 51
45 15 29
45 16 19
45 17 73
45 18 15
45 19 66
45 20 75
45 21 2
45 23 38
45 26 27
45 27 84
45 30 96
45 31 47
45 33 83
45 34 70
45 36 33
45 38 17
45 39 90
45 41 69
45 42 10
45 44 77
45 45 3
45 49 65
45 53 75
45 54 9
45 55 17
45 56 41
45 57 86
45 58 9
45 59 99
45 60 44
45 61 52
45 62 97
45 63 27
45 64 99
45 66 62
45 68 48
45 69 4
45 72 85
45 73 39
45 74 64
45 76 52
45 77 68
45 81 70
45 82 57
45 85 90
45 86 40
45 87 43
46 1 10
46 2 85
46 3 85
46 5 79
46 6 25
46 9 16
46 11 60
46 12 28
46 13 82
46 14 26
46 16 93
46 17 61
46 18 92
46 20 45
46 23 52
46 24 17
46 25 83
46 26 59
46 27 17
46 31 49
46 32 77
46 33 10
46 34 70
46 35 53
46 36 86
46 37 89
46 38 47
46 40 100
46 42 57
46 43 22
46 44 35
46 45 83
46 46 10
46 49 41
46 50 38
46 51 46
46 52 21
46 53 64
46 54 9
46 57 80
46 61 92
46 62 57
46 63 90
46 65 40
46 67 40
46 68 89
46 71 12
46 72 24
46 74 84
46 75 58
46 76 1
46 77 75
46 79 78
46 80 7
46 81 50
46 82 46
46 84 50
46 85 94
47 1 42
47 2 50
47 4 60
47 5 7
47 8 27
47 9 24
47 10 89
47 13 63
47 14 34
47 17 84
47 20 1
47 21 68
47 23 1
47 24 31
47 25 64
47 26 23
47 28 46
47 29 4
47 30 71
47 32 41
47 33 81
47 36 93
47 38 36
47 39 70
47 41 34
47 42 15
47 43 76
47 44 19
47 45 44
47 46 46
47 48 95
47 49 39
47 50 29
47 51 54
47 52 85
47 54 73
47 55 92
47 56 30
47 57 84
47 58 8
47 59 99
47 60 77
47 61 10
47 63 86
47 66 24
47 67 39
47 68 85
47 69 89
47 71 98
47 72 8
47 73 76
47 74 47
47 75 55
47 76 96
47 80 39
47 81 93
47 82 53
47 83 58
47 84 70
47 85 34
47 86 46
47 87 74
48 1 89
48 2 80
48 3 68
48 5 85
48 6 100
48 9 80
48 10 9
48 13 90
48 14 22
48 16 46
48 20 78
48 21 12
48 23 3
48 24 8
48 25 70
48 27 49
48 28 71
48 30 99
48 32 98
48 33 81
48 34 63
48 35 13
48 36 30
48 39 68
48 41 54
48 42 37
48 45 10
48 48 96
48 49 40
48 50 76
48 51 46
48 52 38
48 54 29
48 56 86
48 57 75
48 59 94
48 60 81
48 63 20
48 64 27
48 65 48
48 66 27
48 67 31
48 68 35
48 70 54
48 71 48
48 72 84
48 73 3
48 74 36
48 76 30
48 82 49
48 84 21
48 86 27
49 3 81
49 4 17
49 5 74
49 7 65
49 9 32
49 13 32
49 14 81
49 15 96
49 16 74
49 17 29
49 18 45
49 23 73
49 24 38
49 25 43
49 27 50
49 28 71
49 29 85
49 30 17
49 31 67
49 32 39
49 33 52
49 34 65
49 35 22
49 40 74
49 41 94
49 43 72
49 45 86
49 46 26
49 49 71
49 50 16
49 51 61
49 53 53
49 54 56
49 55 65
49 57 90
49 59 100
49 61 25
49 62 20
49 63 62
49 65 98
49 66 45
49 68 81
49 70 75
49 71 68
49 72 69
49 74 20
49 75 44
49 76 12
49 79 79
49 80 27
49 81 46
49 82 24
49 83 76
49 85 34
49 86 10
49 87 49
50 1 28
50 2 55
50 7 57
50 10 7
50 16 89
50 17 26
50 20 64
50 24 12
50 26 99
50 27 95
50 29 52
50 30 81
50 33 10
50 34 63
50 37 100
50 38 19
50 39 96
50 40 85
50 44 72
50 45 6
50 46 68
50 47 34
50 48 66
50 49 22
50 50 76
50 51 6
50 52 27
50 55 51
50 57 75
50 58 69
50 60 57
50 62 98
50 63 54
50 64 16
50 65 18
50 66 56
50 67 48
50 68 53
50 69 99
50 71 95
50 72 91
50 74 82
50 75 2
50 77 67
50 78 25
50 80 32
50 81 29
50 82 47
50 84 87
50 85 55
50 87 44
51 1 60
51 4 45
51 5 83
51 6 44
51 8 13
51 9 98
51 10 43
51 11 37
51 13 95
51 14 18
51 17 21
51 18 41
51 19 46
51 20 21
51 21 41
51 22 78
51 24 73
51 26 5
51 28 55
51 29 50
51 30 67
51 31 62
51 33 26
51 35 21
51 36 79
51 38 73
51 39 18
51 40 35
51 42 77
51 43 87
51 44 8
51 46 98
51 49 57
51 50 36
51 51 17
51 53 90
51 54 36
51 55 47
51 56 56
51 59 71
51 60 20
51 61 36
51 65 88
51 66 91
51 67 29
51 69 52
51 70 13
51 72 17
51 73 17
51 75 7
51 76 6
51 81 25
51 82 100
51 85 19
52 3 99
52 5 24
52 6 92
52 8 79
52 9 95
52 10 27
52 13 82
52 14 43
52 15 61
52 17 83
52 18 86
52 20 71
52 23 67
52 24 35
52 26 84
52 27 3
52 30 67
52 31 34
52 32 15
52 33 89
52 34 49
52 35 59
52 37 86
52 38 51
52 39 44
52 40 46
52 41 69
52 43 2
52 44 92
52 46 83
52 47 41
52 50 15
52 54 69
52 56 65
52 57 75
52 58 69
52 59 18
52 61 64
52 65 38
52 67 15
52 68 92
52 69 47
52 72 22
52 74 12
52 78 76
52 80 69
52 81 92
52 83 56
52 84 58
52 85 94
52 86 60
53 2 97
53 3 36
53 9 80
53 12 30
53 13 66
53 16 82
53 17 51
53 19 68
53 22 63
53 24 19
53 25 70
53 27 10
53 29 13
53 31 4
53 32 66
53 35 51
53 36 94
53 37 23
53 39 96
53 42 96
53 43 8
53 44 51
53 45 42
53 47 3
53 49 46
53 51 78
53 52 94
53 54 65
53 55 44
53 57 47
53 58 27
53 60 90
53 61 77
53 62 25
53 64 80
53 66 84
53 67 90
53 69 7
53 71 86
53 72 79
53 73 24
53 74 74
53 75 84
53 76 68
53 77 21
53 78 4
53 79 84
53 83 69
53 84 67
53 85 62
53 87 85
54 1 48
54 2 1
54 3 80
54 4 24
54 6 50
54 7 22
54 8 80
54 9 39
54 11 54
54 13 47
54 17 16
54 18 8
54 19 34
54 21 72
54 23 44
54 25 33
54 27 45
54 28 62
54 29 63
54 30 40
54 32 21
54 33 52
54 34 57
54 35 46
54 36 19
54 38 59
54 40 33
54 41 51
54 42 69
54 43 95
54 44 7
54 49 52
54 51 27
54 53 58
54 54 93
54 55 52
54 56 17
54 57 83
54 58 42
54 61 80
54 63 12
54 65 23
54 66 15
54 67 19
54 69 7
54 70 19
54 71 69
54 74 36
54 77 80
54 78 31
54 80 63
54 81 41
54 82 39
54 83 100
54 84 20
54 86 59
55 2 70
55 3 60
55 4 23
55 5 63
55 6 46
55 7 14
55 8 39
55 10 5
55 11 41
55 14 48
55 15 65
55 16 19
55 17 40
55 21 1
55 23 8
55 24 17
55 27 3
55 29 78
55 30 23
55 32 10
55 34 86
55 36 52
55 37 60
55 38 73
55 39 2
55 40 23
55 44 45
55 46 52
55 47 69
55 50 58
55 52 63
55 53 85
55 54 70
55 55 99
55 57 71
55 58 56
55 59 21
55 60 20
55 63 92
55 64 36
55 66 1
55 67 22
55 68 72
55 70 25
55 73 19
55 74 44
55 75 34
55 76 1
55 78 62
55 79 91
55 81 88
55 82 98
55 83 71
55 84 1
55 85 90
55 86 44
56 2 27
56 4 12
56 5 54
56 9 7
56 12 2
56 13 5
56 17 2
56 18 98
56 19 10
56 22 28
56 23 39
56 25 33
56 27 37
56 28 42
56 29 47
56 30 89
56 35 32
56 36 40
56 37 22
56 38 6
56 39 72
56 41 41
56 42 28
56 43 37
56 46 1
56 48 23
56 53 86
56 54 43
56 55 49
56 56 54
56 57 81
56 58 72
56 60 14
56 61 14
56 62 31
56 67 40
56 68 23
56 72 50
56 73 33
56 74 31
56 75 55
56 76 84
56 77 88
56 78 3
56 79 99
56 80 99
56 82 5
56 84 31
56 86 93
57 2 43
57 4 86
57 6 30
57 7 14
57 10 47
57 12 78
57 13 49
57 14 6
57 15 13
57 17 61
57 19 68
57 21 100
57 22 94
57 23 74
57 24 34
57 25 59
57 28 23
57 29 14
57 30 92
57 32 71
57 33 31
57 34 72
57 36 4
57 37 9
57 38 6
57 39 79
57 40 11
57 41 62
57 42 3
57 43 40
57 44 47
57 45 53
57 47 13
57 48 74
57 49 72
57 50 11
57 52 47
57 53 56
57 55 17
57 56 98
57 57 77
57 63 93
57 64 39
57 65 98
57 66 69
57 69 22
57 72 90
57 73 39
57 76 81
57 77 77
57 78 39
57 79 11
57 80 47
57 81 47
57 82 85
57 84 51
57 85 86
57 86 70
57 87 2
58 2 11
58 4 35
58 5 53
58 6 41
58 7 91
58 8 48
58 9 90
58 10 78
58 12 91
58 13 20
58 14 82
58 15 37
58 16 80
58 20 8
58 21 86
58 22 18
58 23 68
58 25 51
58 26 95
58 27 56
58 30 66
58 32 40
58 33 54
58 35 25
58 36 30
58 38 55
58 40 2
58 41 66
58 42 2
58 44 89
58 45 55
58 46 63
58 48 86
58 49 30
58 51 53
58 56 73
58 57 56
58 58 88
58 60 68
58 62 26
58 65 72
58 66 74
58 67 93
58 69 93
58 70 90
58 71 12
58 72 52
58 74 42
58 75 65
58 79 77
58 80 47
58 82 100
58 83 27
58 85 26
58 87 19
59 2 33
59 6 9
59 9 81
59 11 66
59 12 90
59 14 85
59 15 94
59 16 21
59 17 12
59 19 50
59 20 20
59 24 67
59 25 19
59 28 72
59 31 84
59 33 13
59 34 1
59 35 59
59 36 9
59 38 39
59 39 88
59 40 40
59 41 75
59 42 27
59 44 83
59 46 62
59 48 9
59 49 77
59 50 10
59 51 83
59 52 49
59 53 39
59 54 49
59 55 16
59 60 72
59 61 13
59 62 23
59 63 36
59 65 89
59 69 59
59 70 7
59 71 91
59 72 70
59 73 2
59 76 46
59 77 38
59 78 32
59 79 93
59 80 22
59 81 87
59 82 26
59 83 53
59 84 79
59 85 55
59 86 57
59 87 19
60 1 49
60 2 62
60 6 6
60 8 36
60 9 25
60 13 38
60 17 60
60 19 81
60 21 59
60 22 46
60 24 40
60 25 69
60 26 79
60 27 65
60 30 11
60 31 59
60 33 74
60 35 23
60 36 31
60 37 20
60 38 35
60 39 59
60 42 8
60 43 8
60 44 47
60 46 41
60 49 48
60 51 88
60 52 78
60 53 95
60 54 65
60 55 33
60 56 51
60 58 87
60 60 21
60 62 58
60 63 42
60 64 31
60 65 92
60 66 47
60 67 56
60 73 47
60 74 90
60 76 40
60 78 63
60 79 50
60 80 71
60 84 40
60 86 10
60 87 47
61 2 23
61 3 60
61 5 26
61 7 14
61 10 33
61 11 59
61 14 34
61 16 36
61 17 95
61 18 39
61 20 13
61 21 27
61 22 19
61 23 71
61 27 39
61 28 85
61 29 36
61 31 22
61 33 41
61 34 14
61 36 52
61 38 68
61 40 68
61 42 96
61 43 57
61 47 52
61 48 30
61 49 83
61 50 93
61 51 54
61 52 47
61 54 90
61 56 22
61 57 42
61 58 75
61 59 92
61 60 2
61 62 44
61 63 81
61 64 42
61 65 16
61 67 21
61 68 67
61 70 95
61 72 79
61 73 2
61 74 27
61 75 29
61 76 26
61 78 60
61 80 54
61 81 12
61 82 60
61 83 76
61 84 26
61 87 25
62 2 69
62 3 40
62 5 58
62 7 61
62 8 13
62 9 21
62 10 20
62 11 70
62 13 5
62 15 74
62 16 94
62 17 52
62 18 91
62 19 93
62 20 18
62 23 51
62 24 86
62 26 64
62 27 10
62 28 17
62 29 22
62 30 95
62 31 72
62 32 15
62 33 96
62 35 84
62 36 37
62 37 21
62 38 81
62 39 67
62 40 96
62 41 89
62 42 83
62 43 59
62 44 41
62 47 52
62 49 44
62 50 93
62 51 2
62 52 59
62 54 71
62 55 8
62 57 11
62 58 63
62 59 57
62 61 36
62 62 49
62 64 84
62 65 77
62 66 47
62 67 32
62 69 83
62 71 67
62 73 17
62 74 97
62 75 94
62 77 77
62 78 90
62 80 93
62 81 80
62 83 57
62 84 5
62 85 84
62 87 37
63 2 85
63 3 47
63 7 96
63 10 35
63 11 13
63 12 50
63 13 38
63 16 58
63 17 17
63 18 48
63 19 9
63 20 1
63 21 95
63 24 35
63 25 80
63 27 49
63 28 21
63 29 29
63 31 6
63 34 57
63 35 78
63 36 99
63 37 64
63 38 79
63 39 29
63 41 54
63 43 19
63 44 34
63 45 46
63 46 50
63 48 95
63 53 37
63 54 22
63 55 55
63 57 91
63 58 62
63 59 21
63 61 76
63 64 70
63 65 23
63 67 34
63 68 78
63 70 25
63 72 13
63 73 17
63 74 53
63 75 85
63 76 77
63 77 11
63 78 88
63 79 64
63 80 12
63 81 95
63 83 75
63 84 67
63 87 69
64 1 8
64 2 36
64 5 59
64 6 70
64 10 44
64 11 31
64 12 41
64 13 84
64 14 99
64 15 83
64 16 50
64 17 59
64 18 83
64 21 20
64 22 46
64 23 65
64 27 74
64 28 66
64 29 15
64 30 92
64 31 12
64 33 13
64 34 10
64 35 25
64 36 38
64 37 51
64 38 18
64 39 60
64 42 43
64 43 8
64 47 8
64 48 57
64 49 31
64 51 12
64 53 13
64 54 17
64 55 62
64 56 6
64 57 33
64 58 30
64 59 22
64 62 83
64 63 44
64 64 23
64 67 91
64 68 60
64 71 88
64 72 20
64 73 85
64 74 96
64 75 23
64 76 65
64 78 79
64 79 77
64 80 69
64 82 40
64 84 51
64 85 90
64 86 39
64 87 88
65 1 50
65 2 93
65 3 57
65 5 59
65 6 9
65 7 39
65 8 33
65 10 39
65 11 24
65 12 100
65 13 57
65 14 52
65 16 54
65 17 19
65 20 7
65 21 65
65 22 17
65 23 41
65 24 14
65 25 54
65 26 76
65 27 33
65 28 76
65 29 40
65 31 62
65 32 68
65 33 47
65 34 95
65 37 61
65 38 61
65 40 80
65 41 56
65 42 94
65 44 60
65 45 18
65 46 46
65 47 15
65 51 23
65 52 58
65 53 47
65 54 94
65 55 38
65 56 63
65 57 82
65 58 88
65 59 39
65 61 49
65 62 63
65 63 78
65 67 44
65 69 50
65 72 80
65 73 82
65 74 55
65 75 24
65 78 27
65 79 17
65 80 10
65 81 31
65 82 50
65 83 8
65 84 41
65 85 17
65 87 33
66 1 29
66 3 36
66 5 37
66 8 50
66 10 83
66 11 53
66 13 82
66 14 21
66 15 21
66 16 42
66 17 8
66 19 43
66 20 10
66 22 7
66 24 39
66 25 73
66 26 65
66 29 43
66 30 22
66 32 77
66 35 3
66 37 95
66 38 69
66 41 80
66 45 13
66 46 27
66 47 47
66 48 24
66 49 60
66 50 12
66 51 10
66 52 27
66 53 22
66 54 13
66 58 56
66 60 25
66 61 75
66 62 34
66 63 47
66 65 19
66 66 92
66 67 2
66 68 52
66 69 84
66 70 2
66 71 35
66 72 33
66 75 56
66 76 86
66 77 16
66 78 62
66 79 43
66 80 100
66 82 66
66 83 32
66 84 91
66 86 29
66 87 71
67 1 53
67 2 93
67 3 82
67 5 15
67 6 7
67 7 54
67 8 18
67 10 51
67 11 61
67 15 80
67 17 83
67 18 52
67 20 54
67 22 2
67 26 75
67 27 4
67 29 91
67 31 76
67 32 76
67 33 20
67 34 2
67 36 84
67 38 22
67 40 69
67 41 4
67 42 34
67 45 92
67 46 26
67 47 21
67 48 93
67 49 54
67 52 30
67 54 82
67 56 26
67 57 61
67 59 34
67 60 76
67 63 69
67 65 71
67 66 75
67 67 2
67 69 22
67 73 57
67 74 77
67 75 18
67 76 45
67 77 19
67 78 70
67 79 88
67 80 16
67 81 35
67 82 36
67 86 44
68 1 64
68 2 36
68 3 44
68 7 19
68 8 99
68 9 63
68 11 21
68 12 31
68 13 62
68 14 23
68 15 24
68 17 34
68 19 79
68 20 17
68 22 6
68 23 36
68 26 4
68 27 15
68 29 39
68 30 68
68 32 73
68 33 79
68 34 92
68 35 81
68 36 21
68 37 79
68 38 51
68 40 13
68 42 88
68 43 79
68 44 76
68 45 1
68 46 81
68 48 100
68 50 48
68 51 78
68 52 42
68 55 90
68 56 10
68 57 12
68 58 13
68 59 84
68 60 6
68 61 45
68 62 67
68 63 99
68 64 45
68 65 28
68 66 96
68 67 98
68 69 100
68 71 50
68 72 17
68 74 56
68 75 64
68 78 29
68 80 53
68 81 23
68 83 62
68 85 4
69 2 71
69 3 36
69 6 17
69 7 78
69 10 94
69 11 66
69 12 17
69 14 58
69 16 26
69 18 12
69 19 64
69 20 94
69 21 67
69 22 61
69 23 90
69 24 54
69 27 63
69 29 14
69 31 53
69 32 12
69 33 89
69 34 75
69 38 14
69 39 10
69 40 63
69 41 93
69 42 11
69 44 11
69 45 63
69 47 35
69 48 25
69 49 70
69 52 30
69 53 63
69 54 81
69 56 59
69 57 68
69 58 63
69 59 22
69 60 75
69 61 36
69 62 97
69 63 45
69 64 34
69 66 87
69 68 23
69 69 93
69 70 39
69 71 95
69 72 66
69 74 44
69 75 68
69 76 38
69 77 46
69 78 66
69 80 46
69 83 74
69 84 85
69 85 96
69 86 55
69 87 87
70 3 4
70 4 19
70 5 86
70 6 92
70 7 75
70 9 42
70 11 84
70 12 7
70 15 99
70 16 1
70 18 9
70 19 47
70 20 6
70 21 56
70 24 72
70 25 10
70 27 53
70 28 100
70 33 10
70 34 50
70 35 52
70 37 16
70 38 95
70 39 99
70 40 59
70 41 74
70 42 27
70 43 40
70 44 92
70 45 99
70 47 45
70 51 99
70 52 69
70 54 92
70 60 70
70 61 37
70 65 52
70 67 55
70 71 44
70 72 94
70 73 24
70 74 89
70 75 79
70 79 96
70 81 61
70 82 53
70 83 68
70 86 15
71 1 75
71 2 21
71 3 20
71 4 40
71 5 67
71 12 48
71 13 47
71 15 42
71 16 7
71 19 92
71 20 21
71 21 38
71 26 71
71 27 84
71 28 53
71 29 12
71 35 11
71 36 92
71 37 4
71 39 7
71 40 34
71 47 23
71 48 89
71 49 13
71 50 4
71 51 18
71 53 11
71 54 7
71 55 17
71 57 40
71 59 1
71 61 19
71 64 94
71 65 6
71 66 53
71 67 98
71 68 95
71 69 67
71 71 94
71 72 5
71 75 57
71 79 2
71 80 4
71 81 6
71 83 100
71 84 63
71 85 98
71 86 48
71 87 21
72 1 99
72 2 42
72 3 64
72 8 90
72 9 100
72 11 49
72 12 93
72 13 46
72 14 24
72 17 59
72 20 59
72 23 51
72 25 69
72 26 73
72 27 14
72 28 25
72 32 97
72 33 96
72 34 52
72 36 89
72 38 87
72 39 65
72 40 72
72 41 89
72 43 22
72 44 20
72 46 72
72 47 26
72 48 28
72 53 61
72 54 3
72 55 39
72 56 89
72 57 42
72 59 60
72 63 52
72 64 89
72 67 77
72 68 70
72 70 2
72 72 4
72 74 88
72 76 60
72 78 37
72 80 8
72 81 70
72 83 99
72 84 28
72 85 8
72 87 43
73 1 81
73 2 24
73 4 67
73 6 36
73 7 96
73 8 63
73 10 31
73 11 80
73 12 52
73 13 18
73 15 23
73 16 2
73 18 81
73 19 81
73 20 43
73 21 29
73 22 76
73 23 6
73 24 6
73 26 76
73 28 51
73 29 73
73 30 56
73 32 61
73 33 39
73 34 14
73 36 9
73 37 29
73 38 14
73 39 76
73 40 82
73 41 56
73 43 94
73 45 40
73 46 15
73 47 7
73 48 8
73 49 52
73 51 76
73 59 37
73 61 88
73 62 46
73 63 40
73 64 5
73 65 25
73 67 40
73 68 99
73 71 34
73 73 12
73 74 10
73 75 51
73 76 8
73 77 21
73 79 34
73 80 77
73 82 16
73 83 84
73 84 42
73 85 73
74 1 45
74 3 8
74 9 83
74 11 59
74 12 64
74 13 86
74 17 69
74 18 23
74 19 61
74 21 78
74 23 68
74 24 7
74 26 75
74 29 47
74 30 1
74 31 88
74 33 6
74 34 83
74 35 55
74 36 34
74 37 59
74 38 95
74 41 75
74 43 8
74 44 15
74 45 3
74 47 6
74 50 96
74 51 56
74 52 6
74 53 82
74 54 78
74 55 96
74 56 33
74 57 80
74 58 15
74 59 39
74 60 14
74 61 8
74 62 63
74 63 39
74 64 15
74 65 37
74 66 99
74 67 86
74 73 83
74 75 75
74 76 21
74 77 61
74 78 84
74 79 10
74 80 57
74 85 2
75 3 73
75 4 78
75 5 73
75 6 62
75 7 94
75 9 19
75 11 7
75 12 20
75 13 38
75 15 21
75 18 57
75 19 48
75 21 21
75 23 36
75 24 90
75 26 49
75 27 22
75 29 12
75 30 59
75 33 98
75 34 37
75 35 33
75 38 64
75 40 94
75 43 45
75 44 85
75 45 44
75 46 9
75 47 60
75 48 34
75 50 38
75 51 40
75 52 88
75 54 89
75 55 94
75 56 69
75 57 66
75 58 19
75 60 71
75 63 89
75 64 7
75 66 8
75 67 59
75 68 87
75 69 70
75 70 5
75 73 24
75 76 1
75 77 13
75 78 66
75 79 47
75 80 15
75 81 72
75 83 71
75 84 10
75 86 62
76 2 36
76 3 10
76 4 14
76 5 15
76 6 14
76 7 66
76 8 19
76 9 13
76 10 69
76 11 6
76 12 100
76 16 40
76 17 98
76 18 62
76 19 81
76 21 43
76 22 62
76 24 17
76 25 42
76 26 83
76 29 27
76 32 14
76 33 21
76 34 40
76 35 11
76 36 48
76 37 84
76 38 21
76 39 84
76 42 12
76 44 49
76 45 23
76 46 84
76 48 90
76 50 33
76 52 59
76 54 63
76 55 90
76 58 34
76 59 1
76 60 75
76 61 25
76 63 1
76 64 31
76 68 42
76 69 46
76 70 28
76 71 97
76 72 11
76 75 54
76 77 20
76 78 60
76 81 74
76 83 72
76 84 17
76 85 83
76 86 69
76 87 69
77 1 68
77 2 67
77 4 43
77 7 94
77 8 53
77 10 45
77 12 43
77 13 62
77 14 87
77 17 77
77 18 58
77 19 71
77 20 57
77 22 51
77 23 48
77 24 33
77 26 26
77 31 85
77 32 92
77 35 17
77 36 67
77 39 73
77 40 17
77 41 86
77 43 51
77 45 100
77 46 35
77 47 29
77 48 84
77 49 75
77 50 27
77 51 94
77 52 20
77 53 24
77 54 68
77 55 4
77 56 63
77 57 68
77 58 87
77 59 21
77 60 11
77 61 56
77 62 96
77 65 16
77 66 87
77 67 84
77 69 92
77 72 78
77 73 84
77 74 68
77 79 81
77 80 98
77 83 24
77 84 29
77 85 1
77 87 6
78 2 81
78 3 98
78 4 76
78 8 83
78 9 54
78 10 39
78 15 48
78 18 89
78 21 41
78 24 81
78 26 77
78 27 67
78 28 49
78 30 64
78 31 16
78 36 59
78 37 52
78 38 69
78 39 76
78 40 41
78 41 91
78 44 21
78 45 100
78 47 72
78 50 65
78 51 62
78 53 52
78 55 90
78 56 86
78 57 22
78 58 42
78 59 37
78 60 97
78 61 5
78 63 2
78 65 42
78 66 64
78 67 98
78 68 57
78 69 45
78 71 45
78 72 14
78 73 99
78 74 25
78 75 52
78 76 81
78 77 55
78 78 97
78 79 80
78 80 81
78 81 11
78 83 15
78 85 7
78 86 52
78 87 24
79 1 88
79 3 11
79 4 72
79 5 19
79 6 72
79 7 41
79 10 84
79 11 77
79 13 95
79 14 43
79 16 58
79 17 28
79 18 25
79 20 44
79 24 43
79 27 34
79 28 82
79 29 66
79 30 23
79 31 69
79 36 97
79 37 41
79 38 98
79 39 52
79 41 82
79 42 42
79 44 2
79 45 17
79 46 9
79 47 30
79 49 5
79 50 3
79 51 61
79 53 44
79 54 17
79 55 38
79 57 68
79 58 41
79 59 47
79 60 65
79 61 93
79 63 39
79 64 49
79 65 3
79 67 64
79 68 95
79 72 39
79 76 78
79 77 49
79 78 51
79 79 88
79 80 95
79 81 11
79 82 50
79 84 100
79 86 46
80 1 22
80 3 34
80 5 100
80 6 81
80 7 79
80 9 92
80 12 46
80 13 6
80 14 51
80 15 38
80 16 11
80 18 38
80 19 47
80 20 38
80 21 46
80 26 55
80 27 38
80 28 56
80 29 54
80 30 58
80 31 99
80 32 46
80 33 18
80 34 53
80 36 20
80 37 27
80 41 44
80 44 99
80 45 44
80 47 49
80 49 43
80 52 97
80 54 89
80 55 4
80 58 29
80 61 71
80 62 21
80 63 25
80 65 41
80 66 20
80 67 82
80 69 12
80 70 48
80 71 59
80 73 55
80 75 16
80 77 55
80 78 58
80 80 30
80 82 52
80 83 36
80 86 95
81 1 87
81 2 27
81 3 16
81 4 44
81 5 2
81 6 8
81 7 16
81 8 67
81 11 79
81 13 4
81 14 15
81 15 27
81 17 16
81 19 44
81 20 63
81 21 25
81 25 80
81 28 89
81 29 28
81 30 58
81 31 75
81 32 1
81 33 77
81 36 76
81 38 19
81 39 59
81 40 48
81 41 71
81 42 33
81 44 27
81 46 12
81 49 86
81 50 90
81 52 68
81 54 5
81 55 59
81 56 60
81 57 89
81 59 80
81 60 31
81 62 16
81 64 49
81 68 43
81 69 13
81 70 62
81 71 66
81 74 28
81 76 52
81 78 43
81 80 48
81 81 81
81 82 91
81 83 74
81 86 59
81 87 34
82 1 9
82 2 8
82 4 15
82 6 38
82 7 82
82 11 4
82 14 31
82 15 87
82 19 84
82 21 23
82 22 96
82 23 92
82 24 29
82 29 88
82 32 78
82 33 96
82 34 32
82 35 96
82 37 14
82 39 93
82 40 22
82 42 16
82 44 98
82 45 2
82 46 11
82 49 43
82 52 63
82 53 40
82 57 48
82 58 21
82 59 21
82 61 7
82 62 16
82 64 36
82 65 32
82 66 41
82 67 6
82 68 30
82 69 1
82 71 46
82 72 77
82 73 71
82 74 70
82 76 90
82 77 79
82 78 73
82 80 35
82 81 48
82 85 13
82 86 5
82 87 97
83 1 95
83 2 80
83 3 28
83 4 80
83 5 18
83 6 24
83 8 90
83 9 56
83 10 91
83 11 81
83 12 86
83 13 3
83 15 71
83 17 30
83 18 62
83 19 90
83 20 72
83 21 12
83 22 92
83 23 53
83 25 68
83 27 96
83 28 100
83 30 84
83 31 47
83 33 56
83 36 68
83 37 68
83 38 35
83 39 64
83 41 10
83 42 61
83 44 22
83 45 35
83 46 9
83 47 36
83 48 63
83 50 27
83 52 74
83 54 56
83 56 13
83 57 97
83 58 32
83 60 69
83 62 56
83 63 26
83 66 58
83 67 70
83 68 57
83 69 95
83 70 96
83 72 51
83 74 16
83 75 46
83 78 57
83 80 61
83 83 15
83 84 97
83 87 16
84 1 65
84 2 14
84 7 10
84 8 20
84 9 34
84 13 46
84 18 60
84 20 32
84 25 7
84 28 43
84 29 61
84 31 95
84 32 52
84 33 25
84 34 97
84 35 52
84 36 35
84 39 8
84 40 82
84 41 41
84 44 46
84 45 50
84 46 72
84 47 16
84 49 44
84 51 69
84 53 38
84 54 63
84 55 25
84 60 14
84 61 97
84 62 25
84 64 34
84 67 26
84 68 85
84 69 25
84 70 12
84 71 42
84 72 19
84 73 99
84 75 15
84 76 16
84 77 10
84 78 63
84 80 34
84 84 52
84 85 4
84 86 100
84 87 65
85 1 64
85 2 22
85 4 2
85 6 32
85 7 12
85 8 86
85 9 48
85 10 94
85 11 32
85 12 25
85 13 53
85 14 100
85 16 35
85 17 9
85 18 27
85 19 63
85 22 64
85 23 33
85 25 88
85 26 51
85 28 24
85 29 67
85 32 5
85 33 30
85 34 59
85 35 61
85 36 4
85 39 92
85 40 86
85 41 35
85 42 58
85 43 4
85 44 8
85 45 75
85 50 81
85 51 34
85 55 43
85 56 38
85 57 18
85 59 15
85 60 25
85 62 67
85 64 39
85 65 38
85 67 40
85 68 77
85 70 87
85 74 20
85 76 11
85 77 2
85 78 22
85 79 79
85 80 38
85 81 81
85 82 6
85 83 6
85 84 40
85 85 79
85 86 18
86 1 44
86 2 54
86 3 57
86 4 70
86 5 46
86 6 83
86 7 9
86 9 27
86 11 30
86 12 74
86 16 84
86 17 48
86 18 33
86 19 24
86 20 31
86 21 77
86 23 95
86 25 91
86 27 32
86 29 28
86 30 94
86 31 66
86 32 46
86 33 50
86 34 20
86 36 73
86 39 28
86 40 23
86 43 45
86 44 75
86 45 35
86 46 51
86 47 12
86 51 90
86 52 71
86 53 6
86 55 36
86 57 83
86 58 67
86 61 71
86 62 91
86 67 79
86 68 35
86 69 90
86 72 26
86 73 57
86 75 25
86 76 4
86 78 23
86 79 57
86 80 35
86 81 2
86 82 51
86 84 16
86 86 100
86 87 4
87 3 30
87 4 17
87 5 5
87 6 67
87 7 65
87 9 35
87 10 6
87 13 61
87 16 15
87 17 28
87 20 93
87 21 1
87 24 67
87 27 22
87 28 2
87 29 49
87 30 24
87 31 60
87 32 99
87 33 50
87 36 85
87 37 3
87 38 62
87 39 99
87 41 75
87 45 6
87 46 97
87 47 58
87 48 8
87 49 2
87 52 66
87 56 96
87 57 66
87 59 26
87 64 59
87 65 14
87 66 68
87 67 46
87 69 43
87 70 15
87 73 37
87 77 41
87 78 66
87 79 80
87 80 45
87 84 65
87 86 69
1