964
247605
719202
194015
247600
360317
986349
714446
906940
754874
131227
157180
255182
880373
445615
796006
367209
881187
353580
864400
167333
185527
226531
641038
369038
787513
373287
345330
888871
443691
193155
92858
646558
784452
464545
277445
160479
851039
583637
81547
801115
658224
329637
58867
711707
116308
266057
968147
658680
632101
517856
343272
765470
497538
684883
871501
565030
835435
805781
455551
22152
433687
517200
762643
491987
545428
72488
196959
878384
582972
461414
434415
216296
249009
851275
42972
672762
777489
390646
34636
173588
929537
747055
660583
153654
503703
205401
387902
40335
197375
136710
965897
122465
230665
360357
586669
645072
146187
580815
373378
147925
465607
587547
195006
558031
896598
945997
520150
795788
296263
95686
437585
126889
848181
472124
606358
433258
963574
615783
90777
968387
925304
768216
160607
354845
723615
888641
19887
289005
37067
445992
861139
376199
262475
700390
538595
818493
724917
115473
60754
267534
585668
297144
136945
133961
32031
872840
377225
147973
560288
678915
713554
229353
947371
793394
308330
25817
102943
75874
928480
56380
725328
518849
274558
823899
423293
441220
429715
525405
634051
482005
534957
359133
485148
145856
347789
508844
917893
421867
443898
895337
946820
68426
529623
859194
760818
361350
843046
782734
538870
244740
943946
265008
830229
173210
517418
380660
705924
136768
576608
575247
833657
80306
787857
60414
970530
587810
459315
608538
874329
591867
979306
708689
115152
107353
248571
244894
533155
217001
936593
241513
221237
435883
150411
678232
363311
633938
368075
125283
357343
580570
261456
266792
182324
871052
507122
596734
694867
814286
712481
420640
885005
723049
154001
39656
777039
169594
276425
941291
95963
193529
903499
777326
287037
945073
549977
350517
758121
733160
482497
734280
45762
612493
146424
452224
148794
324255
903820
543032
305370
818339
599745
275173
795129
378328
200681
218026
125069
848047
610988
523106
693694
283832
310290
598206
645590
606954
544750
932387
310024
391065
82377
669209
11033
869196
840868
949997
555646
427092
546872
397126
101148
849255
443903
846193
704485
5454
560380
539372
368580
920374
663974
780580
897681
7537
556513
48510
51482
171497
604764
676587
357349
410170
726683
427509
850700
594708
32804
636014
232980
908998
430488
209312
216853
616468
856880
919628
524419
460591
69361
930768
249009
732207
152022
307556
675869
750031
297582
536765
777503
670963
491908
698514
481061
991384
178541
973305
977247
637563
785762
422912
287239
982463
485803
586037
357059
142585
917320
497379
926449
355965
639289
642132
422904
86221
135423
961497
623306
92798
779852
576372
116330
759554
978512
590551
667650
934072
854081
495535
631097
688797
278099
584340
352803
944790
272489
344091
759109
14814
243798
7964
997787
605035
895758
577635
437604
227268
683975
906874
470922
554756
167147
226139
10251
390650
568363
419268
371784
198749
106246
266443
414361
962124
635177
878178
314523
72824
643553
596303
842283
771215
998482
458745
660894
740352
74106
174473
452014
305000
370667
278258
211588
756070
518063
308111
701390
740718
339262
338658
997390
412771
500783
77861
171459
882864
930199
687600
50031
457910
708155
218910
438124
404643
699963
708974
930044
406141
652986
403765
108018
724428
261967
663628
262244
846296
232585
879407
646013
984514
789763
23851
733166
750539
942120
720675
503711
476518
171786
1960
70686
450161
574283
985652
662426
453531
595330
283426
755498
880695
323936
587635
47887
647419
342197
255509
351787
12004
163592
534681
910041
211754
302887
409829
275348
931622
698859
827086
451938
539997
928319
807196
122204
926455
417895
944932
585769
741094
833413
858375
246980
878240
872201
247767
222589
951446
845846
365236
947202
802111
612218
520720
288391
952447
274652
924012
433144
580113
166840
699643
826056
532657
979329
58855
405431
389906
682872
542817
39706
172408
780017
295651
109215
950371
403780
368742
785697
930751
562930
562886
660707
820770
50928
736385
150047
163120
864803
83881
70173
983085
513980
400052
391086
676637
834476
593304
652265
230782
756974
172449
158993
983569
977091
814457
117257
393323
760352
106660
831264
139272
294676
73999
37186
208830
63937
297483
419678
623782
792476
115009
432877
93944
526231
955034
273492
373781
606997
391441
873312
467957
513307
145655
500530
234660
225482
963582
496970
783039
983339
622998
83414
77332
397149
400697
374209
547316
117021
309009
356590
871808
136518
560049
93015
789342
298311
435480
232809
91819
791783
721821
675094
412492
336375
259509
777943
983558
227319
255333
267149
894323
607726
897521
157278
445606
148823
776596
685339
471983
723350
366562
218142
180856
313407
158809
906801
333427
482553
144787
161052
449800
680490
937417
680725
795877
5566
366448
588566
424535
44134
106969
662903
963844
308123
445401
844912
337659
769000
439121
814779
794072
609567
585299
727791
769032
782402
604890
646245
321993
860408
363915
171014
415019
140390
62996
550956
445430
936775
176206
979489
516690
221172
701197
877745
509864
87179
448306
643635
160524
839055
405343
837727
878266
906466
317426
75075
492691
102222
727442
449359
969199
489675
280985
504828
506563
999353
489308
782905
864109
355346
483895
942450
315028
102324
817521
349080
646565
452527
818451
34156
930604
880003
362764
58369
121209
787431
891166
495311
404066
525696
937580
391803
246665
987965
76725
463477
762358
112625
797069
715323
914958
744980
571273
619816
522851
787810
50825
452419
576454
64629
671295
152749
438285
238883
584542
100183
363575
158572
374704
438287
75878
65730
703926
502213
899559
468779
745930
842085
821377
143817
702019
221940
48259
691397
881363
371247
784002
364318
970824
610269
156224
826628
59430
238966
534689
15024
827803
366273
202263
421548
133682
834739
553911
50218
14980
593100
104732
702506
921443
49943
875189
438765
819036
256130
713730
740047
334193
892139
286109
390417
728254
527279
626276
349540
499693
346261
99023
996308
470439
729378
269973
773721
578755
547847
976603
874295
807996
924508
121033
35864
637616
286485
113900
214911
327589
490317
332528
50750
840886
92853
637918
299029
364927
829102
127537
271702
339901
721149
555118
134645
714614
72289
637221
701413
398051
391525
839019
687925
591801
303254
19755
9456
135588
769943
103057
929899
617290
5718
302548
767941
34622
306640
608936
430926
311917
920511
839111
300507
555580
160274
747376
751777
746847
801362
463451
239443
903812
594678
315267
98002
824206
654795
609105
787885
209823
879897
874252
835765
577415
886773
2636
791385
837189
827450
239579
605160
870741
213379
953148
1588
39912
878468
208864
832380
297714
180489
201714
361293
305554
935920
704325
810327
219863
646730
849049
107724
317290