43 230
1 6 996 0
2 25 836 1 1
3 27 280 1 1
4 14 757 1 2
5 9 604 1 3
6 8 13 1 1
7 26 911 0
8 7 525 0
9 13 511 0
10 7 951 1 3
11 22 900 1 2
12 23 426 1 10
13 5 491 1 7
14 36 340 1 1
15 26 453 1 3
16 30 889 1 7
17 35 243 0
18 32 49 1 13
19 36 606 1 17
20 13 923 1 16
21 36 870 0
22 40 901 0
23 3 425 1 15
24 35 61 1 1
25 2 139 1 22
26 39 362 1 22
27 27 677 1 14
28 7 581 1 27
29 24 566 1 13
30 9 44 0
31 22 526 1 22
32 29 248 1 22
33 22 215 1 20
34 2 124 1 8
35 28 393 1 21
36 32 839 1 4
37 32 439 1 35
38 24 194 1 22
39 40 357 1 13
40 19 921 1 35
41 12 717 1 29
42 16 420 0
43 29 875 1 10