70 540
1 70 310 0
2 32 714 0
3 23 663 1 2
4 26 675 0
5 61 718 1 1
6 32 162 1 5
7 73 710 1 5
8 20 119 1 1
9 57 426 1 6
10 71 483 1 9
11 26 990 1 2
12 57 154 1 6
13 8 805 1 7
14 27 302 1 7
15 40 69 1 4
16 37 982 1 8
17 19 478 1 13
18 51 853 1 6
19 46 311 1 8
20 62 884 1 6
21 76 578 1 15
22 28 24 0
23 66 216 1 8
24 69 306 0
25 42 958 1 9
26 29 51 0
27 45 886 0
28 66 64 0
29 34 626 1 26
30 67 109 0
31 66 346 1 3
32 45 436 0
33 79 389 1 14
34 68 931 0
35 19 131 1 5
36 44 147 1 13
37 4 945 0
38 39 968 1 8
39 30 641 1 36
40 29 824 1 25
41 61 971 1 16
42 5 837 1 17
43 56 473 1 36
44 16 79 1 38
45 77 266 0
46 63 544 1 43
47 38 156 1 37
48 36 391 0
49 4 804 1 31
50 48 674 1 15
51 57 14 1 16
52 59 50 1 48
53 44 235 0
54 5 44 0
55 23 832 1 46
56 70 967 1 47
57 44 98 1 29
58 25 882 1 15
59 73 542 0
60 7 113 1 42
61 72 237 0
62 61 871 1 56
63 63 997 1 41
64 39 137 1 49
65 7 763 1 23
66 54 936 1 48
67 52 652 1 18
68 27 631 1 57
69 43 32 1 20
70 63 558 0