713 16 675
515 564 510 689 666 271 301 593 244 475 285 28 535 625 210 483
232 659
173 367
56 616
558 712
298 712
403 541
434 605
146 555
246 553
143 355
319 367
511 618
583 684
409 445
138 399
534 704
234 356
427 493
366 544
180 712
352 402
174 298
47 379
90 367
402 578
93 333
442 682
336 674
94 442
475 640
381 462
40 114
23 311
58 424
104 663
40 356
389 584
0 393
369 553
420 512
399 522
184 691
170 285
344 598
202 380
510 517
277 280
149 522
596 681
56 450
184 215
371 583
33 453
363 527
473 652
338 422
425 659
108 394
64 117
270 549
26 226
340 700
438 439
171 453
254 402
481 512
155 363
69 431
411 612
495 527
118 211
521 709
163 371
523 670
204 250
350 646
140 496
332 345
90 195
9 263
144 214
78 124
210 453
185 376
23 187
66 519
51 699
357 406
5 520
176 588
33 207
251 561
271 496
335 625
240 635
342 500
357 363
83 297
177 289
41 671
334 470
125 415
97 666
506 560
228 406
324 342
538 592
477 627
601 712
53 707
241 436
114 676
511 635
38 142
327 412
180 377
102 172
177 580
213 272
34 367
381 432
125 306
499 608
487 563
521 528
32 224
540 659
277 350
79 453
195 708
226 400
332 620
94 615
331 594
130 563
12 513
178 453
42 415
553 585
226 227
558 687
110 304
116 320
217 708
131 182
340 409
155 164
198 553
351 625
341 642
463 569
372 425
126 607
324 366
319 491
380 502
323 710
377 566
260 705
356 622
621 648
618 671
199 267
385 712
222 522
327 473
15 141
185 709
413 501
250 627
293 648
65 142
150 661
116 303
590 650
198 398
194 420
279 287
276 284
61 551
579 591
232 306
520 678
128 209
51 337
79 458
477 638
244 577
6 68
380 599
271 542
131 679
227 603
248 525
216 276
192 454
293 695
105 403
93 582
479 617
207 559
49 441
29 473
237 571
122 255
125 620
349 488
442 521
306 647
197 573
223 551
289 390
210 466
434 697
467 687
422 451
280 377
394 411
581 703
183 579
341 693
181 188
218 622
105 507
14 609
644 679
483 671
266 342
207 550
245 380
389 625
21 705
130 199
231 495
190 313
351 573
99 666
195 279
152 260
219 331
106 622
27 578
206 468
101 453
118 382
283 339
192 241
140 702
459 696
43 302
614 617
491 556
74 695
111 129
482 648
53 668
367 501
248 475
232 485
32 166
216 651
340 509
50 576
601 636
290 550
186 278
137 355
65 500
630 664
438 544
140 628
76 428
0 9
217 672
404 421
349 703
172 438
628 656
24 638
179 391
461 646
273 452
465 641
52 632
603 609
361 632
137 156
428 517
134 394
127 606
124 155
357 562
486 509
237 473
255 384
114 704
571 590
498 657
228 446
317 375
186 277
462 527
10 276
373 374
533 595
191 309
154 396
70 695
426 550
13 260
70 629
99 172
19 358
259 512
216 585
35 390
73 186
168 289
287 350
361 696
463 582
250 521
150 600
34 130
250 455
221 656
284 424
392 564
36 598
250 536
183 251
133 626
439 527
174 373
520 558
42 378
503 673
410 486
193 601
180 513
455 693
356 546
69 527
114 572
30 710
89 675
116 146
391 645
13 233
3 295
120 281
280 661
358 621
297 306
132 450
140 358
183 230
94 388
10 571
66 399
75 191
578 584
28 42
57 518
247 406
43 78
152 158
105 120
413 687
199 560
482 703
349 614
327 545
290 429
284 370
271 709
589 650
49 437
56 159
389 514
6 556
257 487
425 527
461 515
417 556
10 263
158 289
206 672
135 285
129 423
14 365
416 420
265 283
162 614
375 478
276 703
187 239
88 263
106 227
29 68
34 584
463 660
194 380
304 441
183 504
191 666
598 664
137 562
13 589
97 486
117 604
421 647
184 468
287 415
271 406
156 186
90 202
420 676
483 594
479 552
21 575
79 285
408 535
7 650
288 611
357 458
353 469
41 440
205 584
471 701
18 129
127 697
102 362
190 527
61 599
163 513
370 652
86 593
46 494
480 582
121 513
126 577
1 250
336 663
306 639
270 470
33 465
389 694
309 433
94 112
153 309
373 457
20 286
106 442
487 601
144 321
97 616
250 286
114 204
144 402
60 598
262 419
9 608
150 183
37 559
17 509
63 194
28 163
255 675
404 561
439 668
138 165
130 326
300 386
179 590
249 365
241 293
468 574
138 386
360 530
27 426
177 277
131 247
181 252
245 393
357 627
111 582
201 514
482 520
196 202
295 593
432 527
152 311
25 573
104 170
509 666
222 582
95 422
37 442
441 624
119 221
120 624
295 325
77 465
259 652
143 460
50 166
22 119
489 509
295 434
68 204
164 440
339 566
6 505
45 629
175 501
70 93
211 239
14 228
156 683
243 463
288 557
247 366
89 141
68 561
15 640
235 254
523 675
500 673
43 414
397 523
209 326
427 650
7 332
499 568
4 589
90 330
373 672
148 501
112 280
254 357
549 560
302 666
1 412
446 576
109 451
2 187
46 213
109 238
268 617
37 245
126 141
246 477
351 381
141 686
496 708
525 652
244 656
33 620
27 621
113 490
312 534
356 364
650 658
191 703
132 428
318 440
368 561
326 353
399 488
487 694
39 199
212 360
384 503
647 674
154 700
74 555
50 679
619 663
302 444
22 242
13 335
35 315
701 703
225 230
436 695
136 656
385 490
40 659
9 87
172 536
143 443
336 675
68 290
84 647
438 651
20 49
24 92
142 365
296 487
240 578
246 352
308 593
74 686
21 354
249 521
230 633
283 406
71 142
131 550
221 538
167 214
475 516
268 397
301 632
31 74
330 382
37 151
126 638
446 637
2 348
280 454
421 531
379 543
18 163
471 630
546 660
16 704
189 355
96 641
305 318
85 615
515 656
235 433
104 106
343 676
400 711
448 620
179 621
49 442
52 676
204 579
66 638
559 606
52 547
167 570
180 669
313 559
47 395
73 500
189 274
197 434
151 566
478 537
380 420
242 545
118 492
452 574
28 354
337 514
342 553
523 703
89 497
458 500
230 640
79 85
87 299
35 252
62 323
4 251
344 696
90 695
492 538
184 265
66 408
