30 4 341
13 4 20 8
7 9
10 16
18 25
12 19
24 29
4 14
12 13
8 29
5 25
5 16
6 18
9 20
21 29
11 14
18 27
5 20
0 24
3 16
4 13
2 3
2 22
18 22
13 18
4 17
9 11
3 11
15 27
11 28
3 12
14 17
16 20
12 22
5 23
1 17
18 24
3 29
1 20
19 21
0 26
4 20
6 28
3 21
14 21
10 13
25 26
22 29
27 29
13 16
5 19
11 19
11 21
7 15
18 19
0 9
12 29
14 29
2 7
18 21
10 29
6 23
8 11
7 14
6 25
8 18
13 26
2 8
20 21
7 28
15 19
16 21
7 10
14 18
5 12
5 9
12 24
7 27
5 10
24 27
24 28
16 23
26 28
8 20
4 6
8 21
27 28
16 27
10 18
17 18
23 27
17 22
1 4
12 25
1 11
6 13
3 26
0 6
10 21
19 27
1 16
13 28
12 15
12 26
0 17
14 23
0 7
2 6
19 26
10 20
9 10
2 19
4 7
2 4
15 21
5 13
0 2
4 22
19 22
0 25
0 14
5 11
3 7
4 12
8 16
4 11
1 3
17 29
17 27
1 15
8 25
6 16
1 13
15 29
18 20
12 16
6 9
0 22
8 15
4 15
16 19
2 15
4 19
6 10
16 22
8 13
8 23
2 18
5 8
10 24
22 24
6 27
7 23
2 27
8 28
16 17
4 10
2 24
11 22
17 24
4 26
22 27
13 19
11 15
9 22
5 22
14 26
3 25
28 29
8 24
9 16
3 17
7 21
9 12
21 25
10 17
20 28
12 21
9 15
7 18
0 16
2 29
23 24
9 21
21 26
15 18
2 13
21 27
15 16
4 8
0 19
19 29
10 12
21 28
17 19
22 23
11 13
9 14
6 8
19 20
2 9
22 25
4 5
6 21
12 18
17 25
2 17
7 25
14 28
0 11
6 24
22 26
13 25
5 24
0 12
3 28
16 18
13 20
5 17
0 15
1 27
1 12
15 17
0 27
3 19
11 23
3 27
13 14
9 29
10 27
4 18
11 16
12 27
1 23
0 10
0 28
0 18
10 28
0 3
19 28
2 12
4 16
16 28
2 14
1 10
13 22
7 17
10 15
11 24
9 17
15 22
0 29
3 20
1 24
21 23
1 6
24 25
9 13
3 4
6 19
3 14
12 28
7 8
12 23
21 22
17 28
13 24
1 29
5 7
3 13
13 29
21 24
4 9
11 26
6 22
5 15
10 23
4 23
1 28
8 19
7 13
24 26
11 29
20 24
3 10
0 4
2 25
3 24
18 29
13 15
3 23
15 23
15 28
1 21
25 27
7 16
3 8
10 11
2 11
0 13
8 14
17 21
6 12
26 29
9 26
11 12
7 24
4 24
9 25
19 25
23 29
14 22
18 23
7 26
0 21
6 26
5 28
1 19
7 20
1 22
6 20
20 23
15 20
5 6
6 29
4 21
7 19
4 27
20 22
15 25
9 28
12 17
14 27
8 27
10 14
15 24
11 17
14 19
18 26
20 26
11 27
1 25
10 26
