36 17 185
13 6 19 0 4 5 16 33 31 29 15 11 22 26 35 1 18
23 26
22 27
10 18
22 28
20 23
19 30
16 24
3 20
1 7
0 5
6 16
20 27
25 32
9 32
30 32
21 24
25 28
2 31
14 35
6 30
14 17
8 32
5 16
0 4
26 30
17 19
22 23
6 19
32 35
3 15
14 15
15 18
30 34
4 8
25 34
18 20
7 27
13 31
13 24
7 22
12 20
19 31
4 30
23 30
9 30
14 25
3 35
3 33
16 33
11 13
5 29
2 26
16 17
6 23
4 14
16 25
0 27
5 13
6 26
8 26
9 14
7 15
18 23
0 11
5 14
19 28
4 11
4 9
10 28
9 31
1 21
27 34
25 33
4 21
5 33
22 33
17 26
19 25
4 26
12 28
3 27
10 21
4 15
11 33
5 27
13 28
21 27
8 22
10 14
21 31
14 26
31 32
0 6
8 29
33 35
7 24
19 24
9 15
21 29
2 8
10 35
7 23
2 18
10 12
26 34
13 35
21 33
15 26
10 26
7 30
6 31
3 18
15 24
15 33
6 10
12 32
3 11
32 34
13 30
0 15
5 6
16 26
19 33
13 34
6 8
1 6
15 19
11 27
13 20
8 35
23 35
25 29
16 35
8 19
16 22
5 26
2 6
30 35
17 35
0 26
10 11
1 26
21 34
33 34
17 27
5 25
1 16
12 21
11 31
0 17
13 15
6 9
22 29
14 16
22 31
11 15
11 26
25 26
17 33
7 11
20 28
1 5
2 34
2 22
3 24
8 14
10 33
20 35
7 20
1 8
27 32
11 21
20 24
2 11
9 12
9 25
17 30
19 34
15 35
9 22
13 25
10 30
18 35
13 18
3 25
