167 7 231
121 4 64 54 139 26 65
86 149
34 125
26 42
80 107
121 159
8 91
15 46
46 62
9 146
129 131
21 130
130 166
63 104
44 72
71 98
30 116
6 113
8 76
67 165
18 85
50 61
18 34
46 80
10 53
3 22
52 67
49 112
122 157
14 78
40 125
5 17
2 49
12 75
34 147
14 17
28 144
98 114
21 31
101 161
2 156
120 128
136 161
129 164
29 70
96 106
44 107
63 87
57 59
38 108
23 40
57 79
125 131
67 90
39 120
99 146
10 96
17 45
115 139
50 59
86 104
135 145
3 63
6 84
57 68
86 155
108 110
94 106
94 158
85 152
70 105
10 47
2 117
88 128
80 154
20 115
23 77
30 31
13 140
73 146
40 131
101 152
49 79
154 156
35 113
47 161
0 61
36 64
93 106
0 33
57 113
92 146
52 91
39 53
21 118
43 165
27 58
55 102
142 154
44 126
25 92
10 70
53 123
18 31
100 159
29 65
15 138
62 90
46 165
86 110
123 141
8 97
106 134
50 90
133 152
60 113
7 79
94 110
33 114
59 108
14 90
48 109
4 51
21 152
53 144
71 142
38 113
56 119
32 121
135 157
69 153
120 149
32 128
45 46
14 165
115 137
7 44
56 165
53 112
24 34
142 145
33 96
81 93
49 60
47 151
41 129
33 34
63 93
54 125
108 160
64 150
0 127
72 160
38 101
52 86
38 83
10 69
44 105
77 78
32 132
48 50
33 130
1 38
19 130
100 140
3 25
65 160
62 129
5 28
31 102
58 140
95 140
3 84
103 106
43 164
80 142
109 160
48 55
104 124
46 81
88 127
29 49
103 114
14 40
135 143
83 137
22 35
91 119
62 97
65 135
31 44
67 101
109 115
38 135
45 113
79 90
7 67
60 76
93 116
18 53
126 127
19 152
29 74
17 24
55 108
70 82
8 108
7 28
25 130
39 118
0 106
50 118
116 117
54 124
62 149
16 58
57 105
41 122
123 148
91 145
10 153
19 136
97 121
1 71
23 157
127 146
81 149
87 133
45 73
90 101
97 160
36 133
