100
7530
3400 1995 9702 3888 8913 6875 7328 5023 2062 791 6432 4447 208 6193 8226 6612 1719 8974 8068 7758 9188 6977 2374 1441 9714 5227 9365 1276 863 6891 2404 5377 3734 5648 9386 7432 8077 7733 715 7904 7989 7669 2928 4346 6940 3621 1918 3663 352 1765 3791 2959 9056 1725 9110 9819 8759 5026 268 3509 5504 8619 532 7953 1924 7685 80 5177 5432 3443 4028 2796 8318 5644 2491 2634 8956 3143 5928 1432 8680 2076 9806 4572 7611 1025 3392 3020 3768 8733 3260 1823 3638 3012 1384 2072 6767 2833 4362 9634
6754 6420 9597 8624 9061 4183 736 7391 4213 6121 3456 1262 3762 5574 3453 6396 1992 6872 5396 2155 4888 9341 7135 1361 7041 7712 3174 3890 5455 9941 8267 9315 5238 5828 4124 6447 5792 7492 3444 5195 8190 9592 2719 710 5953 5812 9270 9743 9564 2994 9845 7986 2148 5547 6435 6238 6719 1618 3564 8581 2045 4817 7263 2775 375 3254 4751 8150 6757 7167 3134 827 7788 8294 940 7417 5810 3291 6176 8187 6455 9947 7192 8285 1710 1829 6095 8066 1562 2949 8083 5872 5973 7555 321 5360 4847 3782 4190 2824
3678 8701 4859 2213 5641 1465 4799 9392 9562 9967 6813 7911 6542 4780 9121 8728 7526 9011 2165 9132 5632 2967 7805 1593 9999 2097 5780 2568 7460 420 5839 4839 9296 3047 7993 8192 7448 4551 4361 634 1630 7063 3357 9352 8343 6762 551 1217 8812 5881 423 1350 9860 2112 7253 2150 5704 3149 2095 8757 4995 610 1642 362 1516 3906 257 2103 8588 5329 1320 9710 5335 7718 6778 2618 1175 8897 9391 4394 3081 9701 9445 9846 5699 9425 2196 627 1319 4789 332 3656 3939 7629 9033 1051 3815 9805 3171 9637
5200 7769 5007 4954 8375 6684 6454 698 3224 4175 6069 1204 4914 5707 7917 5370 9621 1655 3537 7486 9038 7347 1665 9418 402 3442 2942 6515 9321 5477 9259 2095 5857 4755 2913 2432 6127 5523 1965 4584 9181 9020 1624 8532 1136 39 3500 598 1466 8119 396 8938 4726 4803 1354 8500 9368 3277 7764 6341 2355 8070 2461 3681 4888 1210 1678 9764 8063 280 1593 1581 2932 9340 9848 1332 6830 1580 6542 5110 924 4568 8796 1617 7435 5439 2341 4133 880 9728 467 5539 5261 696 9807 6624 9140 7436 8088 6463
4466 8468 4973 4400 1111 5386 9434 6577 5093 2567 4395 204 3632 5618 6861 2329 4211 8682 3212 9780 6161 232 7485 469 2914 2564 5343 5753 86 4790 1404 3141 8458 1859 2423 330 4761 1324 3027 5875 7154 6576 5239 8101 8570 738 4660 6750 4704 9897 2049 9416 5749 3647 5179 2762 7117 5136 8851 9890 2655 9247 2386 14 1352 8076 9644 4022 50 7284 9502 4197 574 6817 4913 2097 6745 6650 4495 5909 1380 5123 7773 688 1445 9966 996 5176 8056 3709 5995 3667 2194 502 889 4392 1956 8919 2 6973
3663 8020 6204 9987 5011 8357 1994 725 5958 6639 3403 7295 6705 5234 6182 6709 8856 5148 9029 3627 8774 8144 9826 2113 4392 6038 9946 4288 5420 9543 3910 3379 3162 9916 9515 7836 8638 7706 8340 1821 1325 9484 1011 2106 5175 9418 8928 1569 9604 4470 5434 422 190 3614 884 7761 2040 3246 2773 7615 1662 8270 7726 9601 756 4445 7224 3046 1018 8868 2538 9102 9269 6469 5770 3710 3664 5474 5367 3922 5127 6974 493 1502 1647 2288 7635 1321 2896 8852 6903 2957 9358 4457 9782 2414 1273 645 7099 6885
3078 7986 462 7407 5805 5671 4775 8465 1767 1896 7155 6526 3164 4657 342 1794 1269 2417 6668 3734 3713 8159 198 6441 3195 773 7819 3526 4901 5031 535 3954 6844 1852 9667 2941 9870 4394 4008 2262 2854 8762 1854 7726 2547 7416 9832 2267 9898 1190 5069 2353 4837 4529 3391 771 5392 2575 1525 8607 5315 8673 3321 3495 5981 5238 6161 3627 2208 5163 3254 3333 5962 5719 2887 5803 5270 8373 9978 3678 2862 9354 3917 2316 3180 2063 5938 3775 9145 9091 6676 3802 7416 2012 8693 3957 4025 4506 9449 2850
9242 5691 588 4915 5933 7244 1275 7848 6015 3901 1117 1410 5078 4902 8849 4586 441 8341 7174 1200 6226 6386 3300 7984 7531 6678 4958 192 1987 5808 7852 7719 5 8282 622 9135 7577 3065 3058 1102 4760 4780 9662 976 4621 7677 57 3413 3745 4998 2746 7011 9121 5069 4393 4356 1745 8326 3067 4906 3473 8853 1376 823 9978 87 5224 9294 1646 6978 2433 5828 9934 5750 314 2732 2667 4975 5950 4026 635 3094 4926 8420 2888 216 862 2480 7647 1791 1525 5572 484 2131 9860 8930 3890 3910 1876 4776
504 7348 7977 4907 8215 1098 426 1410 6226 6125 43 1707 7705 4048 6973 5134 7054 5019 5441 1126 6925 7762 1366 2635 1852 2060 5626 7137 5149 4821 3055 5595 5433 8427 754 7049 5113 9340 714 3252 2199 9980 6417 3634 1976 7126 7487 4858 5022 1326 2330 3400 5236 532 4915 9648 4523 6499 7911 2207 7242 5060 9182 3485 1048 5326 6825 4776 1440 7688 3142 7573 580 5632 8120 5705 24 6080 8799 4789 1079 4642 5749 8282 7294 3133 54 8012 4283 4038 9465 2171 5710 8602 8069 6545 2386 9769 8619 6992
4001 9097 969 2840 6051 6845 9428 2893 4960 2556 673 3892 5316 6271 5510 804 9794 7701 2409 351 1207 9170 8750 9053 9480 661 287 3158 6974 1408 6903 3217 4200 3413 4019 623 8729 5919 9538 5445 4308 3871 4117 5649 2005 3201 9065 7940 2754 8708 5600 3843 5489 7544 5568 6031 9532 671 7635 116 1432 5691 5082 2636 5709 5678 7304 7383 2806 7602 1962 9893 925 527 539 5743 4637 7878 8161 8037 5823 6247 217 7415 8975 268 5848 8520 3551 3994 4279 3147 5178 8196 8756 4454 613 7344 2524 1575
8750 4868 6974 1057 2287 5857 3219 262 8794 1679 3886 4271 8854 5416 8226 812 2782 5903 5053 9845 3361 3420 5750 1191 8900 544 4732 1784 5435 3906 9441 9749 5461 4882 9800 1204 3315 8075 8267 3064 8035 5704 6635 8830 6703 1961 6201 1291 1461 8542 9749 1206 8500 2485 3040 5021 9123 5 6613 2282 5431 5941 172 4185 9288 7396 6846 2406 6459 1030 6796 9273 2664 8198 655 5192 9431 2569 2065 5760 6138 4573 2563 6565 1115 9424 7698 9748 2996 2934 4040 7933 9832 377 6768 4759 4273 6162 1697 8174
8374 8660 1631 9361 7736 4261 2928 3819 3318 5052 9092 4309 3369 713 50 1345 5177 5263 7108 7422 7496 8893 68 1 7887 4347 7445 5043 2882 4634 2811 8566 8868 4237 2944 372 316 1099 8076 1102 6805 3902 4798 2687 1388 6047 2686 7852 3729 5484 8805 9733 7219 13 4585 7332 2521 1156 8391 2951 232 4303 1355 1094 7884 1630 9291 7404 6604 7228 7979 9407 4733 608 9045 9508 5515 6015 1878 592 3769 9473 1459 4458 8345 7313 4007 4571 363 2776 7788 7291 9687 6790 5644 6267 4836 7170 3864 9508
6633 9761 5958 6684 912 9637 3222 8691 8475 4143 8489 6406 8465 7966 1070 4030 94 4524 1674 219 1456 2924 4263 9873 2680 8015 1440 5417 2790 597 9609 9918 4082 711 5972 9838 7790 4271 4894 3430 4796 8816 3390 5096 8819 3519 2190 4224 1720 9920 3928 5601 3984 3003 5386 7370 2795 3057 3610 8355 1710 6422 2529 8837 9054 1595 1079 6463 3451 9052 4584 6997 3482 429 1901 9537 6545 6250 4874 7420 3958 3095 5995 6845 8911 2239 6360 1908 7862 7866 7263 6788 4115 4375 3805 6478 4324 8311 3397 3602
7381 3429 3088 7263 8548 323 4238 4672 7183 8497 2760 9223 8070 9502 1832 7604 1239 1100 5481 1435 4722 4333 2562 3593 4535 3588 6646 8217 1371 7554 1717 3727 8696 4885 2158 3307 3115 1363 9820 2406 6671 6323 5723 7183 1435 823 554 2850 400 4073 1473 8850 316 9361 4620 3388 3327 7380 4906 4291 8575 2660 6448 9896 5857 3722 1526 6564 2820 1571 5251 9714 5770 9006 4140 3764 995 8687 4952 1658 4601 6604 4671 254 2844 3641 4137 3538 8132 9542 5720 9475 2521 7182 8311 5752 1758 5008 8647 6206
948 7599 9765 4574 624 5108 2511 4254 8567 4489 1166 5905 3039 8968 3961 3648 2476 9480 9014 9051 6378 6871 3512 6392 1780 6241 2678 7051 2261 9683 8596 5792 3773 3289 2109 3583 9419 2246 8076 4530 7781 3248 7459 4109 2404 388 792 1926 6660 142 1449 9862 9061 5761 1649 949 8365 6847 5132 7803 3752 1341 5102 1772 6199 5637 5788 5340 9015 3921 6099 4353 9311 3287 1634 2809 8419 8387 3288 5559 1965 2384 5387 9926 6483 579 5566 4790 5099 4444 9613 1567 4436 8693 2572 2245 7573 4901 4087 3219
4319 320 1942 9501 3091 4541 647 2318 5168 1033 4492 6612 4310 8196 8217 2780 6879 8000 3035 9263 8291 4327 4742 5695 786 9568 1911 4300 4782 4695 1063 706 9992 4827 7172 7157 8431 4103 2274 797 1665 4447 2681 5314 2705 426 7455 3008 844 207 7954 7546 6053 746 2661 7530 3699 4314 7713 3779 2757 5695 2788 8140 5786 6805 1575 2505 3656 2489 2695 2246 534 3244 3356 4281 2265 8242 1954 9265 5700 6914 4666 7694 865 5607 1927 4451 9951 6109 1325 9467 1183 802 260 318 156 6739 741 4960
931 5684 7887 2063 5912 5783 8935 5268 3895 8115 1583 3512 9070 8242 515 3632 8375 4989 7097 5366 8309 6455 6091 1724 1582 8412 9401 981 4228 8143 5848 390 8906 3846 9114 2089 2042 3170 1269 2260 4508 6205 6560 7057 9018 328 2276 145 3806 5121 1689 3206 6457 7694 353 3653 8725 3675 9418 2225 5403 7946 3373 5758 3633 9068 8159 7930 7848 3532 8756 2182 6028 9899 993 96 4858 2643 5487 2003 5153 8792 4515 8549 7403 4860 5798 8252 312 6673 1302 4041 9933 9341 8914 5693 3700 6230 5091 9651
6626 4282 6957 7997 2745 4983 36 3680 4570 2353 251 3752 2988 4525 6856 1327 3027 6500 5023 9131 2323 3422 2009 5335 980 2109 3745 7117 232 6079 1756 8282 7735 8555 2253 9394 8302 5948 7451 7598 1210 3433 3434 4201 1196 5042 5908 2656 1307 6579 1975 7921 7064 1972 1004 2007 862 376 9376 9912 9561 154 6822 1055 5176 3572 7985 9160 6989 3610 1260 30 6345 8329 5651 5096 3288 9296 1925 5807 2804 3020 8268 3806 464 1973 6137 4213 5492 772 886 9735 6742 1072 8 8106 635 4685 7215 8737
6254 4309 189 6357 3236 8076 1880 536 770 9828 3277 7525 408 1443 2399 2211 2728 740 7238 39 2799 6656 2954 2659 4224 1380 440 1142 8288 9079 2784 5507 3956 8192 5362 8260 6393 9200 2304 3742 4665 1507 6756 7953 1141 1390 6626 3413 2981 8286 7165 5548 8940 1777 3193 4332 1952 3631 5694 6339 889 1855 7346 5615 9386 6880 1805 6445 2858 1723 7806 5768 9494 8061 2590 2278 3570 8102 9654 5030 379 4476 4757 1026 1352 5619 9333 2002 2146 9171 1061 9785 1536 880 5008 8773 5683 8346 7300 2585
2118 2911 5852 7844 2866 294 3895 2074 2511 8684 582 6340 1849 4684 8574 3119 2789 1050 8450 1194 3361 5767 5032 6887 2259 8703 7699 6111 5796 8684 1482 8084 9053 2508 7547 9193 5555 1362 5911 1697 5385 5334 6665 3588 6522 5137 9900 2209 8480 2942 585 9659 6450 5058 4865 3597 6751 5573 6713 5396 6145 2280 2896 4116 470 1268 7622 7368 4839 1143 7889 1862 2391 7146 2732 2795 641 1759 1475 7593 3921 4782 8149 9415 8429 95 2655 8392 2828 2793 6141 8312 1434 3422 975 8156 5944 8612 7031 9222
4647 6796 9346 860 9268 4653 4818 2542 2334 9992 9322 7083 73 4103 5291 9575 7367 8327 9176 7754 3580 1066 4093 8755 6954 6701 2904 7677 4596 3119 440 5545 7136 7826 5148 7723 2288 8845 3604 1902 7236 1667 4742 5705 4883 3807 7129 2797 2829 6185 6932 4797 6977 1933 6822 4932 9952 9127 9639 8001 6436 9688 382 7523 1546 6434 2056 8666 2541 8371 2051 3482 1896 5473 3991 6090 9847 8190 5494 5891 9941 5493 4350 5457 4629 3949 1299 684 8189 9022 2518 6310 6404 3471 8810 9027 2240 4930 4542 6613
5518 7268 579 331 5929 4836 5285 4489 9717 8386 4494 8361 5441 3923 3100 208 4572 7864 8413 6035 3804 9584 3597 4412 5238 1585 6341 703 6725 5525 9024 4349 3503 6117 3550 5709 8853 7727 5906 5690 1202 477 2144 6840 1952 8895 8274 6185 1886 5836 2871 4667 7192 7296 184 221 3500 7212 648 9900 9701 719 5564 1879 8174 5462 7972 7453 9072 215 9582 2261 9521 2670 7444 8048 8801 3274 3042 3713 9513 9914 5969 6997 6564 7130 8495 6627 3127 9739 3619 2661 470 5117 9422 8500 9518 3482 3832 4695
2999 1243 810 7379 1603 3737 5963 7619 6018 5583 8049 1284 7755 506 5657 5988 6624 9773 8865 2558 375 5108 2106 4771 8856 5402 5888 1227 2053 7478 5913 9919 7108 275 565 5644 1680 3708 8695 9647 9701 2569 1932 218 3433 6455 3826 7392 4805 7719 1669 748 4411 7518 1817 5315 280 1184 4112 8227 6985 5437 4025 3813 3196 6988 2090 2807 5859 1430 5350 2094 7822 7079 7799 1083 1730 1219 6489 7647 2719 9084 8289 5649 2014 4749 5790 4350 5917 3855 7589 4964 3363 5781 3541 9118 5615 2560 567 9284
7743 6332 4408 6667 3518 4788 4164 4223 5170 6439 9333 2791 6484 2074 589 3514 5122 2535 486 8056 9089 4772 8371 9958 8807 909 845 484 7020 9773 4652 329 211 8034 3085 8984 2437 2522 7292 1991 9964 5799 3463 1651 100 2939 6603 3180 9480 6945 7504 5439 7026 1785 1760 9014 5649 6571 7174 7852 2641 2688 3850 3267 5851 2193 8320 6473 9834 3711 2103 415 3801 1750 8856 9427 1498 2352 120 9397 2150 4774 3853 3030 5162 1341 4547 1451 9168 1919 6119 135 8871 2112 7349 9554 3680 7260 4118 6275
9271 803 4672 1188 4507 2367 6861 7068 2752 6881 8197 6148 1910 565 6709 4921 9805 9506 6480 706 4565 1858 75 7993 4358 5612 5866 2108 3337 4610 3467 7503 9015 1848 3801 7458 9220 6278 3606 783 6152 2959 5012 9638 4052 283 9961 7767 5863 8348 227 3133 1730 5648 145 2098 1144 324 4254 1140 2118 2842 445 6562 6258 4426 4423 3071 1284 3518 5818 5705 9756 9640 1363 1354 577 7256 857 9822 3518 9340 3297 9396 1893 6008 1276 415 6765 2393 8226 7163 2682 3647 2432 6104 9108 4022 8973 4471
311 6468 3213 8884 3139 8925 6370 6233 1581 834 4952 7696 2043 935 2573 1940 9680 227 3771 5974 5632 6294 3833 7202 1983 4612 160 3312 2511 2921 860 3404 9736 4126 2155 2889 7042 7482 2179 3419 1542 1837 6285 6490 7066 3322 6022 6888 4576 1221 2538 6623 4550 9754 1704 1766 796 2209 7229 2807 5196 360 7590 2009 2094 8171 839 9014 4027 2285 4190 5493 1075 2796 6162 7104 8754 8643 8124 1944 6879 8928 3076 5579 5688 8371 2096 3645 3069 8667 4204 7390 3610 5962 3020 1589 3286 6360 9084 6000
3167 4557 9372 2139 5583 6621 6016 1571 2645 602 3228 2434 1574 4648 2709 9695 969 9380 1212 9812 7377 5721 751 7476 8245 1171 5858 3929 2861 5083 5705 2333 887 8940 7202 2918 4471 991 4005 5386 6812 7520 6662 5267 6257 2540 5939 7675 8614 3724 3450 1916 4631 9318 6670 1512 2176 7775 7168 1840 90 5477 2748 637 7223 1524 810 4405 8533 5105 9288 2396 6354 5340 5697 8084 9055 5415 5992 1061 8572 8791 9342 9708 5058 8121 5922 2272 4641 2837 1926 5943 7740 5484 6320 8951 5610 3219 4629 9104
4226 9676 9258 1805 1399 2256 1038 6979 580 918 1938 6599 1767 8947 3521 7114 9786 7843 6684 8744 3872 259 4099 4856 7019 690 988 9625 5437 5521 640 8622 6949 7213 4823 4183 4430 9726 8717 7677 9361 5767 2517 6811 4189 7877 9561 7587 3190 9921 568 7053 1183 4242 5670 3359 7493 5372 2197 8553 7669 47 2419 1065 7701 8692 7132 6094 7893 2909 1632 3228 8456 1163 6515 2981 7730 7414 2612 5667 2663 1600 9838 323 1072 1902 1885 3159 9656 4871 3163 999 1560 5540 6936 7468 1836 4129 3627 6763
3604 5808 5514 8497 2508 855 3827 704 8158 5109 9201 4477 6486 3598 7174 4051 5409 5909 8635 1249 6427 7380 8715 312 9493 82 6362 8574 1880 2787 5383 3464 243 3988 4775 257 7726 2421 4472 5862 4757 2431 5863 8078 6623 5599 8692 4937 2834 4078 1004 760 6205 105 5734 9024 9160 2099 4540 1840 7860 4129 6427 1478 6035 4442 4837 4316 4462 7447 6197 8753 361 2977 629 2276 7293 7034 7739 3484 1077 8434 4942 577 6104 1525 8467 7222 4393 8452 8766 1013 1729 8173 5304 6906 9680 3819 2336 1009
806 2028 5519 1165 5265 6354 6127 3101 8202 4373 9962 3176 5521 4081 7299 5421 7028 488 9495 5119 1022 3473 768 9487 7701 2419 8775 3572 7823 6004 4785 5314 4953 2774 3198 3207 8789 5748 4857 2219 8984 2481 7536 7741 2673 781 1986 5658 2736 9500 6043 6595 5726 3621 5045 8034 9758 3262 8681 7533 2512 2178 7388 9615 3583 5710 6762 4327 200 6906 1731 2992 2251 4509 6826 6384 8607 6744 867 1570 953 9361 3405 3549 1024 9684 7951 4099 6497 1650 2466 2265 778 9956 9832 3865 3061 1445 5172 4419
8380 8040 4655 4788 9181 1918 3823 7352 8200 6630 38 7315 3727 2471 6970 9899 788 3236 8476 1437 5154 5242 8630 4753 2288 6370 3963 2723 798 3681 7955 8957 1382 2661 2607 3998 2405 4012 9415 7391 5021 9261 4051 736 7413 2232 4961 6012 972 3267 2916 9557 2860 457 733 5588 6937 3189 8666 9276 9035 9802 4001 4267 9509 6956 1203 6808 3718 7675 7507 9503 2884 4592 3708 6452 9248 2553 9981 9011 8353 389 5635 9974 7879 8100 3908 2805 8577 4055 7104 8924 622 6150 7213 9610 4766 5316 923 938
3175 6212 1750 2122 9513 6723 8445 1166 3462 2705 9135 5795 2056 70 2398 8720 2256 1116 6275 9909 2710 9409 5506 5531 7418 6078 933 467 4991 7309 7155 317 1263 4312 9029 1009 948 8641 1376 5501 2174 9915 6970 2588 4872 6420 4197 9550 4165 1823 6305 7611 3826 521 5793 841 7032 2957 2781 7410 6334 9183 9129 2138 504 7557 2827 744 1419 7363 9095 246 7861 6869 8606 8772 2381 6847 9867 4352 7138 9009 2628 311 8108 2607 9575 9228 1421 2511 6894 1551 7883 6489 5229 7843 6935 3484 6060 6079
8783 4237 4839 1903 9580 3627 1899 568 422 538 1855 3784 8126 6207 7632 1509 9798 3603 4886 604 9826 6745 2727 3255 1192 4374 7045 7716 5392 2402 5906 4714 9328 9156 6509 6667 4581 3665 3008 2305 5147 7622 554 5734 3314 95 2666 1005 1633 7336 6743 4262 9338 3125 8034 6426 294 1648 6023 8216 6026 7588 6703 5179 1441 683 2014 9029 1288 5581 9868 29 6246 1356 18 6316 5344 6875 1158 188 1507 6617 6284 7266 9729 2630 2073 9795 5991 2051 7469 5647 2786 8679 3846 8309 6509 6743 9382 976
4680 9253 1814 4335 3915 8070 8645 8676 6034 913 2965 4120 998 2574 9369 1486 9728 7998 450 4477 4311 4367 9855 9419 8556 7498 213 8579 7686 6969 4616 322 9784 1132 6816 5942 6706 2006 8147 5822 6673 3332 727 2898 6790 9007 8457 4195 3888 2215 901 7056 2605 3864 4058 5140 1220 8302 3245 4977 5576 7193 5481 8127 8298 1628 9639 1929 1079 3457 2159 9703 5467 7191 3424 3321 9979 811 2653 1456 8110 1006 2157 6764 7149 8035 6206 6213 1245 3449 7198 6402 8292 7324 6387 6882 105 6993 3281 6529
945 8149 294 6415 3479 4049 7996 4593 7301 4257 6494 9228 3572 2276 6245 4248 8715 1216 9789 1366 7063 312 1612 8405 6307 2230 9536 3742 1950 6624 1396 4727 9812 9607 4748 9985 7010 2806 840 6805 2533 2375 8515 4839 5908 9489 4200 8253 3981 8702 3299 2406 1525 5011 6324 3323 7047 7912 3061 9123 8574 2429 2010 2210 2539 2768 4823 4848 1954 8826 6176 7598 5342 881 9697 6067 5368 165 7069 5137 5080 5400 8438 7283 2083 342 8296 3183 5237 3383 387 3771 6668 760 7363 2521 463 3450 2024 3291
4467 6035 2172 5533 8540 9619 4232 2767 8937 541 4262 4876 8469 5051 1490 8015 8750 3207 1330 6870 5986 4629 6080 6812 3568 4357 567 7645 2399 4728 1150 986 6060 5152 3219 7201 4421 1784 8208 2480 9798 3778 8466 873 4062 2354 2173 3565 3390 4900 9398 9069 7387 6402 7245 6857 3294 2605 6514 3683 4870 5342 6845 8162 4406 5757 3302 7992 8705 3491 6886 7528 143 2573 6158 4216 5092 1690 667 8121 6120 456 4420 9829 9374 8703 8776 1901 49 4574 9044 282 3327 6018 1334 2120 5610 2969 2987 4384
8339 120 4668 7090 1594 78 6358 5931 6261 9006 9740 77 3567 9209 8473 8369 4237 8021 2753 6106 851 7581 4360 4453 1632 5216 1087 7329 5027 4582 7609 6739 5613 2166 2073 1603 4665 4058 6104 1596 6119 3853 8622 9865 2913 1656 2547 626 492 9201 780 6628 7799 9774 2547 6314 4965 5798 8617 9417 4553 4198 1756 7180 4249 8347 3906 2976 9821 930 6432 2784 6265 5810 9853 8504 3023 5554 6840 7196 6067 6218 1608 72 3344 1626 3425 8799 8123 9121 8604 7779 5550 3204 9049 628 4171 9049 2572 5113
8941 7926 4548 9425 6223 9167 2997 7611 6012 5175 8300 7623 4536 6907 8055 1069 3571 5526 3673 4393 1631 8707 5770 8106 5879 6208 3227 3255 3052 8703 9192 8555 8287 4128 909 3894 4010 9208 8467 5224 6494 1733 9831 2648 2967 2659 4573 6999 860 9260 5633 7042 8535 1121 3223 4863 1415 3879 7881 2351 3794 2140 2121 8838 1653 2147 6059 8550 4063 9898 3991 6360 7228 9828 984 9835 7969 2527 7272 8085 6963 4970 8481 5200 4654 4940 9148 8367 5218 3228 5850 1498 8425 948 6608 1225 8956 4172 4974 6644
9784 6865 51 7485 2800 8311 8398 7589 6099 1938 7131 3242 2462 4882 2349 9796 8601 4741 6701 5993 1793 7470 485 6830 6661 6451 2487 4704 4992 1253 9289 7859 1556 1372 5363 298 9883 9792 7721 1201 9004 2572 4760 223 7199 1195 7777 4426 111 3293 4678 9957 3916 669 2371 2008 3989 2962 203 9239 5427 3766 450 9210 429 8736 8178 5456 5088 3349 8795 7009 1687 4640 2867 8768 7693 5390 8236 6373 4001 4069 5413 4627 3313 9311 2461 2978 7620 9597 1104 791 7369 382 7833 85 7839 4405 8054 4547
8157 8556 2326 1957 4280 7192 1816 4106 6669 8078 786 3479 8444 7925 489 3594 58 5696 3809 8688 7570 7321 6207 7412 257 1987 5425 908 7192 3064 9259 3784 1781 6918 2226 7827 9727 9757 3686 4378 1117 5086 2124 5020 6102 8008 1993 9844 6961 2254 2259 2659 7473 6585 3430 5017 6062 8893 5429 3552 1618 7226 8608 1198 4114 802 3523 6636 7928 8765 6650 5634 4864 1767 7170 4279 8615 5333 1550 6299 6374 8171 1480 6990 5615 5326 312 5918 5371 8931 3239 3631 5767 6528 6904 1317 4461 410 7201 7758
9949 9611 3591 5505 5975 8972 3140 1599 674 4270 5082 8147 2570 6731 992 2150 9679 4414 2752 5697 4977 2295 6701 446 1021 4282 7863 6759 627 6002 7674 2029 177 7114 9780 3755 5411 2118 2600 994 5578 6110 9473 7744 2899 9758 2969 707 4588 9357 6193 7906 7422 4043 1869 7135 2810 1768 2316 1954 3987 7974 533 2849 9761 3819 9011 7364 88 7357 7143 2305 617 9721 5980 9929 5921 9469 6336 1864 7255 3986 4419 7634 8516 4550 8263 7053 1314 6483 4679 4669 1763 4030 8325 3350 8055 2827 1216 3618
7958 3846 9176 2356 867 1960 2822 248 5179 5068 1444 5316 1849 2643 9696 5132 7076 335 6422 7209 7473 1819 8274 9689 8888 3246 4261 9756 7362 3741 6033 8365 5773 4618 7878 3254 644 6105 696 9743 9703 4525 8812 2636 516 4750 618 9357 3634 9504 1243 465 132 5587 973 8822 2678 9944 9283 2879 1977 6410 4549 3834 7353 6252 6187 6525 1388 2331 9662 3505 1961 4806 6557 2796 1970 8587 6189 6494 5327 7715 1582 7293 5894 4692 8840 9491 4655 3281 3531 600 3539 1468 7138 3062 8411 7519 4791 6716
436 770 911 9557 7717 7875 3736 7764 5746 2471 2961 7969 1362 4503 5184 5972 4443 9802 7050 2593 9803 683 4569 9272 4112 7373 6970 3198 7005 8806 5259 8751 9884 7342 8285 4377 3259 2657 9653 8434 6975 3223 3758 108 5123 8766 22 8579 2461 291 7935 3305 8339 3639 2354 363 8305 1396 485 6155 464 7341 2133 530 3187 3422 423 2434 357 3296 7121 9017 1080 7958 858 8518 9961 2785 287 7466 240 2093 9291 7009 2640 4525 5689 8537 6222 4947 253 283 7192 1657 4177 360 2334 6310 5282 2200
9275 1747 8977 680 2188 4502 8275 7494 6113 3891 679 9521 1875 7738 7831 1180 2979 1828 2118 2213 1431 2392 9097 7143 2803 4624 5975 5022 2097 4357 5207 1725 2318 3906 6429 421 2489 2794 9402 5056 7496 4023 6411 2864 4770 4513 864 5907 3708 9399 1643 2386 3403 3686 730 4892 1266 6872 4249 1012 1893 1689 7136 496 6348 4700 7781 5988 4623 5539 9377 4667 8738 8194 6565 6386 8623 4423 6578 1184 7874 9024 1092 7619 6284 6846 5925 9592 4295 465 7198 1696 7612 3303 177 6049 6979 4002 7900 5933
9295 8655 5077 9311 8422 922 6845 6108 7626 501 8519 6045 5191 1034 2070 2952 8274 1467 1475 9419 9883 4690 5691 6632 878 4864 6566 2380 2783 271 3230 9914 132 94 5236 9141 4635 7679 3091 937 6296 1336 7214 5310 9931 1322 7039 6217 6835 4370 3581 5929 8134 3311 3779 9981 4573 5640 5557 8290 8109 782 8939 4575 8245 7523 8129 8883 5527 512 1776 8761 7541 2324 3844 6492 4060 6358 3866 9796 2847 8174 6889 4028 1036 9823 9288 383 8637 2044 8923 2321 9688 2155 9255 7520 3900 3456 5776 1826
3760 4365 1854 6020 1292 2238 9378 8288 5437 2819 3861 5189 6083 9280 3791 1726 7068 6334 4447 3403 7071 6382 2179 3306 6130 4551 5008 4546 7082 564 3917 7553 6290 8211 8891 8662 2862 1655 3262 8653 55 2126 188 9262 7264 7915 5736 853 8459 954 9621 410 5662 9948 6137 8415 8924 6489 5419 5727 8461 1379 6032 2377 3695 9013 4473 545 1530 5087 1638 2843 9336 1870 7264 9635 7449 9594 6977 4119 2463 4396 8606 8918 4046 2266 3854 5133 1044 3449 6391 2517 5911 3401 1072 9651 458 8336 543 7648
5722 4678 7235 9077 2759 5629 8979 3767 811 5686 3882 4183 8526 6786 9156 4430 803 2405 9477 3414 7727 3966 7045 384 7595 9797 578 1060 6872 1688 4090 1214 960 2601 1804 9072 2207 5212 7656 4300 261 1447 625 1646 9006 8484 9159 4797 8461 7150 9773 6066 9486 8039 208 7538 2057 648 8617 7496 644 7530 6751 881 1725 7889 909 4304 5801 7133 5648 3349 8427 6134 97 905 5302 1913 5107 3896 2553 7043 3803 6920 9742 4606 4160 8160 416 9874 5451 1035 8078 4601 3665 9076 1859 5365 158 240
8741 9957 596 9144 9601 8668 9598 3754 5548 8564 4652 5326 3955 677 9708 156 6671 3923 2503 4281 8946 3238 5598 5418 3677 6608 8894 9780 2262 9969 8315 498 9316 3085 8659 3356 5329 7603 9454 1296 2968 7437 1276 8284 3392 3623 1639 3009 6802 8798 8072 5015 9525 7197 9536 8976 396 8901 1917 6609 6173 7024 7923 9820 7264 7142 9634 2958 8775 2684 3477 7994 5736 8003 4774 1027 2312 2300 9310 2481 408 3003 8860 1952 2678 3854 7394 2483 5037 3117 5273 5976 2683 499 5703 6803 1957 759 4434 9741
6557 5607 2024 5549 6195 7543 7528 8253 328 9992 5829 7008 2715 130 6125 6112 9127 4445 9141 3133 9955 2456 1674 3261 4963 9521 9816 208 3616 8906 8467 5547 4317 7814 5328 9201 4682 5800 6247 6799 8599 4445 4751 3365 9709 1253 8544 169 3146 4882 8820 1644 7358 2293 7563 1502 1457 7168 9319 4825 4424 5636 4890 2164 3613 2952 677 2630 5553 2055 2304 4789 9754 3607 787 3767 4765 7352 8158 9276 4146 2012 5370 3507 4367 9558 2075 6500 8972 4282 5653 8871 1615 9691 9012 9948 5311 1776 5017 6841
7070 5928 8802 4713 2289 7394 3558 14 4646 9031 5696 3235 9250 6836 5337 1576 7274 9951 3807 3874 3255 2231 3601 7652 333 3895 2140 2453 669 3205 4625 1013 3450 5302 1574 7762 3637 234 8207 8430 1899 6784 4354 6460 4127 4731 6746 6092 5341 882 421 8695 3007 1795 7436 2028 136 8618 3719 1701 5822 6034 2164 5966 1306 916 6937 69 5048 6150 5436 7983 6686 5056 235 3576 1180 6855 4063 7395 8179 1166 3583 6645 3151 9790 3152 7091 916 2386 8773 7326 9748 7192 571 3335 8912 5028 2169 3637
2723 9197 5484 9767 3438 1662 5909 2398 8582 5384 6846 1690 8489 8381 3660 9127 1479 2226 2493 7086 7364 506 7232 1448 621 1294 3801 4938 6084 5161 4420 4732 4157 4233 9279 5407 6495 4959 4706 4294 9216 5212 606 2701 5571 4893 8720 4472 4888 2040 3234 1119 2396 2010 7990 5236 2362 906 9578 2846 4029 1682 2830 2867 6743 6332 9877 4659 1689 4923 8156 5439 2249 394 3374 2554 8920 7791 3692 9106 9826 6902 4736 6557 7087 1251 9395 2877 7620 3966 6363 8177 7822 6281 8245 6389 2047 2368 1588 7362
8010 5429 3405 177 2453 2255 3171 7435 667 7455 9540 7187 5296 5796 5513 7014 6634 136 3724 3297 4915 1317 700 1152 6920 3807 3151 1320 6850 5360 3503 400 7137 6936 1326 6251 9783 7076 4867 2879 7748 6093 8172 1479 3764 6153 8096 5358 4400 6415 9619 2697 2740 554 3448 8633 3885 6095 724 1907 9058 6720 3952 9153 6261 5482 4439 5293 4696 9386 5714 2098 6007 1131 8292 1706 373 9880 316 1151 608 9797 9179 4973 1793 6342 4143 8162 7588 1306 6711 7748 2966 5109 855 3214 4531 5743 6915 5575
3085 1719 8964 1488 7901 2291 7738 9977 4882 508 5561 513 6587 7555 1343 3333 1257 8980 5303 864 3319 5015 8612 6047 5282 1761 20 9552 7378 8872 6746 1760 5306 5025 5081 6896 9214 6351 7297 1352 4936 4336 3199 7602 4436 3739 8944 5384 5626 5895 2877 7693 4006 1715 8655 5200 8250 4527 7142 3949 114 3396 540 7874 8155 4505 7686 3674 1135 8286 7256 7997 6372 2998 4242 3211 2542 3429 591 4514 7373 6627 2919 2004 9297 7758 8531 6300 5353 4750 4653 2764 4392 303 4894 917 8811 4780 997 8824
1792 2529 7315 14 6039 4840 593 6612 8597 4860 8767 6843 6483 3247 5335 7611 3577 8699 6534 739 1516 4777 1293 5547 4016 224 5252 4223 7635 8458 72 8298 2872 155 3210 3004 2655 3271 3015 9196 7824 1844 8838 3194 5347 8536 343 341 3808 1367 6458 9833 7891 9780 8096 948 513 510 3905 2251 616 6406 2751 5278 1199 6811 1213 5061 1027 9898 7205 4856 8529 735 196 4180 9019 2144 4543 2534 2747 2511 9997 8536 7757 2772 47 8500 4896 9366 8686 1868 539 5981 9357 427 7069 6823 9610 2572
1851 1073 7174 1966 2667 2306 2304 2778 2295 774 3460 447 9370 982 3246 2694 3622 3535 2425 7995 1361 9101 8347 8631 8572 3306 8834 8490 481 3454 4844 446 9214 4293 3318 2099 5399 9919 300 9283 9503 6444 1676 8848 6122 4067 3426 7808 2150 5209 372 1742 1053 2662 8086 2294 6452 378 3438 4912 913 6389 6662 863 5235 884 3895 1503 2563 3333 2284 5954 91 8711 3942 9167 9707 326 194 3308 8132 8547 9436 3588 4006 527 8485 5680 2341 3210 1206 6591 5963 3630 2526 4309 3803 3384 3008 8315
4065 4773 4812 2220 1949 3419 6006 5618 9508 7124 4111 3218 7893 3698 8006 5214 3780 9511 3197 2280 4582 3657 574 6799 501 5149 7643 6941 9972 49 2454 2186 5086 7339 1693 7160 1043 6604 1872 9414 6065 3986 6664 3859 7923 2257 7479 7755 8085 4190 3078 242 4146 3714 6017 3328 9687 5606 8008 7874 9766 2042 1241 2989 5428 1818 6993 3668 6425 52 8543 252 408 6193 3999 8317 8817 9465 2425 7399 8322 1557 236 1487 9733 5698 4038 3267 8909 7771 7318 9702 1171 1700 9823 2194 4166 8545 775 3503
4597 2139 9592 1004 372 8775 6983 7461 2835 7884 5410 3848 1893 4995 9015 2605 3607 9060 9347 1932 5996 6412 2156 2497 9066 2568 967 4151 629 8482 7645 9844 919 5867 3919 2457 542 6864 3784 9047 2272 719 8240 1026 1094 6312 3059 1582 1019 6614 3028 2922 7196 1408 129 3005 7018 6039 4882 2906 5482 8011 4877 6560 1593 7971 3457 2290 7553 1066 2165 7905 9893 2016 7427 4828 9442 7401 1041 9835 8133 1219 3851 1622 9889 8292 4412 7487 7534 3052 6770 5947 3154 3864 186 9293 3970 9264 6348 5454
8700 1070 2190 3634 9012 5787 2290 7075 1576 3226 3919 3266 1513 9253 6565 5379 5511 7951 2858 5915 187 1621 131 7010 6691 5689 8904 2198 6731 112 7882 1143 6590 9081 6070 9687 8457 4394 4333 1224 3223 9429 870 1391 151 7102 2268 7964 3776 3716 1274 921 6264 5106 3942 6518 537 7175 5973 4400 8011 3714 2741 6464 4651 8996 7280 9438 5278 7723 6201 2432 2168 3167 4380 8642 3433 3886 2999 3473 572 9334 8265 1045 4556 9463 6643 4659 7949 7276 4325 4207 3333 3358 1428 2047 369 6352 6675 2566
7211 1699 3333 3363 8686 9803 2208 8373 3578 7232 984 7216 1519 6683 6705 7902 3618 9802 5416 8281 8660 456 5185 426 2204 1158 2481 779 9541 9732 4572 7843 7674 7954 8823 214 6938 1812 104 3767 1839 2558 9900 5974 109 3224 6154 7321 3302 2558 4011 1191 9385 4271 3453 1794 1970 7505 6380 9000 6995 9896 536 6224 1892 595 7717 8175 5731 8529 3336 3032 3501 7311 8015 466 8029 8126 330 245 3408 779 6123 8161 7776 3104 2968 8035 7769 7135 3039 3208 1831 2571 5938 501 8564 3027 9652 222
8471 4322 706 5921 4803 8433 6250 6549 6260 3283 4355 4231 7685 9462 2868 831 3688 5906 6789 4448 9746 5513 1565 3683 4345 974 5478 3483 2461 3317 2440 4554 5798 1302 7295 2623 5013 90 6954 8340 7198 4691 473 4142 80 9563 4999 7997 4361 273 4000 2808 1037 350 2459 618 1957 443 7637 855 1334 7568 2580 6350 7613 4689 3908 8795 4835 6338 4324 6650 2498 493 407 892 3336 6238 3009 7474 886 3826 1229 128 795 2376 6318 8436 8338 8213 5717 6293 4267 6496 2099 1860 1142 5100 5928 7771
5392 477 591 7693 6430 6077 4598 6206 2286 3865 2430 2961 9339 1368 5586 6883 9484 5522 8481 9254 7388 3094 524 6663 3206 3638 2100 1121 9864 2273 9325 7179 8303 4147 7231 2210 6659 17 9512 6024 8472 2814 6594 2742 4977 4761 1416 7884 6254 9687 4497 3449 7847 1859 7754 4551 3706 2154 9490 2242 8859 7930 3626 3256 7363 1799 5949 5993 3507 7073 5843 8985 8835 2230 1517 2417 4719 9398 8870 7558 9849 2446 5536 8008 696 264 6087 8752 7564 3574 6824 8330 9064 5730 2829 4014 526 5561 2556 9854
292 2439 4259 3086 1084 9926 2158 6878 6709 9900 9075 3756 5820 4060 4181 7324 1704 695 1393 584 2991 1663 9317 6191 4709 1102 388 5805 599 7292 5990 9597 3700 4806 1521 7688 3664 2583 60 1670 8855 3912 566 758 4736 2505 3756 2446 7714 2771 734 6917 1625 4905 1878 5584 136 5489 6866 9138 3960 7279 5045 8381 636 7291 9077 9701 4609 8742 8962 338 410 8752 4951 3209 9378 4667 3054 1725 3414 9171 3425 119 3410 1825 7724 3471 179 339 2058 347 9874 1726 1453 5904 3245 2433 4684 9965
8557 3072 2863 6666 5766 5314 8606 7431 9661 874 7895 3555 5889 9056 5453 3744 8001 7172 1557 9737 1758 5457 4438 5137 6211 6993 9952 4981 2186 8895 4238 8251 2367 7352 2025 2341 5179 5074 8719 6710 1899 5805 4149 4256 3507 3107 5335 1624 1123 3271 7963 2279 5812 1249 1687 5819 3972 8744 4919 3411 2770 8135 2572 3086 6654 4363 4371 8947 2263 6438 1030 7646 7304 3763 6698 9061 3749 2210 1908 8380 2091 9126 4657 9388 3655 2482 6672 696 6539 5323 8311 4155 2312 2763 1669 3333 711 9856 4753 5123
1610 6001 5647 3279 3421 4980 9395 3476 312 3076 8533 2903 3635 4474 4799 1788 6026 5211 7996 7652 3791 2359 7159 3648 4944 4002 4971 4411 7973 9411 6848 5297 1762 9601 4012 6324 8949 9496 4060 6485 5602 8074 3045 3543 7113 2664 9644 3392 9041 3632 6147 4045 5580 3972 6105 4590 5590 9940 7993 7685 6711 8545 9251 3026 5215 7693 4318 5686 6436 8605 857 7180 7281 3535 5548 1889 6205 7023 2190 1136 7172 8131 9299 6075 9498 2134 9257 7102 6343 6501 3079 1094 8783 7798 1041 8711 213 3829 2447 5184
4047 3036 5795 5557 1611 2963 9284 4405 7118 4360 9606 4070 8963 1959 2011 1076 3644 7360 842 8239 7063 9032 879 8252 4177 7730 5088 1372 933 2516 1603 1962 4612 1970 7903 3431 6998 2919 8452 4157 9194 7928 2362 4217 2580 236 1745 9219 5126 2270 9226 4878 779 7970 7875 8260 1658 2608 7877 4820 5898 8251 4877 1884 2095 9196 1813 7653 9185 1859 9110 7590 5152 4246 6941 9456 9336 1026 2696 3558 362 1187 6216 8314 6861 5451 136 6898 439 4832 5947 4080 7997 8031 6388 9564 4944 9154 9309 3836
3570 3038 6763 3904 9002 6892 819 5891 3980 1095 7412 6909 2246 5058 5342 8127 6698 3843 473 4996 5530 1792 9852 4508 1650 4037 7348 6860 1020 639 1941 9323 7177 1778 8684 7929 1185 8528 6227 9412 2753 6218 6086 2706 2051 1925 5274 7416 1 2880 2824 17 4491 7828 679 3128 9986 1616 3106 5057 9576 2493 9023 4370 3074 8809 9484 83 4296 1253 7887 9708 9070 8968 2 7958 9296 8337 3049 3959 7080 2153 5911 1335 1601 6960 8761 434 1259 2969 7973 2 1615 293 890 7276 5883 2905 688 8628
5269 7976 9158 9431 9495 5606 9599 7745 368 2241 4519 4440 7305 109 7917 1056 1165 8449 9759 5922 1844 783 6270 7485 6295 8815 8305 5428 3963 3939 2698 683 6962 8647 3846 3596 1790 7528 8544 1721 9558 2878 3086 5092 640 7769 3630 3945 1598 5769 4512 4593 6884 6562 8469 1983 9729 8174 9963 3902 7308 4021 8585 4272 1633 9237 8583 8274 4959 8200 8331 7814 2223 8716 6652 7979 8193 642 2180 7431 1231 1212 3446 3254 1993 6382 9840 588 4150 5789 543 8280 5908 6467 4115 8420 4501 7504 2607 7038
3193 3260 2208 5583 3372 9643 5516 5453 4151 2666 4480 2663 5719 2377 3817 4396 5232 8725 1615 8867 3309 8842 247 1568 5068 223 7831 9086 7015 6657 5942 8934 7417 1009 7258 6674 4893 8633 4739 3683 5313 5824 2937 594 3521 8231 7842 5873 6814 2512 2140 7375 73 7907 4723 7948 8223 9989 2620 7695 7479 5570 1116 3950 3620 6577 5357 6460 1023 9738 8293 3288 8724 8735 1 4222 4994 7747 7815 6111 6629 4273 4945 6985 8370 8933 5029 6342 5604 5422 3173 990 3339 8909 6070 7342 6102 609 7820 2805
3536 3063 8447 3263 8215 297 7968 5327 6836 8315 6866 3701 9950 864 7374 6753 2759 4623 56 3149 3375 3929 6157 8426 9 3232 255 1534 5447 3458 8092 8726 177 8997 4360 8038 3115 6367 500 6939 6504 1803 7525 8861 4721 6211 5217 8644 7213 1841 6751 7801 5577 3236 7652 1071 962 2329 2611 6008 4758 7297 4783 8438 3420 9916 230 5088 7439 7698 5292 7536 1346 6780 7217 880 5172 1578 7821 7146 6001 4461 589 4551 4343 8516 5905 9927 5222 8306 526 2464 1761 3646 4430 8410 4646 3829 4279 8578
5947 9184 5022 8663 2654 4008 9811 1058 4277 640 6550 9099 9248 2880 277 8576 9353 7818 3636 6859 5653 7721 4859 7771 3072 6556 4161 888 8042 5582 1679 4688 1345 3834 8231 9010 1044 4060 6506 7180 4695 5607 1402 9862 5787 9715 7660 6803 9248 79 1083 2377 6460 146 2509 7596 7567 1534 8668 837 1604 1560 737 1514 9539 4225 3323 3277 6315 2413 286 6384 22 6165 8028 4004 9365 8337 9006 1853 5397 814 6082 5587 1082 403 8038 6579 4512 2459 751 7868 5514 4119 2442 9800 5087 1759 4995 8652
9670 8439 7313 220 3011 577 6146 3020 8513 9786 7564 8543 3677 3579 2072 5540 4528 9316 5172 2217 5998 8858 2087 7885 5616 6077 1457 4927 4509 485 8749 1061 9536 9260 6154 3552 1209 5545 3760 8931 3713 2048 4107 5088 6761 4815 243 5225 3568 5157 7177 8706 7438 4647 1978 3726 325 8132 4440 7771 6733 5784 5496 6038 7974 282 4583 602 8011 5201 5740 6535 3151 6943 2719 595 1488 3114 2743 913 1760 5556 5082 1870 199 3422 6955 4724 8760 9427 3941 473 8155 6674 4220 11 527 2809 2125 2694
1897 2778 9097 1680 4064 4589 3127 9977 7287 1197 742 97 7867 291 5524 8771 9635 675 9119 5991 2350 3064 7529 2069 9807 1146 8256 3178 3209 4971 3538 6504 201 3043 6793 4045 8990 6500 7254 4283 492 4417 2035 9390 4674 5803 9491 9126 4052 8010 2956 7247 753 7252 810 5089 8650 1824 9392 1930 3670 1136 7735 7296 7304 2541 3952 6005 2345 8207 2482 3969 6592 9958 6435 6489 9729 9071 2995 764 7797 4869 4209 6980 5973 4563 2666 5135 6577 7469 8965 9774 4029 5999 65 5063 9430 1399 9250 423
5535 5156 8338 8922 648 334 4052 5895 2216 6868 5479 6750 9699 2989 7945 6264 9412 7758 168 113 8482 618 2897 148 9569 1308 1211 9333 9106 3479 5730 7031 858 2337 472 5010 6902 6948 5310 7469 5221 6806 792 4375 5295 3017 4989 7199 2011 4980 4209 5355 2165 6608 566 1318 3467 5814 8441 6457 5496 8892 7449 3652 9246 1991 102 3354 2341 4993 9002 8462 5941 4986 9031 3702 8288 7672 3640 891 1218 201 4361 9935 5471 1625 4022 8112 5517 365 6993 3322 4303 2196 1443 9757 280 7211 3838 7098
3214 1867 9082 6038 5005 4355 6088 4404 731 5108 7894 3251 8205 1384 2698 9242 2935 7042 5323 572 4300 2249 7196 3116 4459 8570 5616 7369 2970 2071 9836 4322 2273 6377 3367 8919 3248 2704 4544 3171 896 8959 4605 3855 3458 6724 3705 1604 494 180 7942 1098 9681 7316 6790 3382 8875 4044 7798 7609 2885 4982 4747 4327 8133 3533 539 7858 9503 4096 3677 7791 4229 9335 6033 1633 9496 5845 2463 2757 3453 588 7193 7829 1317 8239 6817 915 9241 8137 1908 4244 7922 9934 6576 8173 5633 1831 6771 9231
4196 1918 6156 4152 9767 7069 5793 2848 353 5676 2789 889 2129 1309 4488 5984 2390 3214 4203 8915 1558 999 9355 29 2388 2077 1015 738 4319 492 5571 2840 1173 9305 2760 7252 1285 3820 4218 3931 7048 7598 2229 2111 5049 9828 5819 1892 321 2218 1344 9951 3136 3092 5833 2428 9410 850 9324 7909 6251 4307 6119 6667 2200 2390 7002 3723 4776 8517 5233 5170 6775 6747 7863 9170 4559 9815 2278 3216 9950 9086 7880 9727 2146 7281 7990 1025 4335 6980 1068 2441 7062 1466 5033 2958 6162 8537 9841 6125
8874 6075 4701 8591 6668 5417 3696 5174 4269 8976 8247 9560 2219 2280 1862 147 4364 5900 3576 1855 1827 7672 1119 9274 6836 3552 5971 4938 787 3097 5906 5421 8698 3496 106 5126 1293 6953 8478 9511 2680 7716 5974 7887 5633 5670 7959 6041 9389 2576 1521 1215 4873 6381 7999 5634 2357 9708 692 5431 1656 3774 4270 8786 370 3087 7510 782 2001 5752 7075 8626 282 9763 6761 4550 8255 4249 355 963 5494 7969 1770 7234 8193 2738 7708 758 1652 5364 7094 4232 7991 4673 3492 1542 8010 7348 1882 1589
7683 3563 5346 6529 8519 5320 9806 1449 5002 5008 2143 9755 743 6593 8423 8201 8880 2258 1030 8443 2949 1358 1459 9148 2104 4803 5824 2795 4289 131 6701 7177 1705 4085 181 2120 7753 4778 8173 5139 6892 167 8708 5367 5887 1547 2393 3340 6851 1928 2712 505 9040 8179 3998 3458 9886 9567 7115 4560 7086 8053 6661 1901 9674 8587 5032 8624 7873 5601 1096 1995 2527 8440 1421 5829 8533 8319 7263 3340 1247 2530 6072 5691 9156 1854 8125 2814 1386 2552 4906 7674 1482 59 3855 8716 9287 8275 9039 3289
2447 7518 6882 6925 7076 1233 6929 6196 5771 1005 3072 3252 8402 6154 3133 6318 9582 5538 5609 6266 1606 8114 8834 3957 8336 9142 8025 6659 1910 1798 7169 2997 2742 9848 590 5948 2828 6452 4537 4326 3138 1056 3777 4282 4067 1339 8512 6582 932 359 8206 6686 178 6505 9672 5062 3126 4399 2300 3184 1522 2804 7822 3941 1807 8888 1523 1104 6894 745 409 3784 544 6512 6881 5152 3681 2742 4496 6295 3075 2515 6095 7844 4464 5364 4745 545 5497 6025 1629 8601 5929 5017 7138 5305 5629 7561 1487 4816
1050 2735 8403 4684 9400 2370 8561 7512 5568 4659 8555 9588 9850 4192 3930 7855 4628 1574 1581 3797 6209 6868 6718 1969 4575 8111 3937 3007 5245 9833 1317 1507 7178 5891 5848 2261 4093 7408 9810 6899 9590 6961 879 987 6709 2277 6089 7201 4617 4067 3273 3870 2085 9808 7913 4940 571 1163 9362 4438 1524 8326 1314 1066 4468 4452 277 5725 9070 9956 8830 7630 2678 7034 5093 3786 6638 4623 3953 4018 179 4005 4395 2558 5650 6813 5990 4520 566 9582 2143 3168 6192 645 1345 7758 76 9300 3845 1245
9565 8970 7150 4936 5648 5151 9078 7383 497 3837 3086 8326 5404 2172 7480 5223 943 6676 8083 9478 5956 7481 9876 5972 473 7975 7862 6549 7896 5876 1587 2058 900 5951 2350 1265 5765 7579 6943 2877 5477 791 1465 2775 4848 3319 4841 6772 843 4944 8138 3893 378 2505 3645 3225 1908 3201 7501 7468 2621 6079 2337 3108 132 5249 1331 2112 4365 9856 4350 4196 8422 2642 8064 3869 6245 1573 5757 6942 7104 3030 3136 1843 9246 3269 3474 6376 9795 5721 5939 4099 5890 3246 3212 528 2670 4764 5723 7997
14 3335 7517 4842 4148 248 879 3777 6222 7446 5250 8235 9126 6776 1531 2593 2417 5588 6257 4207 1738 3015 3763 3168 3146 7239 5426 3954 6102 3553 2197 5324 154 9257 798 795 2681 6339 4801 5935 5449 450 8139 8886 514 8322 760 6358 3253 4846 7025 1807 8907 2592 1986 8589 9408 3953 9633 662 9573 9238 8970 6172 1047 2219 4156 6841 9669 1314 3005 4333 9871 587 9202 2546 3330 4522 1870 363 5623 625 663 3407 5536 5818 6506 6687 7756 2983 2359 8215 6906 4540 4354 2622 820 8253 3034 3815
461 1799 4446 4618 8545 1676 6319 4976 528 8325 3437 1972 3732 8594 2942 4965 7548 4293 8282 3826 5135 3594 1339 8554 1623 8572 5574 2526 6137 8744 2353 1876 3228 1186 3077 1815 1671 3914 9208 6344 8066 2130 3347 2125 9142 1797 6783 535 1277 947 4897 8263 8628 442 2391 3039 9121 4375 8644 6909 5257 365 732 6186 517 3009 6356 1811 2763 5259 7125 874 4338 1045 6085 7376 1986 6023 8045 1145 8207 9476 250 1641 9559 6390 9262 2228 2365 3433 1311 4964 3521 1650 6174 1260 3436 6678 6440 6719
7035 5844 9097 5536 2326 8959 6681 7792 4739 9286 4638 8430 7595 4469 1822 1004 9062 8316 3192 8350 8884 2947 5330 4966 1677 2254 101 200 6501 2476 2107 6563 8846 4239 2595 3998 7800 9380 2198 4309 2386 5631 8785 4915 9531 23 9572 6798 9643 1322 1169 2374 8042 2073 8933 6092 7627 3602 302 2865 7416 5541 301 5673 9664 566 3157 8488 2177 3831 559 6268 882 5416 5411 7282 3723 2855 8212 7114 4831 298 1659 2499 7436 4588 3714 3660 959 7669 8520 5717 5454 7935 9993 2329 7725 5233 4942 4347
6923 8549 8197 8644 2924 5976 200 3205 7637 4599 3282 4250 428 6047 2254 1498 9390 3925 7353 2543 5220 9825 4916 1730 6438 1433 7895 1064 5089 2633 7739 1832 4773 1824 5351 1967 2568 3507 5411 4523 8185 3469 2431 965 2743 2392 9755 3117 5444 4600 1939 1897 9818 2792 6253 612 8524 8573 5653 3939 8866 9777 2544 6086 2120 154 6938 7079 5397 9495 9098 4631 5076 7337 5099 4845 9627 8637 8833 8886 5 7609 9573 6931 314 1689 4186 5598 7653 8191 1052 8783 4782 3235 6558 5146 1919 1815 1398 7096
1822 2683 6231 7582 3930 3723 1137 1 7179 4311 4921 3594 5594 1275 458 7596 1128 1160 2965 8140 3111 3563 656 3039 7577 7300 3819 7244 8480 1421 2899 730 2739 428 6722 9211 7414 6400 6565 3105 2497 1029 259 5154 3759 7485 6020 2894 1990 8946 6697 9437 7797 9626 7260 2124 639 7713 1432 7221 8342 2084 619 8198 8178 9888 629 5197 9897 1168 4494 5803 3709 9822 5924 5701 5654 8534 4654 4079 3069 2149 1430 4609 5776 4308 9032 3070 3216 6683 4762 8129 7616 8318 8748 9825 2009 358 1409 8417
6702 8627 1611 6456 6023 993 1962 3204 7609 4662 1320 664 4226 7521 9460 4719 2301 1835 3189 7490 3027 5131 3355 7384 4608 9926 3312 1727 3803 6686 7816 7079 6829 3665 6387 4982 2198 8592 4924 3057 6012 1635 3684 9746 4164 6327 4644 3241 7326 6450 4487 263 5003 9288 2919 8926 3040 5269 12 7802 1634 7413 5502 5153 5697 4904 6258 3193 6039 2625 8451 9779 1097 4615 7304 301 9395 1216 3105 7511 9617 2023 2814 2972 8700 1165 4416 7375 4619 6095 3820 1466 6696 9059 4726 5242 570 2156 3359 9994
7714 2402 8357 8922 5420 1193 8713 3975 338 4530 2104 8092 7393 9217 9751 6567 868 7792 9214 104 4531 1166 5478 3179 8864 1953 6070 3944 946 6168 2039 5666 6322 1889 7586 1068 8946 861 9084 5692 8890 1768 9926 9660 8922 4484 5371 3756 7631 963 1246 6639 349 3280 9016 2743 2035 4625 6236 7268 6319 1365 9953 4052 9982 745 9204 7848 1934 3020 873 1201 5654 8349 9713 4949 9341 648 6136 1769 4328 6916 7838 4503 1850 4269 5583 7426 9673 351 2043 8608 1884 3869 1160 9407 8427 6981 1737 7882
415 3250 5209 5915 8935 1603 1692 7468 2635 7869 3928 3447 2703 6406 1073 3178 5436 3267 4402 6118 9961 1432 2403 2446 9978 925 1630 6288 6846 65 9499 6130 6555 3042 374 7015 156 670 5938 3420 1345 804 3313 7649 6994 8747 6470 8444 3017 5619 9379 8674 3701 1237 665 8194 8511 37 50 410 535 7542 122 7261 7360 3457 6733 1520 7841 8918 2470 4554 3881 7462 3780 8332 5208 9238 6775 733 3597 4629 4759 5726 9849 5585 8741 7958 4218 8230 7836 4924 4432 8953 6682 300 3576 8088 9491 6256
1336 223 915 7608 8127 1638 1516 8909 5376 6862 1225 1881 8470 9549 2549 5473 5247 4407 5222 3218 4920 6299 3973 3740 2372 1388 5884 9191 2039 7583 1349 3862 8051 2133 1736 2278 1959 8657 4714 7450 877 4877 4206 4278 5407 5464 115 6947 3464 7625 8768 6114 6598 5060 1801 7916 2870 6041 2987 9020 9890 3203 1192 6560 9247 1405 1749 6948 3021 270 3480 7523 7424 3651 3200 7074 5963 9787 6683 5535 1897 6981 313 3052 4649 3079 2906 4912 4095 3760 1653 7370 1508 502 3660 4484 3794 8683 2468 5379
4830 8834 6095 392 6075 5365 5817 863 1107 7945 8925 7249 396 3511 2638 4438 7922 7334 88 3172 7958 5036 8930 6240 5775 2084 642 5098 9920 6575 1987 3423 1621 1189 7369 7017 591 4353 1821 529 8377 607 6740 5259 9680 8147 6225 5147 3514 9877 3234 7112 4345 7289 1174 2129 9005 966 3862 9267 6859 7709 5672 8575 2306 7377 417 5955 4871 664 1242 1791 6577 2802 7684 4623 6226 3466 3847 7001 7876 3548 6281 202 5385 2536 7653 8019 171 7136 773 3940 9563 5622 4366 3311 767 4626 2602 1077
7086 4675 6419 1970 7209 487 7951 64 7310 5207 2993 2319 3721 7393 5867 312 2794 7184 6105 7814 7002 5183 3793 462 8927 4572 972 3148 8574 714 2622 2001 1368 2879 6331 3712 6719 8677 6838 8117 6034 24 3884 3536 9763 2007 6199 8676 5329 8152 2723 1980 1879 255 5008 6852 5674 3131 1339 9595 4233 4871 7847 7478 9701 4008 399 7760 3860 4340 2509 1527 5845 8200 9879 6801 2614 8056 5663 8158 9563 2160 2895 5292 5635 3018 9334 3247 9177 957 4469 8955 2332 3281 1269 5957 233 658 1829 713
2276 5421 2165 9830 3597 1092 1224 5549 7638 6258 743 4759 5816 5705 9487 5926 3724 1013 1362 3790 7807 1971 2883 135 8579 6463 8302 2518 9703 1454 2719 6511 543 502 4170 8979 8122 4223 4075 4820 7254 6007 6968 6915 8242 5077 9011 564 5991 2331 191 283 6953 5971 8391 9755 5632 5763 8391 759 5546 2153 2239 7012 78 5434 9342 6924 3049 9085 3929 2055 9075 7498 9660 4496 3332 5025 8649 3385 2372 8010 8934 4869 6158 5128 5633 3464 6863 1534 2304 2215 6595 8737 6777 8795 1607 6997 2561 9601
6326 297 3334 2392 155 7251 365 1532 8647 5862 1657 1347 5352 8065 8571 6239 1209 3162 5964 260 6979 2631 440 7210 8985 2472 3508 8599 5684 741 2028 2313 5368 4856 7861 5493 1075 1602 8127 7597 4959 4661 3200 6446 391 2809 8657 7235 4648 8539 3031 540 8719 5648 6887 9694 4973 688 9108 7028 2693 6391 7446 999 9935 3550 6259 3205 8093 9224 2039 7868 2092 9108 1269 4215 7310 7970 7198 4239 4203 3691 1785 8909 3464 8808 9439 9315 3411 966 8685 9977 6492 8888 5228 5098 8628 2420 7299 2935
7144 6565 5363 128 5026 9038 5457 2130 852 4614 9968 6044 516 7750 3673 8719 2051 6559 657 2590 7767 1604 1774 5165 1827 768 5171 5309 5367 57 981 3863 7551 5273 8266 9481 2734 5203 8543 523 901 8610 7400 6818 5517 495 6676 4006 8658 322 1441 3095 840 1643 4305 5602 5522 1820 4343 1153 5463 699 2822 9857 5180 5859 4597 5896 2612 9203 1425 3395 8005 6799 8017 4299 8072 1596 3637 2870 4267 3023 680 8036 565 3369 2555 6425 1074 14 6566 1552 9455 4270 8319 1512 1137 2441 5166 2169
5293 7552 504 8487 5149 9250 9525 7737 9722 1137 6835 5404 4677 2283 9931 7041 9571 5966 7076 3836 5458 6475 8504 4674 3874 6086 3530 4397 5201 6808 5685 3619 3191 6486 1720 800 1411 6049 1013 9704 2969 8357 5207 3531 1091 5581 2533 5242 6335 5446 3081 9920 1414 9899 1057 1713 4515 2767 8987 7891 1186 2448 7349 1027 428 6355 651 9340 9302 8578 4075 7224 6916 6201 4031 2722 8890 8801 5334 4327 7189 5822 2099 8157 1559 1911 9839 887 9264 5593 1959 4635 2461 6684 4069 1188 1945 8728 5951 1733
6802 7465 8610 8532 5287 3670 6429 9729 3591 7305 2793 1541 7329 5937 6792 8236 3401 4196 1159 2868 5089 7141 5278 5769 4174 5614 574 6212 9259 7458 2871 9229 4145 2282 4468 3755 5051 6297 1144 6680 4361 8099 5799 4678 5316 3324 2876 2524 8180 2535 2774 7834 8453 145 501 7963 3917 1689 5244 785 1197 8 2793 5089 6877 559 7387 9187 6449 7541 7643 110 1707 7877 2227 439 8855 9033 9298 8044 724 2247 9690 6749 4718 6187 8556 5698 4349 2133 3357 3011 1604 1137 2992 3402 3035 1398 7276 3691
7299 7388 5341 9620 8481 5793 617 4337 3108 3746 3632 7571 333 9581 2859 2755 306 2327 7598 7058 114 7503 8247 8337 3218 1347 1149 7325 7099 9689 7806 932 4506 5074 4359 1018 5748 5347 39 5257 2428 2329 8466 5321 6946 4372 8295 5308 3744 6546 7226 5081 8619 5298 5170 7313 8697 4942 5203 9543 2252 7159 6050 5931 8738 5909 1493 3605 8323 3547 8933 7734 1264 8081 5078 5006 2911 2217 3056 4566 1270 683 9586 6075 3213 9027 5215 2413 3064 4652 4416 9200 5106 5635 165 5567 3464 8864 7579 7092
4982 2330 2005 2063 619 3564 2150 215 5408 408 9278 1725 6812 4908 454 6626 9372 4470 6623 4965 6544 4225 756 7548 1249 27 5521 7988 6850 2247 1458 2392 532 5799 7955 855 111 2525 3761 492 1642 4346 5303 5681 5750 3738 4126 6426 7804 1436 7102 1490 5182 1343 7406 3180 9229 2713 4333 6041 8196 4980 9049 3197 2995 759 8601 9521 8875 6624 9167 4395 1666 6614 7132 9142 3622 2819 6272 7135 8391 7434 9636 7461 4288 6623 8079 8394 4252 8230 638 271 9280 9081 4129 7146 7954 7135 3339 9130
4115 2932 4112 3625 4521 211 9310 5554 720 3929 214 6950 1912 5163 6908 7440 682 3790 2697 3589 1453 9988 423 3356 3814 7661 212 9777 5680 7139 1724 5224 5232 5338 1299 4591 466 7269 5360 2912 8135 5589 3869 80 4379 103 1161 1644 5561 7082 4824 6440 9024 6518 735 7882 6617 2413 5072 7299 7139 383 5616 2138 1741 5318 701 3073 2360 3854 9717 4030 8146 3091 1189 5240 4059 8793 8373 9935 7154 2257 1326 7448 7662 3383 1825 8199 4695 1573 1959 5746 9030 7000 6004 2476 9417 144 6161 2319
4962 5497 1176 5943 8511 5101 8325 1651 3285 2865 1227 7220 2870 7743 310 3826 5003 4150 319 9202 5945 3640 5326 3541 3970 4238 799 3110 1624 981 8644 3216 5635 2085 551 9173 6272 6559 4753 1352 4675 3648 7655 955 8261 6896 88 2432 9446 5677 2786 2804 6862 7474 2398 933 9764 6368 7842 981 8190 9569 6960 4338 2089 7154 9376 1293 9535 6068 7393 6897 9770 6683 3933 5073 1698 9669 9992 1297 6105 3773 9876 1699 1867 1139 2284 199 2629 8899 2680 5481 5356 7039 2633 2651 4814 8642 6192 5571