21 18 37
2 3 5 45 1
4 5 8 42 0
6 7 3 98 1
8 9 10 59 0
10 11 35 65 0
12 13 19 74 1
14 15 26 4 0
16 17 9 13 1
18 19 25 42 1
20 21 18 84 1
0 0 0 0 0
0 0 0 0 1
0 0 0 0 0
0 0 0 0 0
0 0 0 0 1
0 0 0 0 1
0 0 0 0 0
0 0 0 0 1
0 0 0 0 0
0 0 0 0 1
0 0 0 0 1
75 56 79 63 89 90 64 98 49 35 100 89 71 3 70 20 2 26 11 39 9 7 89 90 48 89 85 8 56 42 10 61 25 98 55 39 92 1
21 34 57 44 14 14 92 53 64 59 84 12 87 78 10 83 30 32 53 44 68 73 2 86 23 48 47 14 79 93 15 23 76 34 97 77 55 0
33 100 47 91 87 87 67 93 18 59 86 16 99 73 60 74 17 95 85 49 79 4 33 66 15 44 77 73 41 55 93 84 67 68 69 94 31 0
29 5 42 10 63 58 34 72 4 53 93 89 67 34 15 57 29 4 62 76 20 34 52 22 35 75 29 98 22 29 78 40 46 28 6 15 55 0
90 16 12 12 65 55 26 66 89 36 36 25 61 57 83 38 41 93 2 39 87 85 26 17 83 92 97 43 30 15 5 13 94 44 13 80 54 0
7 90 30 46 68 36 11 100 17 87 44 72 14 29 9 13 9 61 11 91 32 31 43 64 60 41 46 91 26 40 72 8 23 63 38 57 12 0
91 59 32 54 83 92 96 96 99 18 3 92 81 5 99 65 2 96 37 92 21 49 16 75 24 23 43 27 1 48 43 63 6 35 30 79 82 1
39 6 25 79 61 77 3 62 22 39 64 57 14 61 72 7 25 50 54 16 8 80 24 19 94 3 69 5 22 10 40 43 67 8 28 88 93 1
5 63 12 36 91 70 24 64 51 6 61 81 56 61 67 67 46 47 33 32 70 97 29 30 34 11 37 89 77 52 73 30 2 96 66 88 69 0
93 87 85 68 48 25 2 28 2 43 49 95 40 24 16 46 89 94 49 76 89 63 95 58 23 68 25 66 100 30 38 27 29 28 70 78 21 0
85 72 34 36 13 99 37 90 73 17 41 43 28 46 98 66 46 10 38 96 52 69 35 21 91 49 53 96 89 58 29 78 45 82 29 37 99 1
58 71 3 71 79 89 77 58 39 76 98 87 38 28 83 52 44 12 53 10 43 41 57 14 68 20 54 62 5 14 49 86 56 91 48 9 87 1
48 64 60 13 70 92 80 69 41 33 35 88 98 4 96 79 94 43 71 98 61 27 54 89 56 97 27 56 53 46 20 28 40 3 14 100 17 0
39 54 82 52 6 16 77 6 79 76 87 45 67 23 43 41 57 19 31 48 61 64 29 52 5 12 69 71 17 95 72 91 85 68 7 23 26 1
41 18 24 56 4 87 14 67 82 17 73 18 12 35 43 80 12 99 7 96 67 58 76 36 17 30 98 26 62 4 1 73 75 30 27 87 17 0
74 55 43 73 98 47 37 95 7 75 18 39 52 84 72 50 53 77 24 59 66 9 49 70 6 39 73 12 51 89 84 21 11 85 59 15 19 0
28 39 79 87 11 99 9 40 34 71 5 12 29 88 24 5 85 9 16 8 1 98 8 62 96 47 73 30 56 56 33 17 43 34 28 78 91 0
44 84 71 24 81 57 90 56 20 91 69 70 6 82 26 71 53 86 53 32 22 12 26 95 59 40 73 57 86 76 98 57 48 80 17 40 28 1
