30 22
1 0 0 1 0 0 0 0 0 0 0 1 0 0 0 0 0 0 0 1 1 1
0 0 0 0 0 0 0 0 0 1 0 0 0 0 0 0 0 0 0 0 1 0
0 0 0 0 1 0 0 0 1 1 0 0 0 0 1 0 0 0 1 1 0 1
0 0 1 1 1 0 1 1 0 1 0 0 0 0 0 1 0 0 0 0 0 0
1 0 1 0 0 0 0 1 0 0 0 0 0 0 0 1 0 0 1 0 0 0
0 0 0 0 0 0 1 0 0 0 0 0 0 0 0 0 0 0 0 0 0 0
0 0 0 0 0 0 0 0 1 0 0 0 0 0 1 1 1 1 1 0 0 1
0 0 0 1 0 0 0 0 0 0 1 1 0 0 1 0 1 1 1 1 0 0
0 0 0 0 0 0 0 1 0 0 0 0 0 0 0 0 0 0 1 0 0 0
0 1 0 0 1 0 0 1 0 0 1 1 1 0 0 0 0 0 0 1 0 1
1 0 1 0 0 0 0 0 1 1 0 0 0 0 1 1 0 0 1 1 0 1
0 0 1 1 0 0 1 0 0 0 1 0 0 0 0 0 0 0 0 1 1 0
0 0 1 0 0 0 0 0 0 0 0 0 0 1 1 0 1 0 0 1 0 0
0 0 1 0 0 0 0 0 1 1 0 1 1 0 0 0 0 0 0 0 0 0
0 0 0 0 1 0 0 1 0 0 0 0 0 0 0 0 0 0 0 0 0 1
1 0 0 0 0 0 0 0 0 0 0 0 0 1 0 0 1 0 1 1 0 0
0 0 0 0 0 1 1 0 0 0 0 0 0 1 0 0 1 0 1 0 0 1
0 0 0 0 0 0 0 0 1 0 1 0 0 1 1 0 0 0 0 0 0 1
1 1 1 0 0 0 1 0 0 1 0 1 1 0 0 0 0 0 0 0 1 0
0 1 0 0 1 1 1 1 1 0 0 0 0 0 0 1 1 0 0 0 0 0
1 0 1 0 0 0 0 0 0 0 0 0 0 1 0 0 0 0 0 0 0 0
1 0 1 0 0 0 1 1 0 1 0 1 0 0 0 0 1 0 0 0 0 0
0 1 0 1 0 0 0 0 0 0 0 0 0 0 0 0 0 1 0 0 0 0
0 0 0 0 0 1 0 0 0 0 0 0 0 0 0 0 0 0 0 1 0 0
0 0 1 0 0 0 0 0 0 0 0 0 0 0 0 0 0 1 1 0 1 0
0 0 0 0 0 0 1 0 1 0 1 1 0 0 0 0 1 0 0 1 0 1
0 0 0 1 0 0 0 0 0 0 0 1 0 0 0 0 0 0 0 0 1 0
0 1 0 0 0 1 0 0 1 0 1 0 0 0 0 0 0 0 1 0 0 0
0 1 0 1 0 1 0 0 1 1 0 0 0 1 0 1 0 0 1 1 0 0
0 0 0 0 1 0 0 0 0 0 0 0 0 0 0 0 0 0 0 1 0 0
14 19
13 14
16