24
169
4 1
16 19
7 18
19 3
22 7
4 7
24 20
8 3
10 21
4 12
3 14
12 24
5 24
10 8
20 17
6 22
6 8
6 10
1 23
18 13
14 5
1 4
19 15
19 23
24 20
18 15
23 13
9 16
10 7
9 8
16 6
14 20
19 22
17 22
14 22
4 21
8 15
21 22
9 19
11 10
4 2
13 4
13 12
13 23
11 12
20 7
7 24
16 23
19 18
20 7
9 18
4 16
17 12
7 22
23 1
12 2
13 4
4 10
4 1
21 1
9 8
18 24
12 11
17 13
5 15
5 4
4 14
10 14
16 14
24 11
16 13
21 10
21 18
10 1
18 3
23 10
9 3
10 3
23 24
21 8
13 7
18 4
8 18
5 3
5 17
6 9
12 5
19 17
8 11
6 17
1 14
23 10
17 9
17 8
21 19
21 14
19 23
5 8
22 16
15 12
12 13
12 19
8 21
11 18
15 21
9 24
3 9
22 8
10 14
13 15
14 22
12 21
18 16
17 15
5 23
11 10
4 7
2 9
8 24
9 2
8 23
8 23
3 4
11 17
1 19
23 8
10 14
10 2
4 2
23 6
2 4
6 21
5 23
21 7
5 7
18 4
8 4
18 15
24 6
18 22
14 3
21 24
20 5
21 15
23 1
4 10
17 11
21 22
16 10
12 24
1 5
22 12
11 4
12 18
4 20
8 2
23 4
8 6
20 8
22 19
19 14
5 24
3 11
21 10
15 3
4 17
8 3
8 7
22 13
