74 35.49
2 8bit 0.08 432.28 16bit 1.00 942.27
1 16bit 0.86 410.51
1 8bit 0.51 645.02
2 8bit 0.97 861.95 16bit 0.82 946.46
2 8bit 0.61 394.69 16bit 0.87 197.16
1 16bit 0.04 190.67
2 8bit 0.65 933.66 16bit 0.12 18.80
2 8bit 0.32 950.05 16bit 0.89 969.65
2 8bit 0.31 450.47 16bit 0.84 884.52
1 16bit 0.34 701.56
1 8bit 0.86 683.53
2 8bit 0.96 847.18 16bit 0.74 13.37
1 8bit 0.02 775.00
1 8bit 0.21 672.11
2 8bit 0.06 375.14 16bit 0.84 41.16
2 8bit 0.45 736.66 16bit 0.55 224.38
1 16bit 0.17 397.13
2 8bit 0.75 323.21 16bit 0.75 164.91
2 8bit 0.57 75.50 16bit 0.22 917.81
1 8bit 0.49 186.21
2 8bit 0.32 366.85 16bit 0.17 971.27
2 8bit 0.63 771.42 16bit 0.24 829.85
1 8bit 0.29 649.01
1 16bit 0.53 640.86
2 8bit 0.96 94.14 16bit 0.54 717.37
1 16bit 0.64 960.50
2 8bit 0.49 379.14 16bit 0.36 275.33
2 8bit 0.70 567.15 16bit 0.81 841.05
2 8bit 0.25 613.45 16bit 1.00 183.27
2 8bit 0.25 417.89 16bit 0.60 846.86
1 8bit 0.93 428.95
1 16bit 0.77 38.53
2 8bit 0.32 276.65 16bit 0.36 335.25
1 8bit 0.73 172.52
2 8bit 0.19 950.06 16bit 0.85 95.66
2 8bit 0.70 662.29 16bit 0.05 480.91
2 8bit 0.57 293.46 16bit 0.04 421.41
2 8bit 0.31 508.62 16bit 0.89 807.22
1 8bit 0.59 173.16
2 8bit 0.64 119.56 16bit 0.06 330.51
2 8bit 0.61 114.06 16bit 0.77 193.52
1 16bit 0.16 625.72
2 8bit 0.87 256.06 16bit 0.26 155.65
1 8bit 0.59 54.31
2 8bit 0.85 713.12 16bit 0.02 985.09
1 8bit 0.06 148.91
2 8bit 0.04 429.69 16bit 0.12 530.09
2 8bit 0.10 783.43 16bit 0.13 915.92
2 8bit 0.33 448.51 16bit 0.47 202.90
2 8bit 0.53 656.20 16bit 0.21 383.22
1 16bit 0.81 252.64
2 8bit 0.97 84.86 16bit 0.05 399.40
2 8bit 0.07 773.06 16bit 0.60 331.85
2 8bit 0.59 436.28 16bit 0.67 823.18
1 8bit 0.88 693.81
2 8bit 0.54 694.57 16bit 0.82 120.72
1 8bit 0.74 208.22
1 16bit 0.74 962.13
2 8bit 0.10 135.85 16bit 0.35 261.32
1 8bit 0.72 244.14
1 8bit 0.55 218.98
2 8bit 0.08 542.40 16bit 0.88 795.81
2 8bit 0.17 602.50 16bit 0.91 21.43
2 8bit 0.96 499.96 16bit 0.45 264.31
2 8bit 0.52 957.46 16bit 0.34 876.44
2 8bit 0.80 83.68 16bit 0.26 466.97
1 8bit 0.07 967.65
1 16bit 0.99 707.83
1 8bit 0.24 47.78
1 8bit 0.97 460.55
2 8bit 0.77 400.40 16bit 0.86 42.68
2 8bit 0.07 147.84 16bit 0.59 872.48
1 8bit 0.80 100.41
2 8bit 0.57 312.48 16bit 0.96 841.45