100
Il 71927756 71928689 71928059 71927859
TLpUz 71927853
kBqcFXBjIa 71928593 71928150 71928670 71928203 71928437
BEizjo 71928083 71928021
NC 71928474
fvVpUkNUuB 71928011 71927989 71928657 71928390
TWAfzN 71927784 71928403 71928379 71927844
OMJVo 71928481 71928569 71928120 71928657 71927750
I 71928470
ThOYYVFV 71928348 71928033
qfApaPU 71927756 71928523 71928245
OtHIS 71928401 71928375 71928318
JKQsMehuqy 71927826 71927907 71928616 71927862
rsewF 71927973 71927858 71927912
lKMgr 71928590
xBDKG 71928456
UVaYCShuG 71927819 71928661 71928275
iCe 71928570
wnPJbAOiHl 71928559 71928379 71928266 71928527
xKn 71927817 71928023
RBLobMkBx 71928628 71928313
S 71928584 71928434 71928058 71928431 71928113
fEEqhtWhw 71928297 71927997
qmMzmXVVZI 71928365 71928434
XbNDiq 71928470 71928222 71927800 71928108 71928242
pcFqWz 71927933 71928430 71927991 71928444 71928022
GvmhDvYXQT 71928488 71927974 71928704
zmuUJs 71928561 71928298 71928250 71928385 71928014
PghQN 71928549
ZLafSpJRy 71928076 71928300 71928538 71928050 71928599
EhTProQ 71928014 71927853
sWMjNVgqMP 71928324 71928458 71928604 71928742
xoQH 71928275 71927998
YWggqP 71927778 71928561
QgqIx 71928293 71928649 71928158 71927877
AyZzt 71928402 71928396 71928285 71928214
ZtYC 71927799 71928461 71928412 71928019 71927994
CwSCRJh 71928069 71928599
ABFxexbAf 71928527 71928701 71928060
zOoIEEjmGX 71928499
qRiION 71928547 71928275 71928039 71928035 71927791
oIeeyCBq 71928573 71928282
lyYN 71927888
xYX 71927988 71928663 71927826
lI 71927752 71927876
KOZfoPxIPM 71928301
p 71928295 71928233
F 71928608
klNnAniFk 71928731 71928067
aA 71928455 71928233 71928104 71928204 71928404
CtxHobaCxS 71928414 71928506 71928212
SSmkXMWri 71928430 71928017
qgjgfgDp 71928271 71928429
shWhf 71928703 71927763 71928620
ePys 71928281 71928516 71927781 71928071
jDhToHi 71927890 71928407 71928110
ObpSwZ 71928371 71927852 71928418 71928389 71928373
rFQ 71928032 71928059 71928264 71927823
cGRM 71928245 71927953
cKJQnZyvZC 71928397
ybgiL 71928252 71928243 71928712
OuZOoaGKUK 71928088 71928270 71928388
ylqcCuGO 71927786
Xaqu 71928349 71927848
nrX 71928201 71927817
wXh 71928709 71928721 71928327 71928200
Jjiq 71928682 71927950 71927970 71928212 71928323
GdLVRWHUb 71927979 71927952 71928562 71928070
fXRMtGX 71928099 71928153 71928451 71928145
c 71928665 71928399 71928400 71928558
CkJWEs 71928202 71928178 71927999 71927846 71928708
kfq 71928031 71928410
QJebvE 71927777
AvZDmpwA 71927998 71928695 71928502 71928328 71928447
kKHEmGas 71928167 71928350 71928363
XQnyfbd 71927993 71928472 71928257 71928720
ACrdO 71928142 71928285
MerTVES 71928489 71927758 71927958 71928593
ILTipcDV 71927933 71928436
QFtd 71928282 71928503 71928594 71928021
N 71928446
HKI 71927781 71927912
NtkASSdxSg 71928497 71927788
tOEjipK 71928420 71927912 71928094 71928164 71928113
sitdv 71928209 71927947 71927969 71927964 71927974
kO 71928097 71928589 71927826 71927817 71928546
EStZGn 71927998 71928579 71928083
q 71927853 71928236 71928095
kFw 71927921 71928142 71927807 71927859 71928449
fAyNpICeqG 71928441 71927758 71928738 71928183
w 71928026 71928464 71928626
wEMxmu 71927922 71927924 71928284
uDdNRhcRP 71928653 71928211 71928710
LbMNhmKyG 71928125 71928503
i 71927833 71928570 71927818 71928543 71928506
d 71928094 71927979 71928200 71928362
ag 71927825 71927743 71928601 71927979 71927952
mYwDMHWNI 71927960 71928164 71927810
SrYvkIBd 71928121 71928536 71928529 71928047
pa 71927905 71928194 71927850 71928500 71927821