15
300
394 327
404 226
631 115
744 206
222 155
380 199
831 122
932 315
895 254
850 182
771 318
865 185
943 267
593 183
243 211
100 173
227 187
675 193
275 126
230 147
871 162
523 198
66 177
505 273
8 247
922 164
644 290
936 329
822 16
555 254
575 124
199 244
717 279
350 109
870 31
215 246
753 190
944 46
242 382
789 229
696 233
272 289
173 133
328 190
441 74
540 131
810 210
792 46
740 129
23 105
533 676
776 710
628 724
225 744
287 774
357 713
262 815
964 674
104 651
528 713
808 647
735 813
373 755
716 725
980 675
382 632
485 721
883 574
886 787
326 650
987 689
22 592
670 722
856 628
486 716
129 725
105 613
477 575
14 787
584 649
280 682
897 703
430 564
721 702
33 672
57 613
542 572
189 713
788 755
953 679
942 550
41 580
809 630
712 790
471 645
647 627
405 531
144 612
730 566
156 584
273 409
851 367
748 535
881 486
306 351
475 326
292 510
826 532
228 224
872 407
571 379
497 451
52 555
258 361
469 235
267 446
630 511
290 375
880 343
79 365
446 468
756 363
607 426
812 402
367 393
171 456
407 361
830 365
455 463
409 321
787 329
610 299
742 467
703 391
179 294
25 468
35 355
901 330
36 384
65 518
297 368
315 446
89 458
130 435
999 501
414 343
677 316
183 314
434 388
790 324
118 754
927 749
704 824
141 766
651 709
608 775
263 660
440 739
979 768
333 753
327 776
682 691
854 835
149 888
807 614
587 645
345 746
956 722
563 894
74 760
909 854
54 579
154 808
301 685
611 684
905 723
13 629
539 778
226 758
323 764
237 813
429 864
769 713
894 781
795 766
50 773
132 774
349 870
428 706
710 620
977 687
869 803
248 744
531 705
656 656
331 760
547 794
496 767
224 722
286 754
490 744
437 748
629 638
601 748
416 697
640 816
667 743
579 799
663 708
705 711
124 852
949 767
765 675
719 804
370 690
98 751
185 879
285 618
844 718
159 765
902 794
545 633
113 610
884 820
930 675
692 672
622 857
955 738
840 739
352 718
157 635
235 787
259 765
148 746
600 723
621 709
34 805
785 721
12 727
426 775
142 749
805 864
827 592
720 756
928 676
296 657
738 696
623 737
709 740
90 611
30 426
983 492
639 399
556 380
887 289
26 416
828 378
984 391
354 448
653 422
685 376
707 300
76 494
934 530
254 438
702 448
863 470
55 596
216 344
655 436
613 332
421 498
4 458
861 486
162 482
358 549
69 513
395 536
968 384
164 565
256 412
500 416
618 491
546 494
848 384
853 456
73 589
277 352
372 588
109 450
749 282
900 360
763 392
917 420
991 461
654 253
478 484
392 385
293 581
797 448