9158
3 4886
4 794
5 3738
11 2288
12 4875
13 1561
15 1186
19 3631
20 2594
26 2226
27 1421
30 2942
36 898
37 7016
38 4879
40 5534
44 5469
45 4125
46 7850
50 6005
55 4374
56 6256
57 7234
58 371
59 2139
60 3527
61 1232
63 326
69 5465
73 6552
77 1875
80 368
84 2420
85 4972
87 1571
88 7659
89 4450
91 2039
94 6151
96 730
97 7990
100 1917
103 1933
105 7777
106 8364
110 1846
111 5462
112 1918
113 7589
117 7990
118 5646
119 3103
127 8882
131 4385
132 532
134 6747
135 8073
138 4214
140 5648
141 8822
142 6305
143 8020
145 2160
146 157
148 8190
153 5242
155 4193
156 7197
159 6249
163 3615
165 6504
172 6023
173 8482
174 3015
175 3324
181 2188
182 7583
188 1770
192 2783
193 8421
199 4527
205 3737
211 4307
217 3623
224 6252
225 6970
226 2817
227 5850
229 6345
230 6327
231 4907
234 4183
235 6811
236 4830
239 6959
240 2022
241 1947
247 577
248 8266
255 6743
257 573
260 3991
264 1193
268 2492
270 1943
271 680
272 8257
273 9014
275 5984
279 2737
280 2669
281 4752
285 554
286 836
289 460
292 358
293 8436
295 6140
297 4096
300 5261
302 2742
303 1562
305 2551
306 7420
311 1810
314 2041
321 7679
323 8169
324 6611
328 8414
337 7271
341 8145
344 8877
346 2703
349 5616
351 8863
353 8645
359 3377
361 4388
363 5900
365 6385
367 636
369 6847
374 7466
380 6068
382 628
384 1960
385 4179
386 6806
390 6972
395 672
397 909
408 7217
409 325
410 6442
413 3373
414 1619
415 8321
416 7113
418 5053
420 2611
421 853
422 1896
426 1962
429 6020
430 5688
431 741
432 1639
433 290
438 4593
441 4001
447 6640
450 7761
454 166
461 2554
464 528
466 8865
483 3491
486 7667
487 3411
488 1579
491 3243
493 7270
496 6787
498 4493
499 6428
501 2061
502 9120
505 4853
509 3231
513 5869
514 7861
518 5212
525 251
528 7241
529 7094
530 4687
537 3926
539 2074
541 697
542 3175
543 7924
544 8186
547 5398
553 7123
556 2354
559 4568
560 7322
561 169
562 2739
566 7239
569 1997
570 2359
576 5243
582 7325
584 8243
586 7073
587 4708
589 5136
590 7988
594 1815
595 9055
597 993
601 3431
602 7708
603 2864
604 5403
605 5858
613 1245
619 899
620 2059
621 2888
622 1584
628 4096
629 2636
631 8133
632 1049
633 710
636 3019
640 7473
642 846
643 7406
647 478
650 4146
652 32
654 1854
656 1758
664 5048
673 7652
674 4796
675 8364
676 5403
680 1856
681 5471
683 33
33 3448
691 2356
695 7238
696 931
699 2809
702 2251
704 3125
705 5155
708 3974
710 4459
711 3307
715 8856
716 6701
718 7296
722 3103
723 1765
725 4820
727 2738
737 1177
738 5337
742 6436
743 9015
745 2584
748 5993
750 129
129 6870
754 1924
761 1620
764 2892
767 6099
769 1175
770 4282
771 591
591 7011
772 7323
773 1158
775 4135
776 1374
779 5212
780 8391
784 7332
785 4531
786 6003
789 5724
791 4701
795 3329
796 4938
799 218
804 1497
808 1703
812 5412
815 287
816 1184
821 222
222 8848
825 360
360 6449
827 8113
828 5353
834 8337
837 807
838 3658
843 2458
844 3184
848 6695
854 3968
859 8243
861 4878
863 6716
864 1308
866 4973
869 557
877 5064
878 8985
881 3694
885 4797
886 1183
888 7631
890 412
896 9132
897 3645
900 6832
903 6463
909 6664
913 2941
916 42
921 1254
923 2465
924 731
925 8269
926 7036
927 1113
928 6148
929 340
930 4949
931 4930
932 6424
934 1003
937 424
424 6387
939 5176
942 8740
944 805
945 2333
947 1895
948 2732
954 889
889 1353
961 2314
963 5044
964 7266
969 904
970 5210
971 1594
974 8002
975 8403
983 5876
989 1759
990 3962
998 3639
1000 3649
1001 3411
1002 1208
1008 3005
1014 98
98 8981
1015 5586
1016 3750
1019 7461
1020 6751
1021 376
1023 6159
1024 3406
1029 2865
1030 6080
1032 7906
1034 5401
1037 2461
1038 5034
1043 7978
1044 122
1049 167
1050 653
1056 8379
1058 8712
1065 5194
1068 7202
1069 1342
1070 7306
1071 445
445 6627
1072 7931
1073 4143
1082 2728
1083 846
1091 2049
1092 5860
1093 2390
1094 1172
1097 7054
1098 8481
1103 1196
1106 4317
1107 3177
1108 5763
1109 5165
1110 7024
1111 6551
1114 3232
1116 1424
1118 7547
1123 101
1124 8686
1126 7180
1127 5102
1128 2084
1129 2386
1133 9073
1136 4517
1139 1017
1141 9079
1144 3779
1146 5550
1149 5845
1150 4175
1151 6175
1152 1203
1154 1214
1156 1959
1161 283
1162 8379
1165 8669
1168 2906
1170 510
1171 8689
1176 3742
1180 809
1181 6817
1183 5441
1186 2775
1187 740
740 7362
1188 2493
1189 1454
1190 5461
1193 5377
1194 9125
1202 5663
1205 5623
1206 1947
1207 9033
1209 2126
1216 3107
1218 6877
1219 2302
1223 1100
1224 6044
1225 4140
1229 7280
1230 3559
1233 2369
1237 5977
1238 4698
1239 7429
1240 3979
1243 6458
1245 2049
1246 7633
1247 6830
1250 8796
1252 1436
1254 8005
1255 4755
1258 9067
1259 599
1260 6155
1268 8278
1269 5837
1270 4947
1275 4036
1277 6773
1278 5052
1280 2761
1281 1843
1284 7603
1287 7055
1291 2426
1292 6595
1293 1512
1294 5790
1305 6935
1306 6329
1307 3451
1310 1217
1217 2259
1313 6575
1315 4933
1316 8485
1317 1236
1322 5043
1323 419
419 3052
1324 6817
1328 8337
1335 2330
1338 5420
1340 9144
1347 5397
1350 301
301 6204
1353 4450
1355 8474
1361 2925
1366 356
356 4942
1369 5563
1370 6518
1373 8552
1384 4452
1385 2570
1387 6950
1389 5862
1392 1004
1004 102
1393 4012
1395 1468
1397 1485
1403 581
581 2322
1404 2230
1407 3904
1408 6843
1409 3027
1410 7153
1411 8310
1423 2676
1424 2209
1427 4347
1429 4408
1431 220
1433 5909
1434 4658
1435 1081
1436 9024
1444 6035
1447 6716
1448 5444
1449 3913
1450 176
1457 5370
1458 4811
1460 2438
1463 8313
1470 6592
1472 3105
1473 5783
1474 5028
1475 6748
1476 9117
1477 4318
1480 7492
1483 689
1486 2931
1487 5732
1488 1295
1295 946
1489 5587
1491 5116
1492 8798
1494 5796
1495 4389
1501 4521
1506 7898
1509 7144
1515 2546
1516 8151
1517 4604
1523 7113
1527 4807
1528 2544
1529 4859
1531 1555
1533 4067
1536 180
180 6046
1538 5256
1540 4773
1541 1422
1422 7417
1542 4897
1544 3008
1549 8418
1550 7506
1556 3358
1558 6521
1561 4758
1562 7524
1563 527
1564 5163
1565 7538
1566 3314
1568 1383
1569 2151
1573 6412
1574 6099
1576 4534
1581 5624
1584 8809
1586 2392
1587 4996
1588 6953
1589 5333
1591 6137
1593 7449
1599 2409
1601 2222
1605 402
1606 5451
1607 5103
1608 1420
1613 3994
1615 7977
1619 5698
1620 6020
1622 2429
1623 4703
1625 5023
1630 3830
1636 7723
1638 847
847 7721
1639 7067
1643 4363
1649 8000
1652 460
1655 2055
1663 5265
1664 993
993 2843
1665 8394
1671 941
941 4021
1673 6761
1675 648
648 8204
1676 207
1677 5521
1679 6158
1680 3824
1683 2828
1690 2155
1692 7855
1693 5512
1694 6613
1695 290
290 7275
1697 210
1698 5555
1699 7285
1700 829
1702 8906
1703 2340
1706 3756
1707 6262
1711 366
1712 3481
1713 4213
1714 2291
1716 800
800 209
1720 3040
1724 8767
1725 952
952 7257
1727 7679
1730 7470
1731 6596
1735 2452
1736 362
362 2550
1740 4404
1745 3252
1746 962
1748 212
212 5366
1749 7252
1752 8347
1756 7679
1757 8726
1758 4381
1760 5015
1763 3098
1765 4330
1768 3429
1773 1167
1167 884
1775 8584
1780 3715
1783 1215
1785 5066
1786 4831
1792 2235
1793 4071
1795 7131
1797 2390
1798 5840
1799 3207
1802 3665
1803 7538
1804 706
706 5251
1805 8590
1806 2959
1809 6876
1812 5135
1816 43
43 6148
1822 7428
1823 1729
1825 4603
1829 2055
1834 7280
1837 2488
1839 393
1840 7862
1841 1079
1079 4374
1843 721
721 8495
1851 7464
1853 6993
1861 1153
1863 4846
1865 4981
1868 4345
1869 1973
1871 2990
1872 7275
1875 5788
1876 6883
1877 5706
1878 3687
1879 7229
1882 6622
1889 7949
1891 2534
1894 4038
1895 1390
1896 4241
1897 8119
1898 4072
1899 4477
1904 4088
1906 8626
1907 2143
1908 9028
1910 8152
1912 2265
1914 3265
1915 766
1918 8755
1923 6672
1925 5759
1928 574
1930 732
1931 6649
1932 6897
1934 2139
1935 7235
1939 8667
1940 892
1944 3953
1946 1751
1954 368
368 4007
1955 8525
1960 3425
1961 1774
1964 427
1966 3233
1967 4621
1969 3463
1972 4456
1976 2081
1977 8609
1979 8872
1981 8706
1983 1590
1984 179
179 4167
1985 1080
1080 7580
1986 519
1988 400
1989 9145
1991 1833
1992 6551
1993 7149
1994 7495
1996 6083
2000 3507
2006 8470
2011 9039
2012 5990
2018 325
325 1633
2020 7310
2022 5120
2023 2253
2024 3991
2027 4467
2029 7199
2030 610
2035 1774
1774 5824
2037 6546
2038 7253
2039 5403
2045 2305
2046 6064
2048 4770
2052 8493
2053 6670
2054 449
2055 6286
2058 2995
2060 3311
2062 968
2063 2204
2066 2400
2070 1174
1174 8378
2072 5758
2080 6918
2081 3079
2089 8183
2092 3364
2095 2036
2100 757
2101 8939
2102 955
955 6927
2103 8651
2107 3298
2108 6482
2112 4613
2113 8739
2116 9057
2118 5891
2120 7809
2123 978
2124 4662
2125 1811
1811 4574
2130 1135
2133 6409
2134 473
2135 567
2136 6149
2137 4726
2138 9003
2149 2277
2150 3574
2152 6438
2153 5804
2156 1081
1081 6530
2157 2944
2158 1956
1956 3968
2159 1945
1945 1262
2161 7000
2167 25
2172 8541
2173 6045
2180 8881
2182 2843
2186 659
2187 4737
2188 5542
2189 3339
2192 1159
2194 383
383 7794
2195 6615
2200 3773
2202 4796
2203 5164
2207 8056
2210 5942
2211 5814
2219 8113
2220 162
2222 6723
2224 1456
2225 8261
2227 5703
2229 8776
2232 5241
2234 8133
2235 6018
2237 1329
1329 5935
2238 5427
2239 7929
2242 6258
2243 4401
2244 6564
2245 3202
2246 7744
2249 7052
2251 5378
2252 5489
2253 9103
2254 219
2256 7774
2258 4462
2259 5950
2260 644
644 8585
2261 4827
2263 5716
2266 5698
2268 2710
2269 2505
2272 8995
2273 8078
2279 6444
2281 2382
2282 2310
2288 7705
2292 7666
2297 5319
2298 3557
2299 7060
2304 4155
2311 4456
2313 5526
2318 2247
2247 485
2319 4945
2321 5290
2324 580
580 6593
2325 8933
2328 1244
1244 4945
2332 3112
2338 8806
2339 8796
2341 902
2342 2423
2343 7465
2344 7670
2345 263
2347 6732
2348 370
2349 2652
2351 1808
1808 3503
2355 8
2356 7920
2357 994
994 4191
2358 8485
2361 883
2363 3839
2364 1261
2368 1728
2374 3931
2375 9082
2376 4865
2379 615
2381 4525
2387 7556
2389 7134
2390 1585
2393 7427
2397 8329
2398 6015
2399 912
912 2170
2170 6731
2403 2111
2111 3950
2406 3800
2410 3213
2411 1442
2416 6920
2417 1790
1790 1402
2418 9094
2420 7546
2422 1666
2423 2613
2425 3961
2427 3341
2428 8743
2431 2688
2437 1767
1767 3998
2439 2255
2441 8881
2442 2432
2432 6487
2445 8117
2446 1854
1854 1965
2449 1560
2452 4050
2455 3753
2456 6426
2458 3096
2459 3679
2460 7342
2461 1078
2464 2076
2466 3248
2469 5148
2473 8346
2475 1701
2476 8477
2478 3001
2483 8788
2491 4657
2492 5044
2495 3408
2497 7262
2498 5559
2499 5357
2500 666
666 8698
2503 6857
2504 906
2506 6334
2507 6038
2509 6235
2513 5127
2514 4186
2517 1203
2523 4903
2524 3517
2529 435
435 6912
2531 792
2532 5509
2533 8799
2536 8252
2537 4053
2539 4578
2542 8986
2543 2071
2071 187
2545 1440
2546 8160
2547 1059
2548 8176
2553 101
101 5191
2558 9069
2559 3165
2561 5220
2563 2463
2463 5189
2565 5582
2568 1273
2570 8596
2572 3448
2573 3032
2576 2615
2577 4796
2582 4426
2586 7367
2587 8451
2588 7566
2590 4374
2591 8298
2595 299
299 984
2598 7519
2603 6466
2604 3664
2605 7723
2606 371
2609 1482
1482 996
996 2515
2612 1833
2613 1309
2614 5551
2615 7950
2622 714
2623 1371
2624 1592
2625 347
2627 6626
2628 7289
2632 4236
2634 4664
2639 296
296 8438
2640 1054
2641 732
2642 1042
2643 482
482 8540
2647 6750
2655 2866
2656 3865
2657 8683
2662 6869
2663 8912
2667 8431
2668 8156
2671 7915
2672 6339
2673 8236
2676 7851
2677 115
115 2863
2678 2
2680 4629
2681 2400
2400 2162
2682 2661
2684 835
2686 5906
2689 2666
2666 7096
2690 574
574 355
355 6527
2692 42
42 855
2695 1421
2697 4476
2698 6982
2701 4533
2709 7275
2710 8206
2713 3429
2714 2744
2717 6076
2721 7805
2722 2056
2723 4425
2724 6759
2725 6931
2728 672
672 331
331 5984
2729 164
2730 1777
2741 6765
2744 4036
2745 8767
2746 358
2747 6359
2749 979
2750 2902
2752 6250
2753 6746
2756 191
2758 2702
2702 8579
2759 2550
2764 8192
2765 4471
2768 6541
2769 2889
2770 3412
2771 5405
2774 4439
2777 3646
2780 3741
2782 4079
2787 3781
2788 614
2793 6913
2797 7688
2800 8422
2803 2877
2805 2521
2521 1096
2808 7747
2810 8428
2814 5126
2815 7845
2816 8388
2817 4933
2818 6250
2819 7772
2820 5099
2822 4133
2824 6536
2825 6912
2828 6701
2829 17
2832 5492
2833 51
2834 662
662 8899
2837 8630
2838 4001
2839 3334
2842 7949
2843 8430
2848 6444
2849 5289
2856 5296
2857 7766
2859 2316
2860 1485
1485 342
342 150
150 1301
2862 440
440 1182
1182 2742
2864 3070
2867 4500
2868 4066
2870 8315
2871 7234
2872 1678
2874 724
724 7534
2876 2635
2878 244
2879 6632
2883 3253
2884 8011
2885 2679
2886 3112
2888 8816
2889 1718
2891 5012
2895 5356
2896 4752
2898 2863
2863 2155
2899 3884
2902 6326
2903 1197
2904 8255
2906 2731
2731 6114
2910 2082
2914 1013
1013 7648
2915 5441
2916 6136
2919 5764
2924 6375
2926 7838
2928 545
2931 6187
2933 8663
2938 2293
2943 458
2944 8891
2946 3390
2949 3780
2950 7455
2952 4592
2955 8086
2957 7900
2960 7183
2964 9001
2965 4869
2971 2087
2087 4068
2977 4481
2979 4496
2981 3974
2987 6084
2988 4855
2992 2738
2993 128
128 1346
2997 5419
2998 7933
2999 2706
2706 6935
3001 2489
3002 943
3003 5381
3004 7613
3005 2049
3010 8644
3013 6684
3018 1257
1257 6163
3019 2127
3020 14
3022 3624
3024 753
3025 7068
3028 1917
1917 4663
3029 5277
3030 8595
3032 5463
3033 9158
3035 1454
3036 4089
3038 3012
3012 692
692 3724
3039 7110
3042 7709
3044 5470
3045 6634
3049 5887
3050 7802
3051 2789
3052 3693
3054 3884
3055 3775
3056 1570
3057 4799
3058 4446
3064 4790
3066 3726
3067 1718
1718 6452
3068 6475
3070 5518
3071 8892
3076 7294
3077 8925
3078 2658
3085 9069
3091 4519
3092 107
107 3290
3095 7153
3098 75
3100 6486
3102 7355
3103 3558
3109 8968
3112 638
638 1508
3114 6291
3116 6779
3119 6033
3128 833
3129 7126
3135 7645
3137 755
3138 1312
1312 5037
3140 8246
3141 5675
3143 3410
3147 122
3149 3391
3154 7591
3156 2599
3158 1776
3160 6545
3162 6352
3164 8852
3169 8642
3170 1067
3171 5624
3173 7221
3174 8934
3177 8606
3179 2791
3182 4831
3185 8713
3186 1847
3188 5418
3189 577
3190 6632
3191 4627
3192 7149
3193 8070
3194 8875
3195 4600
3198 874
3200 7186
3202 71
71 2852
3204 3288
3208 895
3209 5524
3211 4247
3215 6882
3216 2296
3220 371
3221 7933
3223 7161
3230 7255
3231 8006
3233 3743
3234 6997
3235 1848
3237 1035
1035 6170
3238 1813
3241 2352
2352 7852
3245 679
679 5006
3249 4340
3251 2436
3252 5303
3253 6303
3254 5743
3255 5181
3256 7025
3259 2105
2105 8641
3263 7968
3264 1027
3268 905
3269 7231
3270 6018
3276 1761
3277 3886
3278 3613
3279 8397
3285 3072
3288 3619
3292 5041
3294 6557
3297 1911
1911 6728
3298 6932
3300 277
277 3754
3301 588
588 8848
3303 1440
3310 4524
3312 7114
3316 1099
3319 1739
1739 2284
2284 7781
3323 7951
3325 8757
3329 6743
3331 7173
3332 8994
3333 5610
3334 5855
3336 6912
3343 1852
3348 2626
3349 2435
3350 1883
3351 3967
3353 736
3354 7505
3356 1741
1741 2715
3357 6757
3362 7815
3365 5302
3369 6125
3370 6221
3372 797
797 2065
2065 2544
3375 278
3376 1359
3377 4595
3379 8954
3380 5902
3381 871
871 728
728 5773
3382 5237
3383 872
3385 4493
3390 5926
3392 7839
3394 7643
3396 4971
3397 571
571 1629
3399 2956
3402 3622
3404 480
480 5170
3405 3464
3406 1604
3409 5619
3411 876
3412 5816
3413 6810
3415 7617
3416 8627
3417 2755
3419 1453
1453 7685
3421 2665
2665 762
762 1633
3423 7488
3424 1617
3428 1055
3435 2705
3436 8749
3437 2380
3440 1867
3441 8469
3446 1987
3447 6085
3451 261
3457 1300
1300 830
830 8978
3462 4277
3463 2049
3469 8839
3470 8812
3473 8338
3474 6404
3476 3282
3478 7135
3479 394
3480 4976
3482 7709
3483 6446
3486 434
3487 462
3488 8521
3491 4511
3493 6891
3495 1814
3497 3060
3060 3560
3498 6167
3499 4003
3500 5950
3505 5053
3506 4836
3507 6151
3509 5213
3510 1251
3511 3997
3513 3121
3516 4367
3518 8029
3524 1820
3525 8062
3526 6592
3527 2098
3528 7923
3534 3374
3538 7314
3539 17
3541 3993
3542 4969
3543 7078
3544 1432
3545 5962
3546 3749
3547 5454
3550 891
3552 2648
2648 5981
3554 6608
3555 5915
3557 5274
3558 8314
3561 1505
3562 3826
3563 2240
3564 3107
3107 2217
3565 6083
3566 1067
3568 7967
3571 991
991 5334
3574 5739
3576 2635
2635 1051
1051 7168
3580 4387
3582 9031
3588 6959
3591 6218
3593 4554
3594 4272
3598 8711
3603 5717
3605 3895
3608 3760
3609 7707
3613 4594
3614 3595
3595 3432
3432 4353
3615 394
394 2402
3617 1314
3618 7765
3620 4073
3623 8939
3627 8460
3629 2880
2880 8581
3633 3915
3634 5744
3635 1965
1965 7506
3639 2415
3641 2360
3643 3180
3653 2330
3654 2436
2436 1762
3655 8160
3657 3685
3660 4174
3664 1115
1115 2954
3669 7068
3670 5150
3671 5642
3674 3086
3675 8173
3678 350
350 204
3681 1248
3682 7752
3683 5517
3685 2761
3686 2360
2360 7371
3687 5852
3688 7641
3692 946
946 6782
3694 3232
3695 7296
3698 8773
3699 2651
2651 6755
3702 5625
3703 8584
3704 5220
3710 8456
3714 6744
3715 1628
1628 8712
3717 473
3719 4804
3720 953
3721 2166
2166 1832
3722 8018
3724 3820
3726 5252
3728 4059
3730 6594
3736 345
3737 3656
3656 8140
3739 3117
3740 1454
3742 8250
3745 5489
3746 4790
3747 2010
2010 5566
3748 1363
1363 5582
3749 733
733 4422
3750 7427
3751 6097
3752 6297
3754 1551
3755 3261
3261 684
3760 9089
3761 1264
1264 2391
2391 4704
3767 8106
3768 4582
3769 8596
3770 2520
3772 3619
3774 8436
3780 5710
3781 2658
2658 6823
3783 5300
3786 1500
3788 1414
1414 8342
3790 3227
3793 6822
3794 1018
3796 6064
3797 1336
3803 2440
3806 9134
3809 1924
1924 8562
3810 4074
3812 548
3813 7587
3814 9074
3815 7564
3816 8162
3819 4226
3821 2616
2616 4336
3822 1943
1943 5793
3823 3159
3826 1299
1299 2486
3828 256
3829 4609
3831 6050
3832 3090
3090 4095
3833 3817
3834 2206
3836 616
3838 1337
3841 579
3842 1
3844 894
3848 3765
3853 1885
1885 2569
3854 4253
3858 2179
3861 2982
3862 2650
3863 6295
3864 1953
1953 6478
3865 4275
3866 6726
3867 5753
3868 7917
3869 5842
3872 41
41 4536
3875 5217
3877 6305
3882 4338
3887 3948
3890 484
3893 6472
3895 5788
3896 2718
2718 4781
3897 3196
3900 4690
3901 2652
3902 2969
3904 2294
2294 516
3913 6677
3916 922
922 7491
3918 4643
3920 8976
3922 2851
3923 1846
1846 6569
3924 1609
1609 2801
3925 1345
1345 8176
3926 6571
3930 5191
3932 2278
2278 7310
3933 3317
3939 1776
1776 2025
3940 1701
3942 3167
3167 7126
3944 5156
3947 4348
3950 2535
3955 5564
3957 1204
3959 4794
3960 8417
3961 1633
3965 8838
3969 8977
3972 5170
3975 982
982 4666
3976 251
3984 7016
3985 4760
3986 3489
3988 1661
3991 2685
3992 411
411 7936
3998 8884
3999 8039
4001 551
4002 4335
4003 4591
4007 4540
4008 3418
4010 7266
4011 1251
4012 452
452 3878
3878 8592
4015 3295
4016 495
4020 8012
4022 7721
4023 4243
4025 377
377 3338
4026 4878
4030 5962
4034 75
4037 4400
4038 8089
4039 6748
4041 3460
3460 7702
4042 894
4046 1026
1026 8832
4047 1824
4049 6914
4050 3804
3804 8872
4051 218
4053 9041
4055 1789
4056 6052
4058 327
4063 979
4064 2700
4065 3165
3165 2551
4068 8074
4069 4802
4070 1131
4074 2216
2216 1226
4076 7062
4077 4434
4083 788
4084 9056
4089 5862
4090 653
653 2310
4091 1066
4094 3122
3122 698
698 5231
4095 7928
4096 6121
4106 985
4107 3805
4108 4794
4110 5851
4113 2223
2223 4138
4114 735
735 7005
4116 8538
4118 1557
4120 1738
4122 5175
4123 731
4125 1303
1303 3123
3123 3046
4130 5723
4132 8388
4136 7008
4137 5114
4144 8274
4152 2583
4153 1715
4154 2599
2599 4131
4155 4936
4156 2236
2236 768
768 876
4157 6868
4159 6357
4162 5614
4164 52
52 4216
4165 2174
4166 2302
2302 5428
4168 8323
4169 5911
4171 3857
4174 4097
4176 3184
3184 3579
4179 6806
4180 4553
4189 7204
4192 7865
4195 3572
3572 6454
4199 465
4200 8897
4204 4453
4206 4690
4207 1137
4209 5403
4212 7415
4213 8948
4214 7407
4215 6439
4216 1348
4221 2961
2961 3361
3361 777
4222 1314
1314 966
4223 2990
2990 7090
4224 1318
4226 5279
4227 2761
2761 478
478 3873
4229 3037
3037 3503
4230 3150
3150 7508
4234 1096
1096 2096
2096 4539
4236 3763
3763 5142
4240 6047
4241 6207
4242 3993
4243 4977
4245 3311
3311 7393
4246 7019
4247 434
4250 7656
4251 6589
4254 8256
4255 232
232 338
338 8874
4257 5527
4258 4910
4259 5073
4261 2645
2645 3290
3290 8458
4262 6903
4270 5971
4276 958
4279 9038
4280 1249
1249 956
956 1336
4282 3855
4286 512
4287 5822
4288 3712
3712 5056
4289 2707
2707 7022
4290 4627
4292 9027
4293 4553
4294 5405
4297 8541
4303 6702
4304 5584
4305 3778
3778 6861
4306 4982
4308 5015
4310 1560
4312 8880
4315 1621
1621 2607
2607 2004
4317 1120
4318 635
4319 2350
2350 6818
4320 8410
4322 7357
4324 3212
4325 5494
4326 7413
4330 3330
4332 4281
4281 6642
4334 6901
4335 6622
4336 5328
4337 7828
4338 4758
4340 8816
4341 3345
4344 6618
4346 5810
4347 1782
1782 6825
4348 5213
4350 6585
4355 1572
4356 623
4360 5127
4361 3529
4367 5933
4368 197
4370 3461
4371 5273
4377 5522
4378 497
4380 8393
4381 6013
4385 1251
1251 9059
4386 7902
4389 7380
4390 2703
2703 6958
4394 5582
4395 4044
4396 2841
4397 7687
4399 3983
4400 21
21 635
635 7282
4401 4085
4085 2593
2593 5467
4402 2094
4405 3452
3452 3074
3074 6199
4406 2467
2467 6696
4409 3908
3908 8006
4411 6121
4412 6667
4414 6089
4420 6489
4421 8218
4423 3718
4425 6160
4426 2535
4428 6082
4433 8202
4434 5393
4435 3271
3271 4444
4438 4362
4439 1339
1339 6001
4440 3936
4445 8717
4449 7594
4450 3711
3711 7997
4452 824
4453 9109
4455 1358
1358 4190
4458 957
957 7295
4462 3445
3445 3434
4463 160
4464 326
4467 5900
4468 4354
4470 7035
4471 1674
1674 3807
4472 3732
4473 1490
4475 7310
4487 2694
4488 4522
4490 3295
3295 1074
4491 8773
4493 8547
4494 2099
4497 7011
4500 1781
4502 62
62 573
4503 8155
4504 7271
4508 2477
2477 9152
4513 4959
4514 6241
4515 8736
4518 3403
4520 288
288 7581
4523 992
4525 2171
2171 1650
1650 2580
2580 5467
4526 3262
3262 2028
4530 6833
4531 7565
4533 3741
3741 9
9 4075
4075 1164
4536 3787
3787 7375
4537 3088
3088 8807
4541 3011
3011 3963
4542 7709
4543 774
4545 3706
3706 1640
1640 5005
4546 4143
4547 3096
4549 1195
1195 6233
4551 7278
4553 3046
3046 2122
4557 194
194 221
4558 5468
4559 425
425 3007
3007 7283
4560 4300
4300 8196
4561 5666
4562 2976
4563 1867
1867 3134
4564 2362
2362 592
4566 5342
4567 670
670 4690
4582 4375
4375 8607
4583 327
327 8470
4584 3099
3099 875
875 3342
4586 2567
4588 3776
3776 2585
4591 6428
4594 6646
4595 2921
4596 2508
4597 8095
4603 2555
4608 7618
4612 5258
4613 6951
4618 6699
4619 3449
4623 1633
4625 8153
4630 3386
3386 9063
4632 557
557 4436
4634 90
90 4296
4637 2
4638 8963
4640 1382
4641 3914
3914 5252
4642 4699
4645 6380
4646 4197
4647 2419
4648 5562
4650 519
519 5182
4652 3600
4653 4365
4654 7433
4656 4031
4031 4796
4657 3964
4659 6321
4661 3735
4667 6787
4669 3305
4670 5232
4671 8937
4672 492
4674 2494
2494 2285
4676 2208
4678 5560
4682 4662
4662 1759
4684 6018
4686 8017
4688 8392
4689 3117
3117 7676
4690 5838
4691 9006
4697 2557
4698 2956
4700 3047
4701 1672
4702 1304
1304 836
836 6575
4704 938
938 9066
4706 8584
4707 918
4709 5630
4711 8818
4713 8114
4714 819
4715 904
4719 5484
4720 1582
1582 7022
4724 3305
3305 853
4725 3905
3905 2462
2462 1464
4726 4146
4730 4573
4732 2412
4733 5473
4736 357
357 4875
4737 4044
4739 3560
3560 4057
4740 1980
4744 6348
4747 2005
4748 3232
4749 2584
4750 1646
4751 540
4752 1503
4753 197
197 16
16 7672
4754 7586
4757 5924
4761 1135
4763 5163
4764 6706
4766 6915
4767 8452
4768 7031
4769 308
4770 578
4771 4160
4772 510
4775 3773
4776 2044
4777 4835
4780 2004
2004 7540
4781 8007
4782 3977
3977 6962
4783 690
690 5847
4784 5903
4785 5355
4786 8761
4787 8897
4788 6742
4790 448
4791 5326
4792 1119
1119 6792
4795 4249
4797 8818
4800 391
391 5089
4801 1794
4802 3570
3570 9019
4803 8229
4806 5451
4808 1041
1041 5552
4810 6825
4811 4220
4812 407
407 2844
2844 1686
4815 6899
4817 1089
1089 1132
1132 2109
2109 3273
4818 2974
4819 1583
1583 7622
4820 7335
4821 5924
4826 3837
3837 7381
4829 3713
4831 4969
4833 8983
4836 2966
4837 6280
4841 3293
3293 8490
4843 7086
4852 4302
4302 8569
4853 8099
4854 6460
4857 4614
4614 8293
4859 7852
4861 1949
1949 5034
4862 7590
4864 4685
4685 572
572 8329
4865 5881
4867 7845
4868 4299
4869 709
4871 4823
4823 2021
4882 4362
4883 463
463 7404
4889 6795
4892 8658
4894 6139
4895 5877
4896 6245
4898 3663
3663 4681
4681 4431
4431 2164
4900 4492
4902 9154
4909 5247
4916 2629
4917 5784
4918 2921
2921 5466
4920 7081
4922 5770
4924 3426
4925 2512
4926 7443
4927 123
4929 4419
4931 3649
3649 3520
4933 3105
4934 6704
4936 8780
4937 4271
4271 4285
4285 2305
2305 34
34 5897
4940 8778
4941 6859
4942 4126
4126 2550
4943 3196
4947 5723
4949 6337
4950 4479
4479 1505
1505 5072
4953 7924
4954 5181
4958 5547
4959 7781
4960 531
4962 2003
4963 2912
2912 86
4964 8085
4965 1753
1753 3368
3368 3907
4966 1334
1334 8990
4969 8789
4977 609
4979 2424
2424 4225
4980 9150
4981 4844
4984 4465
4465 8916
4985 8222
4988 5876
4989 5663
4990 5296
4992 6799
4997 2
2 1192
5000 4729
4729 8077
5002 4466
5005 2796
5020 8215
5022 7035
5023 1331
5024 5243
5025 7739
5028 7253
5029 3410
5031 6555
5032 214
5035 2893
5036 2033
5037 8978
5041 6905
5043 7005
5046 7141
5047 9086
5049 2098
5050 347
5055 3909
5059 4391
4391 3537
3537 1214
5062 2073
5063 4124
4124 5249
5068 5315
5069 1048
5070 3661
5071 7238
5074 4374
5075 1571
5076 7814
5079 3104
5081 1933
5082 3709
3709 6807
5084 3503
5094 444
5096 4454
5098 7058
5101 6985
5103 7705
5104 4639
5105 2633
5106 8363
5108 3015
3015 9121
5109 7020
5111 8573
5112 3899
3899 6298
5113 1222
5114 4365
4365 250
5115 6689
5116 7579
5117 778
778 7439
5122 7036
5124 3805
3805 2197
2197 1971
5125 910
910 7305
5126 8762
5127 6057
5128 3083
3083 5466
5130 5777
5133 4624
4624 7366
5135 434
434 4029
5138 8826
5147 850
5149 8401
5150 5185
5151 3196
5152 2433
5153 1555
1555 9016
5157 7471
5158 4115
5159 7836
5161 4454
4454 4474
4474 6410
5162 6332
5167 1067
1067 8609
5172 4765
5173 2076
2076 7685
5176 5805
5179 7517
5180 5385
5181 8618
5186 3725
5188 2664
2664 1208
1208 8722
5189 5257
5190 387
387 1726
1726 8111
5193 5205
5196 9033
5198 1337
5201 7414
5202 615
615 852
852 3430
3430 6484
5203 6158
5206 7720
5207 2127
5208 4150
5211 2734
2734 2307
2307 8200
5213 5091
5217 4249
5218 7504
5225 6490
5227 6483
5228 9146
5229 201
201 3281
3281 554
5230 6553
5231 3630
3630 7032
5232 4333
4333 2650
5239 6741
5240 6696
5241 8055
5242 6065
5245 8933
5246 6852
5248 5543
5252 8750
5253 935
935 2126
5254 7995
5256 3340
3340 2853
5259 3317
3317 1721
5261 6053
5263 2106
5264 5351
5270 8100
5274 8142
5275 1831
5278 162
5279 2909
5282 8749
5283 820
820 335
335 5300
5287 5443
5288 5532
5289 3849
3849 5456
5290 7111
5293 8246
5295 7881
5296 6462
5297 5092
5092 4987
5298 2811
5304 1398
1398 2371
5306 9017
5307 7623
5308 423
423 2145
5309 7441
5310 2414
5313 8561
5316 5185
5185 5209
5209 309
309 8458
5319 5588
5321 8457
5322 7773
5329 4134
5330 5716
5332 2146
5337 6132
5338 6636
5343 3286
3286 7532
5349 8898
5350 4138
5353 726
5354 3517
3517 6036
5356 7104
5357 5488
5361 6023
5362 4721
5368 256
256 5315
5315 9004
5371 5968
5373 9156
5374 2911
2911 3306
3306 1009
5375 3034
5378 8807
5380 3203
3203 4419
5382 2291
5385 25
25 4263
5386 4840
4840 4323
5389 6459
5390 6727
5391 3966
5398 6733
5401 8087
5402 8847
5403 8492
5404 7417
5405 2129
2129 1670
5407 4211
5408 6275
5409 2174
2174 5618
5410 2852
5412 5740
5413 3800
3800 3835
3835 3624
5414 3860
3860 6401
5417 5612
5418 1978
1978 3291
3291 2913
5419 1319
5420 1570
5422 3931
3931 4875
4875 1142
1142 6623
5423 661
5428 8279
5429 6212
5430 2978
2978 1656
5431 1634
5434 1432
1432 5326
5436 4850
5439 3553
3553 3990
5442 4466
4466 4722
4722 8696
5443 5045
5449 2106
2106 5903
5451 8349
5455 405
5458 2069
2069 186
186 5244
5244 18
5459 6246
5460 713
713 7150
5461 8170
5462 1352
5463 5991
5464 2322
2322 5178
5465 4610
5468 7091
5471 8510
5472 8251
5474 2894
5480 8219
5481 2489
2489 8621
5482 1770
5485 7983
5486 7820
5488 2098
2098 8333
5489 6048
5490 8792
5491 6489
5493 5080
5495 2865
5496 2164
5498 5182
5503 5563
5505 4478
5511 8401
5513 5766
5515 2683
5518 2683
2683 6087
5519 5475
5475 3408
3408 2044
5521 5684
5523 5137
5137 403
5524 3758
3758 1074
1074 5400
5525 4295
5526 7282
5527 7393
5529 6984
5531 3997
5533 5890
5534 437
437 215
215 7360
5537 801
801 756
5540 4112
5541 8027
5543 4427
4427 1121
5544 282
5545 123
123 5038
5038 4532
5551 8136
5552 5427
5553 1784
1784 2337
5554 555
555 4004
4004 2920
5557 895
895 5773
5560 1578
1578 9066
5562 238
238 443
443 8492
5565 7210
5568 5646
5569 7420
5572 3600
5574 8979
5576 8671
5577 2866
2866 3373
5579 6871
5581 4481
5582 252
252 8499
5586 3753
3753 307
307 2858
2858 8321
5587 2206
2206 7483
5588 6648
5589 5314
5590 2953
2953 2215
5593 1265
1265 7822
5594 2214
2214 7005
5597 810
810 4127
4127 6987
5600 2296
5601 2421
2421 3536
5602 658
658 32
32 378
378 1428
1428 2213
2213 7837
5603 3429
3429 7809
5604 7699
5607 2982
2982 2021
2021 7678
5611 2044
5612 326
326 7293
5613 7815
5616 5364
5364 851
5619 2893
5620 4220
5622 645
645 997
997 2205
2205 7734
5626 4860
5628 5346
5630 9000
5633 1042
1042 4679
5634 5015
5635 7639
5638 8055
5639 7819
5644 2270
5646 8687
5647 7958
5648 489
5650 5226
5652 1130
5663 3062
3062 4407
5664 8509
5665 9149
5669 5510
5670 3047
5672 1525
5677 401
401 914
5682 8239
5684 4138
4138 462
5685 7278
5687 2691
2691 2002
2002 9063
5688 4995
5690 8906
5692 2679
5694 5499
5695 8514
5696 2693
2693 7474
5699 2402
5702 1577
5703 5875
5705 2909
5707 9105
5710 7005
5712 2127
5714 669
5720 3363
5723 8643
5724 4848
5725 2255
2255 5974
5727 6447
5728 4436
5731 7268
5732 3632
5738 2164
5739 4277
4277 5433
5433 751
751 5336
5741 9026
5742 5406
5406 7151
5743 3707
3707 404
404 6441
5745 4742
4742 8650
5747 1560
1560 5538
5749 8876
5751 1325
1325 6191
5752 4756
4756 8872
5753 2610
2610 6354
5754 7432
5756 7989
5760 6705
5765 8983
5766 4498
4498 4266
4266 5559
5559 2551
2551 516
516 3359
5767 2579
5769 2806
5772 6621
5773 5370
5774 8666
5775 4644
4644 1836
5777 1374
1374 1330
1330 1446
1446 1585
5778 7636
5779 5056
5781 4622
5786 2059
2059 9094
5789 1359
1359 5668
5792 5294
5793 2742
2742 3759
5794 8820
5796 1657
5798 9078
5803 4972
5806 8668
5808 7971
5809 6629
5810 6538
5811 6922
5815 3069
5817 6585
5819 274
5821 6129
5823 399
5827 3489
3489 5575
5575 444
444 5708
5828 8087
5832 3820
3820 1926
1926 8585
5834 8717
5837 6588
5838 6164
5839 6927
5845 987
5846 8638
5848 6345
5852 624
5861 7985
5864 3689
5865 3093
5866 7091
5870 6712
5871 5905
5872 7714
5873 1377
5875 2154
5876 4906
4906 1100
1100 5956
5877 4082
5878 8570
5879 4835
5880 2909
5881 8765
5882 2851
5883 6833
5884 5625
5625 5595
5885 7614
5886 3367
5887 3053
5888 4796
5889 7239
5893 2250
5895 8824
5897 7601
5900 6188
5901 893
893 3031
5902 242
242 1759
5903 7213
5904 7452
5905 6985
5907 8188
5909 752
5910 9157
5913 4832
4832 1497
5915 7152
5916 5969
5917 1796
1796 5445
5918 5713
5713 8197
5919 1121
1121 5286
5920 3889
3889 7672
5922 9148
5924 1831
5926 171
171 6042
5927 8183
5928 6341
5929 139
139 8065
5931 7639
5934 7191
5938 564
564 3519
5939 3898
5940 669
669 8554
5943 5178
5178 1272
5944 2923
5945 8601
5947 5226
5948 2335
2335 4993
5949 2264
5951 7197
5953 4000
5955 7914
5961 4573
4573 6903
5965 1288
1288 7968
5966 7514
5971 8910
5972 347
5974 5086
5977 4615
4615 8767
5978 8720
5979 1018
1018 1088
5982 7822
5988 1099
5989 2077
5990 3508
5991 7852
5994 5697
5995 8667
5998 8613
6000 6364
6003 7500
6006 8947
6007 1951
6011 24
24 2453
2453 5177
6012 1787
1787 4665
6015 6860
6016 130
130 3136
6017 7460
6019 1147
6020 3108
6021 3151
6024 2484
6025 5548
6028 3395
3395 9111
6030 3917
6033 7753
6037 5487
6039 5331
5331 2618
2618 5956
5956 8924
6041 3455
3455 3995
6042 8634
6047 536
6048 3625
3625 6927
6049 2779
2779 5755
5755 2967
2967 7145
6050 1766
1766 6293
6051 5744
6052 8867
6053 7986
6057 1842
1842 6120
6058 6700
6059 2385
2385 1185
1185 7379
6062 5857
5857 1656
6063 7503
6064 8886
6065 4975
4975 9138
6066 4140
6067 124
124 1319
1319 4928
4928 1405
1405 687
687 2457
6070 3008
6073 6975
6074 8934
6077 7968
6080 7694
6082 1213
1213 1948
1948 8938
6086 6186
6087 7058
6090 3548
6091 3581
6092 4834
4834 6729
6093 2088
2088 4835
6096 6835
6102 7043
6104 5099
6106 4527
6110 703
703 9024
6111 5291
5291 6149
6113 8825
6115 5007
5007 5869
5869 6558
6119 8066
6120 1600
6122 8023
6124 1438
1438 2846
2846 8059
6125 6425
6129 1496
1496 6956
6130 2169
2169 4602
4602 66
6133 9041
6134 4432
4432 8743
6135 1062
1062 7821
6136 5348
6138 6704
6140 8864
6141 3284
6143 6556
6145 7187
6146 5305
5305 7019
6147 5501
6150 6399
6152 1512
1512 7072
6154 3696
3696 2932
2932 7135
6155 1571
6157 3502
3502 1290
6158 6842
6159 4939
6165 6739
6166 6156
6156 7195
6167 637
637 6071
6170 802
6174 4309
6176 6617
6177 5014
5014 1510
1510 7293
6179 1290
1290 4244
4244 2804
6180 8229
6181 1642
1642 3579
3579 884
6182 7145
6183 7600
6184 979
979 6799
6185 583
583 3176
3176 1006
6186 2164
6190 3773
6191 5027
6194 1508
1508 7069
6196 3178
6198 1701
1701 1922
1922 8505
6199 2985
6205 3523
3523 5973
5973 1503
1503 3124
6206 5045
5045 8270
6208 7668
6210 4874
4874 6069
6211 1178
1178 960
960 8429
6213 4150
6214 5549
6216 2893
6217 7877
6218 545
6220 5012
5012 1571
6222 8427
6225 8184
6226 3222
3222 8121
6230 5863
5863 6522
6232 8819
6236 8307
6238 3963
6239 2371
2371 1007
1007 6839
6242 6432
6243 5042
6245 5701
6247 5384
6249 5629
6251 8296
6252 6909
6253 2649
2649 4842
6255 3315
6256 7026
6259 3187
3187 4939
6262 7525
6268 4824
4824 6260
6269 7005
6271 2738
2738 6200
6200 8465
6277 5729
6278 4760
6279 2183
2183 8859
6280 1552
1552 7198
6281 6357
6282 1708
6283 2711
2711 3139
3139 6
6 4446
4446 8428
6284 7026
6287 7547
6289 2887
6290 8369
6292 4093
6293 4133
4133 506
506 4062
6297 7075
6298 950
950 348
6299 1919
1919 3529
6301 7306
6302 7061
6305 757
6306 4121
4121 3272
6307 2215
6308 2789
2789 6435
6311 4663
6313 2589
2589 1379
6315 7366
6317 6072
6072 3009
6319 1372
1372 4822
4822 5200
6320 3145
6321 5251
6322 2735
2735 6647
6327 9155
6328 823
823 7388
6329 3282
3282 223
223 4877
4877 4745
4745 3928
6335 3178
6340 2121
2121 3374
6342 3855
3855 6454
6345 7832
6346 2019
2019 5411
5411 1669
1669 6955
6348 4505
4505 700
700 3456
6349 4327
6351 2382
2382 6333
6333 3963
6352 5262
6353 1817
1817 5780
5780 3146
3146 7179
6354 4235
4235 8698
6356 7025
6360 614
6361 3894
6362 2900
2900 5656
6363 835
6367 5908
6368 1847
1847 7448
6369 8812
6372 8164
6373 6257
6375 6392
6376 2014
2014 2901
6377 6128
6128 757
757 1594
6382 477
477 4534
6383 274
274 3619
3619 7868
6384 6045
6385 6590
6387 51
6388 5770
5770 4915
6389 3127
6391 3987
3987 4291
4291 4437
4437 467
467 6464
6392 3937
6393 4351
4351 3734
3734 3847
6396 5087
6398 665
665 5276
5276 5782
5782 4387
4387 28
6399 6300
6300 5528
5528 4298
6400 6088
6088 319
319 8217
6401 7562
6402 5400
6407 6089
6089 3738
3738 2962
6408 3364
3364 2032
2032 5812
5812 1520
6410 4799
4799 4938
6411 2699
2699 4570
6412 2196
6413 6118
6118 5335
5335 1498
1498 7169
6414 3979
6415 7386
6416 1685
6418 981
981 7333
6419 5260
5260 185
6421 8293
6422 1055
6423 1441
1441 5286
6425 6674
6426 6069
6069 6728
6427 7922
6428 4459
4459 5299
5299 5799
5799 4708
4708 5659
5659 5748
6429 250
250 3086
6430 6552
6433 7375
6434 5280
6435 2083
6437 9105
6438 806
6439 6044
6044 906
906 6528
6441 5265
5265 4663
4663 3205
6442 6228
6228 1905
1905 2845
6447 5184
6448 3886
6449 7683
6451 1998
6454 8819
6456 1658
1658 5123
6457 6865
6459 8020
6461 8853
6468 1196
1196 1952
1952 1545
6470 9032
6474 3871
3871 4897
6479 4210
4210 4501
4501 6768
6483 3756
6484 1479
1479 1833
1833 3475
3475 1040
6485 2218
2218 1920
1920 2887
6486 5962
6488 5168
6490 1442
6492 7672
6493 2566
2566 3172
3172 8398
6495 7128
6496 2516
2516 4510
4510 3401
3401 4275
6497 802
802 4027
4027 7898
6498 5247
5247 5508
5508 6173
6500 1192
6504 7668
6505 3097
3097 5015
5015 3733
6506 1311
1311 3218
3218 1025
1025 5341
6508 4601
6510 7337
6513 4961
6515 8967
6516 4436
6517 3504
6518 2086
6519 3427
3427 624
6521 2659
2659 1571
1571 6480
6523 6964
6525 347
347 7967
6526 6390
6390 7309
6527 4844
4844 1320
1320 2276
6529 7840
6530 5984
5984 3228
3228 1301
6532 3548
6533 2257
6535 4972
4972 5166
6539 469
6540 4968
6542 5091
5091 4484
6543 5658
6547 9143
6549 1744
6550 8278
6554 860
6555 4716
6559 790
790 7863
6561 5804
6562 8906
6566 3124
3124 2050
6567 1256
1256 2685
6568 3041
6569 2333
2333 3199
6570 7011
6571 6477
6572 1611
6574 3597
3597 6347
6577 6288
6288 6160
6578 7119
6580 6202
6202 5087
5087 6188
6583 1648
6587 3578
3578 2562
2562 1942
6588 1696
6589 3943
3943 2538
2538 7160
6594 22
6596 8523
6601 6114
6114 1900
1900 4903
6605 9136
6606 1660
6607 3151
6609 4578
4578 269
269 7921
6612 835
6613 7357
6614 7265
6615 682
6616 3345
6622 4699
6624 4103
6631 8056
6632 4014
4014 8637
6634 4721
4721 7847
6638 7238
6640 4880
4880 8908
6641 3105
6644 8483
6646 5986
5986 7846
6648 2528
2528 729
729 3466
6649 826
6650 5535
5535 1160
6651 4231
4231 5284
5284 3442
3442 1614
1614 6750
6652 2501
2501 7571
6657 1883
1883 1941
6658 5785
5785 6491
6491 612
6659 4915
6660 8170
6661 1172
1172 144
144 731
6662 5963
6671 3450
6672 6728
6673 8607
6677 8901
6678 508
508 1063
6682 6116
6116 2426
6689 3021
3021 4779
4779 8308
6691 7908
6692 2028
6695 4035
6696 2687
2687 7285
6697 5324
5324 1801
6698 1770
6703 4469
6704 6105
6708 2013
6709 3928
3928 7169
6711 7658
6713 2881
2881 4249
6718 4098
6720 4516
6721 8908
6722 4998
6723 8325
6724 7545
6725 1848
1848 4366
6726 3949
6728 3779
6730 7981
6733 5896
5896 8415
6735 6250
6250 1099
6736 6629
6629 6494
6494 8992
6740 3161
3161 392
392 7614
6741 855
6743 6808
6748 3456
6749 4078
4078 322
322 8740
6754 6872
6755 7477
6763 3631
6765 3845
3845 8376
6769 8003
6771 8192
6772 3935
3935 8799
6773 6676
6676 2947
2947 497
497 4935
4935 8560
6774 8595
6777 7970
6779 7180
6783 7425
6784 4813
4813 1637
1637 1626
6785 2326
2326 8108
6787 3514
3514 74
74 8153
6789 2873
6791 6541
6541 6603
6603 668
668 2541
2541 6056
6792 246
246 3575
3575 765
765 1137
1137 6903
6793 6690
6690 2457
6794 1962
6795 4804
6796 2440
2440 5160
5160 7713
6799 686
686 4190
4190 4104
6801 4196
6803 2330
6804 6592
6806 1913
1913 1117
1117 8928
6808 313
313 2785
6811 8713
6812 616
616 7148
6813 5735
5735 7446
6814 7734
6816 3110
3110 1140
1140 1828
1828 2847
6819 7880
6821 8333
6825 4172
4172 5132
5132 4103
6826 1818
6827 6563
6829 207
6831 243
243 5397
5397 1321
1321 4879
6833 7733
6834 4048
6836 3465
6837 490
6838 5719
5719 7549
6839 72
72 4507
4507 6876
6841 3371
6842 1365
1365 5448
6844 4379
4379 1717
6845 4585
6846 6914
6848 1267
1267 6085
6085 1835
1835 8764
6849 625
6851 8643
6853 7828
6854 5453
5453 31
31 8291
6855 1198
1198 4626
4626 4511
4511 876
876 479
6856 2798
6858 3229
3229 6364
6364 8072
6859 7709
6863 1957
1957 1357
6864 266
266 1164
1164 2465
2465 1175
1175 7698
6866 651
651 6965
6870 3771
3771 5003
5003 2522
2522 891
6872 577
577 6595
6595 5655
5655 6304
6873 2285
2285 3765
3765 3612
6874 1386
6876 4139
4139 9012
6880 4571
6881 8733
6883 1537
1537 951
6884 6098
6098 5251
6887 813
813 7924
6889 7852
6893 3983
3983 7127
6894 5118
6895 1577
6896 7760
6898 5444
5444 3418
3418 1203
6899 5847
6900 8217
6902 3267
3267 7781
6904 8305
6907 1147
1147 4568
6908 7904
6911 3551
6917 575
6920 6798
6798 8996
6921 6770
6922 4054
6923 2484
2484 5996
5996 352
6924 2630
6925 911
6929 1921
6931 3512
6934 8360
6935 8224
6937 746
746 2597
2597 763
763 7403
6939 7358
6941 2892
6942 5320
5320 375
375 6013
6943 972
972 1844
1844 8892
6944 8380
6946 3607
6947 5805
6948 7053
6949 196
196 3016
3016 4158
4158 4923
4923 1539
1539 4182
6950 6100
6100 5759
5759 3743
3743 4177
6951 6009
6954 8163
6955 7053
6956 2602
6960 3017
3017 7328
6963 1451
1451 7789
6966 3569
3569 2165
6967 5830
6968 8647
6969 14
14 1545
1545 4073
4073 3994
3994 2438
6970 8879
6971 8025
6972 9012
6975 7554
6978 5641
5641 8672
6979 6980
6980 3299
3299 3530
3530 8828
6981 8055
6982 5667
5667 3606
3606 4746
6984 1927
1927 4919
6987 436
436 7820
6988 8503
6989 2287
6990 4081
6991 2314
6992 3936
3936 6905
6905 5352
6995 5048
5048 3450
3450 614
614 551
7001 7239
7003 6380
6380 2086
2086 3309
3309 9108
7005 6188
6188 6472
6472 1729
7006 1554
7007 5715
7008 3240
3240 202
202 8066
7010 5144
7014 5171
5171 4044
4044 9087
7015 1892
7016 641
641 4552
7017 2740
7019 8523
7020 5425
5425 3009
3009 4913
7021 6538
7024 7683
7026 4309
7027 492
7028 1348
1348 8784
7030 6536
7031 5985
7032 7206
7033 1112
7035 3275
3275 1499
1499 68
68 3227
7036 3850
7039 479
479 5437
7040 7357
7041 2240
7042 4835
4835 5899
5899 4366
7043 3956
7044 3846
7048 4419
4419 8007
7051 4944
7052 3201
3201 1380
7054 7306
7055 3152
7056 5100
7058 8967
7059 2378
7060 6347
7061 4550
4550 9037
7062 5182
5182 940
940 8970
7064 8018
7065 7395
7066 914
7068 152
152 726
726 4789
4789 7238
7069 9092
7070 8517
7072 7129
7075 5680
5680 5512
5512 3917
3917 4033
4033 4695
7076 3637
7077 4489
4489 5272
5272 7592
7078 8859
7079 3374
3374 1892
7081 5923
5923 9096
7082 6857
6857 2556
2556 7875
7087 7312
7089 1478
7090 7545
7092 7124
7095 5501
5501 4627
4627 2937
7096 2040
2040 6144
6144 7397
7098 1200
7102 1253
1253 5033
7103 79
7104 1063
1063 7308
7105 183
183 1173
1173 3239
3239 8367
7106 3304
7108 3338
7109 5056
5056 1781
1781 6916
6916 741
7110 9068
7113 6994
7114 3359
3359 2373
7115 428
7117 1419
1419 8168
7118 204
204 4264
7119 1242
7121 4307
7123 4048
4048 160
160 8776
7124 6231
7125 4741
7126 1870
7127 7560
7130 6162
7132 1857
1857 8783
7134 1995
7135 7403
7137 2783
2783 5448
7138 6999
7139 4087
4087 2396
2396 4655
4655 7773
7141 5027
7142 4897
7143 7952
7144 5946
5946 5325
7147 7868
7148 8622
7151 1818
1818 7344
7152 4839
7154 5507
7155 5370
5370 2809
7156 6993
7157 3979
3979 3980
7158 2084
2084 6531
6531 6953
6953 7460
7163 9093
7165 6355
7166 8151
7169 6746
6746 8251
7170 4485
4485 1191
7171 1604
1604 6275
7174 4529
7177 6800
6800 6757
7178 5761
7179 2796
2796 6999
7180 5595
7181 1333
1333 548
548 1754
1754 2567
2567 5624
5624 4099
4099 599
599 3818
3818 5566
7182 1112
7183 3153
7185 1719
7186 470
470 7507
7187 6548
6548 1484
1484 6586
6586 9000
7188 3958
3958 9138
7189 2068
7190 5060
5060 3673
7191 484
484 2145
7192 2208
2208 879
879 1595
1595 3802
3802 4283
7193 4080
4080 7885
7196 5134
7198 7869
7199 1820
7201 4956
4956 7617
7202 1521
1521 2873
2873 6760
7203 1747
1747 2784
2784 6337
6337 7773
7205 5686
5686 7631
7206 6175
6175 1490
1490 6347
6347 5134
5134 1820
7207 6807
6807 7882
7208 1085
7209 5121
5121 5962
7210 5804
7214 7653
7215 7436
7217 6670
7219 8525
7220 2067
2067 7250
7221 1442
1442 1719
1719 5166
5166 251
251 2366
2366 2958
2958 3503
3503 4102
7223 1088
1088 3472
7224 3136
3136 5784
7225 2073
7226 7544
7228 7759
7230 8536
7231 6731
6731 7770
7232 8823
7233 2487
7234 1169
1169 7000
7235 4476
4476 449
449 1670
1670 8640
7236 5722
7238 8143
7239 7829
7240 5804
7241 8775
7242 4994
7243 5671
5671 6869
7247 376
7248 3461
3461 1755
7249 3113
3113 3859
3859 5064
5064 7216
7216 3817
7250 1866
7252 5396
7253 3661
7254 6875
6875 6739
6739 6687
6687 187
187 3313
7256 824
7257 8525
7258 5608
7259 5426
7260 17
17 7886
7262 8578
7265 7765
7268 9004
7271 4825
4825 8289
7272 2312
7273 1836
7277 3764
3764 1220
1220 2191
7278 1942
1942 6045
7279 1059
7285 8621
7288 5328
7291 1455
1455 1938
7292 8659
7293 6071
7295 5432
5432 7887
7296 5598
5598 8640
7298 2145
2145 5086
7299 8726
7300 9079
7301 5795
7302 1228
1228 3248
7305 6149
7306 4296
4296 4705
4705 1274
7307 4796
4796 4845
4845 5326
5326 2073
7308 6075
6075 2969
2969 626
626 7701
7309 6738
6738 1332
1332 1087
1087 5372
7311 2474
7312 4339
4339 6068
7313 3885
7314 8539
7316 5243
5243 4639
4639 4185
7317 2581
2581 8084
7318 7353
7319 6018
6018 8063
7322 10
7323 1416
1416 6139
7326 5034
5034 558
558 233
7331 5269
7333 6121
7335 3501
7336 6502
6502 5345
5345 3466
3466 8738
7338 4575
4575 5214
7339 1778
7342 6148
6148 4143
4143 2412
7344 5312
7345 2956
2956 7229
7229 6552
6552 552
7346 7857
7348 8839
7351 2276
7352 6775
7353 4611
7355 4301
4301 8464
7356 3257
7360 2372
2372 8687
7361 612
7363 5831
5831 5487
5487 4572
4572 6879
6879 8789
7364 8002
7368 8251
7371 3628
3628 3358
3358 352
352 7927
7375 7802
7379 7100
7382 7539
7384 4384
4384 661
661 3910
3910 8004
7386 6514
6514 3529
7387 835
835 457
7388 6463
7389 1794
7390 2490
2490 744
7391 2395
2395 8072
7393 851
7394 6123
6123 1493
1493 5146
5146 6608
7395 86
86 8331
7397 2935
2935 1497
1497 8276
7398 8784
7399 5596
5596 206
206 538
538 5805
5805 918
918 6994
7400 4005
7401 8526
7402 8276
7403 4664
7404 6056
7405 7218
7218 8286
7406 417
7407 3873
3873 169
169 5363
5363 4457
4457 646
646 2132
7408 6959
7409 4484
7410 3464
3464 3084
3084 8853
7411 51
51 4071
7412 494
494 2685
2685 1624
1624 7284
7413 1662
1662 6621
7415 7695
7417 1849
1849 2181
7418 4177
4177 6913
6913 2415
2415 2887
2887 5847
5847 6625
7421 8197
7422 5379
7423 667
7424 7696
7425 5163
7426 459
7430 1402
1402 2013
7431 6927
7432 3043
3043 2962
7434 7830
7435 2117
7439 8603
7441 8508
7443 3799
3799 6219
6219 2015
2015 4109
7446 9115
7447 116
116 7932
7449 5610
5610 7251
7251 1235
7450 8870
7453 2009
7455 911
7457 7472
7460 7175
7175 5983
5983 860
860 4696
4696 9042
7461 8318
7463 4461
4461 6257
6257 5660
7464 5042
5042 7037
7037 3811
3811 8198
7465 9032
7466 6137
7467 2669
2669 7153
7153 701
701 4921
4921 7790
7471 3880
7474 873
873 7731
7476 3163
7477 7508
7478 6004
6004 1821
7481 79
7482 2496
2496 634
634 4354
4354 8711
7483 4163
4163 5119
7484 3756
3756 4631
4631 4710
4710 8359
7485 6910
6910 5964
5964 5191
7486 5399
7487 7469
7469 8469
7488 7374
7374 6099
6099 8490
7489 1860
1860 8208
7490 6008
7495 7246
7246 2865
7496 567
7497 4565
7499 7654
7500 7740
7503 1426
7504 2841
2841 7710
7505 2549
2549 1660
1660 8494
7507 3659
7508 4170
4170 7520
7510 167
7514 6034
6034 23
23 6008
7516 8627
7518 8032
7519 6909
6909 6132
6132 5175
5175 1285
7520 919
7522 5906
5906 4278
7524 5314
7526 8003
7527 693
7530 6591
6591 2811
2811 1085
1085 6480
7531 5223
7532 1135
1135 8740
7534 3087
3087 2165
2165 2830
7536 8890
7538 3224
7539 2295
7544 3151
7547 4398
7548 1318
7551 8121
7554 7850
7555 6642
7557 8339
7558 8100
7561 2190
2190 7574
7562 4363
7564 5730
7567 5708
5708 2601
7570 2148
7572 3689
3689 3956
3956 1236
7574 5636
5636 7998
7575 3008
3008 6762
6762 3213
7576 7912
7577 8599
7579 1770
1770 6471
6471 6684
6684 5675
5675 5954
5954 5499
7583 1617
1617 1095
7585 4687
4687 7733
7586 189
189 7492
7492 5311
5311 1232
1232 6153
6153 8156
7587 630
7590 3000
3000 1546
1546 2093
7591 6294
6294 7321
7321 5163
5163 8500
7594 4913
4913 79
79 2927
2927 4109
4109 2482
2482 1467
1467 3585
7599 4036
7600 2850
2850 5898
7601 7651
7602 7671
7603 8644
7604 1
1 3647
3647 1742
1742 1602
7606 5627
5627 8972
7607 6071
7609 398
7610 3954
7611 126
7612 5784
7613 649
7617 5040
5040 1836
1836 1283
7618 2380
2380 6699
6699 1302
7619 1672
7623 329
329 7264
7264 1481
1481 4827
4827 3915
3915 7433
7624 6940
6940 1234
1234 4664
7626 914
7628 5142
5142 1296
7629 3883
3883 5219
5219 617
7630 6705
6705 3484
7632 5548
5548 5608
5608 5717
7633 7269
7634 8754
7635 3283
7637 3941
3941 214
214 1995
7638 1274
1274 717
717 4723
7640 7916
7641 2008
7644 5500
5500 504
504 8366
7645 2394
2394 2283
2283 5842
5842 8444
7646 5800
5800 5726
5726 4219
4219 6379
6379 4879
4879 2093
2093 9153
7647 7622
7622 689
7648 5053
5053 1462
1462 3219
3219 5631
5631 2334
7649 4932
4932 4967
4967 5143
7650 2670
2670 448
448 6244
6244 7047
7047 2131
2131 8686
7652 3496
3496 6628
6628 8903
7653 8478
7654 819
819 4952
4952 1602
1602 7978
7655 7810
7656 7245
7662 2407
2407 5683
7663 8840
7668 6809
6809 3691
7669 5862
5862 8716
7670 5058
5058 8069
7672 4695
4695 5456
7673 5936
5936 2980
2980 8202
7675 6729
7677 3907
3907 2212
7678 8036
7679 8963
7681 856
856 2893
2893 298
298 7651
7651 5057
7685 8373
7686 2617
7687 1794
7690 1532
7691 1791
1791 7705
7693 8710
7696 468
7697 5874
5874 5563
7702 4828
7703 4283
4283 5804
5804 4529
4529 3934
3934 2534
2534 2470
7704 2951
2951 2554
2554 1101
7705 5621
5621 8978
7708 6229
6229 3573
7711 8350
7712 8340
7713 5017
5017 7719
7715 2601
7716 5716
7717 6545
7718 6452
6452 4914
4914 6598
6598 7992
7721 2280
2280 1751
1751 2082
2082 8341
7723 5129
7725 1064
7726 1514
1514 381
7727 867
7730 6618
7731 8041
7733 64
7734 3089
3089 1222
7737 5342
5342 3970
3970 5932
5932 7915
7738 7362
7739 5615
5615 4274
7740 4842
4842 660
7741 7966
7742 510
510 6061
6061 2185
2185 1242
1242 9064
7743 3327
3327 8492
7745 1721
1721 8417
7746 709
709 552
552 833
833 3589
7747 6450
6450 3852
3852 6355
6355 6815
6815 7932
7748 8269
7749 2552
7753 3367
3367 2330
7759 6693
6693 8036
7760 627
7762 4945
7765 1909
1909 465
465 2405
2405 1997
1997 3157
7768 4528
4528 7324
7769 3693
3693 1263
1263 4311
4311 1055
7770 6172
6172 3644
7771 846
846 6350
6350 2795
7773 962
962 5818
5818 5758
5758 783
7774 475
7775 3731
3731 5715
7776 3667
7779 476
7782 2085
2085 249
7783 1342
7784 7472
7472 3584
7785 824
7787 8350
7794 4758
4758 1689
1689 7377
7795 3549
3549 6565
6565 5205
5205 6038
6038 3126
7796 3888
3888 67
67 2231
7797 7799
7800 6324
7801 5987
7802 4881
4881 5470
7803 2937
7804 3521
7806 3963
3963 2003
7807 7025
7025 5711
5711 1685
1685 2853
2853 4616
4616 949
7808 3971
3971 7
7 6203
7812 4150
7814 2620
2620 8706
7815 2367
2367 4718
7816 6370
6370 427
7821 2760
2760 8702
7823 2518
2518 3132
3132 1336
1336 5992
5992 1892
1892 8903
7824 4005
4005 5210
7826 2317
2317 7897
7828 1519
7831 2265
7832 2966
7833 902
902 4907
4907 7000
7834 4870
7835 2755
2755 2151
7836 2847
2847 2929
2929 2270
2270 1870
1870 534
7837 457
457 8173
7839 8629
7841 358
358 4794
7844 1060
1060 3759
7846 3665
7847 3733
7849 1248
1248 2378
2378 5843
7852 6538
6538 1759
1759 7750
7750 5836
5836 2119
2119 8977
7854 4228
4228 3729
7855 6575
6575 3676
3676 4052
7856 8708
7858 2550
7859 157
157 7359
7359 2986
7862 6707
6707 2737
2737 5168
7864 7286
7286 4009
7865 8880
7866 9017
7867 7009
7009 9116
7868 54
54 2751
7869 7979
7870 2653
2653 2104
7871 7777
7777 8794
7873 1231
1231 6919
7874 2942
2942 2804
2804 2583
7875 2508
7876 6664
6664 7013
7013 8407
7878 8848
7879 1651
1651 7811
7811 7930
7880 8824
7882 176
176 7354
7883 3472
3472 6071
6071 4919
4919 3556
7884 1629
1629 2034
2034 6528
6528 3338
3338 3082
3082 8944
7885 1337
7886 3785
3785 161
161 7996
7893 2970
2970 4181
7894 7584
7895 3666
7898 5492
5492 5226
5226 316
7900 3232
3232 6187
7901 3700
7902 8848
7903 4983
4983 3962
3962 5348
7905 8429
7907 1963
1963 6852
7910 1376
1376 4636
4636 5962
5962 4197
4197 8966
7911 3027
3027 4424
4424 3366
3366 442
442 1600
7912 3604
3604 973
7913 7597
7597 1696
1696 9141
7917 2163
2163 9095
7918 5642
5642 6560
6560 4759
4759 3520
7920 5019
5019 894
894 684
684 4556
4556 4716
7922 4369
7923 191
7926 3258
7927 3602
7928 7772
7772 1666
1666 503
503 4957
4957 9103
7929 8462
7930 6764
7931 694
694 4181
4181 6324
6324 120
7932 8736
7933 1400
1400 2527
7934 9118
7935 5629
7936 6551
6551 7438
7438 3274
3274 5216
5216 6679
6679 5784
7939 3645
7940 3096
3096 1682
7941 2151
2151 3684
3684 8658
7943 2231
7944 5027
5027 7468
7468 8576
7945 7366
7366 7420
7946 6732
7948 1813
7949 7416
7416 4555
4555 8726
7951 5154
5154 1095
1095 7924
7952 8121
7954 7343
7343 6276
7955 6573
6573 6108
6108 1633
1633 4621
4621 345
7956 5764
5764 8572
7957 3144
3144 3258
3258 839
7960 3982
3982 8170
7961 4970
4970 5662
5662 8997
7965 9057
7966 8552
7967 6261
6261 6886
6886 4392
7968 7756
7756 6273
6273 747
747 6745
6745 5144
5144 1360
7969 4496
7971 4993
4993 6263
7972 8655
7975 2140
2140 899
899 6670
6670 4805
7976 6465
7977 3881
3881 7462
7462 5816
5816 8867
7978 6862
6862 2555
2555 4930
4930 2865
7980 3573
7981 4193
4193 2196
2196 1298
7984 966
7986 2028
2028 1502
1502 3431
7987 5941
5941 5561
5561 8536
7988 8203
7989 8868
7991 5421
7992 1022
7993 4436
4436 9006
7995 164
7997 490
7998 3226
3226 4717
4717 7994
7994 6729
6729 2143
2143 8775
8000 5722
8001 4816
4816 8567
8002 3014
3014 992
8004 966
8005 6611
8007 4665
4665 6365
8008 3892
3892 1166
1166 7159
7159 7445
7445 3199
8009 8432
8010 1440
1440 6026
6026 6928
8011 2972
2972 5856
8014 4486
4486 1819
8015 2036
8017 1456
1456 4976
4976 4571
4571 1192
1192 5170
5170 4256
8018 7728
8019 5502
8021 4574
8022 8299
8023 7122
8024 3762
8025 7636
7636 228
228 532
532 2740
8028 4805
4805 2176
2176 5891
5891 8901
8029 2962
8033 3585
3585 5086
5086 7329
7329 1737
1737 4878
8034 5892
5892 739
8036 1534
8037 3551
3551 8814
8039 6126
8040 5426
5426 276
8041 512
512 6286
8042 1362
8043 8403
8046 5078
5078 8161
8048 381
381 7906
7906 8608
8049 8610
8051 185
185 7752
8052 7452
7452 3217
3217 1454
1454 7959
7959 4694
4694 4987
4987 2262
8054 8961
8055 22
8056 1755
1755 8568
8057 6139
6139 9124
8059 8765
8060 4383
4383 6489
6489 2973
8062 7659
7659 7330
7330 7440
8063 9126
8066 4081
4081 811
811 8668
8067 253
8070 7813
7813 3559
3559 7614
7614 2855
8071 5057
8074 7094
8075 4029
4029 6897
6897 125
125 4263
4263 4851
8076 3540
3540 7479
7479 4019
8077 7979
8081 495
8082 6997
6997 8739
8084 82
82 5637
5637 3314
8085 5129
5129 5268
5268 6203
6203 1343
1343 6453
8087 3324
3324 4314
4314 4404
4404 10
10 7842
8089 6032
6032 1084
1084 7099
7099 5976
5976 1554
8090 1308
1308 3130
8094 5757
5757 7598
8095 1567
1567 8814
8096 1815
8097 2064
2064 1572
1572 8966
8098 8013
8013 6341
8099 7720
8100 8086
8086 3912
8101 8032
8103 1788
1788 5795
5795 8470
8105 777
777 3244
3244 3766
3766 2809
8106 8003
8111 976
8112 4482
4482 3911
3911 8674
8113 7999
7999 5530
5530 7448
8114 4134
8115 839
8116 1318
8117 3697
3697 7275
8121 7083
7083 7581
8122 1235
1235 120
8124 884
8125 1681
8126 9154
8127 4345
4345 2079
8128 6014
6014 3532
3532 9030
8129 5717
5717 8291
8130 439
439 527
527 6865
6865 5825
5825 4604
4604 2036
2036 3775
3775 4444
4444 4718
4718 2636
8131 882
882 8031
8031 354
8132 1732
1732 6557
8133 6295
6295 625
625 5051
5051 3946
3946 8311
8134 2801
8135 6246
6246 198
198 6233
8138 4848
4848 4521
8140 573
573 6264
6264 517
8141 4870
8142 7767
8144 6460
8145 2044
2044 8064
8146 8243
8147 688
688 8058
8058 6339
6339 4911
8148 7781
7781 965
8150 6579
8152 4765
4765 8540
8154 7419
7419 1554
1554 4060
8155 4447
4447 8783
8156 3307
3307 7022
8157 8468
8158 8032
8032 4403
4403 8277
8159 8351
8160 8603
8161 1626
1626 1396
1396 1271
1271 2068
8162 137
8164 5746
5746 7754
7754 5473
8165 7695
8166 8419
8167 1627
1627 460
460 3779
3779 7582
7582 6742
6742 4945
8169 6964
6964 951
8170 2369
2369 5937
5937 7502
8171 3616
3616 8110
8110 398
8172 8973
8173 1654
8174 3242
3242 7778
7778 1286
8175 1971
1971 736
8176 3589
3589 8606
8177 744
744 5358
5358 5898
5898 8442
8178 739
739 8224
8179 6719
6719 244
8180 2448
2448 3912
3912 4357
4357 294
8181 1437
1437 6094
6094 5716
5716 7392
8182 6608
8183 8316
8184 7818
7818 4267
4267 5733
5733 987
8185 2370
2370 1357
1357 3341
3341 4327
4327 7736
7736 93
93 3047
3047 4129
4129 2754
2754 5204
5204 6581
6581 6802
6802 400
400 6903
6903 7195
7195 417
417 6618
6618 6296
6296 6397
8186 3391
3391 8320
8188 3659
8190 2557
2557 6417
8191 462
8193 1341
1341 1815
1815 4149
8196 5377
5377 2908
8200 3522
3522 6112
8202 608
608 2830
8204 1090
8205 6344
6344 4971
8207 8315
8208 3360
3360 2434
2434 1973
8209 3978
3978 4392
4392 376
376 5824
5824 4009
4009 3151
8213 7546
7546 4995
4995 2594
2594 8450
8214 5691
5691 1901
1901 2827
2827 7719
7719 2003
2003 3894
3894 2564
2564 2679
8215 5466
8216 4658
4658 7732
7732 3048
8217 4343
4343 7275
7275 8755
8218 4991
4991 402
402 8211
8211 5580
5580 2704
8219 1430
8221 7475
7475 6775
6775 5509
5509 6590
8222 1375
1375 1381
1381 6359
6359 5325
5325 7535
7535 7521
8224 1631
1631 4544
8226 8418
8228 5504
5504 9028
8229 1289
1289 332
332 8195
8195 3133
3133 8686
8230 782
782 4679
4679 6994
6994 7038
7038 6590
6590 4620
8231 35
35 7086
7086 427
427 6309
6309 4316
8235 5369
5369 7337
7337 817
817 7088
8236 213
8237 2204
8239 1653
1653 7671
7671 1903
1903 598
598 2401
8240 1113
1113 5210
8241 276
276 8274
8243 245
245 6878
6878 2025
8244 4184
8245 9022
8246 6869
8247 3668
8248 5960
5960 4521
8249 2766
2766 207
207 5894
5894 6744
8250 348
8251 7665
7665 5381
8253 5698
5698 8810
8254 6160
8256 3705
3705 3601
3601 7458
7458 6161
8257 318
8258 7451
7451 7512
7512 3063
3063 6121
8259 5573
8260 4534
8261 8723
8262 1163
8264 1200
1200 905
905 2241
2241 8725
8265 1283
1283 8809
8267 7436
7436 7150
7150 2936
2936 4951
4951 1548
1548 4260
8269 5400
8270 3645
3645 7120
7120 6536
6536 7473
7473 8900
8271 8576
8272 2602
8275 5184
8277 2126
2126 5200
5200 4448
4448 4329
4329 8436
8280 2571
2571 4060
8281 3729
3729 1852
1852 8996
8282 4585
4585 1027
8284 1272
8285 8920
8286 995
995 2331
2331 476
476 2813
8287 6097
6097 2989
2989 4870
4870 472
472 2320
2320 3949
3949 7616
7616 6173
6173 7267
8289 8486
8290 3825
3825 412
412 1866
8291 3205
3205 6620
6620 3243
8293 1452
8295 2231
8296 1298
8297 8822
8301 2115
2115 6957
6957 2705
8304 1364
8305 9011
8306 3974
3974 3508
3508 2812
2812 3981
3981 5236
5236 7320
8307 2619
2619 6366
6366 2836
2836 2009
2009 108
108 8906
8308 874
874 4478
8309 9069
8310 8709
8312 6326
8313 8187
8315 8911
8316 3691
3691 3596
3596 3891
8319 832
832 3587
3587 8668
8320 7840
7840 1958
1958 1880
1880 7255
8321 976
8322 76
76 6101
8323 6919
6919 4939
4939 857
857 5566
8324 1077
1077 3468
8327 2751
2751 1351
1351 1887
8329 1522
8330 3371
3371 606
8331 4410
4410 2795
8332 5365
8333 3168
3168 774
774 5011
5011 6790
6790 6453
8334 2181
2181 3304
8335 3622
8337 4442
4442 1134
1134 2164
2164 7537
7537 3636
3636 2791
8338 7018
7018 6374
6374 1040
1040 965
965 5721
8339 6778
6778 741
8340 1465
1465 6621
6621 7921
7921 8143
8143 1733
8342 2781
2781 7958
7958 5300
8343 904
904 5981
8345 2954
8347 3666
8348 3886
8349 9020
8350 7817
7817 7701
7701 5614
5614 8278
8278 6043
8351 7149
7149 1856
1856 6797
6797 8212
8353 5483
8354 2257
2257 2959
2959 4728
4728 2733
2733 2712
2712 5118
8356 2162
2162 3567
3567 7799
7799 7621
7621 2763
2763 6805
6805 3335
8357 7942
8358 8714
8359 7290
7290 3459
8360 1733
8361 1012
1012 4651
4651 3266
8364 4576
4576 6001
6001 8842
8366 5372
5372 1452
1452 849
849 5740
5740 7168
7168 6386
6386 6055
8367 6235
6235 4807
4807 7964
7964 663
8368 5384
5384 3666
8370 6272
6272 6331
6331 2679
2679 7664
7664 4888
4888 1762
1762 4408
8371 5959
5959 8630
8372 3250
3250 5578
5578 7091
7091 4469
4469 6045
8373 677
677 5359
5359 1769
1769 8668
8374 714
714 8369
8375 6635
6635 4151
4151 3157
8378 6643
8379 7269
7269 1733
8380 1890
1890 2293
2293 1158
1158 593
8381 6237
6237 4886
4886 5968
8382 520
520 6877
6877 6643
6643 6840
8383 8685
8384 1120
8386 6332
8387 2650
2650 3870
8390 7698
7698 3373
3373 3658
8391 5118
5118 8942
8392 3197
3197 9038
8394 585
8395 2323
2323 1309
1309 1635
8396 2025
8397 7502
7502 7383
7383 5348
5348 2790
8399 1028
8400 6332
6332 6187
8402 8807
8403 2716
2716 5854
5854 521
521 7925
7925 8684
8404 1990
1990 2025
8405 5640
5640 6993
6993 6334
8407 7658
8409 1543
8410 7324
7324 490
8412 7904
7904 1771
1771 4938
8414 5039
5039 3624
3624 4040
8415 5044
5044 1131
1131 4610
8417 6680
6680 2451
2451 9057
8419 8199
8199 4198
8421 5280
5280 6918
6918 7029
7029 3304
3304 8480
8422 8053
8053 5312
8423 1864
1864 3465
3465 5212
5212 6700
8424 6667
6667 1921
1921 6602
8425 5850
5850 3296
3296 5083
8427 1777
1777 3840
3840 554
554 3732
3732 8590
8429 4006
4006 4548
8430 8072
8072 4140
4140 2592
8431 5399
5399 92
8432 195
195 4860
4860 5623
5623 1998
1998 99
99 4147
4147 7825
7825 7982
8434 2502
2502 6926
8435 7700
7700 4876
8436 6076
8437 2775
2775 5292
5292 9143
8439 1430
1430 2510
8440 3328
8441 4484
4484 7381
7381 2306
2306 4115
8442 4938
4938 9015
8443 5476
8444 8942
8445 4323
4323 6224
6224 986
986 1850
8448 5660
8449 4517
4517 4298
4298 1941
1941 1046
8450 1645
1645 4569
4569 6121
6121 7501
7501 5327
5327 6556
6556 6046
6046 6639
8451 5285
5285 8168
8168 1443
8452 2813
8456 6835
6835 2017
2017 3515
3515 4097
4097 8728
8457 4911
4911 1580
1580 5317
5317 5709
5709 104
104 3521
3521 200
200 5618
5618 6714
6714 6027
6027 3824
8458 1046
1046 6627
6627 2626
2626 2300
2300 6576
6576 1418
8459 3425
3425 1331
1331 6906
6906 6702
8461 2240
2240 593
593 3680
3680 6473
6473 2042
2042 184
184 4876
8462 1592
8463 4150
4150 7122
7122 3125
3125 4000
8467 4589
8468 6031
6031 5693
5693 2402
2402 7757
7757 671
671 4629
8469 8003
8003 7454
7454 5483
5483 6610
6610 7676
7676 3573
3573 471
471 5456
5456 1820
8471 8408
8408 4135
4135 2976
8472 3131
3131 1266
1266 3422
3422 6499
8473 7751
8474 1112
1112 1047
1047 3847
3847 6078
6078 5494
8475 8697
8479 3086
3086 5341
5341 1648
1648 5676
5676 4876
4876 1929
8480 8887
8481 2005
2005 7470
7470 6734
6734 2675
8482 1368
8483 6035
8484 8678
8486 5494
5494 6546
8487 1272
8491 6927
8492 2471
2471 3448
3448 3581
3581 428
428 2310
8493 8795
8494 8694
8495 7552
7552 3631
8496 1598
8499 3118
3118 8189
8189 7891
7891 2897
2897 4897
8504 213
8505 2049
2049 4205
4205 7680
7680 7842
7842 3777
3777 3673
3673 5467
5467 7666
8506 9011
8507 3727
3727 5437
5437 8972
8511 5224
5224 6930
6930 5238
5238 4746
4746 5592
5592 5547
5547 2201
8512 121
121 5539
5539 6507
8513 4028
8514 7974
7974 7682
7682 8643
8515 6668
6668 1318
1318 3266
3266 2743
2743 5997
8516 1362
1362 6204
8517 1352
1352 8107
8107 611
611 5174
5174 6744
6744 7553
8518 7428
7428 2821
8521 6623
6623 7107
7107 2968
2968 4372
8523 7793
7793 2983
2983 1337
1337 5570
5570 3967
3967 7172
8524 1076
1076 6161
8526 3313
3313 3065
8530 2031
2031 5830
5830 1618
1618 3363
3363 9018
8531 4774
8535 6458
8536 5657
5657 340
340 2310
2310 8252
8537 81
81 968
8538 1099
1099 4856
4856 8980
8539 7498
7498 3996
3996 5099
8541 4866
8542 7588
7588 4203
4203 1418
1418 4417
4417 2852
2852 4793
8543 6005
8544 5858
5858 7385
7385 5542
8545 5018
8546 1055
1055 339
339 8529
8529 6712
8547 6469
6469 4607
4607 7067
7067 8952
8548 736
8549 3321
3321 219
219 9075
8550 3471
3471 5963
8551 3556
3556 3175
3175 6478
6478 7791
7791 6371
6371 8453
8453 7780
7780 8401
8552 6932
6932 475
8553 7194
8554 8525
8525 9062
8555 7146
8556 4633
4633 2201
2201 1011
1011 831
8557 7112
7112 4516
8558 3951
3951 1415
1415 7267
8559 2727
2727 4060
4060 8695
8560 3308
3308 5958
5958 3519
3519 9115
8561 4264
4264 6310
6310 2962
2962 7724
7724 7919
8563 191
8567 2585
2585 2061
2061 978
978 18
18 7688
7688 2596
2596 6405
6405 5790
5790 8428
8568 6482
6482 1708
1708 6861
6861 6710
6710 5599
5599 5184
5184 2740
8569 4098
8570 9008
8571 6420
8572 7729
7729 3272
3272 379
379 6083
6083 6233
8573 2193
2193 4540
4540 3073
3073 6276
6276 1191
1191 4734
4734 7761
7761 2334
2334 1033
1033 6770
6770 3212
3212 1101
8574 7983
7983 83
83 6653
6653 3968
3968 2154
2154 4910
4910 8137
8137 2930
2930 5844
8575 8292
8292 8979
8576 2907
8578 8590
8579 6973
6973 8328
8328 310
8580 7566
7566 7414
7414 3287
8581 8302
8584 2592
2592 7211
7211 5573
5573 5502
8585 3393
3393 862
862 310
310 5303
5303 6553
6553 8233
8233 4388
4388 549
549 8279
8279 7046
7046 4088
4088 8681
8586 5143
5143 4093
4093 8612
8588 992
992 3152
3152 1610
8589 5801
8593 3213
8594 606
606 4052
4052 7340
7340 8325
8595 1148
1148 3328
8596 1938
1938 4580
4580 2041
2041 5393
5393 6240
6240 8460
8597 6544
6544 8318
8318 6464
6464 446
446 5997
8598 7084
7084 1789
8601 5267
5267 7556
7556 2178
2178 1553
1553 1687
1687 1681
1681 473
473 2142
2142 7136
7136 462
462 915
8602 3795
3795 7764
8603 624
624 6312
6312 5571
5571 216
216 5281
5281 719
719 6002
6002 6712
8605 8808
8606 3227
8608 1344
1344 456
456 4846
8609 2267
2267 7529
7529 5450
8610 3784
8611 7706
7706 7370
8613 8227
8227 3485
3485 4743
4743 4675
4675 4054
4054 5073
8614 6248
8615 545
8616 5110
5110 7820
7820 6035
6035 5606
5606 2007
2007 4535
4535 8741
8618 7580
7580 8232
8619 7491
7491 5008
5008 8880
8620 4855
4855 8252
8252 5090
5090 8283
8283 2330
2330 966
966 2920
2920 1559
8621 3420
3420 2401
2401 6209
6209 8433
8622 1222
1222 3388
3388 5546
5546 1634
8623 233
233 526
526 4248
4248 7204
7204 7540
8624 6936
6936 7073
7073 7370
7370 1647
8625 4101
4101 5629
5629 1820
8626 814
814 2075
2075 490
8627 9137
8628 2447
2447 320
320 8225
8225 8238
8238 3355
3355 4974
8629 4057
4057 7515
7515 1691
1691 8255
8255 6933
6933 7093
7093 3708
3708 4884
4884 5476
5476 8590
8630 6892
6892 1682
8631 5605
5605 933
933 8533
8533 6403
6403 1500
8633 2384
2384 8153
8153 5658
8634 523
8636 7658
7658 5762
5762 7892
8637 8388
8639 3346
3346 3284
3284 1559
8640 3921
3921 1390
1390 4183
4183 2479
2479 5771
5771 3651
8641 2526
8642 3389
3389 4239
4239 3723
8643 2954
2954 8073
8073 4589
4589 1764
1764 4673
4673 2512
2512 3548
3548 2611
2611 2939
8645 396
396 1296
8646 3577
3577 5013
5013 3320
8648 7563
8649 2674
2674 1006
8650 5478
5478 2696
8651 4092
8653 4422
4422 4692
4692 1524
1524 8749
8656 3784
3784 639
639 5921
5921 5701
5701 3081
3081 7111
8659 6512
8660 2720
8662 8823
8663 8583
8583 4741
4741 8862
8664 731
8665 5139
5139 8365
8365 167
167 8742
8666 8065
8667 7805
8669 5520
5520 3454
3454 5835
5835 5507
8670 2638
2638 4208
8672 6409
6409 868
868 8658
8658 8426
8674 2854
2854 7049
7049 5969
8675 5583
5583 7714
7714 2073
2073 4186
8678 3723
3723 4062
8679 3954
3954 5301
5301 6830
6830 884
8680 4878
8681 4850
4850 5355
8682 6716
6716 8945
8683 6599
6599 2508
8684 3178
3178 8478
8478 5177
5177 213
213 8503
8503 523
523 4538
4538 3807
8685 5450
8688 3948
3948 5969
5969 1371
8689 3903
8692 3884
3884 550
8694 3181
3181 6706
6706 2740
2740 2901
8695 1929
8696 291
291 1551
1551 8194
8697 6266
6266 8012
8012 2184
2184 122
122 2097
2097 1177
1177 8693
8698 2909
8700 7639
7639 8973
8701 2715
2715 5558
5558 3993
3993 8532
8532 3104
3104 9049
8702 3718
3718 578
8705 7571
7571 316
316 1659
8706 5441
5441 2807
2807 2508
8709 6055
6055 7830
8711 4331
8712 3407
3407 818
818 2908
2908 8843
8713 1884
1884 5813
8714 3701
3701 1729
1729 4905
4905 469
8716 2204
2204 5083
8717 3666
8718 237
237 3599
8719 1526
1526 4188
4188 5255
5255 4590
4590 6860
6860 6187
8720 6952
6952 2633
2633 809
809 8139
8139 4232
4232 2865
8721 8006
8006 5697
8725 1543
1543 1342
1342 7615
7615 4592
4592 5826
8727 2719
8728 8123
8729 8109
8109 2617
2617 6462
6462 5102
5102 2894
8730 2250
2250 312
312 4071
4071 399
399 7786
7786 7004
7004 8300
8300 4544
4544 6013
6013 3611
3611 872
872 4307
4307 4483
4483 1838
1838 2198
8731 7722
7722 1579
1579 2813
8733 689
8734 1728
1728 7002
7002 6522
8735 7270
7270 5340
5340 6212
6212 915
915 5365
8736 3352
3352 3995
8737 7573
8738 3041
3041 3093
3093 855
855 3725
3725 2976
8741 1086
1086 2074
2074 2840
2840 459
459 6446
6446 3667
8742 7365
7365 4606
4606 1641
1641 551
551 6639
6639 5822
5822 731
731 287
287 4362
4362 2104
2104 7843
7843 4092
4092 3599
3599 6258
8743 2056
2056 6060
8745 3607
3607 1420
1420 6397
6397 8587
8587 5187
5187 5435
5435 1386
1386 333
8746 5119
5119 2530
8747 6260
6260 6912
6912 8266
8266 887
887 3347
8748 6915
6915 2986
2986 8389
8389 6406
6406 6832
6832 1859
1859 4760
8749 4506
4506 3224
3224 8385
8385 6323
8751 9137
8753 8873
8754 6611
6611 842
842 7766
7766 8108
8108 4191
4191 7888
7888 4973
4973 6546
6546 6636
8756 8527
8527 8850
8757 2155
2155 2918
2918 366
8758 333
333 2600
2600 6005
6005 6270
8759 7373
8760 7877
7877 8325
8325 5009
8761 1052
1052 6417
8763 6068
6068 4352
4352 3533
8764 2493
8766 891
8767 6338
6338 8016
8016 5679
8768 5661
8769 8635
8635 8433
8433 4460
4460 1820
1820 8192
8192 6759
6759 364
364 2732
8770 8723
8723 7631
7631 5446
5446 2383
2383 3337
8771 7947
7947 3236
3236 3757
3757 5392
5392 6585
8772 5026
5026 2569
2569 3973
3973 7022
7022 2877
2877 5674
5674 8655
8655 2894
2894 7429
7429 7357
7357 2799
8773 5981
5981 8045
8045 1709
1709 2696
2696 7341
7341 2704
2704 2481
2481 4873
4873 7294
7294 3155
3155 8489
8489 3101
8774 7764
7764 2426
2426 5536
5536 6103
6103 5661
5661 6626
8776 2892
2892 7543
7543 6008
8778 6756
6756 756
756 8220
8779 8488
8488 3075
3075 2488
2488 3199
3199 4532
4532 4112
4112 6636
6636 6558
8780 7962
7962 6986
6986 8352
8781 7362
7362 841
841 4887
4887 1226
1226 2905
2905 1705
1705 4342
4342 8899
8782 8795
8783 1519
1519 4878
8784 7456
7456 6974
6974 3453
3453 3127
8786 7045
7045 3326
8788 1159
1159 8607
8607 2802
2802 4013
8789 8027
8027 3023
3023 4372
4372 3533
8790 7315
7315 4260
4260 3713
3713 5072
5072 95
95 8752
8752 4683
4683 4611
8791 8401
8401 6193
6193 3773
3773 4477
4477 1302
1302 2792
2792 8311
8311 4102
4102 8831
8793 3929
3929 348
8795 2354
2354 6460
6460 6983
8796 7914
7914 5510
5510 2139
2139 330
330 7889
7889 1157
1157 4196
8797 2275
2275 1585
1585 3856
3856 2215
2215 1717
1717 1598
1598 2890
2890 8693
8693 2584
8798 8821
8799 536
536 1003
1003 294
294 2994
2994 5506
5506 170
170 5440
5440 8562
8562 7979
7979 7857
7857 6843
6843 2578
8800 3989
3989 7798
7798 8485
8485 8455
8455 7376
7376 1417
1417 1399
8801 7493
7493 1590
1590 8832
8802 6162
8803 6688
6688 1682
8805 3410
8806 3072
3072 5856
5856 6637
6637 8102
8102 9117
8808 3716
8809 575
575 7595
7595 6891
8810 6458
6458 7916
7916 1547
1547 6254
6254 8787
8787 490
490 6060
6060 5844
5844 3964
3964 6511
6511 7511
7511 2386
2386 2934
8812 6776
6776 787
787 6258
6258 6850
6850 2776
2776 2315
2315 6781
6781 3434
3434 3592
3592 7897
8813 3458
3458 6647
6647 3257
3257 2050
8814 5700
5700 5658
5658 8849
8815 951
951 8044
8044 7267
7267 7848
7848 5678
5678 1153
8816 9072
8817 8826
8818 7097
8820 8061
8061 7689
7689 3801
3801 6487
8821 6558
6558 7699
7699 6757
6757 2675
2675 4182
8822 1005
1005 2948
8823 8668
8668 6579
6579 2773
8824 3927
3927 5057
5057 7735
7735 840
840 8577
8825 565
565 7433
8826 5497
5497 1461
8829 546
546 336
336 1360
1360 2508
2508 7197
7197 1145
1145 3824
3824 568
568 1916
1916 9082
8830 3127
8831 6270
6270 3938
3938 4273
8832 6584
6584 4059
4059 2515
2515 7332
7332 5484
8833 4534
8834 4098
4098 154
154 5381
5381 8564
8564 4885
4885 2008
2008 623
623 2433
8835 485
485 3679
8836 6197
8838 4599
8839 8998
8840 1241
8841 6901
6901 8509
8509 5061
5061 6056
8842 258
8843 758
758 1810
1810 8242
8242 4142
4142 8566
8566 6593
8844 1120
8846 1577
1577 3134
3134 343
343 1733
1733 259
259 2637
2637 5849
8847 987
987 9135
8848 8298
8298 4982
4982 5502
8849 8083
8083 1261
1261 4863
4863 7924
7924 1987
1987 6926
6926 8750
8750 2026
2026 2621
2621 5736
5736 2094
2094 3400
3400 1412
1412 7909
7909 5860
5860 3492
3492 7509
7509 3621
3621 7563
7563 8446
8851 3273
3273 567
567 7767
7767 2578
2578 759
759 4548
4548 1575
1575 8341
8341 1557
1557 2160
2160 492
492 4105
8852 3735
3735 5867
5867 1819
1819 798
798 8149
8149 2909
2909 2068
2068 5499
8855 531
8856 8671
8857 5855
5855 3659
3659 1970
1970 4233
4233 8739
8739 592
592 1535
8858 7752
7752 8464
8464 1646
8859 7915
7915 8889
8860 8377
8377 2486
2486 4364
4364 578
578 4103
4103 1273
1273 7358
7358 2090
2090 6686
6686 469
469 6669
6669 8686
8686 4552
4552 8577
8577 5416
5416 5567
5567 6325
6325 1814
8861 5502
5502 6326
8862 5550
5550 1684
1684 458
458 730
730 8707
8863 3494
3494 3644
8864 9029
8866 3807
3807 5214
5214 8647
8647 3342
8867 2175
2175 1947
1947 2277
2277 1461
1461 5555
5555 4611
4611 405
8868 7985
7985 7212
7212 2996
8869 261
261 5802
5802 600
600 3328
3328 6683
6683 2336
2336 4373
8870 8026
8026 596
596 4609
8871 2527
2527 6593
6593 2778
8872 1236
8873 7851
7851 372
372 1346
1346 7838
8874 4496
8876 3280
8877 1667
1667 8969
8878 1610
1610 5479
5479 6304
6304 8369
8881 7755
7755 5400
8882 4600
4600 7788
7788 5376
8883 8966
8884 5914
5914 3759
3759 7763
7763 4309
4309 3646
8885 4017
4017 4495
4495 1887
8886 5445
5445 7274
7274 2505
2505 158
158 1659
1659 136
136 389
389 4451
8887 2601
8888 8120
8890 5730
5730 8294
8294 9151
8891 1513
1513 4398
4398 3679
3679 2940
2940 2262
2262 5271
5271 2767
2767 630
8892 550
8893 5643
5643 7245
7245 5729
5729 8952
8894 4321
4321 4066
4066 2493
8896 9024
8897 1962
8898 8198
8198 3666
3666 2127
2127 8638
8899 3798
8900 7568
7568 6171
8902 6164
8903 6314
6314 7908
7908 6767
6767 4316
4316 3108
3108 6095
6095 2882
2882 2409
8904 8460
8460 1105
1105 1772
1772 4167
4167 7541
7541 5277
8905 6977
8906 3638
8907 1349
1349 5169
5169 6197
6197 6715
6715 630
8908 6465
6465 1364
8909 3196
3196 7373
7373 1824
1824 1368
8910 4268
4268 1750
1750 8498
8498 8914
8912 917
8913 6431
8914 5957
5957 5748
5748 8274
8274 4660
4660 7263
7263 2941
2941 3289
3289 3792
8915 5507
5507 4798
4798 6036
6036 2412
2412 1382
1382 1975
1975 5140
5140 4986
4986 2875
2875 5814
8916 4948
4948 151
151 7667
7667 8945
8917 7367
7367 6417
6417 3213
8918 5077
5077 6928
8919 1354
1354 2552
2552 1364
1364 2831
8920 4366
4366 2995
2995 3120
3120 4353
4353 5379
5379 607
8921 7304
7304 4568
8922 8687
8687 4013
4013 9074
8923 2636
8924 2276
2276 4184
8925 6503
6503 5234
5234 8065
8065 2198
2198 822
822 829
8927 5093
5093 4119
4119 2602
2602 1406
1406 4079
4079 7012
7012 3481
3481 2806
2806 1612
1612 8827
8827 2228
2228 8355
8355 6149
6149 5517
5517 4256
8928 6962
6962 7950
7950 2511
8929 1525
1525 6983
6983 5566
5566 6751
8930 4622
4622 2826
2826 7625
8931 2144
8932 8068
8068 403
403 805
8933 3459
8934 6330
6330 682
8935 2861
8936 2801
2801 3414
3414 5009
5009 2937
2937 2340
2340 6753
6753 6766
6766 968
968 1973
1973 7372
7372 1929
1929 1511
1511 1723
1723 4358
4358 8889
8937 2289
8938 7074
7074 1710
1710 4574
4574 1286
1286 8212
8212 2813
2813 265
8939 6820
6820 2855
2855 2147
2147 5328
5328 5993
5993 166
166 6828
6828 5222
5222 3326
3326 5447
8941 2122
2122 4182
8942 6265
6265 6029
6029 6737
6737 7674
7674 4999
4999 1236
1236 8895
8895 3127
3127 4131
4131 4278
8943 5273
5273 4974
4974 3148
3148 8673
8673 6750
8945 3586
3586 455
455 920
8946 2511
2511 6126
6126 8363
8363 8163
8163 4755
4755 980
980 8497
8497 6481
6481 9093
8947 1031
1031 3456
8948 2291
2291 8722
8722 8982
8949 7789
8950 2748
2748 6043
8951 6557
6557 475
475 5333
5333 8600
8600 137
137 5654
8952 2314
2314 6764
6764 4117
4117 3839
3839 6537
6537 1644
1644 3126
3126 7565
8953 2212
2212 2043
2043 5237
5237 1184
1184 178
178 8792
8792 3183
3183 2050
2050 2231
2231 1356
8954 4846
8955 1634
8956 7287
7287 4430
4430 6463
8957 2199
2199 373
373 481
481 7427
7427 7881
8958 7758
7758 8336
8336 1045
1045 3733
8959 5660
5660 1814
1814 8220
8220 3207
8960 2579
8961 663
663 1459
1459 6008
6008 5484
5484 8744
8744 7822
8962 6965
6965 7684
7684 8393
8963 6204
6204 6231
6231 3891
3891 8755
8755 1053
1053 4429
4429 6786
6786 7545
7545 2409
2409 2146
2146 4265
4265 6274
6274 149
149 317
317 7161
7161 2654
2654 6227
6227 6867
8964 9045
8965 2583
2583 8470
8470 5833
5833 4492
8966 262
8968 8599
8599 5314
5314 453
8969 8080
8080 8592
8971 2429
2429 4161
4161 3031
3031 4534
4534 3622
3622 3320
3320 6563
6563 3782
3782 2487
2487 824
824 1061
8972 1210
8973 1272
8974 4897
4897 3857
3857 8438
8438 5542
5542 5499
8976 8975
8975 4032
4032 5141
5141 4201
4201 3584
3584 5788
5788 5668
5668 3142
3142 3520
3520 7881
8977 5706
5706 4851
8978 8123
8123 531
531 1831
1831 4978
4978 9046
8979 3214
3214 3459
3459 2835
8981 2177
8982 3690
3690 8418
8418 4778
4778 7593
7593 6976
6976 736
736 3716
3716 8592
8592 8837
8837 5294
8983 6112
6112 8967
8967 4521
4521 9135
8984 6582
6582 7396
7396 5935
8985 5266
5266 7517
7517 2230
2230 766
766 7789
7789 9042
8986 3145
3145 2209
8987 2083
2083 5312
8988 370
370 1826
1826 9020
8989 5744
5744 1179
8990 752
8991 515
515 9012
8992 753
753 5088
5088 985
985 5595
8993 5334
5334 3990
3990 5532
5532 2757
2757 6207
6207 8724
8724 1210
1210 6040
6040 8263
8263 8652
8652 612
612 8980
8980 1570
8994 4441
4441 7227
7227 5843
8995 8118
8118 265
265 468
468 5400
5400 4581
4581 3101
8997 4635
4635 1974
1974 5950
5950 1722
1722 5556
8999 4349
4349 5302
9000 3789
9001 1704
1704 511
511 6142
6142 4492
4492 8187
9003 4677
4677 6818
9004 1743
1743 760
760 5715
5715 3315
3315 4256
4256 6432
6432 8273
8273 4851
4851 7605
7605 8528
9005 4295
4295 3536
3536 5065
5065 6685
6685 3456
3456 5004
5004 4359
4359 8520
8520 7071
9006 6890
6890 1950
1950 6852
6852 2309
2309 5797
5797 3798
3798 4313
4313 524
524 6404
6404 1022
1022 1682
1682 7164
7164 1471
9007 5300
5300 5609
5609 4915
4915 5683
5683 7085
7085 4838
9009 7094
7094 5030
5030 5396
5396 5450
5450 1104
1104 4043
4043 3283
3283 805
805 6885
6885 5312
9011 6303
6303 6681
6681 3335
3335 682
682 3347
3347 28
9012 4208
4208 7213
7213 304
304 2013
2013 2248
2248 4198
4198 4955
4955 7710
7710 2312
2312 3330
9013 6750
6750 2301
2301 3668
3668 3644
9014 168
168 4680
4680 4220
4220 9157
9015 2948
2948 4252
4252 3387
3387 6656
6656 1779
1779 1356
1356 7350
9016 4565
4565 3477
3477 4912
4912 6215
6215 4115
4115 6512
6512 210
9017 2419
2419 6747
6747 8901
8901 7853
7853 8201
8201 6868
6868 7578
9019 8732
8732 7728
7728 5829
5829 3980
3980 3130
3130 5980
5980 3337
3337 8446
8446 1862
1862 4890
4890 5457
9020 5985
5985 2271
2271 1272
1272 6201
6201 4275
4275 2443
2443 7255
7255 8194
8194 6233
6233 2732
9021 2303
2303 4664
4664 6440
6440 1143
1143 3484
3484 6608
6608 5100
5100 1388
1388 6499
6499 4274
4274 1888
1888 2901
2901 8775
8775 9072
9022 6195
6195 5067
5067 8069
8069 5099
9023 7327
7327 5097
5097 4480
4480 1874
9024 1391
1391 1616
9025 6782
6782 3789
3789 8302
8302 4866
4866 2289
2289 5933
5933 732
732 7942
7942 7838
7838 4443
4443 7162
7162 8661
8661 7437
7437 5653
5653 3342
9026 3850
3850 8889
8889 4846
4846 9049
9027 4716
4716 4946
4946 6189
6189 6105
6105 8466
9028 1075
1075 1298
1298 9117
9029 278
278 5787
5787 2430
2430 4996
4996 7810
7810 2644
2644 4225
9030 7128
7128 7919
7919 1532
9032 1532
1532 3065
3065 66
66 865
865 7973
7973 4522
4522 9079
9033 254
254 2762
2762 8534
8534 5233
5233 109
109 4185
4185 4610
4610 2444
2444 1611
9034 5352
5352 6187
6187 6365
6365 1559
1559 5849
5849 244
244 4609
4609 2579
2579 8104
8104 5339
5339 4793
4793 2099
9035 3870
3870 5235
5235 2078
2078 6822
6822 9140
9036 953
953 3438
3438 7892
7892 1744
1744 5221
5221 6891
6891 1668
1668 7349
7349 8540
8540 6336
6336 3650
3650 3626
9037 5262
5262 2835
2835 3339
3339 8276
8276 6117
6117 406
406 2973
2973 5807
9038 5791
9039 8879
9040 7266
7266 3101
3101 5197
5197 9031
9031 4693
4693 2945
2945 1632
1632 6381
6381 6475
6475 9018
9041 7080
9042 3744
3744 3885
3885 5970
5970 2985
2985 8490
8490 5286
5286 7569
7569 8807
9043 1221
1221 4944
4944 7063
7063 5080
5080 4451
4451 6958
6958 2274
2274 5107
5107 7881
9044 8707
8707 4735
4735 3612
3612 7709
9046 1600
1600 4971
4971 6054
9047 1672
1672 1982
1982 102
102 901
901 3048
3048 9121
9048 9157
9049 75
75 5016
5016 210
9050 579
579 2830
2830 806
9052 5194
5194 6823
9053 7172
9054 7953
9055 7744
7744 2608
9056 47
47 803
803 6914
6914 6700
6700 3151
3151 8406
9058 7080
7080 4100
4100 4629
9059 6455
9060 489
489 6127
6127 8426
8426 7194
7194 8671
8671 6633
6633 3302
3302 5388
5388 4478
4478 70
70 1426
1426 4516
4516 6378
6378 6959
6959 8120
8120 6162
6162 1962
1962 8388
8388 8232
8232 3410
3410 191
191 3265
3265 334
334 284
284 5791
5791 7937
7937 829
829 4899
4899 3345
9061 4217
4217 9151
9062 1827
1827 4481
9063 4299
4299 7111
7111 907
907 2795
2795 4945
4945 2601
2601 221
221 3846
3846 1204
1204 9157
9064 6927
6927 3384
3384 6727
6727 2148
2148 1090
9065 8476
8476 4062
4062 3667
3667 6263
9066 2720
2720 7666
7666 6996
9067 3213
3213 3163
3163 2786
2786 2438
2438 7523
9068 2996
2996 977
977 5427
5427 7380
7380 5930
5930 749
749 8865
9069 4186
4186 5136
5136 5761
5761 8369
8369 2308
9070 6476
6476 3034
9071 2520
2520 858
858 5457
5457 5199
5199 3206
3206 8136
8136 8762
8762 2575
2575 5085
5085 7023
7023 451
451 1596
1596 7592
7592 6945
6945 7819
7819 3648
3648 5156
5156 4328
4328 5346
5346 2365
2365 1656
1656 7350
7350 8926
9073 7625
7625 4901
4901 3583
3583 6445
6445 3600
3600 190
9074 4712
4712 3431
3431 3398
3398 9145
9075 8998
9077 1937
1937 7661
7661 4568
4568 853
853 7560
7560 3531
3531 2450
2450 5066
5066 2939
2939 8777
8777 3342
3342 7160
7160 4061
4061 6625
6625 1425
1425 267
267 3260
3260 4760
9078 9045
9045 5499
5499 6702
6702 7442
7442 5318
5318 8406
8406 1478
1478 1616
1616 3443
3443 8582
8582 5312
5312 2468
2468 2454
2454 3105
3105 6169
6169 5120
9079 2923
2923 1179
1179 5083
9080 4481
4481 7244
7244 2974
2974 2025
2025 7459
7459 8704
8704 3227
3227 6487
6487 1893
1893 1570
1570 6928
6928 4269
4269 6107
6107 4539
4539 7528
7528 8428
8428 7334
7334 6316
6316 5859
5859 1471
1471 2177
2177 8850
8850 4774
4774 7284
7284 8676
8676 6712
6712 8828
8828 2736
2736 4738
4738 2226
2226 8703
8703 8654
9081 7100
7100 7809
7809 7088
7088 712
712 5807
5807 794
794 1594
1594 6334
9082 6056
6056 203
203 6164
6164 8944
8944 2474
2474 1297
1297 7172
7172 5704
5704 6600
6600 6171
6171 3243
3243 7709
7709 4593
4593 4141
4141 914
914 1296
1296 5424
9083 7200
9084 4376
9085 1153
1153 5394
5394 1439
1439 8268
8268 7173
7173 1647
1647 1661
9086 630
9087 2790
2790 6626
6626 2057
2057 5679
5679 959
959 8654
8654 6023
6023 6999
6999 7034
7034 2661
2661 6810
6810 5851
9088 1006
1006 697
697 1371
1371 5367
5367 4184
4184 6520
6520 4128
4128 48
48 4253
4253 1383
1383 8996
8996 1597
9089 984
9090 3827
3827 5165
5165 2110
2110 2286
9091 2144
2144 6131
6131 8875
8875 7829
7829 826
826 2719
2719 898
898 2290
2290 3053
3053 92
92 3662
3662 5360
5360 4382
4382 6760
6760 1130
1130 1215
1215 8819
9092 2457
2457 6694
6694 4828
4828 8079
8079 5853
5853 2408
2408 2519
2519 2221
2221 3026
3026 3153
3153 850
850 7890
7890 6455
6455 4878
4878 3247
3247 1367
1367 7222
9093 6101
6101 8416
8416 6977
9094 7222
7222 5783
5783 550
550 6524
6524 8466
8466 884
884 1059
1059 7694
7694 6343
6343 262
262 315
315 6732
6732 6084
6084 1999
1999 7899
7899 6420
9097 3330
9098 6223
9099 8030
8030 4893
4893 9018
9018 4628
4628 2079
2079 2831
2831 5718
5718 2295
2295 1227
1227 39
39 3079
3079 2708
2708 22
22 4727
9100 8710
8710 5549
5549 3121
3121 2934
2934 851
851 4968
4968 7116
9101 7131
7131 5681
5681 3610
3610 1603
1603 5584
5584 5018
5018 1830
1830 936
936 4413
9102 4847
4847 8638
8638 783
783 177
177 6655
6655 3791
3791 6394
6394 7533
7533 1101
1101 4809
4809 2732
9103 7863
7863 7129
7129 3903
3903 892
892 5656
5656 2660
2660 6045
6045 3733
3733 1522
1522 3467
3467 3997
3997 1902
9104 3449
3449 7990
7990 806
806 6358
6358 1534
1534 5424
5424 8447
8447 5131
9105 7525
7525 2574
2574 6453
6453 7101
7101 5215
5215 2051
2051 5123
5123 6817
6817 6961
6961 5868
5868 6431
6431 4666
9106 1010
1010 6151
9107 4994
4994 283
283 7790
7790 2016
2016 8845
8845 5466
5466 3426
3426 4082
4082 1866
1866 5192
5192 1028
1028 9115
9108 2535
2535 3535
3535 7513
7513 3225
3225 7861
9109 7608
7608 405
405 7881
7881 5737
5737 4111
4111 3644
3644 9008
9008 5448
5448 1466
1466 5952
5952 6076
6076 7281
7281 4415
4415 2773
9110 1054
1054 6163
6163 4238
4238 8206
8206 2976
2976 4416
4416 4393
4393 7598
7598 8088
8088 5987
5987 9142
9111 3322
3322 6009
6009 2296
2296 5083
5083 831
831 5556
5556 9121
9112 8865
8865 1326
1326 3995
3995 5395
5395 908
908 3638
9113 7596
7596 7176
7176 5387
5387 1592
1592 4524
4524 2114
2114 5516
5516 388
388 8223
8223 8519
8519 1368
1368 6665
6665 1635
1635 8794
8794 7970
7970 2845
2845 6882
6882 1399
1399 3180
9114 891
891 4160
4160 3345
9115 3966
9116 4418
9118 7751
7751 7433
9120 5155
5155 5942
5942 1066
9121 3318
3318 2963
2963 2652
2652 4067
4067 4413
4413 3166
3166 7657
9122 3919
3919 6443
6443 3646
3646 8502
8502 2861
2861 4872
4872 8093
8093 2388
2388 1464
1464 5722
5722 540
540 7448
7448 5344
9123 2377
2377 3817
3817 793
793 2168
2168 308
308 7200
7200 2392
2392 6717
6717 495
495 5195
5195 7996
7996 3886
3886 6564
9124 5820
5820 9130
9125 5851
5851 7642
9126 3651
3651 920
920 2984
9127 7506
7506 5840
5840 5763
5763 6081
6081 3248
3248 2287
2287 6010
6010 5344
5344 6758
6758 4723
4723 5814
5814 3006
3006 6888
6888 4104
4104 6420
6420 8038
8038 1394
1394 5721
5721 2865
2865 1968
1968 398
398 49
49 8853
8853 147
147 1027
1027 1163
1163 8632
8632 655
655 1873
1873 3906
3906 7377
7377 1597
1597 607
607 3658
3658 7440
7440 5223
5223 5645
5645 3700
3700 3952
3952 6043
6043 4961
4961 4496
4496 2544
2544 7289
7289 1377
1377 5336
5336 8940
8940 507
507 3180
3180 659
659 6275
6275 8677
8677 8765
8765 741
741 6477
6477 5145
5145 6824
6824 6654
9128 7963
7963 3626
9129 5967
5967 5813
5813 7053
7053 5131
5131 883
883 8690
8690 8785
8785 29
29 1212
1212 4570
4570 6161
6161 453
9130 6223
6223 2480
2480 4211
4211 2435
2435 7378
7378 2265
2265 3640
3640 4601
4601 1886
1886 1301
1301 6788
6788 1504
1504 2117
2117 5183
5183 3966
3966 2794
2794 6867
6867 1715
1715 7146
7146 1530
1530 5421
5421 2791
2791 2823
2823 4273
4273 3672
3672 8590
8590 8591
8591 5473
9131 2540
2540 393
393 5768
5768 1807
1807 4699
4699 3642
3642 5220
5220 3111
3111 6109
6109 1686
1686 133
9132 5452
5452 4072
4072 3661
3661 7938
7938 5666
5666 8020
8020 6192
6192 7320
7320 919
919 6151
6151 4373
4373 2132
2132 3490
3490 3533
3533 5095
9133 5365
5365 2869
2869 120
120 4173
4173 3631
3631 4187
4187 8510
8510 3433
3433 7627
7627 6675
6675 1995
1995 249
249 7328
7328 7261
7261 6178
6178 2128
2128 755
755 1443
1443 7420
7420 2530
2530 4620
4620 2286
2286 1327
1327 2739
2739 7565
7565 9095
9095 6248
6248 2413
2413 6818
6818 4804
4804 4145
4145 8657
8657 3665
3665 3330
3330 7050
9134 5454
5454 6619
6619 8035
8035 5689
5689 2917
2917 2191
2191 5595
5595 7897
7897 8288
9135 8465
8465 3529
3529 2925
2925 2705
9136 4218
9137 8
8 1279
1279 4579
4579 5164
9139 6286
6286 788
788 7860
9140 3953
3953 2688
2688 3792
3792 2359
2359 5935
5935 1858
1858 7325
7325 7549
7549 8617
8617 2414
2414 1276
1276 4218
4218 1646
1646 6840
6840 1518
9141 3637
9142 2851
2851 4021
4021 4284
4284 7276
7276 1761
1761 2991
2991 6054
6054 5095
5095 4331
4331 4773
4773 3602
3602 4418
4418 190
190 734
734 7707
7707 1285
1285 1039
9143 2346
2346 6509
6509 667
667 6466
6466 7050
7050 8726
8726 4587
4587 2799
2799 5168
5168 4149
4149 8708
8708 8819
8819 1197
1197 8362
8362 5514
5514 4998
4998 6592
6592 8346
9144 1520
1520 2493
2493 1102
1102 4237
4237 2694
2694 371
371 8314
8314 649
649 4040
4040 911
911 7167
7167 4194
4194 7145
7145 1959
1959 522
522 7521
7521 5294
5294 8288
8288 1378
1378 5052
5052 6630
6630 210
210 4703
4703 1036
1036 1211
1211 845
845 2966
2966 3106
3106 7480
7480 7347
9145 64
64 8047
8047 8970
8970 1738
1738 6263
6263 1801
1801 5997
5997 3159
9146 3403
3403 2630
2630 8352
8352 1241
1241 133
133 6871
6871 2264
2264 3762
3762 5302
5302 3501
3501 5564
5564 258
258 5585
5585 3040
3040 1874
1874 7589
7589 8119
8119 6761
6761 1078
1078 1832
1832 534
534 6234
6234 7433
7433 8522
8522 348
348 5522
5522 220
220 3207
3207 7237
7237 7303
7303 1688
1688 7347
7347 4814
4814 453
453 4225
4225 3504
3504 4839
4839 6564
6564 8197
8197 4849
4849 6674
6674 1535
1535 2327
2327 9138
9138 1009
1009 1933
1933 8807
8807 5251
5251 5210
5210 6395
6395 9057
9057 5250
5250 3034
3034 2560
2560 1794
1794 1845
1845 6869
6869 1160
9147 5054
5054 6938
6938 533
533 8604
8604 7354
7354 4727
4727 3468
3468 2584
2584 752
752 1821
1821 6463
6463 617
617 3637
3637 999
999 1678
1678 4649
4649 6467
6467 2636
2636 3069
3069 7581
7581 3677
3677 5649
5649 7297
7297 1057
1057 6291
6291 1507
1507 2984
2984 8811
8811 1611
1611 1855
1855 4028
4028 1887
1887 1445
1445 4175
4175 5651
5651 4408
4408 6847
6847 8092
8092 1661
1661 4196
4196 1469
1469 7494
7494 7184
7184 6079
6079 4527
4527 5089
5089 517
517 7280
7280 5968
5968 8998
8998 2922
2922 6701
6701 3632
3632 7827
7827 5975
5975 1120
1120 4278
4278 8234
8234 4519
4519 6221
6221 8317
8317 535
535 1125
1125 7872
7872 4617
4617 8078
8078 6522
6522 8565
8565 6022
6022 4554
4554 4731
4731 3876
3876 6341
6341 4903
4903 7573
7573 4363
4363 6267
6267 4577
4577 4148
4148 9010
9010 4018
4018 5447
5447 3444
3444 6663
6663 693
693 5963
9148 4762
4762 208
208 943
943 8420
8420 5355
5355 7310
7310 610
610 2329
2329 678
678 1379
1379 657
657 2510
2510 2217
2217 4760
4760 2091
2091 3061
3061 1734
1734 1657
1657 8926
8926 2485
9149 6357
6357 209
209 4643
4643 7692
7692 1634
1634 4605
4605 8508
8508 5908
5908 7057
7057 7116
7116 1421
9150 1881
1881 7097
7097 4598
4598 282
282 4000
4000 4858
4858 5470
5470 5249
5249 2907
2907 4794
4794 1813
1813 6585
6585 8879
8879 9119
9119 3843
3843 5120
9151 3880
3880 5911
5911 8376
8376 3314
3314 1282
1282 8393
8393 618
618 3439
3439 162
162 4249
4249 6334
6334 6285
6285 4668
4668 1500
1500 967
967 5963
5963 5438
5438 253
253 6318
6318 3830
3830 4272
4272 2608
2608 4086
4086 5010
5010 7559
7559 3652
3652 7140
7140 8346
8346 4908
4908 7071
7071 5801
5801 3945
3945 7444
7444 6160
6160 6602
6602 7523
7523 4838
9152 8477
8477 5784
5784 2631
2631 4374
4374 1160
9153 689
689 8413
8413 1201
1201 4036
4036 5841
5841 3280
3280 8854
8854 5366
5366 2705
2705 7011
7011 3080
3080 867
867 585
585 5001
5001 1061
1061 1214
1214 3246
3246 345
345 8501
8501 354
354 7845
7845 126
126 4376
4376 2337
2337 7896
7896 28
28 2485
2485 7657
7657 5734
5734 7000
7000 7550
7550 8612
8612 7953
7953 9072
9072 5617
5617 2785
2785 5033
5033 5591
5591 807
807 5347
5347 3345
3345 5697
5697 4369
4369 5351
5351 660
660 1199
1199 1980
1980 1017
1017 1066
1066 2353
2353 5925
5925 7133
7133 8210
8210 4512
4512 9096
9096 7860
7860 1778
1778 8064
8064 839
839 114
114 6604
6604 2809
2809 2033
2033 1789
1789 8911
8911 8880
9154 1262
1262 7861
7861 2913
2913 5120
5120 9076
9076 630
630 5257
5257 8203
8203 5843
5843 500
500 1380
1380 5258
5258 7282
7282 6507
9156 3157
3157 4629
4629 5021
5021 2433
2433 9002
9002 8326
8326 6996
6996 5776
5776 1518
1518 1936
1936 720
720 7822
7822 563
563 2526
2526 3159
3159 8344
8344 8187
8187 3626
3626 5164
5164 7578
7578 7720
7720 2001
2001 609
609 9117
9117 545
545 7830
7830 2404
2404 6436
6436 3115
3115 2778
2778 958
958 988
988 6326
6326 5673
5673 685
685 7982
7982 4024
4024 8050
8050 4134
4134 1039
1039 5890
5890 1902
1902 218
218 2470
2470 4509
4509 7805
7805 1203
1203 6597
6597 6545
6545 6645
6645 1654
1654 7283
7283 5269
5269 5469
5469 5415
5415 7620
7620 3059
3059 3094
3094 4035
4035 4178
4178 5323
5323 6780
6780 3512
3512 5632
5632 8715
8715 3879
3879 1401
1401 7540
7540 6642
6642 65
65 792
792 4407
4407 3287
3287 5277
5277 3638
3638 3808
3808 5473
5473 2308
2308 2099
2099 5383
5383 3874
3874 5477
5477 4904
4904 1064
1064 8880
8880 1138
1138 3378
3378 3937
3937 2077
2077 6654
6654 8644
8644 2975
2975 1413
1413 2646
2646 9155
9155 4146
4146 627
627 2373
2373 7643
7643 880
880 5191
5191 2700
2700 8699
8699 5999
5999 5912
5912 3590
3590 5654
5654 4456
4456 7392
7392 1160
1160 7584
7584 5538
5538 5750
5750 4891
4891 366
366 7553
7553 2179
2179 8303
8303 2732
2732 8299
8299 9051
9051 6168
6168 6998
6998 2550
2550 6501
6501 2773
2773 5376
5376 8528
8528 1800
1800 78
78 7369
7369 7683
7683 2821
2821 949
949 6241
6241 5148
5148 707
707 3898
3898 2209
2209 1421
1421 4202
4202 6751
6751 1951
1951 6985
6985 976
976 164
164 6617
6617 2726
2726 781
781 6323
6323 6768
6768 1468
1468 6666
6666 3344
3344 7542
7542 5006
5006 973
973 2233
2233 6752
6752 4666
4666 2772
2772 2525
2525 53
53 2316
2316 5099
5099 3909
3909 8804
8804 7887
7887 5563
5563 6534
6534 4838
4838 4599
9157 6137
6137 8500
8500 7695
7695 6823
6823 1850
1850 263
263 4499
4499 7792
7792 4045
4045 6977
6977 8691
8691 5073
5073 8398
8398 6444
6444 474
474 870
870 318
318 2629
2629 2798
2798 4182
4182 1155
1155 4830
4830 2141
2141 6507
6507 3851
3851 4105
4105 7660
7660 8740
8740 2047
2047 4019
4019 1090
1090 5826
5826 8411
8411 6424
6424 8454
8454 1048
1048 7850
7850 2472
2472 984
984 1122
1122 3210
3210 8091
8091 7642
7642 8151
8151 4599
4599 917
917 6480
6480 9158