701
107 92
372 611
66 413
697 89
73 516
182 354
203 324
233 716
187 652
711 834
136 757
251 91
969 316
813 104
902 197
451 612
130 596
539 621
434 801
290 83
205 110
850 114
623 48
965 694
887 286
348 512
684 361
280 350
440 127
93 613
166 25
596 315
142 518
820 954
407 71
228 100
121 561
13 55
733 899
203 111
538 487
610 590
829 975
841 915
609 840
873 803
121 690
921 273
898 211
803 84
628 134
277 722
151 431
459 605
237 197
775 223
270 900
798 616
43 728
564 602
463 693
901 587
11 644
104 173
936 778
445 460
857 628
895 110
415 799
346 118
664 912
711 907
942 184
186 136
127 589
673 425
893 803
544 25
897 940
738 476
981 848
817 726
408 514
641 758
739 806
730 359
993 770
161 281
700 288
750 242
889 118
239 206
223 479
151 527
300 875
391 644
816 17
181 459
211 206
215 714
638 90
315 78
118 55
402 497
431 213
98 786
570 350
521 37
842 168
589 746
378 829
900 424
336 775
585 336
581 540
638 690
651 432
809 368
136 36
164 914
237 142
813 905
45 923
753 532
821 782
496 723
102 908
37 125
443 674
728 627
853 948
809 865
871 815
954 518
205 240
510 152
975 627
749 562
593 156
49 900
358 112
578 210
486 913
488 789
223 521
920 213
422 996
286 87
622 35
482 362
485 324
485 194
759 391
93 887
315 357
191 769
442 813
401 877
966 84
608 136
946 716
888 259
735 121
457 791
680 483
514 482
548 503
429 888
669 157
366 671
766 615
453 750
900 250
752 890
864 368
970 183
237 783
977 121
846 360
148 708
704 373
180 962
984 389
895 968
739 390
473 454
695 533
434 684
120 252
150 714
961 414
953 972
364 252
613 208
264 871
756 505
185 808
831 718
842 845
813 826
492 730
924 433
91 868
361 143
318 781
539 374
778 594
986 789
192 227
577 975
601 86
260 913
340 157
921 13
861 388
756 83
733 185
990 710
372 479
384 762
332 439
53 512
331 188
894 777
843 469
334 808
801 810
570 704
51 466
58 997
54 168
212 43
571 627
424 506
144 825
208 312
176 472
713 248
65 650
207 709
720 521
431 443
214 874
496 124
421 334
428 417
281 764
662 525
286 535
907 50
469 772
222 266
849 259
777 765
57 897
253 504
933 271
556 234
648 487
398 489
815 176
719 673
435 788
967 723
172 30
551 333
283 448
517 553
699 99
433 425
970 324
63 54
801 628
355 912
372 290
293 213
849 65
603 999
975 15
622 701
91 567
259 394
524 147
293 383
88 11
281 656
201 359
305 677
754 21
749 535
15 64
788 74
999 508
661 547
887 462
903 584
185 770
173 928
600 422
773 958
530 993
66 174
47 942
574 441
767 797
891 119
88 890
672 86
180 986
843 202
587 10
475 757
232 315
870 949
253 671
779 116
94 874
294 19
267 244
698 981
581 764
880 459
996 608
851 887
667 584
841 700
541 409
319 601
783 983
157 982
821 549
315 718
60 82
568 969
929 86
882 18
747 810
972 138
51 525
187 496
316 811
768 919
211 918
853 760
312 221
986 305
693 734
624 129
239 273
575 745
361 308
722 760
19 164
339 532
289 228
493 369
229 578
379 82
316 589
696 252
313 467
316 984
404 474
731 919
668 894
785 508
600 970
979 537
235 140
28 656
62 842
383 689
323 683
448 777
787 423
938 543
283 541
595 809
178 841
394 872
301 715
648 403
497 552
411 159
319 834
866 372
447 312
198 642
741 166
102 378
898 707
88 108
625 606
883 852
115 835
871 959
955 584
261 683
732 628
216 371
40 373
673 50
478 158
389 828
610 750
937 404
725 927
109 18
273 824
241 891
932 448
623 268
21 260
374 57
192 163
582 507
549 748
901 941
479 286
841 242
686 456
972 615
610 999
980 290
536 329
800 678
546 184
805 584
281 691
13 120
563 860
46 754
438 660
323 732
449 30
169 918
744 838
469 853
570 469
849 664
985 477
855 534
463 330
953 697
963 361
508 992
78 32
284 840
488 159
937 380
182 545
646 377
802 862
399 386
811 626
444 287
740 536
987 651
729 914
748 668
435 296
177 965
736 363
640 163
766 422
492 419
459 75
133 381
751 494
855 420
960 845
347 531
196 923
175 438
369 539
75 639
269 935
75 820
188 177
353 100
922 584
399 664
623 640
429 379
86 74
342 402
375 379
495 449
355 843
751 560
994 529
422 545
823 425
168 827
378 231
127 665
277 359
45 704
895 129
974 249
322 553
871 833
451 498
621 957
779 20
303 146
738 35
998 853
301 799
657 213
175 935
75 803
338 283
470 217
912 330
970 65
788 651
602 104
182 122
508 914
563 265
390 407
205 350
943 15
64 544
742 108
216 438
598 308
597 384
639 923
994 472
600 165
717 749
388 273
702 541
370 598
714 765
54 995
684 569
974 130
949 500
344 363
293 283
760 726
626 610
383 689
681 92
782 297
113 830
32 668
550 804
994 825
217 246
480 935
168 870
324 138
886 172
419 157
689 533
394 592
310 695
660 696
537 905
687 150
339 554
980 23
317 602
282 850
630 780
724 532
20 309
343 177
958 457
881 240
804 188
209 845
735 334
162 352
792 258
694 104
334 30
205 518
135 921
128 502
720 523
166 436
347 989
690 988
814 439
528 636
75 45
422 987
148 288
716 143
43 165
515 656
894 676
703 444
700 178
517 376
314 394
304 776
648 547
602 956
569 227
89 756
652 358
747 998
432 15
338 221
215 739
81 602
269 332
958 380
820 28
775 553
557 721
665 143
653 621
122 177
375 812
532 792
63 821
35 813
249 535
943 898
601 774
251 195
808 430
893 840
775 923
504 759
584 998
597 195
202 363
655 206
359 797
274 606
659 810
290 87
666 368
638 319
769 972
905 580
745 667
543 120
469 726
226 798
459 506
392 984
851 628
555 167
620 971
398 887
555 736
720 689
290 328
345 832
105 505
399 718
188 93
148 317
650 893
58 127
946 146
379 251
633 183
814 954
95 871
913 477
259 810
139 900
118 395
103 79
613 214
329 259
52 380
899 676
34 507
707 531
510 364
633 187
539 717
910 381
298 704
754 462
287 248
35 383
512 314
995 424
268 482
410 684
387 689
148 174
875 342
450 310
47 379
617 150
668 726
136 672
979 174
