8 5 4 0.1000
1.6905 -0.4659 0.0328 0.4075 -0.7889 0.0021 -0.0009 -1.7547
1.0177 0.6005 -0.6254 -0.1715 0.5053
-0.2614 -0.2427 -1.4532 0.5546 0.1239
0.2745 -1.5265 1.6507 0.1543 -0.3871
2.0291 -0.0454 -1.4507 -0.4052 -2.2883
1.0494 -0.4165 -0.7426 1.0725 -1.6511
0.5354 -2.0644 -0.6622 -1.2042 1.4620
1.7662 -0.3294 0.8407 -0.1800 0.5681
-0.7528 -1.7083 -1.8031 0.3831 2.2476
0.2694 -0.5246 1.9120 0.2373
0.1014 0.2526 -0.1324 -0.3095
-1.4350 0.5016 -0.0948 1.1931
-0.3688 -1.9064 -0.0996 1.6995
-0.3834 -0.8899 -1.1936 -1.0500
-0.3002
-1.1800
1.4976
-0.2826