1000
61351 35741 53093 22538 15134 36030 16063 27678 38244 22675 53819 31091 1506 55923 50513 5698 72079 99557 18752 49634 1520 998 51038 85219 33109 47186 77062 11821 16540 58480 7584 20479 78085 10460 42041 65923 44833 91390 39220 31595 98963 23858 34029 96166 55040 86776 49081 3914 40268 74636 7892 63561 94759 6630 31487 73895 38843 63727 30788 59606 68563 9952 36670 18854 91560 29646 56526 90938 67674 71159 15920 98455 96133 99653 31703 22463 89673 64982 37031 20020 99851 86436 17754 66674 12756 85692 46840 87982 42973 8971 1539 19814 85723 35111 92035 2281 34239 99774 51554 50038 29647 26603 72561 81281 4487 12295 63496 42932 4966 23160 56063 38859 56603 83045 4559 13654 40407 30705 64434 88833 38826 80399 69831 22017 19344 2999 79403 35914 71302 31420 52906 47841 39584 77484 32446 60627 20469 39364 85620 23789 83794 73254 55884 68192 98335 7305 8034 86704 64804 50726 11161 35832 35922 71658 90256 44391 53527 17729 98528 48241 2200 24296 49301 88155 50213 28354 12953 73602 93184 73645 58125 21901 47119 7062 61666 99564 47916 75471 12241 34297 96165 81315 79088 3088 61545 3501 22314 44690 24988 55683 56352 70973 99454 18513 50828 70614 22596 98905 2748 70970 99175 92225 73785 12752 99005 89876 10760 28078 4664 34712 46330 32933 10971 82466 11773 31042 12966 54982 62552 34983 68517 24437 56712 7089 94693 53102 26766 66509 71496 17668 67731 43545 2343 26459 20217 48147 28997 93849 49630 36874 87548 86148 83687 15831 54064 3702 42335 67559 59078 28573 29411 7180 20841 86556 36371 52589 3973 96109 77318 57525 33998 17327 1214 98549 3420 78782 70631 50657 60366 82527 47343 14013 33633 40698 553 77809 25722 77526 94760 1880 24589 97101 45403 74566 47082 38539 85660 24731 16188 69337 65771 22825 46835 2692 66743 48987 56541 75545 26824 66125 43180 6269 43223 72439 40483 501 61857 78613 60563 9560 72558 65728 83515 83651 23309 3614 44044 10702 5183 5309 76923 5785 78112 20453 72075 51594 34542 73587 60420 97843 78470 14486 94633 1303 75531 21903 35294 2166 86634 76332 69506 80786 12235 86017 10778 38302 11527 191 60743 82792 33147 24010 72815 83082 88798 78834 2854 75667 84150 38492 46604 56124 67005 99011 12176 82491 69654 67951 66209 80468 60506 78500 49516 73692 59807 3504 45656 76332 83070 5960 46785 64102 97060 38482 65321 33739 43043 90907 25721 6719 34203 16789 57786 92746 15911 82724 33906 88415 62962 19528 11202 86061 32432 89682 85299 5369 18919 7378 79248 47381 87763 15204 13407 84508 97399 94490 66763 98928 51475 38706 33791 16671 17855 19750 17850 37531 27472 71066 26749 70901 8167 95607 27692 20142 90879 50408 62307 49523 31266 44189 41867 8450 696 13307 38746 6299 82179 34994 93456 2316 85619 52752 12210 89147 51213 45727 36462 71693 19164 85352 38568 61725 73871 98557 68526 30737 22147 56957 99359 65996 77211 79602 86033 11219 54334 76742 63412 36207 16395 7718 68790 95741 12673 34044 97799 55471 42446 80632 80757 95173 35229 21204 21177 79955 47375 83165 77471 48971 76347 63669 55225 18108 87461 70609 13336 62529 6186 87528 73385 7168 42890 77507 60033 10858 18123 60718 22363 56189 6886 66693 57845 66860 25024 55859 98170 89105 96938 87823 21783 60394 6328 5273 87627 20795 29496 41358 98060 89290 84368 10481 43420 38720 88513 90801 64403 67855 45298 94279 23774 48243 97269 22612 90655 6386 13481 15184 5736 94220 45888 29445 38025 98654 44607 78631 64894 28017 24884 88602 56374 40322 53717 28638 83199 30964 3728 90320 81326 94652 85480 74842 31221 97873 22867 71981 14991 60276 29367 97103 37280 47876 48590 23133 57601 85147 40683 51513 78966 96104 37900 53931 25441 54801 30973 45686 90204 10231 7510 85839 29398 66776 91063 81078 65331 20107 57059 19783 15992 15916 17737 74315 51800 20200 57149 44689 19139 62186 5843 84281 36528 58389 61595 92139 37502 6908 59133 52537 61361 39183 12860 39150 12960 50697 51816 69519 13768 77579 69450 81202 69565 52262 91939 25540 25485 64216 34465 53411 1334 77135 22497 15710 56550 76922 33946 90305 71869 75434 45972 2229 77737 40331 57658 56422 37340 27531 26778 91727 82255 26983 24137 92774 24059 3694 71588 53630 8390 83878 46841 687 66848 76308 43221 32416 29629 51839 70361 36474 77908 35069 55506 26827 9005 69299 12100 21843 53157 32985 73333 28108 22155 49610 74079 55674 58244 46781 19901 81590 60288 35869 85899 28650 43221 55429 17079 75782 91654 23761 88621 78516 19906 53190 60221 59965 48984 39001 50967 37825 58984 3781 62038 16004 73603 25073 98023 43507 12935 36103 18640 71353 3008 95807 51697 69235 80939 57878 1840 31320 88371 38772 96275 2812 7788 92190 13531 75290 10617 69734 67189 72835 99900 36840 63403 38808 62321 94191 3315 55287 89721 83681 87425 75065 80924 65240 51898 53754 25539 82419 84161 77294 63099 17041 99655 67938 28670 61663 74987 62747 19262 54732 84073 15589 98801 31025 1859 79812 33278 17752 13751 47131 53504 27616 54042 20418 77693 5090 48951 70507 29986 27115 57301 26537 60663 70971 87880 63343 6758 10342 97244 6755 86801 77139 50820 40589 86499 69346 59397 28735 19936 34275 656 15319 58610 46154 12356 2006 91684 57689 29151 21742 60674 96581 88809 10487 12313 51269 84005 58139 65236 60137 83836 55578 43733 73284 26221 24044 86617 8719 63502 3699 41501 24713 76540 77853 57173 91729 39048 48495 39952 38000 79622 77618 13221 10767 76229 48102 36756 57229 65788 86319 4835 32359 34554 93241 63374 98496 1947 7403 20840 79115 15602 40100 51092 91218 17705 97586 25564 79070 79480 12659 97517 7934 44527 24745 25967 57912 65040 37423 79058 85449 24561 80340 32903 43734 27447 93442 92871 91638 75177 60097 27278 53677 52882 73809 64450 9769 99436 24276 7322 60415 70206 37686 68069 99636 52575 52891 15569 35979 19463 28404 89297 61995 70540 22813 84172 12766 80466 77050 42706 23909 94129 13034 74663 14289 65207 56842 91795 10336 72930 36411 87008 41624 49419 54193 91472 99699 21671 66673 95873 63209 73450 48253 23100 93962 26550 9094 61914 6880 54921 23278 74056 5822 73731 73066 3381 37400 80088 39598 90651 70630 82598 19450
1 2
1 3
1 6
1 27
1 557
2 4
2 8
2 21
2 366
2 501
3 5
3 12
3 24
3 115
3 359
3 486
3 658
4 11
4 63
4 189
4 197
4 423
5 7
5 9
5 17
5 28
5 52
5 97
5 371
5 434
5 598
6 72
6 650
7 22
7 23
7 39
7 42
7 57
7 123
7 591
8 51
8 70
8 129
8 148
8 154
8 355
8 879
9 10
9 30
9 108
9 856
10 62
10 247
10 342
11 13
11 14
11 16
11 18
11 47
11 83
11 230
11 581
12 20
12 105
12 144
12 235
12 245
12 266
12 353
12 386
13 15
13 25
13 205
13 875
15 19
15 29
15 43
15 68
15 71
15 73
15 233
15 334
16 175
17 55
17 66
17 90
17 106
17 206
17 466
17 984
18 82
18 104
19 26
19 32
19 33
19 98
19 248
20 93
20 194
21 102
21 153
21 169
22 36
22 53
22 126
22 627
23 75
23 111
23 188
23 262
24 41
24 107
24 229
24 349
24 758
25 49
25 110
25 187
25 439
25 973
26 40
26 220
26 337
26 478
27 46
27 503
27 797
27 831
28 45
28 84
28 315
28 668
29 35
29 56
29 96
29 118
29 164
29 356
30 31
30 48
30 65
30 158
30 179
30 294
31 38
31 575
31 741
32 103
32 131
32 301
32 606
32 763
33 34
33 37
33 157
33 383
33 784
34 67
34 161
34 166
35 61
35 629
36 44
36 80
36 92
36 716
37 393
38 142
38 320
39 170
39 259
40 446
40 582
41 85
41 269
41 584
41 901
43 113
44 163
45 64
45 146
45 596
46 50
46 59
46 156
46 297
46 298
46 643
46 876
47 74
47 86
47 971
48 216
48 473
49 772
49 787
50 285
50 365
51 78
51 95
51 125
51 249
51 467
52 54
52 133
53 451
54 58
54 76
54 87
54 168
54 181
54 731
55 116
55 516
55 782
57 601
58 455
59 60
59 88
59 130
59 155
60 171
60 401
60 699
61 127
61 338
62 143
62 555
62 664
63 141
63 295
63 573
63 619
64 213
64 231
65 201
65 407
65 739
66 69
66 91
66 145
66 542
66 790
67 124
67 172
67 368
68 77
68 137
68 305
68 330
68 519
69 94
69 411
70 114
70 199
70 578
70 602
71 81
71 456
72 215
73 191
73 683
74 89
74 159
74 257
74 521
74 567
74 924
75 221
75 339
75 379
75 927
76 291
77 79
77 165
77 264
77 274
77 877
78 160
79 100
80 101
80 447
80 866
81 569
81 897
82 121
82 252
82 300
82 318
82 733
83 134
83 138
83 162
83 604
83 640
84 236
84 367
85 202
85 377
85 461
86 117
86 193
86 273
86 653
87 276
88 642
89 480
90 120
90 662
91 147
91 317
92 182
92 275
92 304
93 253
94 99
94 277
94 354
95 214
95 226
96 178
96 204
96 279
97 150
97 268
98 228
98 818
99 112
99 122
100 638
101 287
102 132
103 222
103 459
103 554
105 119
105 174
105 184
105 889
105 969
106 136
106 322
106 369
106 873
107 109
108 667
109 597
109 921
111 299
111 404
111 719
111 792
112 394
113 173
113 514
114 198
114 348
114 783
115 345
115 849
116 128
116 406
118 847
119 362
119 428
119 631
120 250
120 443
121 485
121 679
122 135
123 139
123 697
125 151
126 149
126 223
126 293
127 186
129 140
129 207
129 340
129 458
130 246
130 308
131 255
131 370
131 696
131 940
131 985
132 152
132 343
132 392
132 449
132 452
132 899
133 190
133 350
133 403
134 477
134 645
134 713
135 212
136 251
136 525
136 611
137 612
137 666
138 395
138 421
139 242
139 283
139 325
140 232
140 364
140 773
140 825
141 341
141 491
141 684
142 326
142 997
143 303
143 431
143 445
144 387
144 453
144 583
144 657
145 388
146 282
146 690
146 855
146 950
147 177
147 396
148 218
149 192
149 823
150 418
150 711
150 931
152 200
152 916
153 290
153 476
153 891
154 926
155 195
155 637
156 562
157 183
158 937
159 435
160 956
162 258
162 289
162 292
162 324
162 465
163 450
163 589
163 706
163 769
163 832
164 167
164 180
164 240
164 278
164 357
165 968
166 209
167 457
167 571
168 271
168 438
168 819
169 227
169 243
170 463
170 852
171 176
171 296
171 311
171 549
171 599
172 219
172 727
172 826
173 234
173 288
173 685
174 436
174 595
175 444
176 260
176 704
177 310
177 964
179 316
179 512
180 238
180 993
182 522
183 506
184 185
184 203
184 210
185 217
185 237
185 390
186 208
186 884
189 329
189 517
190 729
191 494
192 265
192 267
192 600
193 309
193 412
193 527
193 779
194 196
194 427
194 623
195 224
196 432
197 535
198 211
198 798
199 281
200 844
203 381
203 405
203 725
205 225
206 256
206 472
207 375
207 413
207 429
208 239
208 306
208 845
209 241
209 332
209 430
209 821
211 424
211 550
212 441
213 469
213 488
215 270
215 805
216 263
216 402
219 244
220 552
220 920
221 391
222 302
222 670
222 810
223 561
224 327
225 496
228 533
228 780
228 815
229 254
229 624
230 284
231 414
231 703
231 947
232 900
233 862
234 347
234 389
234 425
234 553
234 775
237 669
238 385
238 609
239 333
239 576
239 605
240 415
241 671
242 314
242 398
242 665
242 695
243 694
243 698
246 261
246 372
247 433
247 809
249 321
249 634
251 895
252 358
252 471
252 594
252 663
253 626
254 323
255 481
255 528
255 656
256 360
257 319
258 363
259 272
259 352
259 865
260 493
260 933
261 717
262 617
263 410
264 286
265 490
265 888
266 635
268 532
269 863
270 351
271 280
272 419
272 736
273 945
274 538
274 639
274 961
275 470
276 328
277 536
277 677
279 504
280 674
281 673
283 518
284 374
284 872
285 840
286 570
287 335
287 382
287 799
288 460
288 530
289 312
289 709
290 484
291 551
292 422
292 958
294 752
294 930
295 851
296 346
296 953
298 487
299 730
301 307
302 628
305 313
307 510
309 641
310 785
311 608
312 384
312 502
312 547
312 682
312 687
313 380
314 781
314 905
319 675
320 622
321 336
321 416
321 507
321 587
322 556
322 919
323 498
325 966
326 420
326 965
327 331
328 903
329 754
329 803
330 543
332 483
332 492
332 833
333 546
334 397
334 509
335 344
335 801
336 540
336 722
337 786
337 925
338 963
338 988
340 854
341 440
341 499
341 537
341 982
342 513
343 545
343 734
345 710
346 759
346 978
350 361
350 409
351 548
353 373
354 376
354 614
354 765
354 766
355 681
357 630
359 408
359 560
359 999
361 544
363 998
364 399
367 558
367 820
367 868
368 712
369 482
369 755
369 938
370 793
371 738
373 378
374 400
374 636
374 724
375 908
376 830
376 838
377 691
378 529
379 788
380 700
382 693
383 923
384 914
386 515
386 564
387 437
388 539
389 442
389 894
390 526
391 462
392 417
392 448
392 618
392 625
392 846
393 500
394 814
395 603
396 479
396 592
398 692
399 620
401 726
406 474
406 659
407 426
408 475
408 853
410 585
410 715
412 572
415 586
415 762
416 737
416 936
417 718
419 651
420 913
422 531
423 954
424 613
425 454
425 468
425 497
427 910
428 991
429 705
429 748
430 680
430 887
438 672
440 721
443 742
444 464
444 524
445 881
445 912
449 568
449 610
450 505
453 566
454 714
455 495
455 789
455 928
456 580
456 843
458 559
459 689
460 983
461 644
463 541
463 745
464 661
464 688
464 794
466 771
467 511
467 652
467 747
468 588
474 723
474 808
478 757
479 489
479 508
481 804
483 607
483 728
486 646
486 796
489 911
492 565
492 686
493 678
494 577
494 800
494 806
495 827
497 632
499 574
500 858
500 896
501 777
502 660
502 732
504 520
505 816
506 593
506 839
507 760
509 861
511 744
512 883
513 929
516 523
522 770
525 563
527 534
527 590
530 776
531 995
534 871
537 633
537 740
539 802
539 828
541 898
542 676
547 890
547 934
549 648
550 750
551 743
554 621
557 735
558 654
563 616
567 836
571 579
574 774
585 932
588 859
590 944
597 869
600 909
601 615
602 649
603 655
608 751
608 904
608 994
615 768
616 795
617 707
620 886
622 857
624 864
625 701
630 848
631 647
634 756
635 990
636 811
637 702
637 812
639 906
643 907
644 767
651 720
660 987
661 761
664 989
669 979
674 778
677 764
680 824
682 829
684 943
685 749
688 885
697 746
702 708
704 807
706 957
710 791
710 918
710 952
712 915
716 1000
719 959
722 822
733 850
736 878
737 981
739 753
745 948
747 955
748 813
750 976
759 870
760 902
762 975
777 842
778 841
782 970
783 834
790 935
792 837
804 949
805 817
812 860
815 882
818 835
819 880
823 977
828 974
833 946
839 867
839 892
844 941
851 972
856 874
857 917
868 951
874 922
874 980
884 939
888 893
896 960
900 996
920 967
932 942
932 992
941 962
978 986