15
0 4783 2411 1086 7920 6699 8266 8182 6252 6734 5297 4499 1147 7245 106
1363 0 7055 6894 463 1761 9478 4031 834 1166 3033 3493 2676 6857 1842
6743 6007 0 479 4712 2376 3610 645 8959 2690 8977 9729 7804 1363 6088
4743 3035 3749 0 4202 3838 5827 2427 1012 9897 4730 3178 3121 627 3752
5645 5606 9382 978 0 5409 1926 6676 3749 1845 5471 305 94 1725 7915
3872 8123 4266 4074 9265 0 3118 8276 8968 7799 9118 6788 7320 6865 844
8630 6404 9914 4841 8000 7890 0 4298 5729 3831 698 7929 268 9818 5983
5402 7142 6229 929 8567 3605 2108 0 9107 2268 9701 2575 1362 8117 1211
4223 4036 3260 6710 2688 2505 7229 9864 0 3790 3970 9708 4837 3757 408
1564 6713 6186 9352 4322 2690 6148 2531 5322 0 4619 2528 7331 6785 1804
8976 3977 4857 7611 8675 4052 4974 9895 1200 1349 0 133 7601 2292 9942
6662 1320 2419 6619 5058 23 8808 269 9404 1740 3105 0 2682 5585 4042
8792 821 754 3115 9734 2046 9816 8491 8340 9096 3079 4684 0 2281 2786
78 5327 7142 6291 2266 2494 3701 3806 4539 6091 639 4604 2433 0 2209
2664 589 3538 7160 5563 8828 7141 9329 9679 4388 5523 2409 5430 3951 0