4
15 15
92 8 69 18 76 9 33 61 21 19 10 74 40 67 35
92 76 9 28 5 74 86 64 100 19 65 50 65 55 85
42 8 99 99 43 6 62 9 31 88 23 14 86 14 75
69 24 67 83 82 65 69 31 57 19 64 81 90 98 52
68 100 72 78 30 17 79 88 89 7 89 63 95 38 19
12 97 33 75 58 11 32 80 19 66 14 31 44 56 27
10 41 54 7 33 60 2 85 7 56 74 16 66 9 90
15 28 98 72 12 76 3 53 43 33 4 80 6 9 29
76 t 68 s 63 21 86 83 2 74 5 31 66 58 28
40 36 64 44 70 51 79 75 5 29 86 76 23 71 22
34 70 76 2 6 63 41 52 79 87 18 98 68 74 42
52 33 24 18 75 65 12 52 45 71 98 42 34 88 13
22 47 32 41 92 46 4 51 21 90 55 81 51 78 23
4 42 4 48 31 25 84 9 90 26 98 80 26 89 67
69 87 95 23 67 31 66 22 49 53 73 64 23 42 93