269
242
254 126
118 27
93
78 230
251 116
40 16
144 158
89 13
76 124
205 75
128 208
124 17
268 237
216 199
239 118
175 14
233 72
190 65
57 87
15 68
105 184
18 191
69 90
131 134
186 129
179 203
97 202
19 105
171 127
104 220
187 1
254 21
67 157
171 111
60 46
171 91
89 16
207 108
208 35
210 51
200 71
2 171
213 240
245 50
78 96
252 122
29 42
36 13
211 221
2 56
189 198
200 178
16 21
2 190
169 97
67 200
85 33
121 139
261 76
133 131
116 51
163 36
220 121
122 20
174 128
147 239
21 33
106 155
58 175
248 55
261 191
171 189
50 125
37 53
188 137
135 165
220 76
195 135
251 62
177 14
252 178
43 191
45 241
264 174
75 153
27 1
148 39
111 138
45 95
32 231
21 43
102 25
137 217
166 163
116 195
41 129