100
100
19 83 21
76 87 56
77 93 57
83 97 71
70 86 66
24 49 15
78 84 39
33 81 68
96 98 47
35 66 76
86 98 38
2 60 7
68 77 99
25 91 70
58 89 61
96 99 49
35 76 28
65 80 53
4 21 80
76 78 79
46 70 53
10 65 1
22 79 10
91 93 52
89 95 15
85 97 23
51 52 13
61 89 3
65 99 36
64 90 100
80 94 2
38 39 45
85 99 97
92 93 72
40 57 57
8 15 75
5 83 75
19 58 55
31 77 77
62 64 8
30 72 86
10 77 58
31 89 91
15 48 68
92 99 22
17 26 60
40 86 12
84 89 20
80 97 55
42 96 14
90 92 53
22 46 19
5 57 88
72 73 100
27 72 5
10 32 95
80 88 55
35 52 51
73 96 89
2 87 28
99 100 93
70 94 82
2 5 92
27 32 8
69 100 64
13 87 83
68 77 31
13 66 62
25 57 30
26 90 75
50 87 30
41 90 13
13 57 31
56 68 42
21 60 33
81 89 48
72 79 88
47 74 90
50 95 88
43 96 8
58 100 7
65 77 34
13 83 34
13 65 36
41 87 20
22 55 29
73 77 54
76 82 47
81 95 96
65 91 72
81 97 92
53 62 65
9 24 34
56 82 65
61 91 3
62 92 73
52 55 26
92 100 45
42 80 29
51 51 48