73 1798 1428
23 17 20824
6 11 25440
23 72 34757
36 42 72985
66 65 75168
33 21 71441
12 15 49008
73 24 52222
5 4 16748
40 31 32543
47 48 99939
73 35 54917
14 29 47132
4 1 33083
25 9 89877
46 47 62594
25 67 33319
55 60 77013
6 38 68449
26 52 78332
45 32 74411
16 34 67954
17 18 4818
46 69 94831
61 1 31478
59 13 12762
60 38 27002
54 50 95784
19 26 27419
21 22 42025
52 36 98935
13 35 34486
25 61 10323
54 50 56253
6 42 29278
6 66 80731
43 20 64626
57 57 98910
61 25 74308
41 17 1748
54 65 52451
44 71 34173
27 16 30943
42 49 84528
67 28 82275
60 19 48990
71 58 55936
30 1 32218
39 15 65595
51 67 86103
25 1 14982
13 18 62940
37 28 37210
32 49 11592
30 50 28972
41 64 74199
62 17 24368
37 4 59444
12 12 65559
5 42 39724
14 37 11895
22 39 148
22 3 80622
57 38 43023
65 25 99118
26 44 48146
27 39 26498
16 69 61112
9 48 63103
60 64 41603
16 70 93486
28 1 1158
65 44 1325
26 69 37170
59 22 43518
25 11 3424
44 67 26826
41 56 50621
66 29 74281
41 10 90581
11 6 50124
39 42 45375
65 66 90912
73 22 18195
53 9 13950
42 18 50351
17 44 21106
26 42 97290
51 20 78455
20 13 41341
56 28 50669
48 48 19288
27 9 85247
37 50 47607
69 5 76517
40 15 23794
68 40 12633
52 59 70356
51 60 17017
67 47 89792
57 14 26081
2 53 43250
1 72 89023
50 14 93943
39 8 70376
41 33 34806
60 66 87427
56 72 26884
12 33 98269
8 36 67670
23 25 88800
53 56 23784
19 54 66175
53 58 46218
23 40 93416
49 65 68608
6 53 8080
3 13 19134
58 27 40675
71 36 17473
6 10 21123
42 57 27204
54 39 83006
18 20 73400
14 25 37076
59 57 45752
19 59 67764
59 57 4195
36 50 70305
73 40 1443
46 2 65281
35 6 78014
48 34 69245
72 13 8824
71 29 96758
30 69 55939
16 62 26938
40 36 9727
30 21 46375
64 16 33584
45 41 47216
63 6 77498
62 17 2073
3 42 60932
55 30 72281
68 8 24559
46 48 52037
60 25 41702
44 3 20614
5 60 90420
34 53 87646
10 19 31134
21 29 77476
30 30 4642
49 21 32418
10 39 97442
49 11 55349
58 44 90747
62 54 1093
25 21 90088
61 40 39748
42 63 36849
63 24 68055
39 7 7296
40 48 39378
33 18 51779
52 7 36918
5 29 74812
38 53 33136
67 73 1587
32 24 19876
18 37 84188
39 70 41088
37 2 41807
43 2 61901
59 49 21115
62 6 43886
10 24 71309
60 49 46065
67 60 49480
24 20 4620
44 53 7861
4 2 47537
20 39 19236
9 56 60340
43 28 53584
66 41 26955
21 46 40397
57 7 59998
23 36 18667
51 51 18354
5 61 45310
29 61 30736
9 19 25973
11 7 11639
14 35 8713
44 4 65879
27 40 30915
71 8 28101
49 51 88217
46 36 19553
70 45 91964
50 18 67878
58 30 39561
4 56 69895
67 5 63933
51 65 1756
18 37 27266
19 61 40065
53 5 52612
63 9 91291
53 35 29689
19 2 60280
28 18 79075
69 43 18989
5 59 20220
30 63 42173
32 32 28712
39 58 35400
44 29 92597
45 58 39667
68 40 68068
22 54 53908
72 52 87244
20 38 20008
60 15 7202
44 17 76247
38 21 93215
20 11 85453
73 4 16657
72 15 21618
10 66 52436
32 73 49294
3 26 9388
58 11 53647
67 29 1209
64 65 59947
40 10 76500
25 59 31359
43 28 60303
28 39 29751
15 35 99755
39 23 96456
5 4 21159
26 17 51084
30 13 59027
67 25 92389
68 33 79890
26 35 52715
2 50 60065
66 28 87943
3 45 97012
1 66 26965
45 5 73728
58 37 34297
71 66 16068
8 24 70717
15 44 78056
33 2 66561
12 11 86083
73 23 12871
21 5 36702
14 2 30848
9 68 83090
32 46 17338
13 44 72221
72 46 52542
26 72 28201
60 54 9572
47 3 25202
57 50 19514
73 6 35500
12 37 52956
4 44 98472
67 64 5983
2 53 53731
1 52 77369
23 30 69250
5 71 33489
60 70 72458
65 25 91671
73 19 8672
62 32 23616
32 17 43366
72 2 6821
30 23 70296
55 23 21302
38 65 52558
73 26 46429
31 5 38014
27 38 18835
30 4 14574
65 60 76767
31 16 38780
42 5 19473
42 7 22602
64 24 73735
46 68 96919
68 4 2368
63 15 45850
62 63 31031
24 16 97444
67 1 91319
71 12 15092
47 64 60508
61 24 77933
12 19 17085
45 12 91449
3 14 32577
48 5 63717
71 8 94843
28 16 18003
52 34 69741
20 72 54358
55 6 75265
55 19 51578
49 18 70845
40 73 11034
34 71 99329
54 24 91740
58 67 91558
27 67 13628
52 26 68552
24 53 62015
61 33 91373
13 66 94318
21 57 45409
9 72 84320
44 52 52816
31 60 36282
10 4 47620
52 49 20449
55 73 55480
69 33 79376
35 2 90426
13 18 78849
28 6 53964
39 43 53328
24 38 93101
28 52 21669
67 44 21944
71 36 31553
57 47 61323
32 67 75928
12 36 40721
21 62 51450
69 26 66934
13 18 1371
8 3 53930
29 64 2276
69 46 73580
5 56 21868
43 56 77362
53 46 59411
46 36 14009
21 73 90008
70 67 87546
10 10 68716
36 41 37
70 54 33340
31 60 97625
10 61 72467
32 33 13002
26 58 70796
13 35 45871
29 1 10191
49 50 75710
43 25 1545
54 50 96832
33 19 94334
41 1 37795
49 49 73979
35 54 52735
48 67 38885
65 13 59992
67 29 510
49 57 35165
11 21 98616
56 47 95833
67 19 35175
68 17 57248
40 46 54852
11 21 25803
55 29 81832
57 41 8508
71 58 51022
41 51 99262
46 66 42331
12 7 85948
31 71 16068
34 65 38718
27 33 52532
73 68 38996
8 43 64359
11 24 97317
58 49 52865
13 53 97600
20 30 42364
2 53 82473
26 19 63169
1 33 66389
45 66 81123
29 26 56800
73 23 45838
39 66 79680
9 22 70163
57 13 21297
69 46 27832
66 72 43661
17 54 11137
47 49 94681
30 46 63703
53 51 37763
4 27 2313
5 40 43187
73 71 11939
20 55 99802
55 52 76509
35 39 16252
34 62 39477
13 43 47856
28 36 50226
55 34 10473
31 42 49281
13 50 49048
64 32 83504
10 11 81954
49 33 51303
54 37 85757
64 11 37905
10 68 38262
14 47 48547
67 32 11173
12 63 28228
19 70 13491
32 29 10094
45 3 16224
43 11 58202
34 44 60827
23 65 87685
2 25 14888
1 54 53710
34 71 59398
55 14 11224
56 63 18881
7 24 11033
9 50 45843
45 20 17300
17 27 25995
62 32 87136
57 38 88564
10 46 2326
68 43 33399
7 19 59635
10 44 86976
48 21 62244
49 57 38510
38 5 40991
48 64 89161
26 17 15694
7 21 49184
19 60 4673
40 66 35963
46 53 51492
11 71 58784
62 17 21875
6 53 34431
38 30 78268
7 30 69412
42 26 8648
48 52 35558
57 18 34297
17 72 66648
62 70 24897
24 49 94812
60 20 36116
43 3 25826
68 30 95497
47 6 49013
65 62 41881
60 67 70295
39 55 21329
25 32 75698
51 19 95679
39 4 22487
8 62 47989
60 16 39178
26 70 80670
50 19 4168
42 65 443
3 31 15221
14 3 80422
9 5 83543
41 18 63399
46 46 19117
27 2 46083
20 34 77647
37 29 92912
61 55 95718
63 36 9275
15 33 95901
25 15 69490
65 2 30188
35 50 79115
27 21 95421
50 35 61000
26 54 99205
57 52 99609
41 2 78695
70 20 72612
25 10 69112
73 38 72593
4 35 88514
9 43 75037
16 65 36507
59 42 59898
29 11 17468
1 59 78746
38 27 66918
27 29 7646
49 71 38470
58 20 18305
72 68 36384
6 12 94278
57 61 23842
53 1 44537
43 12 21277
68 8 93615
49 44 31484
10 49 94801
7 33 44230
62 18 42903
50 17 75839
24 32 16030
63 28 48079
39 27 60455
40 69 80893
52 37 97061
42 47 25938
43 10 62271
11 45 63543
69 23 34139
44 11 24974
50 68 9984
72 40 98401
54 10 72176
7 21 18070
59 59 5093
58 27 76400
46 31 61172
38 70 20378
29 27 48074
67 24 5357
29 33 41581
31 41 55151
59 69 49002
46 17 97890
56 65 70953
33 30 66615
63 43 65715
10 64 52123
6 67 43840
47 36 32697
30 72 51185
1 71 94265
6 14 36743
44 37 53222
64 34 27374
16 69 58248
25 5 62836
73 66 28816
21 53 42717
9 60 717
3 68 85679
2 68 92072
37 53 10913
64 25 61350
4 55 53479
51 61 70199
53 21 48721
17 11 61399
70 27 53992
20 63 56063
7 10 56093
33 70 8894
55 55 22983
62 9 60673
11 25 98414
9 49 92704
61 69 82876
49 22 87182
15 73 93867
66 24 91442
73 39 20805
7 63 6586
6 51 29094
48 64 93016
40 41 50296
51 50 71316
48 9 25448
56 37 99825
21 65 78221
11 48 25385
64 71 87193
37 50 27658
41 60 59194
16 8 92455
55 10 28879
5 45 1172
66 41 80361
35 9 74481
27 36 98242
11 25 60096
8 55 35331
35 41 42513
46 55 69498
4 72 31606
40 42 31702
14 32 59005
19 42 37135
36 72 37740
36 30 51030
59 58 420
49 44 30456
43 8 319
12 73 96918
8 17 6121
48 53 70858
3 9 70703
36 16 19734
68 7 56231
22 10 13048
70 15 39891
65 57 84555
43 3 62057
53 40 97839
39 61 20315
50 73 17838
35 53 94598
23 64 32189
32 31 74183
23 60 38825
17 47 58363
25 30 77463
41 30 48393
61 19 18622
48 16 93754
69 69 14043
8 59 27225
7 54 14589
21 52 53837
45 1 69239
14 7 6364
63 53 20505
32 44 58690
47 45 59839
37 28 22522
7 28 92709
48 16 43224
7 18 66313
34 42 46020
10 69 1834
42 20 22219
7 27 19149
35 63 90425
35 53 13064
7 23 86204
4 54 92923
40 52 3631
30 66 67082
42 60 3338
11 53 57539
29 28 12156
54 69 37729
24 47 57678
32 35 61643
17 43 92692
24 56 92697
61 2 24814
65 69 98316
3 59 40620
52 26 12054
12 47 62080
59 20 63018
52 56 86690
28 63 2884
68 1 45974
55 33 47063
28 60 4501
71 32 58233
5 38 48201
1 71 16539
25 12 32605
10 6 15658
69 42 92641
36 53 70947
38 65 93188
27 54 22372
18 72 60009
28 38 28730
72 55 66983
17 11 82621
57 70 50737
2 59 88701
68 30 16004
50 48 8290
1 15 71791
28 57 18020
66 10 72089
16 58 79606
66 48 8396
51 12 95692
73 21 91534
60 27 55191
46 19 9804
50 71 74191
65 11 97086
59 52 31777
25 22 96516
48 65 363
11 72 73118
7 14 54062
20 66 97023
32 61 29195
36 67 93555
25 39 12772
51 9 8551
51 19 43354
70 62 2395
31 19 75563
9 4 96850
56 66 82162
54 28 81987
41 71 28782
50 59 63860
56 70 86508
26 69 48320
8 64 95633
7 46 70921
30 33 41407
24 21 6459
30 56 97441
2 39 91702
66 58 65968
23 60 78298
73 20 38020
14 22 34671
73 55 7446
48 15 23922
28 7 54730
3 50 19723
65 10 59168
20 54 65005
57 68 5076
11 27 73416
39 73 15708
18 27 65478
26 1 27974
60 60 32025
14 2 23867
14 65 23545
1 21 52947
51 57 1739
22 12 44347
47 62 15319
52 36 27708
72 60 62724
62 22 94325
63 17 12316
43 28 27771
3 50 86547
38 51 63188
55 13 97430
48 63 40934
44 56 50241
30 47 29479
23 49 39048
10 61 84567
69 35 68123
37 72 23089
53 33 14514
25 41 9884
12 46 77121
42 24 61762
38 70 83793
73 71 79925
6 31 69716
52 60 91082
67 54 55662
27 45 73174
51 38 44923
68 18 98125
6 1 931
50 51 53376
1 44 95714
57 30 53429
33 11 20926
6 32 43195
72 8 22390
14 65 17968
12 70 54542
43 34 74589
2 46 49053
36 18 16337
15 34 90995
32 66 47914
65 35 15431
4 49 19883
18 13 27688
22 9 42392
72 17 14510
42 61 69733
40 1 69376
70 25 73286
48 52 25850
71 48 41127
66 2 96339
33 54 24540
54 14 18001
38 33 23826
51 24 21491
52 10 99016
60 23 63371
41 38 47630
40 14 29069
40 33 88847
58 9 90184
24 7 29397
26 55 64692
58 17 7387
73 54 72110
2 60 96309
48 28 92477
3 53 16861
41 43 45762
9 12 86787
46 46 83067
19 44 35015
20 68 52779
52 29 96717
56 2 47947
23 5 30363
15 63 19773
19 10 63268
10 55 76274
9 45 34721
19 39 53272
68 16 64642
39 50 85757
31 50 20312
4 70 41267
45 28 65997
54 53 56750
44 10 46025
59 13 96893
46 53 36222
9 19 14689
73 19 34059
23 3 83335
13 52 22798
47 14 93385
34 28 20685
55 1 91147
46 54 75275
1 8 3188
32 70 35232
64 45 11237
22 35 13217
20 26 92329
36 30 83506
59 19 26251
28 4 34944
17 67 93166
35 61 82924
33 20 4982
58 37 32612
33 11 95501
57 39 6019
3 38 78625
39 1 40590
6 41 5016
30 38 10329
31 42 17482
29 62 35209
26 54 78464
53 72 12053
38 67 34210
40 47 52890
52 64 45395
48 70 40539
46 56 73199
27 45 3912
15 29 35120
62 62 57314
41 28 19901
12 51 72418
28 20 27611
62 1 560
56 38 25173
22 30 16146
66 42 14915
62 1 35958
67 37 92429
8 31 94788
70 32 77557
12 61 17138
43 9 76965
50 6 43131
12 72 30533
60 6 9186
24 62 66079
69 15 36706
13 15 31874
66 5 7986
12 3 45338
22 52 34953
67 66 17660
10 60 3859
21 58 34778
56 8 55541
60 45 19000
69 57 71153
2 22 43441
35 35 71608
64 67 21716
52 7 69011
36 55 87260
4 11 57980
58 39 94847
42 73 22528
18 56 37320
50 45 69407
6 20 84423
49 27 27439
38 39 31810
22 67 94369
20 10 30234
27 57 68752
29 22 45951
28 12 6775
42 54 27273
70 13 49852
14 51 84960
8 50 84585
28 40 67036
17 7 13284
73 57 79178
45 27 28736
72 34 92286
46 42 86900
52 54 61031
31 55 22919
6 36 82746
52 21 44575
67 11 1517
56 30 95063
63 67 84677
61 44 23394
18 1 90980
68 7 27741
10 36 64089
61 8 94944
52 33 89043
29 60 35719
71 13 79204
26 38 61421
51 4 62887
4 8 96977
65 31 76929
21 36 58107
32 41 83260
34 42 71097
18 23 32152
22 17 98689
8 63 19717
58 52 17753
27 28 41092
14 41 85379
61 63 79953
5 37 47105
16 58 59851
3 41 46526
73 3 13050
63 21 78612
40 20 30253
53 67 12942
24 3 38057
13 6 76248
43 24 21283
29 37 86070
13 31 20797
27 15 41959
37 62 56230
41 71 92872
50 57 14855
44 37 90998
49 73 73771
19 45 81147
39 33 95307
21 37 21896
43 64 65733
49 58 37912
35 7 90619
37 38 17417
21 52 43241
51 43 74086
53 38 64181
38 12 11898
36 13 10545
2 62 38304
14 54 5314
41 64 48349
54 66 43919
9 6 99195
56 3 73109
62 57 86429
49 50 85798
69 72 83244
11 21 19194
16 47 75946
14 41 6665
67 7 77904
18 21 47280
32 57 53382
63 18 11496
38 35 12559
9 68 65840
11 50 66560
5 65 4957
72 25 62930
23 69 75647
28 30 6416
55 1 32318
37 42 15554
33 50 88682
2 67 32894
48 52 42318
59 67 64878
34 58 85806
17 71 72747
59 25 51117
32 10 83381
5 43 42034
61 43 54571
24 36 93617
27 26 41035
62 7 4722
46 54 71137
14 54 11932
54 24 15677
12 6 24167
11 51 14078
57 59 37632
25 6 63113
47 64 12296
69 34 16014
26 45 92650
34 10 14235
6 25 57027
31 38 99840
31 63 89867
67 35 73629
40 9 51361
34 12 88565
37 52 68073
12 16 23084
60 40 8535
42 55 2263
20 20 12000
43 61 50549
38 9 45562
39 20 25271
7 29 29874
31 70 88650
62 18 26603
65 45 61929
17 20 88502
10 8 25974
24 19 92772
54 2 85739
2 71 40022
68 61 66200
43 54 84920
9 59 27734
17 32 87952
22 18 70326
15 3 39469
64 71 54865
46 25 96739
63 47 91661
70 56 87253
69 12 94801
7 2 38991
4 58 50585
12 24 3758
21 26 13857
1 1 21095
43 35 55530
64 7 83438
6 33 76532
60 40 85847
72 71 86718
22 37 23853
2 68 64141
49 3 30440
11 33 71645
34 62 83924
60 61 86624
40 32 98663
41 67 81077
14 13 57341
5 29 54192
33 48 82753
53 68 9501
17 4 30332
5 17 7849
15 27 48505
14 51 44226
41 51 10383
7 29 70939
21 27 30537
44 59 28930
16 61 1389
25 5 32789
43 47 57629
49 33 48706
22 19 74145
41 67 94961
20 64 30410
3 22 45367
32 68 74332
12 73 23627
64 34 93795
32 65 59201
10 19 50467
27 49 71780
57 65 96531
37 64 61162
14 13 76977
68 18 37503
72 46 5879
40 5 62924
34 59 49667
55 72 48617
20 22 64153
72 50 66068
73 24 39128
62 25 71992
9 61 35049
14 44 83736
16 25 37820
14 25 35645
53 62 1872
43 21 59034
7 52 45217
55 8 98630
47 64 43188
49 55 83603
28 52 16680
38 56 63329
5 48 48592
3 7 80352
45 49 42138
29 18 14125
42 25 26555
63 22 56019
61 36 55764
21 56 80327
59 41 81088
12 26 71005
2 30 77991
34 21 39656
5 67 21195
13 71 28485
26 52 96320
21 4 59177
11 23 68838
41 55 53602
34 34 5672
21 57 61359
26 52 79474
64 30 85277
64 27 41989
66 42 60917
57 41 31634
26 68 3702
6 8 67629
24 29 39393
65 6 12184
3 46 35476
68 13 91685
46 22 57188
55 4 94449
29 15 13812
25 3 8425
13 32 79317
68 41 95782
4 29 72569
4 19 10989
31 5 21077
8 3 99608
18 25 48086
39 42 60983
19 50 94438
24 8 88965
31 3 41647
37 24 89672
50 4 81752
50 61 993
58 67 4122
38 38 3803
61 54 76916
49 11 37417
12 64 1135
20 10 9161
62 37 34293
30 17 82001
7 62 60873
66 29 29017
7 6 27784
11 69 70622
16 68 13766
4 28 21064
32 68 11281
28 30 45553
30 38 81557
46 39 64966
27 64 25912
21 10 44859
10 64 63472
60 59 26095
39 40 94923
9 39 81243
17 4 60735
5 25 66871
18 17 60392
59 31 17609
70 33 13036
13 51 39146
4 28 66445
34 3 18042
18 65 4513
31 26 25749
45 29 87909
5 64 41601
24 3 51928
44 13 24664
13 12 57862
54 47 37395
46 37 59658
27 42 70527
34 15 17521
9 6 87175
14 8 48985
3 4 69038
72 49 7314
20 63 49297
24 68 88632
30 7 8042
67 57 2978
47 41 92703
38 22 19331
67 18 66169
47 25 32816
28 12 28803
33 10 78145
25 19 64631
4 16 10464
32 2 94230
5 1 13228
60 38 71362
17 57 9539
38 64 90506
23 52 74210
48 41 4979
4 44 59296
67 52 36914
35 19 25885
27 1 34873
70 3 18935
7 27 6366
62 73 52231
29 26 91970
52 50 35836
14 70 99198
51 29 99408
40 44 4575
30 22 15377
22 17 44044
9 39 11555
53 27 7391
52 53 23659
15 36 40123
20 25 42206
41 29 66557
32 30 67162
42 61 7743
8 48 74202
7 56 59743
4 46 30796
1 59 56132
41 9 17840
16 45 76468
73 34 33578
9 28 88905
4 5 49378
57 44 78716
48 17 98455
47 65 42191
67 1 55085
24 66 31814
9 29 86319
24 38 47417
16 1 41818
34 21 45430
33 23 2960
28 34 71126
48 25 81171
28 37 25916
14 2 93715
58 56 53758
41 60 92214
25 24 88550
43 11 80485
33 5 6611
13 3 6985
71 40 11156
36 20 90146
57 19 32858
13 71 47167
59 49 69134
5 62 72272
40 5 76190
21 1 65857
65 24 27982
72 53 60101
44 25 27663
35 49 34574
59 19 10811
23 49 83913
20 73 32022
53 42 6811
45 30 32884
17 22 21688
11 56 29507
73 32 71981
19 42 68447
17 17 96059
53 7 40008
8 19 36269
63 49 53958
7 15 4399
69 41 4881
53 27 8739
53 48 27724
31 70 39132
55 24 71496
62 56 27780
67 47 1430
69 42 62309
46 20 21123
14 20 19750
59 36 19940
3 15 88526
8 61 21209
10 36 44430
59 62 14241
38 30 7898
29 32 84675
65 15 92958
17 34 17596
42 65 86386
5 40 91370
22 35 86358
59 72 68199
57 49 22964
19 70 97398
48 24 15073
37 34 93781
45 67 75777
28 64 833
3 18 15615
34 5 49020
29 53 10965
1 9 55148
51 40 65512
52 68 83431
10 5 78585
38 61 62894
9 73 57575
69 53 58031
16 36 43678
25 43 28082
55 16 77579
64 63 62275
39 11 30778
1 61 58050
67 5 80698
8 39 53763
70 8 22750
46 29 64706
10 9 44709
36 32 51997
55 55 69101
55 47 17772
65 7 17810
16 14 87290
1 39 34942
28 53 20335
67 33 11043
65 9 47522
56 44 68637
68 37 84784
20 19 76929
21 38 61762
65 70 10836
19 62 68649
62 2 44611
69 56 5471
58 47 93166
40 20 23679
42 73 85446
60 1 42798
2 19 68206
25 63 57136
36 2 35800
50 58 319
14 58 21325
44 72 98748
54 50 88315
9 36 83387
73 16 11313
13 10 53653
16 61 45071
20 67 31766
53 56 77221
69 69 2400
57 65 65569
45 30 92519
56 48 43077
62 30 5814
72 1 75351
9 59 67866
44 8 58563
70 12 75618
46 27 81244
34 42 85307
1 30 4897
43 57 90260
69 32 10791
16 10 22975
54 38 49577
4 32 82954
25 69 44649
1 31 68035
26 19 33509
59 4 66487
14 58 68990
66 19 98993
4 57 24125
55 68 47855
7 61 37283
45 70 17036
12 56 90788
66 68 13615
62 60 19942
16 33 31672
31 69 43468
15 56 78004
43 30 21610
48 8 87647
61 14 78636
48 19 88206
11 61 7405
25 60 74682
58 26 45902
56 59 16655
57 52 75664
38 69 37758
71 58 65137
66 70 21472
50 35 62489
66 4 66976
9 28 1040
31 46 89611
8 32 43821
58 42 79866
73 2 30883
50 67 41108
73 49 10344
9 38 54931
28 54 44669
42 39 16489
49 14 19134
2 6 31038
23 48 33582
27 16 2433
69 56 54322
59 27 10670
51 45 19024
6 56 51484
14 38 5402
52 51 74932
41 69 55275
50 72 65833
31 8 21687
21 41 92000
45 57 18954
11 26 83244
10 9 20940
43 41 78439
57 39 27203
25 25 48238
33 44 77136
61 19 97116
11 25 70388
70 7 83470
34 16 11211
39 8 96148
12 48 22592
43 44 97123
40 46 2151
7 7 14693
40 29 63048
67 19 89037
38 15 57075
4 29 58132
61 65 96486
26 47 2710
38 31 21814
72 16 16906
22 13 83396
5 60 7758
57 31 12407
4 26 40062
39 38 83006
16 50 8985
23 5 9804
69 71 78355
17 23 90858
26 54 74331
53 67 33615
63 55 75234
63 44 32349
55 41 25117
41 2 29256
70 18 3842
10 45 95167
60 57 75214
29 58 84378
35 69 6721
37 39 7729
59 17 57890
21 4 84151
12 50 57923
69 59 1716
45 4 48327
35 5 86731
27 41 91630
56 52 61721
46 62 43494
40 59 17840
7 50 14477
53 25 24115
48 25 43064
73 67 4208
13 27 99006
73 61 29964
35 5 7615
8 12 76359
51 29 54116
73 31 88941
4 21 83569
38 1 3873
61 39 58647
66 6 24838
31 24 99511
15 36 81882
57 10 91357
43 42 1665
10 16 80107
15 6 22184
52 72 25872
37 18 56838
58 10 18613
68 25 49915
33 68 75213
51 43 59948
64 67 13958
15 10 230
30 38 4341
22 56 22817
68 27 65788
11 68 70140
38 26 55550
25 17 49979
47 48 79680
47 38 50549
65 16 69531
56 44 89738
9 17 37881
37 58 40674
52 32 69773
56 31 96424
62 55 30283
67 18 86698
73 57 23253
46 69 8390
20 2 17290
24 65 69801
26 44 69717
66 26 6808
19 69 36100
19 14 2192
11 46 98443
69 13 72869
72 38 90629
2 57 4429
65 36 65924
47 1 23076
44 1 29660
39 64 25329
50 16 22622
10 11 92593
36 51 97682
20 57 34591
51 2 95248
33 25 32000
32 3 41609
35 73 97784
52 23 80700
19 19 48126
58 67 79226
43 8 37518
41 8 91819
56 25 1116
22 32 81427
2 6 80018
25 68 33511
55 58 95707
51 56 63102
23 2 8317
56 37 16688
53 50 98651
38 45 15989
61 36 91250
38 67 93954
65 7 29498
61 27 39744
59 14 10108
54 67 79582
67 27 26634
41 70 5733
37 38 96295
65 65 63961
71 43 10518
1 31 68135
19 39 80724
56 15 13801
11 67 22301
55 3 98055
13 6 91245
56 65 44138
30 18 51045
32 69 42151
31 73 71939
5 63 47166
31 28 27305
21 13 84110
45 1 79716
21 28 57252
60 47 44426
8 35 63945
39 40 984
31 46 60020
29 69 27350
35 34 19522
22 5 89652
16 29 94301
59 4 60879
70 42 25791
28 71 32386
41 48 49025
56 22 91414
69 23 71635
46 56 48487
48 30 93158
22 71 1374
69 31 20661
1 5 72590
69 34 12708
58 23 58785
71 34 76810
20 19 99216
58 43 58692
26 34 27899
26 59 88536
6 7 7967
20 22 33692
14 25 64429
57 11 729
70 57 66602
60 59 97195
51 22 34183
66 13 67477
40 51 30173
25 63 59297
49 52 19329
29 63 87114
38 4 36999
69 48 73564
12 27 36167
69 1 41672
17 9 31218
12 29 30246
5 64 17448
15 36 64183
22 12 85427
36 18 47830
30 41 47757
55 69 96487
63 28 42130
68 63 43451
72 49 31226
5 41 15831
71 52 11680
8 9 16430
19 14 78128
37 8 42368
30 62 25222
11 14 32233
68 42 14670
9 55 55151
54 58 1244
26 29 43058
30 64 30274
9 15 77787
11 37 42062
35 45 23293
25 62 33559
2 11 15493
57 50 74945
6 4 68731
55 20 30524
63 69 18793
66 15 99684
26 61 16333
73 56 28031
17 41 41036
57 39 13376
40 2 62761
39 46 8412
4 60 333
40 12 19581
38 50 99580
53 38 7121
64 31 62581
69 70 17522
20 71 35971
23 2 54064
63 26 4587
8 19 34584
5 24 2329
7 21 77692
15 1 16845
64 69 17504
36 30 33162
41 63 7221
62 39 84223
31 56 5130
54 44 96465
39 28 8813
9 32 3221
72 73 68571
19 22 13124
45 12 17804
57 19 46987
52 3 30979
4 73 79900
1 10 26645
56 13 61376
26 29 70384
29 73 49839
33 61 22102
2 68 70094
27 11 76522
6 61 269
73 46 78907
63 68 38111
54 34 97488
31 4 70584
68 61 61614
69 48 72517
28 16 4463
3 10 68627
11 41 84731
20 38 8967
71 58 24276
