77 1801 28058
29 27 36025
35 36 93756
22 33 54002
39 28 29410
11 75 86446
49 67 2619
8 68 6683
16 48 58247
40 70 13491
27 1 43109
3 38 61347
27 75 5215
74 55 68621
36 21 25900
5 35 48258
9 58 23160
50 57 4700
5 46 16469
76 36 88951
71 45 97340
50 74 46142
23 12 31064
75 61 80363
28 39 87819
29 35 76411
1 53 53364
45 10 31272
62 33 14581
59 65 7132
29 23 58534
27 6 7733
70 17 58548
7 48 59771
2 20 929
41 63 98414
57 59 25759
8 63 33729
37 58 75567
15 39 49992
26 39 60560
61 77 23088
40 20 91284
58 37 147
36 67 39226
59 41 48252
37 38 32945
58 77 54836
17 7 55141
23 55 47075
70 21 6846
18 69 67624
12 29 97873
8 17 7491
72 4 30828
71 13 49068
62 57 45313
61 49 82885
53 7 10205
44 42 94160
41 32 37670
67 17 67001
54 9 90508
14 32 84997
66 55 65206
20 73 66487
12 52 40960
38 62 17379
40 23 18306
49 56 7125
49 36 35489
25 56 37151
9 48 78525
15 46 97565
40 68 41270
24 68 20450
16 55 66443
73 28 38847
32 48 2761
31 65 87569
21 11 92256
9 11 74022
61 23 88155
27 36 40938
22 62 27008
24 1 76601
43 2 18690
33 74 1532
54 45 75285
15 52 55869
52 48 34800
27 59 60833
31 38 36383
76 39 98855
41 71 10249
33 52 61220
27 25 12174
12 44 98093
65 60 55454
26 38 18775
59 20 13679
27 52 60765
51 66 96606
1 61 16919
68 65 33134
21 4 46110
45 4 27090
23 30 74294
70 44 65495
55 59 54558
30 21 19705
15 77 12639
16 67 47149
24 65 4428
53 52 7692
49 21 39069
59 3 52066
55 56 87063
68 3 4077
21 13 58101
39 34 43401
62 75 17997
77 21 31313
48 73 43568
60 54 33024
49 40 24741
14 59 36703
59 61 83968
73 17 84472
44 35 83245
41 59 29479
67 43 18381
65 20 54715
47 13 21773
9 29 25471
8 61 30331
11 61 40006
50 44 34945
57 67 35889
24 33 62234
20 40 6156
43 15 18912
73 76 21407
24 65 84468
6 69 61919
60 43 66750
43 51 86639
1 77 18385
30 32 57643
63 10 8423
11 6 56943
15 14 74878
20 26 2157
23 77 16410
76 49 65413
11 1 91265
19 77 13479
43 23 64798
67 13 90538
47 71 13235
45 33 50478
33 41 66224
2 21 6829
3 35 90863
6 73 21277
51 64 9778
61 9 79274
67 52 47999
32 4 7128
73 18 63787
24 32 73909
2 41 14260
13 58 91674
41 68 64291
26 24 8025
63 40 59512
68 38 11937
49 70 75031
54 76 15580
42 68 55193
36 25 39298
72 67 25227
47 38 60864
51 62 30827
66 48 68580
22 73 66139
76 58 26458
9 17 80573
73 40 17277
42 75 78699
64 38 38348
40 22 6509
8 41 88177
47 59 29540
77 47 5250
5 55 35793
55 69 20447
57 21 10630
5 5 44649
42 51 29401
45 33 21112
4 10 3495
17 45 19166
71 34 68065
65 25 21098
2 60 36636
66 4 57072
8 37 75508
56 32 25163
41 22 86518
59 68 62556
63 22 99624
65 20 42695
38 2 97973
57 18 24262
44 22 75707
37 66 30133
57 52 51366
45 65 9726
52 44 31922
53 73 53764
12 36 73116
41 19 37582
2 17 99140
73 44 58838
4 12 81809
52 41 91614
37 22 11200
46 71 10422
56 17 54242
14 24 14019
42 44 33003
16 38 83696
69 42 41323
3 70 80043
60 9 16200
26 46 24781
17 35 78776
77 16 53536
54 54 79393
51 34 61568
8 41 7818
4 70 21573
46 7 5582
73 52 68325
71 28 23281
21 6 52480
21 12 51489
7 45 60847
36 76 97040
16 59 30065
72 42 27135
56 22 22672
66 65 26005
16 75 98713
58 45 23396
21 11 80127
49 21 84744
7 75 17916
7 62 37408
42 75 65655
9 57 15653
36 45 14445
66 48 26607
46 72 51029
5 63 29709
71 35 83519
29 35 24050
32 71 38183
52 11 84611
25 60 29442
45 24 90218
49 41 75443
9 4 36610
57 9 61167
74 35 60020
65 31 6580
52 16 12010
45 4 48295
56 22 864
77 3 22244
77 44 76923
36 11 121
67 9 88967
63 18 74549
31 29 29787
71 57 99076
55 41 12298
37 66 46520
14 11 30070
39 29 47787
47 74 67582
47 20 48248
74 57 17307
52 59 79463
10 48 85658
54 46 45152
66 16 52082
24 48 41067
37 2 36473
18 12 82425
2 53 8452
36 40 94487
15 60 68045
25 40 55877
44 56 57850
70 12 80821
50 69 89308
6 76 63774
64 16 51148
61 2 14604
14 74 54594
1 33 55279
51 54 86318
63 67 10981
23 24 97779
4 61 97816
38 64 90258
25 48 68824
43 74 68698
76 50 90748
46 33 64930
36 24 15410
73 16 2571
66 37 67575
70 35 38508
35 18 45213
64 68 84494
18 64 26213
73 73 8228
62 41 3804
23 39 80274
2 3 24688
36 64 78462
56 5 96674
70 55 22065
18 16 78637
2 14 34710
64 73 10317
5 3 43875
35 39 90350
63 15 13992
13 29 63554
3 61 44419
54 72 46591
51 62 28180
73 29 88276
39 34 85717
14 28 51030
63 69 18839
55 41 55274
59 37 42894
2 14 3716
76 33 70487
60 3 58463
22 69 91242
73 29 6768
22 9 14496
30 15 27297
58 72 87151
70 71 86914
51 73 14555
11 56 87173
64 72 74309
16 34 83988
30 65 63618
40 7 44948
69 46 17646
35 76 24547
70 64 34239
35 64 78183
55 6 32875
15 52 21582
5 47 85655
19 35 51570
24 13 17538
65 34 66194
1 1 77277
77 33 59849
37 63 37315
20 38 33286
18 63 84792
52 26 30831
31 17 45992
68 35 43499
46 42 90516
72 51 92169
5 2 85621
56 77 98655
19 55 97532
31 72 92129
16 67 80065
47 55 76404
36 61 33331
23 34 74416
41 9 26705
7 15 48734
36 76 9716
4 33 21500
36 33 75067
20 3 72229
15 24 9633
70 47 17847
13 55 6726
61 60 62475
27 22 94718
53 77 78892
75 36 21467
24 64 35194
20 67 91743
4 56 60421
66 39 97236
62 62 79682
56 52 12254
35 54 1827
44 70 30379
51 31 89927
71 63 97777
58 65 19485
45 20 89659
15 47 21023
67 5 83838
21 39 86199
24 73 19593
6 31 72774
60 54 45794
54 43 40015
1 36 63206
58 74 83779
49 65 64577
50 9 19490
11 58 63804
38 37 61400
47 9 47659
63 73 53319
46 66 83136
25 64 11757
43 59 6382
73 46 97311
48 71 23681
19 30 72074
32 52 1733
50 70 54805
72 66 47088
50 56 94215
39 25 72220
75 60 87188
76 59 33450
34 72 17619
74 73 76677
15 3 67294
61 64 33490
42 11 60063
65 15 63506
25 22 77431
44 21 6773
60 27 28916
21 23 50262
58 56 68924
31 19 55749
12 73 51232
62 17 81060
15 32 67172
21 77 40248
37 6 64412
30 32 89902
36 11 4289
8 30 39492
32 64 15937
4 14 38014
9 11 90813
61 52 43200
39 45 64198
38 30 57192
43 62 70807
24 60 62668
77 61 52461
56 39 2388
17 65 86803
4 34 4366
49 10 66345
6 9 82912
39 21 32654
25 26 59756
56 51 89445
22 74 81896
74 2 13672
58 36 57351
27 6 92978
25 38 86006
53 14 7346
51 59 69458
77 57 5537
2 77 62363
45 26 58894
35 46 88001
9 73 68711
13 63 27070
34 60 88381
5 52 11192
77 17 83691
1 63 22448
1 55 97143
32 47 11665
7 26 55667
29 9 35250
70 54 56404
59 36 56456
52 26 82165
38 8 98387
39 65 84535
11 6 6993
35 49 88613
8 12 56920
12 60 66197
13 32 38266
17 26 49814
26 48 87352
4 68 11146
5 2 92639
37 37 5920
22 36 83709
12 4 73537
14 75 8395
24 63 33689
50 25 95904
13 61 94421
15 21 62750
51 37 46358
67 51 71222
70 14 21722
37 20 38559
25 65 97866
57 64 323
19 60 18130
61 20 34340
65 76 77418
70 49 94718
34 58 11622
51 60 64858
21 52 33362
7 52 65498
14 44 83140
49 71 98159
77 45 83589
49 59 82293
11 39 85735
35 3 21387
33 13 15841
62 28 63200
65 61 92557
77 75 93834
76 15 34969
51 74 39743
68 61 31130
33 40 87978
46 13 95175
42 32 14676
75 39 6921
11 1 40176
50 4 73142
49 36 14423
37 2 95297
73 70 24697
55 44 14338
10 55 62896
18 23 28254
19 4 86322
72 27 44112
24 48 40811
36 44 77135
3 55 71376
45 51 78884
42 51 5027
23 71 58479
39 31 51167
1 2 57542
31 7 84205
69 17 14723
6 14 19926
25 42 15573
32 17 28699
13 48 96355
71 7 33484
13 52 36229
14 40 89844
76 57 43293
50 10 56768
24 69 33798
57 46 73984
28 2 31086
48 47 79355
6 38 45199
29 74 97331
61 46 63251
49 5 56665
47 31 30572
60 73 73181
68 66 96883
53 10 60830
43 35 52023
32 55 96913
41 17 11007
59 40 37037
57 77 96611
6 52 21601
14 11 19778
48 55 96409
28 67 48906
70 22 38922
68 45 29658
7 73 51589
64 40 68289
54 14 76085
73 24 18100
22 35 77498
2 24 60401
23 67 80766
38 54 37391
38 66 18642
22 22 35154
46 57 93348
4 29 56818
20 12 18646
36 39 58175
66 76 131
59 15 84111
62 75 19152
9 1 13489
57 24 74809
3 39 40771
14 58 93795
32 61 59662
16 50 32352
9 59 78190
64 22 8121
17 26 33723
56 58 19349
31 55 15169
20 52 35525
7 19 11896
11 59 84428
71 23 6865
14 25 79507
59 1 69969
52 59 43383
42 64 98973
21 39 86115
34 46 3745
6 29 71557
44 9 37674
35 7 7927
40 46 35325
12 30 68193
22 58 68836
34 64 51519
8 36 96426
53 11 96131
45 56 81467
45 60 1396
21 10 55028
4 69 19063
20 73 64867
73 39 10833
22 36 1881
25 36 71357
15 39 79045
47 8 38221
56 24 4454
50 11 15783
57 28 96419
55 40 51094
68 43 85939
61 39 96201
14 8 31505
5 22 84313
56 15 57757
57 28 83871
46 55 71197
45 16 33474
31 18 12593
34 5 25455
76 59 81575
34 14 98801
4 58 99176
12 5 62692
13 30 7156
17 52 85127
59 71 73591
8 21 4923
49 50 30531
28 39 52564
59 32 57811
3 46 9845
13 1 16110
15 17 18038
43 47 7347
66 14 91231
34 75 2317
37 42 84095
38 61 62554
8 34 32581
54 38 90413
57 39 26228
51 19 64178
32 72 70535
66 56 67604
19 23 32517
71 44 44597
56 7 64799
29 76 68732
2 72 78515
41 44 62453
39 28 61932
70 67 76796
73 19 28788
70 30 81836
23 76 82772
35 60 23847
16 16 48510
45 48 45527
46 28 8793
57 38 5712
42 48 62380
65 12 30588
53 18 82577
37 66 24213
70 5 31886
12 7 26867
53 39 19465
17 14 12576
75 67 48596
5 39 11711
5 65 50256
71 68 98940
68 6 17732
69 21 81058
22 41 95834
75 69 90912
77 63 33710
66 58 4105
29 25 66465
62 21 14137
72 3 11300
48 42 12373
22 32 38975
12 25 52912
54 32 20180
44 8 59299
23 60 19277
9 72 17860
13 57 91503
44 48 37874
52 6 70409
22 1 35568
77 50 97988
58 42 49152
40 13 69471
60 34 16006
22 32 7780
45 2 14376
3 27 33503
13 50 42637
47 42 89895
30 40 10229
45 6 2558
12 42 88048
67 8 52202
74 31 91801
38 69 88930
38 40 66991
54 74 28379
5 56 14440
70 71 12937
72 51 76847
17 47 2305
54 74 88815
69 55 93366
34 27 93497
17 40 16989
26 18 99946
36 7 46709
69 22 95827
68 56 30987
49 33 56232
71 37 44510
35 50 843
49 74 16518
40 56 78642
31 35 92134
31 60 3868
61 45 49433
74 3 31351
73 44 67191
54 10 7377
71 44 23452
20 77 94504
36 66 19301
35 32 26474
5 65 98227
21 28 52548
15 52 34301
35 40 39481
36 8 59524
40 49 90920
42 26 56267
50 26 39547
71 40 75293
35 54 26993
6 55 51821
48 48 20142
27 32 32119
57 31 46762
31 5 87127
41 53 23429
49 63 42226
74 62 5613
1 43 35510
30 59 20539
64 53 12028
51 39 5786
29 74 22895
19 45 35721
47 39 32514
65 13 87819
4 18 32867
6 4 12970
73 48 94864
6 37 88975
31 23 99193
46 21 86593
16 64 91536
61 70 18323
22 61 21572
74 42 90720
53 1 21025
56 28 73876
72 43 12763
16 60 1573
47 33 70928
70 63 85454
64 18 73936
5 35 32005
4 4 87634
35 49 9875
67 5 28469
59 13 25791
51 57 87700
17 26 12201
38 20 29400
66 40 44330
32 26 7592
4 56 37605
54 39 31711
28 6 5854
19 13 80432
76 49 20166
71 12 83750
47 18 88344
31 73 93822
42 12 33143
13 51 31823
57 39 5949
43 17 42950
63 24 72160
19 24 48361
54 29 41382
18 64 99995
30 14 97540
18 24 32252
55 49 69736
46 28 58096
1 30 39909
40 64 65547
36 45 89142
3 14 7503
64 63 92549
52 38 7337
14 41 13656
64 55 1921
65 55 87651
18 43 77456
62 13 10311
10 56 61179
32 35 81801
28 67 52739
51 45 22169
44 73 53750
71 54 66387
67 72 76879
55 53 29976
51 29 76903
57 45 31556
66 5 27237
75 25 2938
19 25 59015
9 55 53925
37 4 24776
74 54 39053
38 61 3452
65 38 17026
10 62 10985
24 71 28860
24 38 51746
35 54 93455
46 40 42881
46 54 63866
44 74 17614
47 33 11111
51 61 2517
25 47 63624
47 32 46300
64 68 5731
54 53 22956
52 9 57781
21 25 71032
39 48 36512
39 61 69606
77 12 64513
6 17 21017
47 30 65954
37 61 41290
50 15 83172
39 24 96164
77 20 18011
31 41 39101
40 69 21258
40 4 2018
64 59 77112
62 29 98921
29 35 91299
5 49 57092
1 23 45923
16 3 59490
57 20 8059
37 17 29077
28 2 40991
23 77 18989
44 7 18105
20 50 41164
68 19 11368
66 60 16445
49 59 63421
24 13 12414
71 32 38247
62 58 86755
1 14 87442
33 9 8020
63 67 19174
17 75 9076
67 9 57364
40 8 74744
76 51 7648
23 28 30824
39 74 47608
39 40 29834
66 39 70253
18 65 22198
58 31 44964
8 3 49068
6 12 2535
38 6 79826
54 57 45275
26 71 24605
30 9 2271
66 68 4355
71 74 88925
5 31 81529
21 50 52486
57 24 58240
4 60 79368
47 6 27217
37 26 93167
43 31 64898
72 27 52235
32 75 95387
50 8 3138
40 27 46543
23 64 76634
35 50 12239
72 55 766
36 27 93244
32 16 45693
18 73 49500
67 47 71400
71 15 34081
55 54 31912
29 33 36833
7 33 11727
22 64 59958
74 41 30894
30 75 80008
53 44 2630
73 39 10214
65 10 73566
9 64 48953
45 35 3938
33 63 1218
5 61 75370
39 65 19900
55 30 46063
61 58 61081
25 36 53622
49 6 68703
47 29 84672
24 8 69033
58 2 43256
51 6 51435
33 49 56605
25 67 31011
42 4 60248
64 71 40818
61 72 67617
41 58 13364
68 53 72534
22 17 37339
26 37 47958
53 30 79578
63 14 8128
54 17 16272
65 52 18548
6 33 43282
36 58 76682
23 56 75776
55 77 86724
42 9 35322
63 15 91104
57 32 96222
21 75 18665
65 8 24542
67 39 6560
7 56 70493
67 20 37990
44 50 73032
10 69 50260
19 20 60364
50 37 95845
12 17 24115
61 41 44679
14 56 98872
22 30 8506
17 11 94388
44 23 5066
11 36 74684
4 55 73537
18 48 33595
7 34 69594
66 4 4815
22 8 38696
33 48 30992
23 9 29769
32 51 95602
29 64 24076
76 17 34464
30 66 65442
19 53 82363
52 37 6458
69 57 74446
20 66 57696
42 28 42526
12 20 9412
70 33 35915
77 26 30368
68 2 63065
16 13 18997
21 75 56028
39 61 45175
76 4 59877
4 58 89393
20 15 30308
4 7 17503
27 41 8227
73 51 69238
8 29 31113
9 23 62273
18 77 27908
62 30 37144
33 39 62662
8 42 67979
16 59 88546
31 1 76214
73 25 22337
6 35 78702
76 56 652
37 14 57254
64 57 10455
29 52 50353
72 29 88835
41 69 4925
30 31 30689
52 37 68043
66 72 69269
52 59 52585
77 31 31566
52 50 91249
66 74 48982
62 31 51017
28 19 18490
59 17 68525
8 52 86203
26 57 16151
39 41 17844
66 13 76067
22 56 59275
47 50 4069
52 61 67697
76 27 74276
38 9 81114
54 15 55240
54 29 30540
3 18 65315
14 68 85113
39 46 60144
60 65 58948
8 18 47533
31 26 98007
75 42 64246
42 9 70131
7 11 15529
12 12 35225
40 24 77598
21 56 59718
50 26 27883
18 57 25418
72 49 67944
45 61 60980
67 38 80808
58 11 13200
32 47 23378
22 31 6995
21 29 18926
60 55 8256
18 26 52342
14 32 7566
4 68 13163
19 54 28788
65 19 66448
51 56 19484
32 16 52155
31 54 76328
5 68 34460
54 51 99227
55 70 30668
22 16 97622
53 60 44743
4 16 96191
65 14 43312
5 52 50700
58 57 10919
70 77 62200
73 33 63231
42 14 12627
13 9 18776
33 49 81710
56 68 6130
26 68 39266
10 49 57975
38 13 85757
4 52 85502
55 33 78620
39 47 11997
75 60 68176
54 9 65028
15 45 16339
7 5 56065
59 61 70722
5 36 61428
21 32 64877
16 12 39043
55 17 80506
41 74 22958
6 43 68849
14 20 61918
25 13 86523
19 70 56470
19 2 68601
53 44 8795
41 72 98336
25 64 28488
38 19 94270
27 32 43419
4 27 73529
75 59 10476
13 31 78894
26 44 27031
30 77 13228
63 61 68967
68 10 2598
51 70 83679
40 66 81341
43 20 34151
11 35 48128
6 51 60388
73 67 11268
17 30 92210
1 68 26653
45 56 30803
1 45 76853
45 33 34410
59 22 40425
37 18 30071
39 28 12264
60 71 92420
63 34 18292
15 27 56658
52 1 42757
14 39 10685
28 62 31796
14 47 36307
8 37 70629
29 40 38939
39 65 68907
38 54 14490
53 43 99199
74 47 60513
58 70 81283
43 68 18848
19 35 76373
34 70 9751
37 18 27172
69 59 52104
55 37 97662
36 38 67245
34 59 45079
34 23 81749
29 71 31644
9 24 24155
35 65 60416
59 29 68372
48 73 99422
55 5 88068
48 32 55788
40 18 61712
40 75 55461
5 67 20496
24 46 88613
76 63 73216
3 63 60346
30 45 66373
7 8 16140
26 70 24177
69 53 4015
31 74 56612
4 51 11644
31 23 96524
50 48 45502
35 54 32827
71 15 43841
50 68 1330
77 7 96131
44 25 38584
57 68 43620
63 76 15085
59 2 4260
16 21 12533
75 57 42382
10 20 51434
33 73 98807
22 76 36175
19 51 24381
58 39 87408
67 14 34018
21 32 19077
24 65 63923
41 20 90925
72 5 60349
54 19 35411
44 24 94734
71 10 59434
27 76 96031
2 55 73111
61 54 68173
63 3 73154
47 48 33968
75 56 83038
70 63 69628
77 49 53922
66 36 99108
54 35 2901
50 25 85746
28 10 10375
41 46 68275
2 1 6965
28 62 35903
70 73 54912
16 44 2988
37 7 85932
4 62 44917
42 35 30831
34 29 30803
32 61 77875
20 18 53707
41 24 65460
56 1 53188
36 60 87072
46 71 6544
16 77 85441
18 41 7388
59 41 78832
60 61 52973
30 4 58189
30 28 3042
59 38 67612
30 6 80879
51 57 90048
20 51 75311
2 25 99910
70 22 45231
4 28 7294
58 35 77255
48 10 40934
77 7 37878
49 2 67329
4 13 69348
74 35 7441
53 66 92149
57 47 66199
77 35 60265
67 41 69196
61 60 77858
72 38 97784
57 75 67461
53 31 89078
28 25 64156
36 29 22486
67 1 44794
23 20 42510
53 15 69854
45 6 62213
77 4 12550
34 72 52559
43 23 75156
58 6 28244
7 8 78934
73 76 23389
30 37 175
27 35 44096
26 39 98861
6 37 16866
58 74 8157
72 40 99917
40 22 88402
70 23 43159
70 66 86382
50 77 38426
57 73 35868
60 25 60627
75 27 10472
25 5 37140
66 12 24750
27 77 68195
69 8 83562
77 30 16756
60 23 18140
28 5 87294
15 44 94104
38 73 90242
35 74 87406
64 17 23239
11 58 56472
21 15 55999
53 30 76210
17 30 75051
70 9 39777
2 72 80675
57 9 3334
24 16 14631
23 49 83029
65 65 90075
41 27 23015
31 68 79059
73 34 41288
57 15 38250
34 19 40706
1 22 28355
52 31 26123
13 32 73307
19 60 41260
65 18 29737
12 53 96871
16 22 91734
40 9 67825
58 49 29427
36 22 90995
8 56 6383
44 10 13830
31 51 97174
52 74 27937
11 17 90984
37 13 58036
32 18 25688
25 46 96769
63 25 21601
29 15 61703
57 15 21867
25 76 47095
66 45 65585
24 61 62664
44 70 11290
39 77 89790
9 33 55083
11 15 46449
7 29 43725
64 54 93367
66 69 89678
11 2 41329
19 34 58270
21 15 48253
58 16 37347
49 16 94564
28 34 76391
63 25 34123
53 13 10266
72 27 21078
18 3 42672
74 45 75739
52 24 93749
13 73 82080
53 64 44954
20 58 57641
53 74 66495
11 8 73845
71 65 18358
9 6 36268
43 38 79560
26 32 5473
6 59 84900
42 14 76210
68 4 25525
26 27 31791
22 17 26026
55 42 9316
25 59 55983
23 39 79420
65 48 45602
67 45 95171
6 51 77738
33 14 9599
75 64 83841
9 5 30939
40 32 45198
28 67 77694
5 47 47630
70 8 62179
1 11 37224
41 74 14446
28 66 56400
42 6 69033
29 57 78760
25 51 13678
5 76 49840
73 3 2179
14 15 19354
15 57 78819
42 26 14190
40 21 80318
21 55 91120
49 54 6473
77 63 40320
37 66 36181
75 42 61598
10 33 92347
51 9 66897
67 7 12111
58 32 96704
38 38 10661
30 66 42490
57 42 30541
3 52 91851
11 53 76184
75 2 16131
75 66 98271
19 61 16004
19 18 48188
41 24 544
22 27 25
53 59 63594
5 44 28440
20 54 24411
57 26 85908
58 3 65842
74 47 21028
45 32 77391
68 73 22146
68 12 51882
70 13 98089
15 35 42740
19 20 17895
48 12 11036
66 55 76516
30 15 44459
45 48 38338
37 34 99676
34 45 39536
32 61 55330
65 33 69041
51 53 37923
12 39 32818
40 52 73225
62 71 98697
35 59 66281
63 31 35459
72 72 42407
4 68 83033
24 65 88216
72 60 66905
33 57 86103
10 45 89493
43 66 9202
57 13 1892
43 7 46538
57 10 86546
6 32 43480
2 57 42925
47 39 44095
24 46 17599
62 23 16312
62 63 76435
76 40 40007
71 63 86804
8 73 61098
52 42 77393
12 12 22767
77 10 9023
14 69 27298
31 45 99611
38 31 88437
48 41 33723
19 15 37377
57 60 50511
5 15 89996
9 19 50263
41 49 16655
22 43 78654
19 21 54214
56 56 17586
24 3 56450
74 40 91729
3 14 32261
11 69 75694
54 20 6473
17 12 15327
13 35 45471
7 47 84242
32 28 244
24 21 94346
15 24 85093
39 50 46117
1 14 12026
16 33 88085
29 43 53498
48 55 75123
20 47 18805
77 59 61984
3 36 89300
14 61 45661
42 64 55952
33 51 60673
74 56 7221
29 59 79997
26 14 8563
40 39 68306
75 44 78233
75 45 23194
35 6 57963
14 62 27923
14 64 16907
61 60 98690
26 9 5447
47 66 75175
46 21 96876
70 60 42715
12 16 12506
61 27 10318
40 5 53399
9 73 14243
58 64 87882
50 62 71347
52 21 59615
10 14 76394
36 73 73681
45 2 68515
10 8 69760
70 12 17895
18 76 6061
73 56 25261
63 16 64175
63 52 32081
28 74 54811
26 20 65636
2 43 97902
67 64 17336
51 4 46518
52 20 9903
56 29 92727
56 15 55006
64 25 2439
15 4 65477
20 33 18696
49 74 35505
33 21 909
16 61 62671
69 68 54072
63 13 21513
77 20 66201
51 4 79201
17 32 94671
28 73 67839
38 63 49832
71 28 57736
2 14 51010
12 30 89247
58 4 52388
51 13 32562
65 19 94571
39 1 54364
13 19 60906
42 20 21631
31 43 34959
45 71 75736
53 61 91527
40 22 7325
61 3 82432
61 15 89769
73 24 36998
69 18 54641
44 14 56657
68 8 16778
59 62 34163
73 52 77079
20 50 26442
15 40 88594
36 29 11686
39 74 72348
64 71 64018
70 2 55852
34 51 32967
60 75 40325
49 10 50089
17 20 35146
58 48 49060
44 1 61741
29 24 43523
69 13 57665
60 37 86244
66 67 7574
74 72 88931
31 75 6191
23 27 15032
7 39 70443
27 55 99282
35 72 64038
23 77 92892
15 41 37326
74 76 39003
31 61 50973
38 9 76309
18 5 41754
46 14 96198
44 11 64196
36 40 34922
72 74 89075
17 19 41647
67 30 66919
36 38 27255
61 22 30500
70 35 27452
19 51 90998
34 65 227
72 48 29377
38 51 85628
38 49 70535
75 9 40614
46 52 62062
22 41 21862
68 19 74626
15 69 82613
9 51 75681
71 71 33038
41 28 6055
37 8 15020
33 8 77529
30 76 26334
28 62 42062
76 48 10750
3 28 77519
74 54 91623
18 57 83184
14 24 37638
29 6 44877
34 63 84724
51 50 38884
38 69 98725
32 51 27720
42 37 31991
25 40 74344
66 38 26568
44 46 9306
67 55 95005
57 43 54017
47 6 2943
29 76 88107
71 21 18887
65 36 21040
34 44 97406
62 21 56899
43 50 62834
21 10 35913
35 56 53898
75 44 59747
70 37 77517
45 18 91386
11 63 98532
66 47 21720
70 52 5284
23 11 44610
50 1 59027
33 34 19539
37 13 73288
46 40 10566
43 31 55592
7 73 17632
8 17 84545
73 68 92600
16 56 92923
38 30 31479
60 41 59913
7 56 57151
1 53 71587
36 71 94328
23 11 56878
17 30 53427
50 40 40304
17 19 79052
56 59 39875
17 24 87869
61 35 42673
24 4 73801
73 5 58011
36 75 57609
76 58 81568
29 64 66265
2 32 36245
63 50 40515
32 77 49998
46 66 93946
31 36 90421
68 43 24964
22 24 43786
5 72 28950
58 1 76647
51 53 52502
55 51 3340
16 6 87439
56 47 28045
63 51 72365
14 68 77673
49 30 24062
75 17 38073
4 24 44461
21 1 11946
22 4 71013
1 22 30045
66 44 5703
12 37 74460
73 28 83746
59 54 86900
56 20 14196
51 77 89424
53 35 89165
76 50 87950
30 42 22093
10 28 11666
32 3 59158
44 71 90038
55 17 48943
34 76 83141
66 77 20951
42 60 53827
36 19 82470
47 10 19906
75 10 38053
18 76 75908
32 10 95041
2 24 84953
47 41 19585
27 50 59140
62 18 75664
35 35 3868
12 67 39111
30 34 19996
70 42 79988
64 10 92203
64 71 71441
48 77 97604
4 40 10608
50 12 19729
41 27 62348
8 16 84964
42 19 56383
17 66 14980
57 41 69052
