29
15 2 6
0.006 0.034 0.061 0.029 0.007 0.032 0.043 0.015 0.001 0.057 0.021 0.063 0.058 0.030 0.025 0.033 0.010 0.015 0.034 0.045 0.051 0.039 0.054 0.014 0.018 0.051 0.057 0.036 0.061
0.029 0.041 0.010 0.046 0.052 0.036 0.067 0.066 0.012 0.053 0.023 0.059 0.030 0.007 0.026 0.039 0.041 0.061 0.039 0.007 0.058 0.018 0.022 0.005 0.009 0.037 0.059 0.020 0.028
0.057 0.035 0.016 0.018 0.062 0.036 0.061 0.042 0.029 0.004 0.027 0.045 0.027 0.022 0.032 0.005 0.058 0.006 0.064 0.006 0.065 0.060 0.014 0.023 0.059 0.039 0.052 0.005 0.031
0.013 0.031 0.029 0.003 0.061 0.046 0.028 0.027 0.024 0.034 0.009 0.026 0.047 0.044 0.069 0.034 0.065 0.004 0.044 0.061 0.009 0.031 0.007 0.032 0.055 0.065 0.033 0.035 0.034
0.064 0.011 0.050 0.007 0.066 0.045 0.003 0.069 0.009 0.009 0.003 0.068 0.001 0.023 0.036 0.068 0.007 0.040 0.040 0.053 0.018 0.038 0.036 0.038 0.070 0.039 0.027 0.043 0.019
0.011 0.031 0.050 0.060 0.019 0.005 0.010 0.022 0.029 0.026 0.046 0.015 0.043 0.014 0.032 0.014 0.014 0.045 0.044 0.056 0.051 0.037 0.060 0.051 0.016 0.063 0.052 0.021 0.063
0.029 0.025 0.008 0.048 0.050 0.050 0.059 0.053 0.008 0.052 0.007 0.016 0.043 0.030 0.015 0.005 0.043 0.055 0.022 0.054 0.034 0.020 0.019 0.062 0.024 0.037 0.034 0.036 0.062
0.061 0.043 0.052 0.023 0.040 0.005 0.055 0.007 0.031 0.009 0.058 0.039 0.063 0.042 0.051 0.011 0.050 0.020 0.033 0.040 0.057 0.021 0.035 0.032 0.020 0.014 0.001 0.026 0.061
0.031 0.044 0.050 0.025 0.024 0.040 0.025 0.051 0.018 0.040 0.020 0.045 0.055 0.014 0.017 0.040 0.045 0.042 0.049 0.026 0.054 0.046 0.011 0.019 0.002 0.055 0.049 0.044 0.019
0.034 0.029 0.015 0.041 0.060 0.019 0.061 0.007 0.039 0.042 0.010 0.040 0.036 0.023 0.047 0.044 0.058 0.064 0.047 0.048 0.024 0.007 0.007 0.054 0.043 0.040 0.018 0.038 0.005
0.007 0.003 0.026 0.070 0.063 0.022 0.023 0.071 0.029 0.002 0.003 0.073 0.038 0.037 0.069 0.067 0.066 0.064 0.003 0.011 0.012 0.008 0.028 0.009 0.028 0.018 0.033 0.042 0.075
0.046 0.011 0.040 0.038 0.067 0.010 0.038 0.062 0.032 0.063 0.010 0.009 0.009 0.071 0.041 0.036 0.040 0.003 0.067 0.054 0.009 0.002 0.054 0.067 0.007 0.029 0.053 0.025 0.007
0.073 0.001 0.009 0.069 0.088 0.025 0.007 0.048 0.017 0.022 0.004 0.042 0.036 0.073 0.078 0.004 0.010 0.068 0.012 0.006 0.053 0.050 0.012 0.012 0.048 0.089 0.011 0.000 0.033
0.015 0.050 0.004 0.084 0.016 0.059 0.038 0.026 0.030 0.055 0.020 0.029 0.001 0.045 0.002 0.015 0.003 0.003 0.079 0.038 0.005 0.062 0.079 0.068 0.028 0.046 0.028 0.061 0.011
0.031 0.076 0.008 0.057 0.010 0.045 0.020 0.032 0.006 0.010 0.061 0.017 0.008 0.016 0.025 0.076 0.017 0.051 0.029 0.017 0.053 0.021 0.053 0.058 0.012 0.022 0.071 0.044 0.054
0.034 0.004 0.042 0.011 0.015 0.030 0.009 0.058 0.046 0.029 0.037 0.058 0.033 0.055 0.001 0.042 0.056 0.046 0.026 0.042 0.048 0.025 0.052 0.048 0.046 0.023 0.017 0.030 0.037
0.026 0.048 0.023 0.038 0.024 0.041 0.050 0.026 0.056 0.053 0.007 0.030 0.020 0.046 0.033 0.022 0.016 0.010 0.023 0.015 0.045 0.051 0.051 0.058 0.018 0.052 0.015 0.059 0.044
0.005 0.043 0.035 0.052 0.046 0.011 0.035 0.046 0.012 0.040 0.032 0.057 0.012 0.057 0.010 0.034 0.030 0.006 0.066 0.033 0.010 0.022 0.071 0.049 0.062 0.037 0.010 0.018 0.059
0.018 0.050 0.044 0.060 0.038 0.034 0.049 0.054 0.047 0.040 0.017 0.013 0.003 0.018 0.012 0.032 0.064 0.020 0.047 0.024 0.035 0.050 0.060 0.061 0.012 0.016 0.026 0.032 0.024
0.059 0.024 0.061 0.065 0.001 0.017 0.030 0.047 0.010 0.022 0.037 0.007 0.068 0.003 0.025 0.048 0.057 0.007 0.069 0.023 0.053 0.044 0.021 0.057 0.065 0.023 0.021 0.001 0.035
0.056 0.027 0.035 0.060 0.005 0.042 0.070 0.003 0.007 0.060 0.013 0.011 0.042 0.014 0.009 0.088 0.009 0.068 0.066 0.010 0.010 0.013 0.003 0.056 0.017 0.060 0.028 0.069 0.049
0.042 0.035 0.022 0.023 0.003 0.037 0.003 0.065 0.025 0.033 0.046 0.050 0.031 0.026 0.063 0.028 0.006 0.034 0.030 0.028 0.057 0.003 0.062 0.039 0.003 0.032 0.065 0.048 0.061
0.012 0.048 0.063 0.029 0.041 0.044 0.020 0.053 0.020 0.065 0.008 0.058 0.029 0.035 0.030 0.039 0.050 0.008 0.054 0.027 0.011 0.005 0.060 0.052 0.019 0.060 0.058 0.001 0.001
0.036 0.036 0.031 0.053 0.008 0.062 0.002 0.063 0.021 0.008 0.007 0.047 0.045 0.024 0.045 0.030 0.066 0.013 0.058 0.058 0.027 0.048 0.065 0.030 0.006 0.022 0.009 0.038 0.042
0.005 0.065 0.053 0.048 0.016 0.031 0.043 0.053 0.004 0.066 0.055 0.018 0.008 0.036 0.016 0.001 0.010 0.059 0.036 0.055 0.054 0.014 0.008 0.044 0.040 0.031 0.057 0.020 0.054
0.041 0.004 0.074 0.039 0.040 0.047 0.001 0.073 0.050 0.045 0.018 0.036 0.011 0.066 0.026 0.013 0.053 0.017 0.053 0.038 0.007 0.011 0.062 0.079 0.041 0.005 0.010 0.035 0.005
0.050 0.040 0.004 0.006 0.053 0.063 0.024 0.004 0.023 0.006 0.045 0.062 0.050 0.057 0.057 0.002 0.041 0.021 0.021 0.062 0.062 0.006 0.041 0.027 0.027 0.064 0.028 0.053 0.001
0.038 0.015 0.048 0.052 0.042 0.028 0.020 0.019 0.034 0.020 0.028 0.057 0.005 0.061 0.008 0.018 0.010 0.039 0.063 0.030 0.069 0.070 0.069 0.053 0.039 0.024 0.004 0.036 0.001
0.009 0.001 0.010 0.003 0.005 0.058 0.006 0.034 0.052 0.052 0.066 0.042 0.035 0.052 0.048 0.034 0.024 0.067 0.058 0.043 0.062 0.034 0.065 0.037 0.038 0.009 0.009 0.019 0.028