34
4 14 79
0.035 0.003 0.005 0.045 0.024 0.020 0.045 0.012 0.021 0.020 0.031 0.015 0.038 0.041 0.019 0.014 0.056 0.014 0.021 0.033 0.016 0.013 0.009 0.034 0.053 0.032 0.045 0.036 0.053 0.032 0.055 0.008 0.046 0.056
0.003 0.012 0.003 0.027 0.036 0.034 0.059 0.058 0.053 0.007 0.050 0.003 0.057 0.026 0.036 0.039 0.054 0.042 0.041 0.001 0.012 0.004 0.020 0.046 0.014 0.035 0.025 0.043 0.013 0.018 0.044 0.021 0.011 0.053
0.056 0.014 0.004 0.007 0.051 0.014 0.026 0.013 0.023 0.033 0.036 0.060 0.029 0.031 0.043 0.061 0.050 0.035 0.023 0.032 0.015 0.018 0.000 0.036 0.047 0.051 0.014 0.012 0.018 0.058 0.021 0.058 0.008 0.003
0.055 0.035 0.001 0.014 0.040 0.042 0.005 0.032 0.051 0.003 0.024 0.031 0.032 0.055 0.039 0.017 0.040 0.027 0.050 0.011 0.031 0.020 0.038 0.008 0.046 0.035 0.009 0.036 0.032 0.000 0.019 0.054 0.032 0.036
0.019 0.016 0.015 0.020 0.003 0.002 0.035 0.023 0.056 0.029 0.009 0.054 0.035 0.037 0.014 0.010 0.029 0.000 0.055 0.034 0.049 0.047 0.012 0.036 0.017 0.005 0.051 0.054 0.020 0.038 0.048 0.040 0.048 0.040
0.050 0.044 0.033 0.028 0.007 0.049 0.049 0.025 0.017 0.039 0.049 0.034 0.044 0.008 0.027 0.009 0.050 0.000 0.045 0.027 0.006 0.005 0.020 0.011 0.039 0.049 0.001 0.023 0.031 0.049 0.017 0.038 0.042 0.035
0.024 0.033 0.056 0.012 0.012 0.038 0.037 0.029 0.061 0.020 0.019 0.006 0.036 0.017 0.030 0.002 0.017 0.045 0.001 0.053 0.033 0.027 0.033 0.010 0.053 0.060 0.061 0.036 0.059 0.002 0.034 0.014 0.004 0.026
0.020 0.049 0.016 0.055 0.045 0.059 0.059 0.031 0.002 0.022 0.033 0.049 0.006 0.059 0.001 0.003 0.047 0.042 0.016 0.060 0.011 0.024 0.009 0.000 0.003 0.008 0.041 0.038 0.028 0.016 0.052 0.047 0.037 0.012
0.038 0.032 0.030 0.033 0.024 0.040 0.049 0.042 0.010 0.017 0.006 0.045 0.007 0.002 0.043 0.039 0.009 0.014 0.037 0.017 0.007 0.043 0.044 0.048 0.035 0.006 0.026 0.041 0.040 0.006 0.017 0.049 0.054 0.050
0.046 0.017 0.001 0.008 0.020 0.062 0.058 0.002 0.033 0.009 0.017 0.060 0.022 0.005 0.006 0.014 0.004 0.039 0.028 0.051 0.051 0.048 0.054 0.009 0.018 0.025 0.046 0.025 0.061 0.056 0.027 0.041 0.007 0.030
0.006 0.056 0.018 0.005 0.020 0.000 0.049 0.057 0.007 0.005 0.034 0.011 0.017 0.051 0.030 0.039 0.051 0.007 0.060 0.029 0.019 0.038 0.038 0.027 0.054 0.022 0.005 0.046 0.045 0.029 0.044 0.036 0.043 0.002
0.029 0.011 0.055 0.012 0.040 0.010 0.002 0.036 0.057 0.031 0.016 0.056 0.007 0.045 0.057 0.022 0.026 0.010 0.042 0.033 0.011 0.037 0.048 0.048 0.037 0.004 0.047 0.025 0.002 0.020 0.018 0.042 0.020 0.044
0.044 0.024 0.048 0.023 0.023 0.048 0.002 0.030 0.032 0.031 0.011 0.022 0.018 0.029 0.048 0.047 0.008 0.050 0.049 0.017 0.018 0.008 0.037 0.049 0.037 0.040 0.017 0.015 0.038 0.036 0.031 0.029 0.005 0.036
0.010 0.022 0.000 0.053 0.031 0.008 0.008 0.019 0.029 0.057 0.011 0.027 0.056 0.029 0.016 0.056 0.004 0.014 0.039 0.039 0.009 0.050 0.046 0.002 0.005 0.038 0.054 0.055 0.053 0.017 0.029 0.043 0.024 0.047
0.024 0.001 0.046 0.038 0.030 0.024 0.044 0.046 0.023 0.042 0.003 0.014 0.033 0.039 0.050 0.014 0.044 0.053 0.052 0.004 0.044 0.048 0.053 0.022 0.039 0.005 0.042 0.004 0.025 0.009 0.020 0.029 0.013 0.023
0.013 0.041 0.039 0.039 0.034 0.046 0.025 0.034 0.009 0.038 0.028 0.025 0.029 0.039 0.005 0.042 0.029 0.033 0.036 0.020 0.027 0.019 0.047 0.022 0.044 0.033 0.027 0.017 0.009 0.037 0.030 0.031 0.018 0.035
0.001 0.019 0.056 0.040 0.004 0.015 0.029 0.008 0.055 0.020 0.009 0.008 0.036 0.056 0.015 0.057 0.024 0.025 0.036 0.008 0.038 0.040 0.031 0.036 0.045 0.054 0.055 0.030 0.018 0.001 0.025 0.054 0.014 0.038
0.027 0.028 0.032 0.014 0.034 0.010 0.002 0.042 0.042 0.038 0.033 0.025 0.025 0.047 0.013 0.031 0.008 0.013 0.051 0.054 0.050 0.039 0.006 0.057 0.042 0.002 0.043 0.011 0.002 0.044 0.014 0.027 0.040 0.054
0.022 0.019 0.031 0.001 0.012 0.021 0.004 0.014 0.000 0.068 0.027 0.017 0.065 0.005 0.039 0.013 0.023 0.065 0.055 0.062 0.047 0.063 0.017 0.008 0.041 0.010 0.047 0.060 0.040 0.004 0.056 0.011 0.004 0.029
0.027 0.027 0.000 0.049 0.061 0.009 0.049 0.006 0.013 0.027 0.061 0.003 0.060 0.024 0.048 0.041 0.027 0.050 0.061 0.046 0.041 0.007 0.021 0.013 0.005 0.057 0.009 0.065 0.020 0.011 0.016 0.016 0.002 0.028
0.054 0.055 0.005 0.036 0.006 0.004 0.016 0.032 0.041 0.059 0.045 0.023 0.013 0.028 0.006 0.008 0.008 0.033 0.045 0.054 0.041 0.014 0.037 0.017 0.029 0.060 0.004 0.007 0.023 0.038 0.024 0.056 0.024 0.055
0.022 0.054 0.019 0.024 0.038 0.019 0.060 0.011 0.005 0.057 0.004 0.045 0.024 0.046 0.021 0.017 0.022 0.047 0.026 0.025 0.030 0.035 0.033 0.036 0.048 0.032 0.020 0.021 0.054 0.003 0.024 0.019 0.015 0.044
0.038 0.025 0.038 0.043 0.019 0.048 0.020 0.048 0.044 0.028 0.036 0.038 0.050 0.037 0.008 0.016 0.050 0.040 0.002 0.011 0.009 0.005 0.048 0.045 0.043 0.004 0.008 0.036 0.029 0.026 0.006 0.051 0.034 0.017
0.014 0.022 0.015 0.036 0.049 0.000 0.032 0.025 0.065 0.047 0.043 0.018 0.048 0.045 0.040 0.023 0.006 0.007 0.042 0.053 0.008 0.035 0.041 0.029 0.013 0.001 0.012 0.031 0.030 0.033 0.022 0.012 0.060 0.043
0.036 0.034 0.036 0.042 0.001 0.032 0.042 0.055 0.031 0.023 0.004 0.014 0.049 0.038 0.007 0.020 0.040 0.052 0.032 0.011 0.040 0.028 0.006 0.030 0.021 0.053 0.042 0.052 0.003 0.029 0.025 0.016 0.021 0.035
0.016 0.034 0.018 0.013 0.010 0.038 0.029 0.009 0.032 0.012 0.057 0.043 0.020 0.000 0.051 0.009 0.015 0.031 0.061 0.049 0.029 0.012 0.008 0.054 0.061 0.062 0.024 0.011 0.040 0.015 0.025 0.009 0.043 0.060
0.032 0.004 0.027 0.004 0.013 0.018 0.000 0.048 0.009 0.041 0.047 0.037 0.047 0.008 0.024 0.061 0.021 0.061 0.003 0.017 0.015 0.007 0.045 0.050 0.027 0.061 0.041 0.040 0.013 0.056 0.037 0.030 0.007 0.049
0.055 0.027 0.043 0.003 0.026 0.001 0.052 0.056 0.026 0.026 0.060 0.040 0.038 0.007 0.009 0.055 0.020 0.025 0.061 0.024 0.027 0.044 0.001 0.050 0.053 0.000 0.009 0.017 0.041 0.010 0.038 0.030 0.004 0.022
0.037 0.007 0.061 0.050 0.046 0.028 0.047 0.048 0.010 0.026 0.007 0.014 0.011 0.021 0.017 0.051 0.014 0.066 0.038 0.004 0.031 0.067 0.017 0.040 0.002 0.017 0.069 0.030 0.023 0.015 0.014 0.056 0.013 0.003
0.016 0.055 0.009 0.009 0.055 0.001 0.006 0.057 0.044 0.047 0.003 0.046 0.032 0.024 0.003 0.005 0.059 0.037 0.048 0.001 0.030 0.020 0.010 0.052 0.044 0.042 0.008 0.012 0.057 0.028 0.034 0.042 0.011 0.053
0.031 0.031 0.018 0.032 0.036 0.031 0.035 0.020 0.001 0.023 0.002 0.006 0.018 0.044 0.018 0.043 0.049 0.055 0.023 0.026 0.042 0.050 0.017 0.018 0.030 0.054 0.013 0.034 0.040 0.041 0.021 0.026 0.023 0.049
-0.001 0.049 0.034 0.013 0.027 0.026 0.021 0.057 0.023 0.030 0.058 0.003 0.038 0.044 0.024 0.039 0.010 0.031 0.050 0.034 0.023 0.017 0.003 0.029 0.007 0.027 0.049 0.048 0.006 0.014 0.058 0.012 0.042 0.055
0.035 0.043 0.016 0.051 0.003 0.017 0.030 0.051 0.011 0.048 0.005 0.028 0.018 0.043 0.042 0.038 0.025 0.033 0.007 0.023 0.054 0.044 0.011 0.039 0.033 0.001 0.011 0.043 0.031 0.014 0.032 0.039 0.055 0.026
0.032 0.027 0.005 0.005 0.028 0.030 0.032 0.035 0.047 0.010 0.033 0.033 0.037 0.030 0.044 0.041 0.042 0.022 0.030 0.043 0.014 0.014 0.027 0.034 0.017 0.018 0.047 0.038 0.006 0.044 0.038 0.019 0.048 0.030