31
23 11 122
0.018 0.051 0.023 0.041 0.051 0.037 0.043 0.036 0.047 0.018 0.016 0.026 0.051 0.001 0.038 0.001 0.051 0.045 0.025 0.055 0.047 0.031 0.022 0.055 0.025 0.016 0.009 0.046 0.000 0.039 0.036
0.010 0.015 0.015 0.020 0.012 0.014 0.050 0.010 0.056 0.019 0.034 0.050 0.033 0.035 0.025 0.030 0.026 0.007 0.035 0.067 0.001 0.065 0.058 0.028 0.059 0.007 0.045 0.022 0.039 0.064 0.049
0.014 0.010 0.021 0.048 0.054 0.018 0.011 0.015 0.060 0.020 0.061 0.041 0.048 0.041 0.012 0.032 0.017 0.026 0.066 0.054 0.011 0.020 0.044 0.048 0.027 0.060 0.001 0.011 0.060 0.044 0.005
0.013 0.028 0.042 0.000 0.054 0.003 0.054 0.021 0.029 0.065 0.009 0.004 0.028 0.041 0.057 0.055 0.006 0.016 0.047 0.065 0.058 0.062 0.027 0.032 0.020 0.015 0.034 0.019 0.045 0.004 0.047
0.058 0.060 0.024 0.050 0.057 0.024 0.017 0.028 0.008 0.031 0.000 0.054 0.058 0.025 0.038 0.016 0.041 0.013 0.036 0.024 0.048 0.008 0.029 0.034 0.053 0.010 0.018 0.062 0.000 0.048 0.028
0.021 0.012 0.039 0.012 0.021 0.014 0.005 0.011 0.048 0.071 0.054 0.014 0.014 0.070 0.046 0.003 0.027 0.058 0.005 0.013 0.007 0.053 0.015 0.072 0.021 0.019 0.075 0.025 0.050 0.057 0.048
0.035 0.032 0.016 0.031 0.040 0.012 0.045 0.033 0.018 0.037 0.009 0.001 0.048 0.053 0.051 0.018 0.001 0.022 0.015 0.049 0.028 0.011 0.049 0.045 0.053 0.046 0.025 0.049 0.043 0.040 0.045
0.026 0.057 0.005 0.012 0.026 0.041 0.010 0.053 0.023 0.014 0.035 0.041 0.052 0.022 0.057 0.047 0.019 0.025 0.012 0.056 0.055 0.011 0.049 0.047 0.037 0.023 0.038 0.001 0.027 0.052 0.027
0.033 0.009 0.007 0.064 0.048 0.060 0.009 0.030 0.031 0.049 0.044 0.049 0.041 0.037 0.008 0.021 0.039 0.016 0.031 0.010 0.022 0.009 0.061 0.058 0.030 0.029 0.026 0.029 0.046 0.026 0.028
0.031 0.005 0.040 0.005 0.059 0.052 0.045 0.069 0.054 0.009 0.035 0.062 0.063 0.037 0.015 0.032 0.027 0.052 0.015 0.001 0.046 0.061 0.012 0.026 0.010 0.006 0.028 0.027 0.023 0.038 0.015
0.037 0.001 0.004 0.014 0.023 0.034 0.019 0.075 0.025 0.011 0.028 0.054 0.010 0.049 0.011 0.055 0.077 0.039 0.016 0.013 0.043 0.018 0.032 0.042 0.019 0.068 0.012 0.045 0.028 0.071 0.027
0.011 0.004 0.044 0.030 0.033 0.044 0.020 0.053 0.012 0.043 0.031 0.022 0.055 0.029 0.032 0.063 0.050 0.037 0.034 0.007 0.051 0.021 0.021 0.034 0.048 0.025 0.003 0.022 0.053 0.019 0.049
0.014 0.063 0.047 0.027 0.063 0.041 0.021 0.056 0.052 0.039 0.033 0.020 0.011 0.012 0.040 0.034 0.063 0.038 0.026 0.041 0.011 0.010 0.055 0.023 0.044 0.007 0.061 0.020 0.006 0.011 0.011
0.060 0.028 0.011 0.041 0.056 0.033 0.046 0.045 0.042 0.024 0.006 0.057 0.020 0.029 0.040 0.067 0.059 0.043 0.008 0.002 0.019 0.005 0.036 0.013 0.038 0.014 0.026 0.016 0.064 0.023 0.029
0.061 0.034 0.025 0.038 0.013 0.062 0.056 0.009 0.021 0.044 0.034 0.035 0.059 0.020 0.008 0.026 0.055 0.023 0.007 0.046 0.064 0.007 0.005 0.004 0.000 0.007 0.066 0.048 0.050 0.020 0.053
0.011 0.059 0.031 0.036 0.022 0.033 0.049 0.017 0.000 0.022 0.008 0.047 0.019 0.030 0.022 0.015 0.018 0.041 0.027 0.026 0.038 0.048 0.019 0.027 0.051 0.016 0.044 0.059 0.055 0.056 0.054
0.049 0.022 0.040 0.010 0.063 0.017 0.038 0.039 0.028 0.038 0.010 0.009 0.051 0.039 0.014 0.006 0.064 0.013 0.025 0.027 0.045 0.042 0.049 0.061 0.013 0.050 0.011 0.049 0.027 0.047 0.004
0.030 0.042 0.058 0.018 0.045 0.018 0.009 0.003 0.014 0.002 0.050 0.001 0.044 0.031 0.033 0.040 0.054 0.028 0.034 0.056 0.030 0.041 0.024 0.040 0.017 0.056 0.046 0.037 0.036 0.052 0.011
0.030 0.005 0.038 0.038 0.005 0.020 0.056 0.003 0.048 0.033 0.013 0.039 0.058 0.042 0.061 0.059 0.030 0.039 0.038 0.033 0.012 0.026 0.056 0.014 0.028 0.053 0.036 0.043 0.030 0.006 0.008
0.065 0.002 0.029 0.026 0.004 0.045 0.066 0.070 0.028 0.004 0.025 0.006 0.010 0.002 0.042 0.005 0.003 0.018 0.016 0.052 0.072 0.032 0.024 0.054 0.015 0.081 0.088 0.021 0.026 0.030 0.039
0.017 0.045 0.045 0.003 0.025 0.052 0.042 0.036 0.046 0.022 0.036 0.010 0.003 0.012 0.021 0.037 0.023 0.037 0.003 0.051 0.036 0.042 0.039 0.005 0.015 0.053 0.058 0.061 0.014 0.062 0.049
0.046 0.053 0.027 0.045 0.020 0.013 0.000 0.016 0.037 0.034 0.027 0.019 0.058 0.053 0.008 0.019 0.023 0.021 0.032 0.036 0.051 0.010 0.040 0.057 0.058 0.051 0.023 0.035 0.051 0.035 0.002
0.016 0.046 0.043 0.020 0.043 0.067 0.045 0.016 0.012 0.066 0.028 0.055 0.067 0.059 0.019 0.043 0.030 0.039 0.037 0.004 0.006 0.007 0.048 0.012 0.064 0.001 0.041 0.005 0.001 0.017 0.043
0.055 0.021 0.007 0.001 0.021 0.004 0.059 0.025 0.064 0.006 0.040 0.039 0.025 0.004 0.038 0.038 0.001 0.055 0.019 0.063 0.006 0.043 0.064 0.046 0.013 0.040 0.026 0.033 0.049 0.060 0.035
0.031 0.060 0.079 0.026 0.024 0.054 0.000 0.038 0.007 0.018 0.034 0.035 0.036 0.052 0.055 0.013 0.058 0.001 0.077 0.012 0.000 0.049 0.013 0.058 0.027 0.028 0.003 0.022 0.014 0.068 0.008
0.005 0.045 0.010 0.005 0.015 0.034 0.005 0.052 0.017 0.054 0.043 0.024 0.014 0.000 0.057 0.052 0.055 0.055 0.046 0.009 0.030 0.052 0.032 0.058 0.043 0.025 0.039 0.047 0.015 0.044 0.018
0.046 0.056 0.023 0.056 0.018 0.016 0.040 0.000 0.022 0.001 0.059 0.006 0.056 0.048 0.006 0.051 0.024 0.005 0.053 0.045 0.013 0.054 0.038 0.001 0.051 0.027 0.054 0.054 0.045 0.003 0.029
0.004 0.012 0.037 0.001 0.043 0.040 0.011 0.025 0.001 0.059 0.031 0.047 0.054 0.023 0.042 0.024 0.044 0.058 0.051 0.022 0.012 0.022 0.020 0.044 0.053 0.049 0.002 0.047 0.058 0.060 0.004
0.010 0.027 0.067 0.018 0.029 0.031 0.064 0.006 0.046 0.075 0.014 0.022 0.058 0.003 0.012 0.031 0.046 0.046 0.004 0.011 0.015 0.005 0.014 0.067 0.051 0.059 0.001 0.067 0.029 0.045 0.027
0.034 0.069 0.048 0.020 0.034 0.001 0.011 0.068 0.016 0.013 0.060 0.032 0.048 0.038 0.043 0.015 0.028 0.025 0.036 0.014 0.025 0.027 0.023 0.027 0.041 0.005 0.048 0.028 0.035 0.044 0.044
0.023 0.004 0.039 0.018 0.014 0.003 0.044 0.012 0.020 0.044 0.023 0.050 0.046 0.041 0.036 0.013 0.041 0.003 0.058 0.052 0.019 0.008 0.023 0.061 0.038 0.052 0.053 0.048 0.040 0.021 0.053