117
7126
480 6
223 5
246 10
655 1
198 5
149 6
923 6
284 1
56 9
666 10
341 4
588 10
310 8
57 4
436 7
274 3
261 6
371 7
310 6
402 6
632 1
425 6
308 1
882 1
50 1
555 9
475 10
696 1
476 8
560 8
609 1
972 5
291 3
824 1
751 7
690 1
547 9
41 7
287 10
495 7
191 5
438 9
85 6
540 7
133 6
764 3
312 7
530 9
804 1
50 6
935 10
621 5
532 6
386 4
337 8
272 4
226 3
71 4
470 6
118 10
98 3
757 5
358 3
257 2
305 6
816 4
529 9
813 7
829 6
829 4
905 2
217 3
764 3
856 1
123 4
957 8
195 10
604 2
27 9
596 10
653 8
466 2
262 3
823 9
865 1
223 9
918 3
119 4
869 3
983 5
941 3
168 8
644 5
614 9
472 4
796 10
171 3
120 8
527 3
374 4
38 7
471 1
860 7
650 1
498 9
841 10
117 9
69 8
676 10
559 6
646 5
23 2
737 5
743 6
549 2
350 8
503 6
248 1
401 6
572 7
503 1
946 2
417 8
152 2
410 1
991 7
474 9
185 1
826 8
533 3
171 1
864 10
793 1
523 6
448 3
784 3
136 10
549 2
387 5
492 3
340 8
862 8
507 1
549 2
674 5
690 7
283 4
171 3
560 5
702 9
854 6
19 10
552 8
99 6
470 3
692 1
985 9
356 7
932 3
198 3
989 8
365 6
428 3
558 10
646 5
961 6
279 3
490 6
842 8
420 3
333 3
974 1
376 7
254 9
516 4
432 1
878 4
936 8
480 4
304 3
607 4
929 7
741 2
537 10
323 3
892 5
587 2
936 6
951 9
30 9
503 9
158 6
242 6
408 2
842 8
613 4
794 8
821 6
633 9
995 7
839 10
914 4
363 10
176 6
159 10
31 7
660 8
507 6
105 5
154 3
434 1
923 8
361 4
67 9
784 2
771 5
350 2
16 3
475 4
453 5
368 5
401 5
468 9
784 2
387 2
358 3
840 5
212 7
947 6
586 7
65 5
183 8
79 6
656 8
727 4
181 3
953 5
550 1
238 1
369 6
59 5
986 7
24 6
84 10
686 1
876 9
123 6
830 2
902 7
839 2
563 9
450 2
645 3
368 4
387 2
154 4
439 5
356 2
673 2
394 10
234 6
21 4
481 3
717 4
917 8
204 2
622 6
67 8
463 7
960 3
469 1
543 9
628 5
906 4
860 5
961 4
265 10
81 6
764 7
650 6
470 3
689 6
617 1
947 8
651 6
556 1
633 9
453 1
669 2
797 3
880 4
35 3
540 3
751 1
620 9
587 2
805 2
244 7
414 6
643 4
19 7
931 1
193 1
259 10
560 1
37 7
138 8
278 1
910 3
798 9
857 3
244 3
852 9
79 4
420 4
998 4
125 8
842 5
718 4
734 9
716 1
916 4
890 6
713 2
427 6
551 4
922 4
533 10
627 5
160 2
259 9
639 6
182 1
860 10
467 3
186 7
894 2
225 2
783 10
86 7
842 7
552 8
563 6
976 10
111 5
793 1
866 6
31 10
309 6
986 7
566 8
731 9
880 4
514 9
683 6
832 2
752 3
604 5
533 4
886 5
239 10
645 9
922 1
340 6
404 7
499 9
274 3
248 4
752 5
157 6
311 3
67 7
236 3
241 9
184 6
707 4
253 7
13 2
347 3
940 10
420 3
662 7
656 6
108 8
405 7
608 2
593 7
24 4
656 2
588 3
213 7
67 2
523 3
775 4
162 1
639 9
377 3
625 5
551 4
250 4
9 3
316 4
438 2
741 1
782 8
680 4
878 3
610 7
629 4
566 10
501 10
96 10
462 1
976 2
820 3
167 3
712 2
915 3
319 4
447 8
210 9
319 6
250 7
408 8
15 4
936 4
561 9
863 9
828 3
432 7
365 9
865 1
724 2
138 9
205 9
409 10
144 5
425 10
535 6
128 3
553 1
786 5
379 8
381 8
573 1
337 7
731 8
77 9
858 7
317 10
215 8
259 4
1 3
157 6
370 6
591 8
143 3
192 4
812 2
967 6
644 6
919 9
352 6
273 7
486 10
428 3
904 1
871 6
600 10
458 3
58 10
252 8
434 8
606 5
267 4
492 7
730 9
15 6
535 5
382 8
588 10
740 7
875 6
879 7
144 1
319 6
438 9
572 1
132 8
602 5
361 1
726 9
134 5
572 10
894 6
555 4
383 10
217 7
394 6
716 6
10 3
660 3
153 7
707 4
979 6
891 7
652 3
36 1
155 7
907 8
702 10
8 9
169 7
215 3
710 1
747 9
790 10
50 9
705 3
617 5
646 4
478 6
848 5
112 10
586 4
446 3
610 3
914 5
18 5
472 10
500 1
990 8
240 7
76 3
926 9
796 9
380 4
447 1
541 10
91 1
932 5
527 1
894 9
852 6
486 9
47 4
109 10
403 8
575 9
630 9
750 10
235 1
412 5
601 1
864 1
757 2
510 9
986 6
929 5
48 2
404 1
478 3
345 6
76 3
763 3
846 5
928 10
79 1
693 5
986 7
929 7
186 4
908 4
801 7
104 3
744 1
701 1
432 2
406 5
473 10
149 8
24 9
233 4
742 10
83 7
251 8
831 7
186 9
504 4
911 10
891 10
605 2
475 5
692 7
727 10
27 1
995 4
717 4
324 9
542 3
234 1
426 6
280 2
108 1
669 1
50 4
324 2
665 5
391 8
154 1
259 4
14 6
493 10
786 3
209 8
255 9
766 6
243 6
955 8
280 1
972 5
586 8
812 10
854 9
806 7
726 1
652 1
784 7
576 6
788 7
260 4
588 3
35 7
832 8
99 8
744 9
263 10
39 4
77 4
581 1
630 7
1000 5
197 2
692 1
487 6
959 1
687 6
659 5
454 7
906 1
192 7
672 7
70 6
991 3
686 5
42 7
38 2
460 1
401 10
618 4
853 10
209 2
32 10
84 6
677 6
949 9
808 8
388 9
337 6
889 8
898 3
191 1
867 4
893 5
837 4
571 4
54 8
38 7
204 8
375 5
321 8
22 4
633 1
946 9
251 1
728 8
93 2
424 3
972 7
10 8
858 2
555 3
751 3
223 1
842 5
486 10
779 6
123 5
476 9
831 9
471 2
884 7
34 10
678 1
838 2
743 2
255 4
442 6
68 5
2 6
797 5
552 5
153 7
127 2
830 5
42 3
415 7
512 9
640 5
345 6
690 1
540 1
340 6
190 4
818 4
870 5
968 4
266 3
314 3
981 4
343 5
290 9
641 3
370 5
569 6
826 4
293 9
362 8
793 2
115 9
128 3
673 9
176 7
652 3
639 6
742 6
194 3
391 3
420 5
715 10
598 3
861 10
997 10
508 10
350 9
335 2
47 7
793 10
675 4
314 6
929 10
517 3
859 7
418 7
369 4
24 3
566 7
623 1
502 9
499 9
319 5
113 10
716 3
872 6
187 7
854 10
826 3
410 8
198 6
640 3
612 4
828 10
792 2
357 7
88 2
404 9
798 4
573 3
24 9
849 7
518 7
397 8
574 8
895 8
641 4
337 4
560 2
658 7
740 10
817 7
912 5
981 9
616 3
530 2
602 5
267 8
291 8
570 7
908 5
951 9
13 1
542 9
844 10
531 7
132 8
893 10
550 4
924 8
516 6
579 1
522 10
388 4
276 5
567 3
560 3
145 9
627 10
556 9
164 9
106 7
668 10
439 7
91 10
886 2
819 1
917 1
783 4
232 2
436 10
688 8
713 6
801 7
210 3
375 6
558 1
367 10
584 5
792 7
327 10
793 6
616 4
971 9
995 2
223 6
701 1
966 5
648 8
64 7
376 6
969 9
751 8
950 9
282 1
21 8
906 5
449 4
397 5
744 3
32 5
642 4
92 8
956 5
775 8
337 1
961 6
828 3
509 5
564 6
509 7
924 6
873 2
738 2
533 1
468 2
655 4
446 4
391 3
989 7
595 8
812 7
889 5
176 8
551 4
305 3
882 5
265 7
690 10
717 8
960 8
899 8
956 6
183 9
71 8
910 1
591 4
801 8
108 1
275 10
173 8
716 9
455 6
976 5
15 5
907 6
804 6
463 3
680 8
493 7
542 3
616 3
841 8
155 4
268 4
278 6
557 4
602 5
72 3
724 3
851 5
655 4
918 4
779 5
285 4
506 5
13 2
129 3
918 5
19 5
368 10
792 3
676 2
97 3
943 5
831 3
99 9
81 4
921 2
874 7
623 7
479 8
721 3
648 8
447 1
539 8
475 9
52 5
225 3
751 10
585 4
48 3
271 5
419 8
993 1
555 5
85 8
928 5
926 6
546 6
241 1
730 10
780 6
706 8
620 10
661 4
244 9
292 5
993 8
584 10
395 8
471 8
250 3
397 10
486 2
675 7
294 6
976 2
759 7
846 5
108 7
793 3
183 5
315 8
693 2
249 4
275 4
557 8
974 2
675 4
509 9
764 3
841 5
753 2
693 3
41 10
262 8
348 7
463 10
201 5
719 10
958 1
248 8
992 10
534 10
458 4
315 6
310 3
451 4
601 6
351 5
657 7
491 6
251 7
531 6
501 9
479 8
74 10
680 8
88 1
71 4
5 9
514 5
101 1
340 6
823 4
900 6
692 7
968 7
614 8
327 2
896 6
999 6
106 1
624 4
675 7
646 8
487 3
644 10
958 8
180 9
901 1
471 9
321 5
753 8
494 9
278 10
433 5
556 3
494 7
279 5
472 8
731 4
657 1
106 5
102 2
876 5
852 8
453 2
727 10
918 9
14 3
357 8
37 1
669 6
400 8
282 8
357 2
136 7
221 5
29 2
241 10
744 1
485 4
857 5
864 3
543 10
536 7
402 2
708 7
816 8
4 8
451 4
214 9
643 1
683 9
513 9
899 4
634 5
119 7
864 8
824 9
892 3
768 10
641 5
162 8
302 5
262 2
377 9
589 7
890 9
615 9
869 5
680 6
718 10
274 8
794 5
963 8
365 7
416 1
685 8
822 1
888 5
325 7
188 2
814 9
754 9
515 4
83 5
234 10
832 9
301 10
18 7
434 8
472 6
928 10
377 9
183 2
538 2
623 3
172 4
279 1
967 1
899 9
904 9
722 2
363 9
377 4
604 9
489 5
133 9
55 1
897 5
709 1
77 8
401 8
429 10
94 6
23 6
848 2
183 6
859 8
724 9
974 10
498 1
284 5
798 7
807 3
218 5
855 4
915 8
510 3
127 3
337 1
408 7
209 8
819 1
818 1
380 6
842 4
123 5
600 2
917 7
495 4
715 8
988 4
400 4
938 1
174 10
365 10
399 8
5 9
574 3
482 2
835 7
589 9
738 7
207 5
87 1
102 5
679 3
625 10
906 7
611 7
114 4
982 3
623 3
463 5
699 9
104 10
63 7
665 7
197 2
259 4
464 10
599 10
888 9
233 1
640 1
942 5
16 7
85 7
170 8
42 5
649 5
566 9
430 2
10 6
885 5
62 5
97 4
445 8
785 7
526 6
751 7
996 6
619 1
388 10
943 4
796 6
564 7
924 6
334 4
595 7
160 2
576 6
432 9
754 1
85 6
633 6
527 3
453 6
799 7
340 7
907 4
649 3
771 9
628 9
612 3
152 10
744 3
198 5
795 1
932 4
734 5
271 5
843 7
777 3
843 1
508 3
349 7
603 3
884 5
653 9
314 3
476 7
502 5
623 8
310 10
78 5
141 9
904 3
812 2
492 5
365 10
16 3
507 4
834 7
948 1
623 5
96 10
276 5
777 8
709 8
134 9
268 7
456 5
909 3
949 8
695 10
874 10
204 5
648 8
12 9
229 1
380 9
48 8
204 10
497 4
113 1
701 4
231 1
514 8
59 4
453 2
541 10
980 7
998 10
296 10
490 2
62 6
300 8
839 7
471 7
321 1
17 1
84 6
190 5
225 4
661 4
718 4
576 2
462 10
306 1
822 10
148 3
771 5
301 6
24 1
809 8
818 2
886 10
856 4
258 1
600 10
930 10
940 4
21 2
233 3
450 1
15 6
454 7
241 4
122 7
771 9
886 10
64 10
882 1
630 8
24 8
163 5
681 10
54 7
650 1
677 6
779 9
836 6
234 9
661 4
507 6
516 2
14 5
632 4
192 9
240 2
150 5
521 2
45 4
489 6
879 6
158 9
575 6
809 9
424 7
861 2
550 1
576 2
594 10
233 10
625 1
829 4
975 9
112 7
480 1
669 8
14 2
542 3
42 10
499 2
448 8
431 1
619 4
391 1
278 4
544 9
74 4
841 5
503 4
731 6
308 2
102 4
9 8
160 4
906 5
359 4
326 3
636 4
860 1
961 2
403 6
389 6
52 10
196 3
81 7
465 10
163 4
548 1
925 10
332 3
452 8
593 9
847 6
2 2
451 2
372 2
84 7
793 7
161 3
832 1
150 9
942 6
724 6
15 8
345 6
694 4
72 6
538 1
557 1
1 10
208 4
182 8
971 4
353 10
939 4
721 9
163 1
534 9
396 7
199 4
414 3
316 3
415 7
87 6
204 5
243 4
347 3
820 2
499 9
215 10
996 2
285 8
513 4
401 10
254 6
671 1
837 6
454 10
272 8
566 2
810 10
206 3
594 5
968 9
941 8
206 2
560 10
655 4
953 10
432 2
528 9
867 5
379 4
420 1
131 10
537 7
695 9
570 6
102 6
94 3
836 9
651 8
702 7
580 1
256 6
382 3
345 1
953 6
575 7
999 7
930 4
958 8
386 4
275 2
965 10
569 3
905 2
552 7
517 2
709 1
648 3
790 9
708 8
397 7
363 2
618 2
259 1
491 1
579 7
212 1
624 10
75 2
287 3
621 3
60 8
940 3
866 2
810 7
631 9
525 4
507 9
276 9
612 7
858 4
886 2
916 2
813 3
463 4
593 6
663 9
371 2
168 1
817 9
443 10
670 9
843 6
411 4
729 9
258 2
193 8
980 4
524 4
30 1
986 4
277 7
721 10
385 8
388 7
974 1
741 7
267 6
400 7
949 4
917 3
511 1
268 10
776 4
31 9
278 9
580 9
628 2
382 10
914 6
834 4
501 7
617 4
456 6
377 5
691 10
205 10
682 8
174 10
291 4
993 4
487 8
526 9
528 1
620 1
567 8
624 1
819 10
75 9
740 6
121 3
461 4
888 6
362 1
776 8
417 8
12 5
757 4
643 9
984 9
300 5
781 7
509 9
801 7
911 4
542 2
784 4
807 3
486 1
720 4
199 6
602 1
511 1
38 1
342 8
328 3
31 6
184 4
927 3
784 9
432 3
134 7
508 9
241 10
374 9
29 4
9 3
797 3
537 8
361 7
828 7
752 5
755 4
759 9
427 10
42 1
501 6
562 10
683 7
735 4
354 9
478 7
182 10
89 9
962 9
565 5
611 3
806 2
464 7
672 7
190 3
378 8
338 9
666 4
133 5
548 2
342 9
276 3
953 2
824 8
21 3
899 8
460 9
153 3
562 7
275 5
131 3
873 1
214 9
258 7
672 5
808 3
913 1
100 10
640 7
348 10
153 7
334 5
989 9
772 7
467 7
476 2
994 4
320 4
532 1
510 9
385 6
533 2
715 5
574 5
619 10
374 2
969 4
311 5
745 3
135 3
432 4
591 7
153 3
568 3
886 9
279 8
882 7
932 4
244 8
670 1
55 9
792 10
182 7
791 3
163 5
7 3
243 10
908 1
510 10
232 7
674 8
123 4
232 9
792 1
138 9
463 8
75 7
546 2
949 4
442 6
458 8
253 2
39 10
443 3
857 1
19 4
583 10
257 4
965 9
787 3
764 7
204 6
170 1
891 7
243 3
802 3
220 8
633 3
476 1
423 4
340 8
356 1
113 5
419 3
525 1
614 10
432 8
866 8
401 5
1 7
450 8
404 4
471 5
696 2
145 3
267 4
584 4
527 5
129 4
164 7
676 10
204 5
301 3
558 3
322 3
949 5
635 5
465 8
404 9
226 1
69 7
797 8
938 3
640 10
380 2
492 7
336 7
606 3
816 4
473 5
264 3
160 2
144 9
274 5
920 4
141 6
413 4
99 7
332 5
437 4
549 9
11 6
643 6
515 6
142 6
897 9
474 9
590 6
724 10
138 7
165 6
600 7
163 3
63 9
464 3
158 2
923 7
100 9
51 10
47 5
199 1
211 10
924 3
217 9
945 5
349 1
614 9
741 1
620 5
353 4
310 3
970 7
103 5
887 10
904 5
609 4
95 6
575 1
951 4
760 8
258 10
372 2
759 8
752 4
925 4
905 2
92 3
719 5
966 10
442 2
644 9
861 3
720 8
111 3
66 5
343 2
642 7
580 10
381 6
310 7
848 7
748 5
985 1
150 2
939 9
421 3
686 9
668 3
892 6
961 10
640 1
593 1
344 6
50 1
168 7
481 3
941 10
423 9
792 10
645 4
116 5
827 2
349 1
31 3
528 5
547 7
335 2
181 3
592 10
55 10
517 7
882 2
735 7
265 10
248 8
341 7
858 10
968 10
383 5
96 2
747 1
734 9
765 2
745 8
898 5
604 8
935 3
476 5
658 8
415 2
241 8
740 2
877 8
103 1
826 8
183 6
143 4
222 3
510 8
227 4
509 8
906 5
851 5
510 1
44 5
828 9
766 9
889 9
362 10
325 8
960 7
899 1
301 5
192 2
586 4
912 8
646 4
94 9
445 5
844 7
977 9
987 7
825 6
548 5
708 6
592 2
181 5
339 2
288 8
680 2
587 7
507 1
364 5
122 7
764 4
706 10
414 8
437 10
492 2
808 6
959 7
258 9
257 9
926 5
781 5
413 3
467 4
131 9
195 8
279 6
640 1
34 5
718 4
1 8
350 8
931 4
631 6
808 6
270 9
804 9
533 10
515 6
281 5
473 10
102 9
187 4
103 3
103 4
388 3
985 6
138 2
279 2
35 2
700 3
197 1
719 10
923 3
55 5
267 10
674 9
28 5
431 9
193 9
400 7
513 10
807 7
352 9
474 4
678 7
89 5
662 9
673 5
266 5
378 8
62 7
343 3
475 5
380 7
2 4
659 5
466 10
250 6
202 10
460 4
395 5
346 6
143 10
808 3
936 7
888 7
640 8
809 4
818 4
154 7
812 3
135 2
125 1
95 8
141 4
511 2
170 6
149 10
185 6
348 6
99 2
658 9
139 2
568 1
284 7
767 6
704 8
555 8
976 5
675 10
728 3
578 9
410 1
678 10
269 2
764 7
507 9
875 4
132 9
747 1
766 1
369 9
842 10
397 7
603 5
293 7
773 3
762 9
437 4
429 5
154 5
20 8
536 5
275 2
153 6
159 1
685 7
535 6
252 8
729 9
604 3
775 5
339 6
356 7
115 1
914 10
497 10
384 8
776 3
989 4
531 6
629 10
155 6
536 8
378 1
424 3
882 3
184 1
339 1
714 5
362 7
474 3
807 10
350 9
14 6
686 6
516 9
586 1
466 6
814 3
264 10
422 9
869 2
473 2
401 6
727 4
939 6
457 7
535 8
62 1
942 4
821 3
752 6
736 5
289 3
914 10
706 9
419 4
588 2
703 10
532 5
275 4
666 4
464 8
366 3
748 7
826 6
208 2
511 5
49 6
498 3
262 8
163 10
961 1
855 2
657 9
425 6
618 5
469 3
716 4
841 5
520 7
262 3
159 10
794 5
720 9
426 5
630 10
844 10
557 8
252 3
205 2
787 5
617 3
278 6
707 8
137 4
906 2
567 3
553 1
201 7
789 8
670 5
675 1
580 6
38 10
885 4
144 3
512 10
53 10
795 1
928 5
894 7
310 9
444 10
495 8
437 2
575 7
198 2
184 5
32 8
659 6
587 2
629 10
979 5
749 8
125 1
659 8
825 9
827 7
605 6
169 10
279 5
518 1
522 9
64 7
265 4
901 9
838 1
424 8
814 1
962 9
874 2
12 9
267 10
333 5
820 1
370 7
310 3
703 10
513 6
571 9
354 3
914 2
849 2
785 8
489 8
656 1
96 10
991 4
830 8
691 7
37 9
234 9
105 6
268 3
228 7
526 3
765 2
917 10
673 6
81 8
35 4
611 9
430 5
409 3
98 1
213 7
568 2
256 1
71 2
822 5
973 7
911 2
802 10
939 9
845 10
795 10
91 6
685 3
541 1
86 9
964 3
265 2
490 5
123 9
345 6
188 10
277 2
696 1
172 1
163 8
135 1
949 3
202 6
43 4
766 10
484 4
439 10
254 1
475 6
975 7
637 9
549 9
612 3
53 10
571 1
421 8
899 5
779 3
85 10
83 9
828 8
349 2
203 1
783 10
305 4
381 4
687 10
228 5
499 8
798 3
610 9
130 9
829 9
465 3
787 4
452 2
935 4
143 6
575 1
851 7
211 2
961 9
746 2
997 9
687 10
336 9
979 1
52 7
745 10
897 4
477 5
845 5
74 1
681 1
655 8
582 2
278 1
988 8
642 9
688 6
432 8
985 4
651 7
892 4
571 1
427 7
390 8
766 4
406 3
267 3
502 1
647 10
576 5
419 2
307 5
666 5
348 7
583 3
359 10
51 5
568 2
604 7
127 1
767 6
117 5
461 8
792 3
586 4
871 1
746 7
267 10
333 3
237 4
482 1
402 9
948 7
736 5
481 9
894 3
847 6
665 7
139 10
947 1
6 6
443 10
477 8
978 6
867 9
777 1
498 9
394 5
378 4
227 2
299 9
781 5
646 5
476 8
434 10
693 3
6 3
819 5
314 5
374 9
678 9
28 10
484 10
524 9
539 8
23 9
596 4
914 4
359 6
193 8
927 3
953 5
450 5
57 9
716 4
183 2
309 9
57 7
683 8
953 7
931 5
82 3
353 9
773 3
503 6
368 5
74 7
484 2
941 5
399 1
928 7
125 3
419 4
89 9
59 4
347 4
57 3
189 5
114 10
902 8
691 2
876 1
272 1
586 5
987 5
579 8
651 2
582 7
409 5
641 5
517 5
76 8
853 9
160 4
274 4
963 9
843 10
955 4
256 4
830 8
731 3
392 10
43 9
260 10
533 8
696 4
55 5
731 8
785 4
579 8
574 6
294 1
988 6
264 9
990 7
984 5
772 3
340 2
445 7
384 9
684 9
253 1
924 6
361 8
44 5
63 3
256 6
958 3
76 2
818 6
357 5
855 2
70 9
142 2
404 2
871 1
658 5
765 3
314 8
327 5
297 9
103 1
108 4
834 10
209 6
962 3
962 5
805 5
189 7
286 6
356 2
382 6
848 2
797 9
668 3
400 2
193 8
935 4
604 8
434 4
555 8
62 6
815 5
314 5
888 8
463 6
261 10
863 5
658 1
722 3
590 2
445 1
942 7
928 1
377 2
214 6
912 1
324 2
24 4
858 10
729 3
661 4
431 5
259 5
665 2
775 1
205 1
600 1
337 4
866 1
988 10
182 10
871 5
813 4
633 8
805 10
733 8
68 7
669 9
696 3
598 5
884 1
238 7
382 9
798 6
294 3
617 6
249 10
315 7
612 6
482 10
109 6
761 9
36 5
830 5
871 5
969 9
305 5
511 3
665 8
791 10
590 10
154 9
520 5
462 10
662 9
338 10
296 1
479 4
596 1
468 9
665 9
993 1
240 7
963 4
283 9
430 6
640 3
709 7
808 4
686 1
528 7
43 2
511 5
408 10
960 1
5 2
147 3
379 10
443 1
174 10
216 6
664 3
707 2
658 7
187 2
115 1
857 2
588 7
319 1
118 7
614 4
622 7
429 9
40 8
303 3
677 7
388 10
423 8
728 7
188 9
573 2
237 5
359 2
533 4
393 4
568 1
761 4
77 6
704 10
146 10
644 6
763 4
799 7
540 6
312 10
592 5
577 6
809 6
158 1
930 3
431 9
719 3
70 4
268 6
592 6
943 3
909 10
130 4
933 5
448 8
249 8
377 4
594 4
759 9
376 6
496 1
743 5
988 6
102 6
693 3
334 9
473 2
515 6
32 8
174 4
407 1
336 4
890 8
610 2
79 3
244 7
285 10
715 2
844 8
793 2
724 1
846 5
547 2
868 7
95 3
406 1
854 3
680 6
938 2
510 3
435 10
968 4
673 6
839 6
516 4
451 10
747 10
382 5
308 3
718 2
504 9
985 8
592 9
49 5
652 8
360 1
761 5
649 9
222 8
787 10
457 4
997 10
444 6
823 1
791 5
83 5
247 5
972 7
407 7
279 6
500 3
628 10
866 3
407 10
940 4
504 3
993 2
424 5
407 2
619 10
626 10
20 10
678 9
440 5
205 7
514 3
617 1
965 9
476 4
399 2
167 3
175 5
577 1
98 1
653 5
232 1
389 5
710 10
946 6
465 4
915 2
266 1
16 9
585 8
172 6
793 4
497 3
486 1
25 3
598 2
242 1
321 3
250 6
89 1
351 6
247 3
108 4
640 2
931 10
831 8
517 4
919 1
541 8
92 6
882 3
406 6
576 3
214 9
820 5
905 2
966 3
439 1
813 7
314 8
755 1
24 6
37 4
938 8
512 2
140 2
322 2
78 7
706 4
813 3
357 3
850 1
746 10
159 8
296 1
320 4
134 7
819 6
722 9
13 4
875 5
734 1
939 8
892 1
455 7
292 2
9 6
723 1
622 1
109 6
75 10
112 9
802 8
745 5
917 2
52 1
674 9
48 5
118 2
737 9
566 7
874 6
903 8
101 6
980 10
339 10
945 8
21 2
24 2
905 6
253 5
207 2
516 10
533 6
416 2
288 5
598 9
79 6
244 3
576 1
7 7
189 10
938 10
769 2
905 7
334 7
315 8
514 2
987 2
374 1
180 4
111 6
106 1
992 9
283 3
207 5
273 7
720 3
701 9
682 6
325 3
529 5
949 10
571 7
593 9
51 4
336 10
237 7
652 4
747 6
353 10
130 2
858 5
13 6
76 10
643 5
469 5
244 4
218 10
179 10
290 6
617 6
83 7
403 3
681 5
821 3
69 2
717 10
232 2
396 1
796 6
894 7
589 6
321 10
813 6
881 8
58 2
625 7
891 10
374 2
594 2
267 5
150 8
51 4
72 1
556 6
205 5
92 8
208 10
945 7
515 5
800 9
80 5
973 4
610 1
603 3
75 4
25 6
184 1
93 4
424 8
672 2
426 1
418 6
824 4
710 2
850 3
547 4
717 6
147 10
855 7
560 7
828 7
465 7
11 10
758 7
602 7
848 3
988 2
210 8
752 4
504 10
453 5
861 6
2 4
851 1
674 8
362 5
487 7
123 4
242 8
786 5
346 1
610 2
568 8
753 1
454 9
680 8
921 6
562 10
226 2
926 4
231 4
388 4
883 7
720 4
128 6
809 5
845 5
608 2
24 4
643 7
206 4
5 7
724 2
141 4
682 2
946 8
209 10
738 7
317 6
328 10
919 6
76 6
421 4
474 7
457 4
45 1
161 4
570 4
741 3
764 5
986 3
917 10
442 9
631 1
294 7
740 8
966 1
896 7
307 8
276 9
630 9
480 6
480 7
451 8
413 5
985 9
269 2
153 2
402 7
596 8
462 8
238 4
713 7
928 2
612 5
329 10
755 5
899 8
948 8
127 9
536 10
153 4
683 10
942 3
962 8
454 3
82 4
822 6
642 9
752 6
849 4
796 2
839 7
897 10
424 5
126 2
398 1
592 1
809 3
267 3
382 6
151 7
399 1
280 2
811 5
957 5
522 9
818 7
416 5
850 2
106 10
83 3
637 10
263 3
44 8
953 4
937 10
574 10
546 5
651 9
584 7
151 9
137 3
186 7
67 3
386 3
38 2
951 6
779 9
922 2
771 10
693 1
561 4
155 1
41 4
284 3
257 5
341 7
939 4
114 3
143 3
779 2
979 6
640 4
290 4
944 9
448 5
135 7
728 4
608 3
68 1
373 9
445 6
882 5
256 3
182 2
820 1
350 2
220 4
155 5
840 5
208 3
265 6
56 2
276 5
596 5
833 6
373 9
290 9
204 10
996 3
737 3
132 10
698 7
55 7
714 8
14 9
387 3
130 6
118 4
649 2
894 6
564 3
57 10
339 4
474 10
204 5
135 10
393 7
715 6
523 5
42 9
739 6
349 10
582 9
768 10
369 4
293 5
840 1
122 5
575 7
24 2
754 6
620 7
386 9
517 1
790 5
771 10
553 6
506 3
247 10
16 9
706 7
154 10
600 1
360 6
427 9
420 2
23 8
471 2
101 10
967 10
989 2
495 4
760 1
233 7
386 7
2 3
757 7
461 5
736 10
838 3
831 2
449 6
285 10
543 6
406 7
765 1
852 5
404 6
90 5
482 4
642 10
211 8
692 1
651 7
445 2
287 3
568 8
323 8
120 10
926 9
76 7
147 2
628 7
274 4
199 5
461 7
623 10
747 4
932 6
680 7
611 10
911 9
208 1
347 3
829 2
976 2
165 4
428 4
918 4
360 4
65 4
758 8
310 7
4 9
135 8
42 4
206 4
855 7
956 9
919 9
536 2
455 5
673 7
478 7
848 10
179 9
214 7
4 10
83 9
207 7
673 10
462 2
441 5
398 9
301 10
854 5
722 8
643 1
555 10
146 2
284 5
476 10
290 5
584 4
813 7
464 5
985 8
666 3
965 10
596 3
387 1
458 8
49 4
331 3
249 9
186 1
699 4
880 6
431 6
991 1
868 3
894 2
615 6
160 4
87 10
482 1
570 7
751 3
762 6
629 4
876 3
835 7
812 5
836 6
29 3
725 1
392 9
552 5
646 1
949 10
451 9
108 4
616 2
356 4
48 9
251 4
553 8
663 9
267 5
347 2
841 3
909 7
391 9
855 7
85 5
747 5
127 10
647 1
699 10
225 5
512 2
836 6
242 6
657 10
326 5
609 5
635 10
970 8
380 3
304 8
263 3
847 5
383 3
763 6
242 8
473 3
501 6
757 4
99 10
452 9
540 4
38 3
148 5
885 10
530 7
999 7
601 2
13 8
832 2
506 4
243 3
69 2
844 4
434 2
218 6
684 2
945 5
345 6
539 8
215 9
11 3
832 9
666 6
556 5
615 1
360 6
507 1
283 5
964 9
802 3
404 3
159 4
808 2
445 5
457 4
323 9
807 1
539 2
248 1
473 2
511 4
243 10
577 1
197 1
812 6
273 4
3 2
814 10
612 5
706 10
149 5
282 1
546 8
20 4
879 1
723 5
154 8
981 2
627 3
713 8
476 7
527 7
885 2
858 3
704 8
152 6
673 3
388 5
300 9
648 4
471 6
168 3
685 7
39 5
304 4
274 7
40 1
595 10
20 10
355 8
112 5
600 8
866 6
611 1
437 1
259 6
454 10
578 8
239 3
493 4
764 4
18 8
919 2
352 6
394 2
510 4
212 9
879 5
428 8
217 9
53 2
789 8
32 6
768 6
889 8
470 3
416 9
72 7
112 8
936 10
473 10
388 2
630 8
457 6
829 7
698 2
799 4
902 7
146 3
366 4
103 6
432 10
415 9
631 9
433 5
770 9
44 1
488 4
206 7
981 1
941 8
137 8
835 4
874 1
687 6
299 9
706 9
625 6
641 5
693 8
691 7
369 5
468 10
896 5
5 10
390 10
49 6
413 3
966 8
29 7
742 5
742 5
588 10
909 7
165 5
1000 2
563 1
345 3
385 4
301 9
972 5
71 5
532 4
553 6
394 1
271 9
760 8
234 2
523 3
280 9
866 4
871 1
280 8
315 8
375 8
828 6
560 10
695 1
414 2
722 6
884 2
91 9
530 9
857 2
334 3
717 5
254 9
449 1
806 10
72 9
64 10
355 9
509 3
491 4
955 5
278 5
412 7
277 8
702 2
1000 8
818 2
88 9
523 3
89 8
849 1
493 10
295 4
809 5
829 7
444 9
510 10
204 5
934 8
381 10
645 1
777 2
10 7
658 8
184 4
533 8
525 5
163 2
470 7
245 8
952 4
654 8
378 10
3 4
943 10
497 8
749 9
881 3
426 10
502 9
936 6
915 3
286 5
516 7
422 3
397 6
351 9
545 2
949 5
346 10
778 1
350 10
430 6
547 1
400 7
948 1
735 8
555 6
419 6
559 10
581 8
557 4
320 10
52 6
473 3
649 2
252 3
973 4
460 6
392 2
724 3
418 6
439 3
24 3
654 4
561 8
186 2
79 4
356 8
624 8
412 5
888 4
438 3
21 10
451 2
104 5
931 8
961 10
214 9
373 10
321 1
66 4
666 6
846 1
867 8
79 9
586 8
201 4
913 7
210 1
711 3
998 1
106 8
877 10
300 3
991 3
293 2
563 10
312 5
232 2
167 6
920 8
710 1
948 6
194 4
468 3
339 8
418 3
872 8
92 3
456 1
370 5
625 10
941 3
721 6
614 6
58 4
808 8
268 1
770 7
52 2
373 4
955 1
909 10
375 2
801 6
562 10
234 2
141 7
500 2
734 8
6 3
512 4
841 5
816 8
424 1
72 6
44 2
324 8
25 2
452 9
582 9
968 7
21 9
831 4
698 9
140 5
449 7
649 7
754 1
45 10
911 7
668 5
442 10
64 10
501 1
374 5
24 8
563 7
631 8
71 1
577 6
756 1
519 2
58 8
252 1
18 5
745 1
252 1
448 9
284 1
486 4
640 9
886 4
705 7
833 5
132 6
606 3
785 1
517 3
723 5
421 8
907 8
392 2
869 10
990 6
912 7
667 6
45 4
747 9
602 8
808 1
100 1
467 9
676 6
386 7
738 7
115 8
95 7
332 10
597 1
435 3
86 9
48 6
829 1
402 3
381 6
242 5
500 10
926 5
982 5
627 1
984 6
545 1
655 6
197 10
638 9
741 4
814 2
33 2
526 8
147 4
526 2
471 9
525 3
168 4
607 10
504 7
938 6
414 2
197 5
288 3
68 1
834 7
796 5
427 9
585 2
21 5
612 3
786 3
571 8
60 6
970 6
417 7
918 5
793 4
983 10
189 2
73 2
999 2
847 10
1000 10
957 4
128 6
767 3
335 5
502 9
232 10
675 2
788 5
530 8
200 5
966 8
425 7
747 4
97 10
728 5
968 1
880 4
133 5
901 3
513 9
435 3
362 10
182 3
460 2
633 8
166 9
542 7
826 1
420 9
901 5
454 7
77 6
717 7
86 8
37 7
624 2
410 5
701 1
68 3
833 6
839 5
523 7
317 7
383 8
627 3
341 4
566 7
385 8
511 1
250 8
389 10
832 7
966 3
865 1
340 1
66 4
480 4
950 8
763 7
188 10
291 3
14 4
758 8
407 10
82 7
140 2
211 3
368 7
797 6
484 10
644 5
355 3
270 8
439 7
681 8
412 7
320 2
681 6
536 8
437 2
773 8
487 6
934 3
441 10
446 4
404 4
534 8
991 9
582 8
74 2
328 2
478 4
644 1
717 7
227 5
959 4
364 7
433 9
770 6
604 5
922 4
394 9
571 6
263 7
880 9
659 5
382 3
423 4
423 5
95 2
43 5
280 10
388 3
283 4
727 5
721 9
641 6
490 1
767 1
13 4
417 4
825 6
829 10
106 9
391 9
260 1
985 3
300 9
444 2
447 7
220 10
752 6
852 9
609 3
982 3
63 8
604 7
6 5
313 7
216 3
258 2
804 3
585 8
433 6
660 7
699 9
317 2
315 8
101 7
572 6
532 10
75 7
983 9
564 7
892 7
738 8
55 5
831 4
921 4
499 6
15 8
198 9
317 5
976 2
459 8
815 7
308 3
818 8
303 5
470 3
776 5
238 6
998 1
642 6
412 3
453 3
980 8
939 9
336 10
401 3
247 8
270 6
988 1
615 2
115 8
930 10
13 3
195 3
228 10
639 6
165 6
144 8
684 1
11 10
952 8
807 2
380 4
133 2
133 5
986 5
644 6
944 3
321 3
877 3
905 6
558 10
40 10
151 7
628 8
444 10
473 2
779 8
851 5
365 4
843 6
803 2
184 3
168 6
56 3
727 5
658 3
59 9
841 3
486 7
118 2
846 1
705 8
759 7
655 5
186 1
673 5
710 7
78 2
662 2
797 4
401 1
908 4
119 5
231 5
375 6
998 4
128 7
722 5
740 3
426 6
498 9
986 1
222 7
13 10
547 10
980 10
889 2
183 8
739 1
294 2
530 1
111 10
384 1
452 9
262 8
712 2
340 5
335 3
154 4
66 4
531 1
493 10
610 5
340 7
579 7
458 1
648 9
888 1
250 8
30 2
782 1
447 8
414 3
724 6
146 6
270 5
721 10
224 7
156 8
442 8
959 3
342 1
386 1
927 5
483 5
877 1
315 2
179 1
787 5
67 7
233 1
680 2
127 3
935 9
725 8
751 10
712 1
490 10
863 5
248 9
778 5
546 3
9 7
94 10
934 9
92 1
875 2
611 10
527 5
412 4
366 1
986 5
339 2
975 7
82 2
362 10
614 8
29 3
277 9
895 2
913 9
839 7
126 3
121 8
411 3
302 3
712 5
994 10
986 5
779 8
994 5
658 5
716 4
295 8
105 6
392 1
607 7
136 6
349 6
804 1
211 3
917 5
370 4
418 1
559 4
248 10
982 4
994 9
32 1
61 2
657 3
242 6
530 10
326 9
881 8
739 1
578 9
129 8
315 5
910 7
504 2
290 6
878 7
852 4
154 4
905 1
337 3
598 2
647 2
803 1
793 1
917 9
268 1
188 5
235 4
918 4
906 1
42 2
419 7
602 5
30 10
647 5
333 2
978 1
756 6
657 9
324 8
607 4
237 2
481 8
233 9
546 5
52 4
3 5
101 6
209 10
969 3
835 3
181 6
575 4
838 7
129 7
525 9
224 5
606 5
777 5
382 2
249 4
269 6
279 10
823 6
637 5
898 2
534 2
105 1
308 10
495 6
603 7
968 7
295 2
378 5
3 9
188 7
728 2
543 3
617 1
862 7
32 4
372 9
718 7
917 8
294 2
275 9
848 2
17 10
319 7
151 9
343 5
368 8
175 9
155 2
424 3
61 8
646 8
893 9
79 4
621 6
226 2
151 9
753 9
946 4
812 9
518 7
951 9
580 6
775 2
150 5
280 8
832 4
284 9
867 2
675 10
557 10
504 2
983 6
758 10
116 6
675 1
512 7
140 5
598 2
17 8
353 5
227 4
341 8
69 7
757 4
194 8
864 4
411 5
588 9
388 7
293 9
426 6
598 9
708 6
173 2
397 5
540 2
727 1
340 6
132 6
123 7
799 4
77 3
423 4
220 7
983 5
990 6
56 3
5 5
199 5
107 7
591 1
978 4
781 2
464 5
841 8
71 3
869 8
128 8
415 6
914 9
558 10
518 4
696 3
463 8
334 8
343 1
917 10
398 3
171 8
81 6
19 7
229 5
571 10
204 10
288 8
557 8
813 8
967 10
324 5
306 6
465 9
250 6
788 10
744 5
321 2
330 9
785 7
920 1
268 7
8 5
948 7
425 7
454 1
843 1
617 3
862 1
930 6
740 9
638 7
591 9
31 4
341 2
785 10
116 10
539 1
279 10
611 2
682 3
516 3
239 7
215 3
771 4
900 6
615 1
710 1
818 6
267 5
535 5
96 1
200 10
524 4
479 2
664 2
428 8
694 6
288 4
292 1
686 4
31 1
174 5
343 7
412 1
771 1
2 8
516 1
89 7
316 4
555 3
274 5
778 8
791 2
698 2
167 6
706 10
151 1
653 2
506 6
722 10
478 9
794 8
239 3
654 3
86 3
330 10
798 8
420 6
800 7
896 5
415 3
44 10
883 2
892 9
675 6
889 6
309 1
600 8
152 9
23 4
299 4
642 6
685 7
695 1
625 5
116 2
954 8
511 8
974 7
903 1
22 9
78 8
758 5
177 8
281 9
471 1
486 8
393 5
969 6
689 4
645 6
314 1
450 1
955 3
445 10
495 4
667 2
533 5
138 7
989 8
614 8
511 7
352 9
329 10
335 9
732 9
853 7
418 9
904 2
180 3
197 10
21 7
86 2
400 9
586 7
56 1
276 7
936 7
606 3
62 6
460 9
545 10
188 1
394 2
675 10
620 5
565 1
550 4
869 2
476 2
891 5
208 9
483 7
489 5
428 10
504 9
9 3
327 6
552 1
484 3
282 8
891 10
173 3
104 10
67 2
580 3
355 8
622 8
428 3
124 6
53 8
963 10
558 4
22 3
580 1
430 3
692 10
225 6
191 7
766 7
640 9
221 2
966 10
151 1
714 2
212 10
24 2
344 4
595 4
642 8
24 4
28 9
268 2
479 7
385 2
762 2
202 7
297 8
349 9
488 4
382 8
505 10
10 5
703 6
368 7
898 3
896 10
162 8
322 4
194 5
370 2
446 8
978 9
86 9
275 3
392 7
2 5
70 6
444 2
251 1
206 9
444 7
991 8
910 6
308 2
110 5
941 6
787 3
521 5
744 3
423 9
827 1
627 6
333 3
349 4
935 8
274 7
923 3
518 6
140 7
571 8
752 5
870 7
247 7
80 6
445 3
11 5
392 4
97 9
694 4
976 3
722 8
301 7
180 1
45 10
282 9
69 2
968 6
642 8
503 3
439 3
60 7
125 7
271 10
914 6
807 9
147 9
711 1
10 6
761 7
585 4
853 5
217 8
808 1
364 1
97 9
321 3
207 9
898 5
8 8
374 2
39 6
14 6
275 3
811 3
749 9
72 7
586 9
307 10
500 9
654 7
751 3
592 3
124 9
865 10
237 1
817 7
70 3
250 8
47 5
606 2
807 3
565 3
993 1
852 8
900 8
213 6
256 6
77 4
563 7
130 8
384 4
945 6
263 7
939 10
804 1
168 6
314 7
809 6
337 6
433 8
237 7
939 10
873 8
706 7
621 6
364 2
241 1
62 3
744 10
184 10
893 2
662 2
653 2
739 6
873 2
631 6
231 1
152 2
113 8
628 7
477 2
176 2
490 10
263 4
701 7
585 9
324 7
335 1
992 3
106 9
516 7
600 2
129 3
569 1
388 5
231 9
392 7
374 4
474 6
506 3
417 7
123 6
84 5
823 1
707 2
223 8
859 1
92 6
21 4
477 4
328 5
553 5
407 2
826 9
987 1
552 3
948 7
155 9
223 4
643 6
12 1
448 5
496 5
447 8
985 5
329 3
464 5
992 4
831 8
564 10
736 4
839 2
674 1
692 1
233 8
506 4
135 8
257 1
412 7
282 1
720 8
378 4
880 9
597 5
259 3
975 10
515 7
420 5
238 8
686 1
532 9
715 5
194 6
301 3
678 5
473 8
81 4
377 8
58 10
67 10
486 7
119 5
322 9
51 1
316 1
122 9
233 2
127 2
513 7
618 1
368 6
97 3
690 10
126 5
406 8
151 6
29 7
629 7
133 5
444 8
545 5
872 10
827 7
903 1
720 1
125 5
759 7
214 7
526 8
688 8
296 1
16 7
204 3
621 9
998 1
458 4
478 9
564 2
15 7
195 8
446 3
399 1
53 4
178 6
336 2
963 10
34 9
540 9
714 2
633 5
660 10
11 6
306 7
756 7
843 9
422 4
953 6
56 3
570 6
888 9
749 1
713 6
475 6
837 6
758 7
191 9
774 3
805 6
372 1
647 1
476 1
920 2
285 3
513 9
249 4
669 9
311 8
144 5
624 6
123 1
319 1
185 5
295 1
805 6
853 10
303 7
678 1
249 6
667 4
933 7
414 6
16 9
916 9
719 5
692 5
210 8
465 2
166 5
3 5
309 9
35 3
806 2
34 2
41 6
940 9
919 6
823 5
118 5
98 9
926 2
880 5
371 6
754 6
715 4
339 8
71 10
549 2
722 5
489 6
592 8
359 7
541 8
424 3
228 8
826 6
152 1
152 7
245 9
961 1
653 7
376 6
53 6
30 9
671 1
707 1
753 6
864 5
175 7
905 4
432 10
560 6
538 5
566 9
189 1
471 2
12 5
723 3
157 9
724 7
174 7
861 10
894 7
1000 1
632 5
917 1
787 4
630 10
987 9
955 2
711 9
687 7
74 9
533 6
490 3
256 9
805 6
223 8
786 4
937 3
268 1
443 3
882 2
108 3
877 9
724 1
764 10
622 7
824 4
769 5
882 3
921 3
815 6
963 6
386 5
24 3
922 3
333 8
693 2
349 8
178 2
22 5
234 7
306 4
371 3
572 6
78 10
165 6
654 7
659 4
287 4
181 6
582 8
698 7
561 2
828 2
172 3
506 6
177 7
751 8
214 8
410 2
158 10
324 5
283 3
90 10
7 9
578 5
954 10
610 6
597 5
579 10
604 5
791 6
432 3
650 2
370 4
598 10
303 2
906 6
198 2
7 2
354 9
192 8
530 3
779 10
902 8
826 2
706 2
659 4
84 3
514 4
72 7
609 10
75 2
84 4
677 4
843 7
250 1
121 7
752 5
794 8
586 2
813 5
890 5
710 6
139 10
947 7
91 7
240 9
797 4
288 8
430 9
887 6
79 10
738 7
603 2
781 7
104 5
232 2
59 3
266 2
325 7
782 4
75 6
12 2
848 5
183 2
968 7
52 2
254 1
80 6
598 2
871 1
854 5
439 4
718 10
754 8
887 8
423 4
808 2
988 2
174 2
238 9
876 3
817 6
176 3
281 6
535 1
80 5
14 7
681 7
151 5
45 7
277 5
991 7
730 9
798 8
656 5
396 4
222 7
281 10
578 1
957 5
945 9
514 7
224 4
910 1
556 10
200 4
659 7
267 5
776 6
223 6
365 7
4 9
130 10
28 5
671 7
613 5
215 2
85 2
935 9
504 8
137 2
187 5
900 5
320 9
500 8
77 9
901 5
380 2
638 7
435 3
560 7
437 4
584 4
597 2
953 9
920 5
690 4
395 10
609 8
161 2
105 5
189 1
389 10
990 3
420 8
965 9
68 10
552 5
686 4
566 5
831 9
178 7
942 6
599 9
534 10
302 6
526 5
407 8
385 1
805 10
736 2
220 5
570 2
244 5
15 1
503 6
732 9
412 2
616 9
965 6
113 10
827 9
750 1
30 8
775 4
85 9
130 7
475 8
393 10
35 7
546 4
331 5
301 5
770 7
627 1
400 7
925 8
539 3
409 3
978 5
118 10
909 4
187 5
742 3
878 6
7 1
779 8
226 7
879 5
694 7
690 9
479 3
883 2
612 1
767 10
1 6
555 3
910 7
966 7
920 10
7 10
828 5
144 1
95 1
409 2
471 10
353 10
528 6
933 3
812 6
569 3
686 2
367 3
235 3
721 6
341 9
803 8
458 7
615 4
4 10
551 4
726 2
949 9
718 7
459 7
377 3
707 10
870 3
806 3
464 4
497 8
276 8
398 8
843 5
65 9
945 7
809 9
928 1
568 8
225 3
117 6
236 3
771 10
780 7
824 7
424 8
274 1
298 5
929 3
655 3
423 2
186 5
341 5
783 9
561 6
306 1
646 4
914 8
369 10
926 4
762 10
939 4
190 5
851 6
234 3
969 7
910 4
845 9
626 2
747 9
537 10
390 2
498 9
620 5
89 3
724 10
947 4
315 3
339 10
41 10
856 10
294 9
864 10
273 1
688 6
984 2
160 8
267 4
249 1
656 9
679 1
374 4
594 10
309 7
148 10
159 1
380 3
881 9
540 4
965 2
768 6
946 5
613 10
627 2
141 2
834 4
56 10
329 4
694 1
615 10
720 5
19 9
805 1
400 8
826 8
271 9
831 1
727 8
336 4
761 4
69 6
330 3
457 4
869 1
889 9
507 6
687 4
485 8
532 4
850 1
348 3
498 3
352 9
167 9
429 6
89 4
440 5
800 3
90 4
790 5
645 7
737 3
391 6
696 5
673 4
365 8
80 1
116 6
486 4
314 8
549 1
180 10
836 3
989 7
807 2
133 8
173 10
456 3
228 2
406 1
87 8
483 7
536 3
536 5
882 5
423 1
716 6
572 8
970 9
590 9
604 3
591 10
577 8
71 10
540 7
955 7
552 3
305 3
699 4
127 2
917 3
893 7
193 7
391 6
18 6
370 8
460 8
999 9
912 8
613 5
185 10
427 8
989 1
407 10
485 6
265 4
752 9
753 1
497 8
681 1
788 9
778 5
281 2
155 4
904 8
219 3
195 4
863 7
730 8
608 8
775 10
618 1
130 8
406 6
55 10
412 9
776 2
993 5
40 2
422 8
269 2
408 4
385 8
737 9
689 8
835 3
284 4
467 3
262 10
854 8
706 8
569 10
797 7
917 10
937 3
780 1
201 8
121 4
262 8
575 5
842 6
181 2
752 6
93 9
387 5
4 6
664 6
831 7
446 1
329 5
493 2
903 2
912 5
33 7
135 8
883 4
104 2
355 4
679 9
662 2
528 3
137 8
96 9
795 9
563 9
286 7
783 10
37 3
434 7
677 7
940 3
4 5
471 10
925 4
915 5
561 4
811 2
120 2
261 4
469 8
95 10
34 4
158 9
148 7
922 5
698 8
513 2
254 7
677 1
664 6
630 9
776 3
509 6
525 10
357 3
202 1
564 7
39 4
560 7
741 2
242 6
64 6
747 9
48 5
472 8
987 7
823 9
404 6
676 5
865 3
860 2
636 8
176 2
934 7
184 9
643 7
308 4
710 10
642 7
352 4
173 3
750 3
327 9
370 4
317 3
65 6
662 5
685 5
743 2
295 1
139 9
966 10
666 7
181 3
944 5
193 9
990 9
113 5
80 9
403 4
276 10
373 7
464 1
639 9
840 8
232 4
1000 9
525 8
991 9
486 1
171 7
822 10
89 4
336 10
104 3
531 9
174 9
923 7
386 6
433 1
901 5
531 10
466 9
912 9
589 5
66 4
70 10
159 9
203 2
138 5
46 8
882 6
363 7
513 5
963 4
580 5
487 5
857 5
315 6
11 4
753 7
854 1
297 6
599 5
411 5
462 9
421 2
87 8
660 9
272 10
928 4
843 9
186 3
680 8
909 10
207 9
342 1
1 8
450 8
180 3
321 1
864 8
759 4
377 4
962 6
320 1
653 7
779 2
636 5
99 5
932 10
715 9
921 10
690 9
352 3
618 1
75 8
372 9
306 6
901 2
667 2
509 4
991 7
25 10
605 2
548 5
455 2
420 9
865 1
413 1
346 10
232 1
464 8
477 9
745 6
89 3
471 4
300 8
98 9
593 8
969 4
518 2
776 8
245 2
529 10
13 9
249 5
254 10
295 9
877 6
23 8
862 9
273 3
225 1
825 1
691 7
514 1
113 1
725 3
274 8
238 8
906 1
2 8
56 4
824 9
592 5
472 7
93 8
583 7
326 2
510 7
657 7
965 2
559 10
190 6
81 3
415 3
281 10
342 8
631 6
525 9
640 6
852 6
563 5
599 1
394 4
493 6
919 1
851 2
775 1
935 8
755 1
394 5
520 8
833 5
472 2
724 2
188 3
140 8
799 4
934 1
893 4
220 5
814 3
175 10
722 7
555 2
601 6
703 6
150 2
122 8
912 9
788 3
390 8
265 2
250 8
169 4
429 8
165 5
511 2
698 6
292 9
711 2
429 7
578 10
594 5
356 4
352 7
899 10
998 9
811 3
628 8
244 5
453 6
855 1
117 1
313 1
971 7
252 10
824 10
865 3
570 8
226 9
530 9
188 9
831 9
848 1
691 10
223 7
108 10
864 4
381 1
967 10
490 10
88 9
161 1
524 2
28 4
909 4
22 8
115 10
319 5
742 10
76 4
609 9
705 8
608 1
186 2
531 3
740 4
189 10
677 10
34 2
465 6
370 10
255 7
675 3
921 10
775 3
582 3
267 10
619 2
147 8
995 2
285 8
337 8
740 3
90 1
33 2
309 10
400 9
834 5
654 7
926 8
224 9
299 2
353 2
303 4
556 9
82 2
378 9
63 8
592 3
763 9
946 2
208 6
275 2
297 1
220 3
754 3
597 9
707 4
266 7
903 2
938 10
57 3
730 10
927 4
346 8
747 4
813 2
710 7
825 2
431 8
682 6
798 10
733 2
638 3
225 3
848 4
194 9
88 10
216 8
212 5
284 10
761 2
103 5
955 5
971 2
637 5
547 2
784 1
378 2
768 3
720 9
431 5
598 5
901 5
903 9
652 6
754 3
322 4
649 8
958 2
511 7
45 6
274 7
253 8
72 9
224 3
376 10
90 9
290 2
476 5
779 8
984 1
170 8
453 4
408 4
766 5
407 7
281 9
308 10
222 3
796 5
455 7
693 7
920 10
943 6
398 10
140 9
772 8
456 9
911 6
524 9
155 9
308 7
29 2
73 6
6 1
571 6
370 1
686 7
493 1
209 7
992 5
644 2
60 10
518 9
930 5
583 7
453 2
72 7
82 7
954 10
792 4
373 8
104 3
78 9
251 3
297 9
901 4
853 6
695 8
139 8
46 4
412 10
997 2
443 5
907 10
444 6
83 8
441 1
605 3
718 10
891 5
41 2
739 2
566 8
846 10
280 9
490 1
82 1
816 3
178 2
547 6
22 8
835 7
857 4
286 2
276 10
371 5
290 9
208 9
184 5
15 1
534 10
325 9
50 10
899 4
71 6
348 2
336 1
778 9
50 2
544 2
748 10
917 5
660 8
756 7
951 10
223 1
476 1
430 5
672 2
821 8
392 4
867 9
817 6
728 8
599 6
811 8
850 8
629 3
329 5
568 2
496 6
571 10
566 9
178 1
679 2
616 3
920 3
386 1
917 5
496 7
167 3
782 4
177 10
170 7
146 10
862 7
151 3
96 6
970 2
305 5
542 5
487 4
128 8
360 10
790 7
276 1
593 3
861 7
908 7
188 10
747 2
475 2
428 8
259 7
748 7
528 2
104 9
415 7
806 6
326 4
492 6
507 1
325 5
22 10
692 9
423 8
50 1
626 6
723 5
912 1
312 10
699 8
247 1
515 6
219 10
142 5
446 10
414 9
292 7
644 1
311 10
649 6
442 4
653 3
206 9
909 10
582 7
234 10
689 9
801 3
284 7
327 2
901 7
888 8
486 1
43 1
92 7
163 3
744 2
531 2
711 6
340 3
488 4
307 5
423 10
972 3
737 4
352 3
229 3
575 6
139 1
270 7
530 3
280 9
707 2
217 9
663 3
87 2
74 6
167 4
848 1
981 7
436 2
840 6
450 6
848 4
140 4
817 5
453 10
731 3
259 6
715 7
801 5
16 5
76 8
187 9
480 7
580 1
656 10
497 7
876 6
348 6
632 4
821 6
741 7
488 3
452 2
31 7
151 5
45 4
946 3
244 5
967 10
75 3
297 5
654 10
874 9
111 7
611 2
996 5
789 7
366 7
277 10
27 9
648 9
722 3
240 9
760 4
918 10
791 1
506 5
908 4
158 3
981 6
326 1
185 4
170 9
81 8
70 1
284 2
868 10
885 1
949 9
230 5
43 2
326 2
491 8
976 1
876 8
868 8
222 10
356 4
817 2
167 1
848 2
972 5
718 6
489 7
183 7
233 9
282 7
693 2
174 4
744 5
254 1
911 8
125 5
532 10
101 6
949 8
549 8
967 2
476 8
414 5
570 4
347 8
17 1
214 5
159 1
458 10
404 6
123 3
960 8
946 4
665 3
584 4
500 4
642 9
198 8
350 5
495 9
977 10
520 3
584 6
356 8
113 7
763 2
251 3
541 7
805 6
855 9
372 7
139 2
498 9
250 1
140 8
122 2
627 8
120 6
938 6
807 8
810 8
877 6
394 3
633 2
484 8
994 9
278 7
927 2
900 6
945 8
720 9
671 7
954 2
775 7
260 5
718 7
127 5
662 4
574 6
225 4
114 5
929 10
400 2
18 9
785 7
221 1
999 2
959 10
499 2
93 5
918 8
298 3
181 3
886 2
214 7
25 2
26 10
755 4
61 6
821 3
365 8
213 4
740 9
408 1
147 5
527 6
337 9
228 4
394 7
171 5
46 2
703 8
839 1
389 7
135 6
603 10
199 9
876 8
663 10
698 9
336 4
513 7
735 2
445 4
674 6
63 4
4 10
623 8
302 3
907 2
368 10
558 3
696 6
827 10
705 8
89 2
187 4
817 1
654 5
178 5
450 4
810 10
667 8
322 4
108 7
362 4
975 5
611 1
979 6
135 10
285 7
874 6
375 10
394 5
87 6
1000 3
977 7
795 9
542 2
957 10
220 9
101 7
970 10
93 2
375 7
710 4
213 7
541 7
24 3
519 5
649 1
161 1
56 6
137 10
787 7
726 3
366 2
539 10
630 6
163 5
642 5
618 1
428 5
263 10
588 7
408 7
478 6
217 3
514 7
353 8
587 7
714 10
675 2
810 9
329 2
437 6
145 6
940 3
549 2
828 1
848 7
473 3
378 5
56 8
281 7
45 7
906 10
984 3
478 8
736 1
888 7
898 9
669 1
730 10
693 10
949 8
379 10
972 1
149 3
796 2
138 3
598 10
949 4
512 9
932 10
754 3
939 10
67 7
102 6
741 5
424 7
539 7
107 8
998 4
373 4
636 1
130 4
962 1
121 3
53 7
231 7
487 10
734 7
660 3
902 1
65 4
351 4
988 2
252 6
249 8
960 1
205 1
665 4
64 4
303 2
867 7
971 1
278 1
615 1
66 5
656 8
142 8
833 6
906 7
355 5
969 9
441 1
259 2
483 1
749 1
335 10
460 6
361 8
228 7
908 8
24 4
702 8
602 4
882 9
106 8
813 6
484 6
229 9
62 10
908 3
68 7
187 8
768 2
95 3
426 6
638 1
412 1
404 2
819 6
280 3
579 8
112 3
33 2
984 3
338 2
210 5
927 9
231 10
814 7
53 9
820 4
237 2
409 8
913 6
376 5
972 3
120 8
35 2
65 5
408 5
497 8
441 5
100 2
480 4
820 8
457 7
439 9
130 5
686 6
551 1
561 8
743 6
226 10
512 3
544 1
652 6
970 8
315 8
27 10
536 8
209 8
490 4
617 6
321 8
43 10
700 3
716 3
97 10
46 5
914 2
59 4
361 4
27 1
562 3
909 5
368 3
964 2
500 7
919 4
698 10
677 1
947 7
79 3
30 7
914 3
801 1
177 9
556 7
936 6
656 10
271 9
692 1
19 8
472 10
513 9
205 9
555 3
110 6
168 5
568 3
494 4
631 1
66 8
523 9
782 8
499 5
396 8
855 4
758 6
969 4
700 9
910 3
326 1
433 9
464 4
791 4
146 3
855 4
549 4
714 9
511 4
308 5
781 6
644 2
550 5
80 4
857 10
92 5
777 10
807 4
843 2
890 2
37 3
318 2
694 5
376 8
285 7
882 9
992 3
738 2
449 10
270 1
145 3
839 8
976 8
586 4
663 2
328 10
454 5
56 10
808 10
659 8
846 8
603 1
940 8
177 8
797 5
846 7
880 8
420 7
639 9
459 6
491 5
285 7
840 8
469 8
801 3
614 3
681 6
734 6
849 3
930 1
564 1
250 4
766 1
207 3
667 1
903 2
209 9
423 5
262 1
741 4
652 5
336 4
547 10
368 3
90 1
136 2
724 4
642 2
445 2
285 8
424 10
773 6
843 3
47 1
941 3
280 3
541 9
850 2
374 3
573 5
928 6
194 9
315 1
373 8
639 3
22 8
904 2
163 9
605 6
875 6
404 6
118 5
238 8
43 6
977 5
753 8
281 4
295 5
935 8
329 4
639 8
799 2
942 10
30 2
671 4
512 7
506 7
46 10
899 8
222 1
156 7
477 2
780 1
23 10
151 4
66 8
500 4
315 5
831 1
619 1
706 1
949 9
634 10
622 3
648 10
436 1
390 6
79 7
857 8
657 4
42 8
845 8
622 5
603 10
81 1
832 6
3 7
192 6
286 4
51 4
644 6
493 3
210 3
378 3
888 6
921 8
718 2
9 10
376 10
863 2
657 2
70 8
971 4
69 1
665 1
479 4
25 4
946 5
666 10
118 3
554 4
589 9
749 3
795 2
752 7
528 5
380 1
107 6
46 5
675 3
884 7
591 8
863 5
617 3
902 8
999 9
587 5
611 6
569 9
878 5
702 8
926 6
317 9
861 6
736 8
205 7
872 6
411 7
407 2
265 7
765 6
688 8
757 3
369 8
286 5
362 5
809 7
461 10
765 5
645 5
834 4
585 1
265 8
717 6
252 9
228 6
515 9
702 5
777 7
448 1
233 4
78 3
880 1
850 9
529 7
476 4
746 3
335 1
302 5
448 3
800 5
365 5
375 3
278 6
359 5
676 2
387 5
377 4
95 3
465 6
933 2
431 6
163 9
598 2
483 9
294 3
466 1
895 1
497 9
867 6
918 3
767 5
583 6
425 5
563 6
331 7
722 6
790 3
764 3
958 9
389 6
720 10
180 10
918 5
183 1
757 8
581 8
306 5
99 9
257 6
431 1
284 6
971 2
107 4
731 1
134 1
107 4
456 4
247 2
14 10
972 4
147 1
661 7
805 8
421 10
910 5
91 9
2 7
392 5
852 9
634 3
44 7
897 8
938 2
231 8
581 3
63 6
181 3
654 3
760 2
684 7
376 4
356 7
352 3
791 4
979 4
367 7
342 8
601 6
890 5
293 5
164 10
705 9
390 5
311 1
153 1
66 9
551 1
170 10
746 2
752 3
571 5
648 2
538 1
817 8
894 6
65 4
148 10
682 1
321 5
803 4
551 10
458 4
905 10
992 2
166 4
474 5
888 2
412 3
500 5
879 7
514 9
261 8
570 8
282 10
499 7
980 9
73 3
260 2
653 10
134 6
65 7
74 2
558 10
610 9
179 4
972 9
213 6
278 10
724 2
347 1
962 5
78 10
161 1
593 10
594 9
900 5
552 7
804 9
28 4
613 2
782 2
574 6
220 3
922 3
82 5
193 2
773 7
176 5
297 8
996 4
752 9
599 4
497 6
126 10
863 10
90 2
361 8
465 7
841 8
733 6
351 5
83 4
604 4
409 6
735 8
16 4
679 10
425 7
550 8
388 6
845 6
324 2
151 1
155 2
962 7
144 5
497 7
678 4
405 6
57 5
52 10
21 2
91 10
863 1
720 6
951 10
813 5
67 7
826 8
251 10
656 7
67 8
610 7
601 2
255 4
400 6
268 3
136 5
700 4
869 3
63 5
144 9
220 8
868 5
229 9
652 10
411 9
442 7
448 1
493 10
397 4
547 10
776 7
749 3
925 10
616 4
24 3
473 4
485 3
42 8
247 5
529 4
406 1
211 7
454 6
27 4
994 10
227 10
136 5
782 7
664 3
432 4
759 10
184 2
885 10
711 7
8 6
208 10
809 3
286 5
954 6
682 9
560 5
810 3
493 3
101 4
444 8
484 1
487 4
511 4
707 9
944 6
45 10
258 2
146 2
697 1
778 4
88 4
977 9
907 5
896 5
238 8
486 10
53 2
639 8
887 6
817 2
234 2
364 2
592 3
583 6
142 10
956 10
685 2
385 8
956 4
504 5
185 10
540 9
821 4
942 1
5 9
572 5
858 4
72 3
18 4
314 3
275 2
920 8
674 4
899 7
510 3
195 7
463 2
10 6
566 5
504 4
644 9
330 2
847 1
775 1
873 3
823 9
69 1
894 3
619 2
872 1
111 1
135 5
435 6
883 6
905 3
511 4
770 2
881 1
413 10
775 5
894 4
29 8
248 1
751 8
581 3
952 10
753 10
259 3
614 5
212 4
569 7
554 3
728 9
857 9
716 10
182 10
700 7
338 6
9 10
235 8
643 6
48 6
4 7
61 5
100 1
359 4
273 4
689 1
172 7
625 10
217 4
892 1
189 8
956 3
249 4
595 6
312 8
122 1
318 5
641 5
483 7
482 3
239 6
60 2
476 7
585 8
15 7
750 1
989 6
523 2
698 2
814 5
868 3
778 9
580 5
811 1
507 6
740 9
503 7
594 9
226 9
911 5
200 1
192 7
600 7
580 1
725 10
848 8
334 6