95
1,96,6
95,48,63
56,74,15
64,34,15
92,57,14
77,8,84
95,55,22
89,33,16
37,57,24
87,24,15
10,31,79
10,51,6
79,94,49
42,86,99
92,19,28
87,51,18
4,84,82
79,83,60
94,49,11
51,45,18
56,22,42
31,4,38
28,57,49
46,35,10
76,65,39
94,3,8
64,86,31
23,50,3
76,39,93
87,53,77
72,84,56
20,4,73
62,53,20
82,95,80
36,91,9
54,41,15
61,24,32
66,6,66
53,29,86
51,16,60
2,48,29
11,95,5
76,34,69
56,40,85
31,43,89
21,27,44
78,38,92
80,82,58
48,96,21
34,86,41
37,21,76
33,56,9
23,52,88
6,61,64
33,92,11
61,48,88
21,60,80
62,32,66
39,40,17
72,55,68
67,14,89
71,25,10
92,47,20
67,74,46
61,39,59
14,12,88
35,8,59
46,86,80
10,65,12
3,5,29
93,88,9
3,47,5
45,1,95
42,58,26
68,26,15
20,8,61
64,67,19
28,84,97
50,55,56
31,24,91
28,17,94
92,66,3
3,43,64
1,83,82
15,58,77
93,70,95
54,14,37
42,50,12
39,8,13
36,92,29
31,88,33
47,27,68
62,8,68
28,86,73
89,55,94
96
27,44,92
34,2,3
29,40,82
14,25,46
26,29,82
40,33,66
51,9,45
42,46,8
8,51,55
25,43,92
19,48,78
43,9,89
1,17,33
36,45,64
30,29,55
11,24,94
40,35,43
16,41,29
34,20,30
17,3,20
36,39,49
11,29,84
3,46,28
2,40,70
18,7,78
43,45,19
40,11,46
19,51,33
51,28,15
1,40,53
18,26,46
26,17,54
44,3,20
49,48,35
31,11,57
13,34,63
31,42,63
25,35,35
33,25,56
36,12,52
30,23,58
42,13,96
30,38,14
23,20,26
12,2,83
43,11,89
47,29,50
34,17,1
51,37,15
42,22,14
25,6,42
51,23,84
41,4,4
49,51,64
15,5,70
20,42,87
35,9,98
15,49,37
22,27,71
1,20,58
44,15,22
23,39,20
41,47,33
14,40,97
43,2,54
32,43,92
29,46,43
40,20,32
12,35,5
5,3,41
46,47,76
35,46,36
34,24,6
32,47,80
11,8,66
48,26,40
34,44,67
42,5,77
28,30,83
6,8,41
11,39,92
43,1,91
40,16,5
23,31,57
19,41,10
46,5,59
10,19,36
44,28,93
47,41,10
9,33,84
6,50,83
21,22,67
1,5,56
45,34,23
10,5,62
28,21,99