70
32,33,24
5,17,39
45,69,96
21,59,97
28,17,37
65,68,4
38,10,84
21,16,47
41,53,57
26,31,56
18,33,63
65,56,41
67,46,85
39,22,44
70,11,82
38,59,50
10,59,55
58,46,30
33,31,12
49,21,10
54,55,42
51,65,48
5,53,26
26,38,88
44,12,59
35,38,25
63,1,38
11,61,65
9,22,98
38,58,71
51,37,39
71,60,87
6,13,80
15,68,93
44,48,19
24,48,68
37,59,75
5,52,64
24,34,55
10,2,41
65,46,17
6,43,85
21,58,72
51,29,4
10,48,46
35,56,67
66,12,21
15,17,79
25,16,60
51,68,15
19,3,80
55,36,93
69,52,82
26,5,4
45,48,82
26,20,60
58,41,35
50,49,17
1,62,44
28,52,97
6,53,19
67,1,2
56,48,62
23,67,65
66,7,75
37,53,14
69,19,58
6,56,1
66,37,90
35,14,16
75
5,28,6
22,34,39
5,26,1
15,24,81
20,22,22
38,26,60
38,31,79
33,36,34
19,29,8
27,14,17
16,10,45
26,20,12
7,37,93
17,23,78
1,22,85
11,4,1
4,9,70
33,2,57
6,40,36
14,33,86
37,6,58
17,19,65
20,9,61
13,35,36
38,39,68
2,15,63
5,30,20
7,16,66
20,13,30
19,1,85
32,13,25
19,28,42
22,9,82
5,18,17
32,16,57
16,28,71
26,17,48
2,16,19
39,12,94
33,4,80
36,7,52
4,37,87
9,30,67
15,26,64
31,37,96
36,4,14
22,27,2
11,30,38
27,30,60
17,20,13
26,7,34
10,26,28
28,25,50
31,34,52
36,39,98
20,10,66
34,34,15
9,39,73
40,21,15
31,25,13
26,18,24
20,23,59
8,21,65
26,35,8
26,2,24
4,7,15
33,7,47
28,23,86
20,34,55
9,31,6
30,6,79
20,28,72
11,32,34
23,26,23
17,3,34