250 30
31 48 74 48 12 277 246 26 97 190 294 48 104 48 284 144 83 133 86 47 232 96 11 275 89 281 133 158 119 152 259 152
27 224 224 176 6 66 227 92 240 227 77 75 241 169 66 141 268 42 92 222 215 271 168 220 59 29 296 165
38 137 201 135 162 285 181 291 20 20 89 297 55 195 257 168 212 76 162 173 151 233 283 25 91 185 296 185 135 215 149 241 55 131 238 203 40 162 224
15 248 106 190 88 300 21 154 115 94 49 248 158 36 76 176
18 262 262 262 133 262 108 133 40 225 287 122 183 257 229 166 205 22 242
14 34 57 57 271 276 152 140 218 125 183 162 1 34 205
9 214 45 99 9 88 159 159 17 288
4 54 288 48 80
20 183 34 34 131 247 9 69 196 243 204 166 236 295 297 246 104 271 123 54 194
3 5 281 56
13 20 84 229 254 229 129 51 271 84 53 4 229 84
38 280 117 117 52 179 283 232 132 214 280 280 275 275 117 67 51 151 220 283 58 132 169 172 277 160 133 226 178 200 97 211 117 216 170 28 20 187 94
12 59 41 226 57 273 25 59 95 197 166 222 87
14 34 34 228 113 291 81 190 228 130 221 117 244 113 151
32 99 278 99 229 58 48 264 195 9 101 195 290 48 272 209 108 295 101 295 111 199 95 255 121 104 21 21 152 95 253 19 235
38 287 99 289 145 28 85 80 178 273 28 300 287 142 76 263 287 145 287 19 145 120 289 253 13 274 223 287 269 204 93 229 245 242 231 24 244 264 188
36 157 225 180 180 133 194 180 157 8 157 157 219 158 277 133 204 33 76 154 56 30 134 82 224 183 119 264 298 58 219 133 148 267 225 226 114
21 115 162 52 86 236 1 206 30 225 162 74 189 162 136 233 162 246 90 277 108 260
34 39 44 198 239 258 155 39 176 227 260 201 242 30 222 69 30 57 192 216 123 214 137 114 148 8 205 89 221 52 78 21 187 240 282
18 6 50 94 269 171 227 23 155 52 105 247 171 198 58 136 255 45 283
9 274 269 185 161 96 166 96 119 249
3 203 60 231
14 237 56 159 132 18 66 206 212 13 272 19 204 93 19
26 218 218 218 218 65 218 74 93 280 133 280 237 239 218 260 218 198 66 285 237 20 226 228 207 166 123
33 224 109 53 216 117 150 150 280 265 265 79 280 257 225 225 160 102 5 19 210 282 19 179 45 134 111 27 282 170 280 33 48 57
28 276 276 242 276 291 248 8 50 276 159 145 207 188 220 299 300 140 297 227 126 269 92 69 113 105 97 67 178
14 223 166 101 294 224 277 91 23 230 207 234 62 19 23
2 200 65
39 73 73 289 36 289 108 275 149 65 148 149 92 192 204 184 68 73 243 71 125 247 65 214 124 178 165 120 26 289 74 120 66 192 65 3 175 39 217 244
18 212 212 178 276 55 64 266 267 251 282 171 208 39 207 239 186 276 88
33 64 50 64 125 271 220 67 159 260 64 112 233 198 198 242 117 167 64 67 195 121 287 102 103 120 156 135 26 226 133 120 263 44
6 141 97 97 295 173 186
30 51 291 112 258 21 51 18 163 165 66 238 250 224 223 29 225 250 2 128 51 51 118 87 80 125 274 126 49 206 297
39 24 74 15 278 9 176 26 141 102 284 284 162 209 298 24 228 71 15 226 102 209 257 60 260 268 268 296 181 62 172 19 15 261 214 262 106 246 252 106
4 158 177 109 21
14 62 91 106 207 207 233 221 46 51 109 64 91 46 85
6 100 284 270 33 290 295
32 138 217 292 293 176 170 53 8 103 36 240 156 46 293 4 65 68 268 194 2 138 32 103 2 93 53 24 49 38 58 138 237
35 245 53 9 32 287 245 39 39 31 251 293 25 278 269 258 75 258 227 144 100 144 208 263 287 279 94 269 67 286 291 145 278 164 210 258
21 261 270 270 270 285 64 205 37 270 61 33 41 64 236 255 277 281 133 170 289 43
26 1 89 94 49 49 278 6 146 286 233 286 25 131 131 6 170 171 32 255 255 289 277 235 267 34 44
24 220 107 157 107 107 125 201 288 160 183 46 209 201 143 84 40 107 209 107 257 158 170 251 234
1 97
38 209 199 44 286 242 214 216 242 186 278 188 152 144 214 247 199 218 132 2 172 108 243 93 238 186 32 14 296 122 176 171 276 34 93 244 171 282 97
32 251 237 214 20 144 251 138 276 135 128 1 283 128 192 57 71 173 88 214 94 144 283 10 71 196 184 136 172 118 71 94 134
31 269 269 111 106 36 146 111 163 269 146 25 132 54 82 29 52 279 202 65 17 238 259 65 117 254 183 151 111 106 76 7
23 41 44 33 112 41 207 186 272 146 167 33 146 8 5 167 112 123 5 113 254 186 74 85
2 149 279
5 300 280 300 136 9
26 290 15 15 200 159 277 254 88 81 15 264 185 111 117 238 182 286 122 250 143 290 237 147 137 117 164
6 209 71 78 30 259 30
26 245 99 104 215 245 215 17 104 184 154 245 89 197 106 43 23 208 104 175 67 231 43 282 281 281 32
33 197 227 227 263 236 58 13 19 160 171 13 283 240 117 119 263 200 89 153 29 233 43 58 38 197 196 77 271 13 300 216 89 103
23 183 183 70 192 202 129 98 164 77 17 192 216 98 133 200 127 66 87 78 249 247 257 66
36 111 115 51 1 28 111 296 234 78 223 243 117 181 252 111 188 258 1 245 227 14 232 181 143 144 221 288 71 267 189 51 9 195 228 243 201
4 174 214 174 133
40 131 4 260 259 259 256 296 77 260 255 120 60 232 191 67 254 275 247 255 95 190 110 232 5 139 65 191 37 139 110 136 260 67 44 169 72 191 250 95 93
32 273 73 134 4 100 264 205 242 46 207 232 100 264 152 252 207 113 175 112 276 19 236 130 198 160 130 1 43 258 36 276 199
16 299 148 111 208 139 282 83 83 12 93 225 107 18 6 12 161
34 5 138 5 5 277 232 82 224 121 251 46 126 106 209 40 299 106 46 140 46 161 197 249 53 61 296 139 73 32 12 260 226 268 168
19 205 215 205 74 134 137 191 248 253 190 263 172 215 215 182 20 77 56 165
16 262 190 262 171 136 160 160 136 300 243 30 232 160 129 199 269
3 277 161 134
33 58 113 295 82 132 196 113 71 132 77 183 270 171 158 184 195 3 260 285 15 68 170 72 228 196 56 133 121 3 260 238 177 231
38 144 223 247 225 147 161 249 147 226 270 281 144 209 146 64 35 223 234 43 67 50 56 166 144 261 262 161 270 176 104 203 109 161 219 178 64 218 248
27 122 225 111 114 225 194 93 76 232 232 261 114 135 97 179 188 72 128 176 228 47 296 144 151 286 249 110
18 281 36 172 172 42 204 121 64 138 210 42 50 300 119 13 215 289 64
10 188 137 246 186 23 241 186 241 138 42
4 187 15 105 187
22 259 98 280 87 240 280 55 93 285 103 72 220 234 85 198 177 231 194 98 120 28 218
32 8 105 18 92 52 111 253 219 223 8 188 150 190 81 93 189 289 39 170 269 289 81 151 165 56 150 131 266 300 264 20 32
27 289 82 255 167 140 184 178 8 169 242 178 147 290 290 152 116 171 286 278 157 101 152 297 158 1 61 242
14 60 175 175 175 152 267 161 194 263 235 107 71 194 204
13 193 215 63 141 258 127 48 215 158 120 89 193 199
22 135 225 202 196 212 148 286 162 252 74 113 31 283 50 19 115 173 67 39 225 285 253
33 46 153 116 8 186 106 122 156 51 165 161 93 190 72 71 4 62 163 245 62 62 152 174 186 121 146 166 56 126 300 184 170 300
20 105 269 32 131 46 32 46 195 160 261 3 281 44 106 106 147 149 61 123 165
4 1 1 251 287
16 262 262 262 78 76 128 22 262 262 51 87 152 123 271 114 271
4 137 212 5 2
19 128 142 129 178 165 181 41 52 82 188 185 278 215 181 201 91 27 11 223
21 53 32 210 69 152 199 214 216 136 23 235 288 18 111 160 211 154 102 14 199 224
18 99 270 225 134 99 134 5 84 216 143 124 110 234 103 124 70 157 6
8 286 15 67 67 203 286 278 203
15 285 285 258 161 139 126 18 204 103 132 132 155 285 66 300
28 170 193 30 156 294 173 145 213 2 144 203 65 164 170 176 167 2 10 93 53 245 73 246 77 111 207 87 105
14 75 129 253 75 10 75 84 232 105 120 237 205 76 75
32 19 114 296 191 275 163 165 40 51 157 83 267 248 31 248 273 248 185 246 156 33 273 241 254 234 248 267 269 281 115 248 226
36 253 11 7 7 9 83 260 123 111 49 268 86 116 204 111 295 225 19 7 218 148 204 235 84 296 98 172 97 269 63 235 31 209 209 25 240
18 30 177 209 268 255 136 30 269 228 225 158 168 37 237 85 166 100 152
18 286 156 115 115 185 230 49 52 67 184 214 89 226 137 82 279 57 268
26 300 274 300 194 300 96 291 98 130 64 5 197 191 90 87 11 130 172 216 277 179 171 11 115 124 171
30 42 104 152 172 172 95 281 74 110 257 40 40 73 215 296 101 248 209 239 45 259 215 172 38 239 13 236 145 32 110
8 292 147 227 105 196 279 14 143
39 159 89 47 101 41 65 101 12 12 46 70 289 121 38 218 274 53 283 71 2 55 213 203 205 93 270 138 4 168 13 103 235 138 141 86 62 168 104 283
35 102 208 102 23 210 73 279 88 288 1 102 159 100 61 258 258 208 35 102 173 129 241 113 32 60 33 288 166 41 212 102 84 217 12 113
16 220 220 123 287 129 68 251 233 67 180 220 56 230 19 137 260
24 233 233 233 86 17 188 203 102 273 208 188 102 234 207 12 197 86 38 279 279 233 73 17 36
29 112 102 102 95 77 77 60 255 183 252 102 144 160 266 24 86 264 86 52 99 5 118 216 217 66 100 259 24 118
15 167 38 179 73 26 113 285 80 122 219 9 48 91 238 212
20 251 251 239 70 132 47 156 58 89 164 87 275 43 251 26 43 232 111 48 104
30 252 252 109 30 88 53 88 212 268 275 53 179 67 113 275 11 190 253 178 180 51 253 239 264 66 209 213 167 143 221
15 236 297 78 199 130 34 51 130 154 173 140 236 123 122 236
4 238 208 59 217
20 50 209 62 21 287 146 273 64 23 71 4 94 190 17 62 184 229 299 171 161
11 2 2 296 117 211 270 48 298 24 84 133
14 298 225 219 242 296 219 214 51 222 255 219 112 84 242
32 116 274 102 112 207 205 15 160 155 267 175 246 133 18 264 94 271 79 196 37 288 226 294 289 190 112 185 69 116 192 19 273
4 190 39 180 171
18 235 101 126 235 136 196 213 105 132 132 29 61 108 258 137 137 137 190
6 124 110 106 187 274 247
28 260 260 270 260 155 150 260 260 209 62 243 254 171 243 87 56 238 283 81 197 134 238 181 234 102 77 81 205
32 225 285 202 231 168 202 216 223 143 132 146 223 160 78 72 52 223 52 52 32 207 284 17 85 249 19 243 233 223 223 297 258
7 267 32 31 298 159 149 193
10 188 252 252 124 252 197 41 46 34 205
36 49 122 69 17 69 147 185 282 1 171 268 184 17 171 129 49 150 17 32 137 26 295 66 69 77 135 174 111 129 234 277 8 236 153 145 294
31 245 5 262 89 63 213 274 283 76 262 72 262 187 284 93 297 117 5 14 62 21 76 187 267 244 244 113 97 117 262 207
22 274 127 9 161 138 272 173 200 173 241 9 66 157 38 195 198 39 264 67 54 138 169
13 296 161 92 60 238 214 196 92 83 214 260 161 163
19 9 9 98 30 1 192 194 163 287 278 1 192 256 213 63 207 181 249 1
14 70 115 27 28 188 13 27 11 70 72 62 63 263 146
35 101 162 36 162 257 255 261 160 203 174 128 145 221 115 162 138 294 59 294 239 216 160 179 22 216 207 145 141 128 34 153 119 271 258 251
26 198 137 133 149 149 271 238 52 300 92 30 149 257 60 198 262 257 56 121 59 124 26 137 133 26 39
39 189 121 206 206 255 88 50 76 156 49 121 107 19 88 30 156 26 50 265 144 259 273 267 85 200 270 11 41 29 85 85 23 255 193 121 5 139 191 78
17 290 290 274 257 293 260 105 224 23 216 256 242 203 249 13 199 276
21 116 68 52 264 36 167 235 36 282 116 68 300 71 264 299 300 268 217 208 26 226
17 14 45 70 228 14 66 299 42 42 66 150 14 171 222 90 266 13
8 46 46 245 223 201 103 242 269
14 236 236 293 77 68 25 43 225 184 141 26 184 65 250
27 136 37 174 263 68 175 85 123 170 175 222 297 70 175 193 89 21 34 144 71 155 79 94 286 37 64 250
22 86 105 219 56 295 139 184 161 109 41 97 171 114 32 143 59 70 57 265 280 150 109
21 272 206 125 272 166 63 279 232 40 29 221 60 253 288 77 160 116 40 149 32 158
13 278 154 277 99 72 278 31 18 251 233 272 214 278
1 228
16 191 123 171 238 274 209 34 128 242 204 219 263 111 199 171 243
21 54 221 2 2 2 68 68 273 273 32 193 108 73 285 78 2 285 256 193 107 11
10 234 95 206 272 87 286 163 293 168 179
23 105 104 13 217 277 12 83 138 129 83 253 206 32 59 36 158 199 256 49 103 192 105 32
9 106 290 135 23 265 204 102 53 39
7 28 299 68 258 98 299 44
33 171 170 173 163 127 42 225 29 154 172 127 127 46 260 138 295 46 275 17 203 208 74 225 191 207 185 118 222 9 200 89 198 287
25 166 42 9 203 209 63 284 166 160 52 206 64 287 284 41 132 265 179 3 120 86 32 198 23 133
23 42 132 228 279 175 178 146 51 110 37 256 256 290 148 268 256 29 132 262 196 153 168 19
22 177 206 89 240 152 124 89 110 26 205 124 27 270 282 145 129 67 1 89 53 292 24
7 247 247 98 68 287 205 52
24 58 92 116 157 276 292 189 283 11 160 269 157 146 137 264 103 172 63 33 66 286 117 23 103
39 113 92 99 261 161 257 179 238 106 99 99 241 113 122 249 283 267 250 242 254 161 99 93 280 92 114 271 69 276 263 3 260 298 79 195 142 258 300 234
39 17 55 17 227 123 150 13 118 150 248 50 81 9 231 73 259 216 162 156 156 291 145 51 52 188 261 248 248 162 128 248 135 219 33 21 66 152 10 183
15 275 254 28 31 75 75 175 186 26 160 190 212 31 1 160
16 284 201 255 245 257 245 201 254 284 41 56 230 257 8 88 38
17 173 173 173 173 269 173 201 173 92 192 266 134 115 173 47 294 92
12 196 116 277 2 271 196 165 266 257 196 234 278
22 55 153 89 62 259 254 110 263 62 206 55 47 149 71 171 62 247 125 290 159 260 6
8 99 247 247 256 134 152 241 275
12 296 199 199 103 298 173 24 1 225 75 281 16
15 144 231 154 191 191 154 176 83 154 231 142 134 154 283 21
25 86 142 36 96 296 169 1 145 78 1 94 96 142 144 32 96 50 36 85 180 105 198 133 75 216
19 51 161 157 184 161 51 272 155 8 272 219 45 149 20 45 265 140 92 256
21 108 11 232 12 11 141 267 75 283 290 107 290 102 270 64 129 149 107 221 29 129
5 233 31 297 25 157
23 283 207 202 113 275 257 26 56 137 137 220 238 275 238 97 238 11 300 211 244 63 283 296
12 157 283 16 16 49 107 157 62 272 94 61 46
21 64 64 90 175 272 221 23 222 263 90 256 195 184 58 89 28 80 147 33 147 171
10 7 5 5 271 143 51 271 98 190 271
3 50 110 26
25 108 69 98 289 86 134 46 185 189 259 197 249 254 94 257 259 264 273 268 243 259 154 126 257 56
27 33 33 33 136 32 283 136 55 180 232 151 89 283 180 162 237 233 232 94 23 298 233 204 120 190 220 298
21 220 280 280 153 153 27 211 174 86 99 174 203 37 220 198 53 215 211 4 155 130
29 124 153 42 135 135 151 100 169 217 59 135 3 178 238 79 153 78 261 244 205 114 1 217 1 42 77 295 12 144
31 56 56 56 59 178 258 4 83 71 31 119 242 119 160 57 92 208 281 274 237 210 12 85 16 83 199 206 147 189 300 119
32 90 277 90 284 91 182 136 136 136 117 106 298 91 157 87 12 174 206 133 232 194 206 12 174 226 94 153 276 37 76 87 257
18 28 120 19 39 92 92 19 290 109 92 171 109 235 154 8 228 39 76
3 57 128 9
20 79 86 58 58 282 79 150 216 26 143 278 253 61 38 146 286 276 297 188 79
32 230 30 196 94 3 82 54 230 86 63 37 94 126 158 203 135 224 240 207 30 11 39 84 42 19 154 205 217 206 168 218 71
5 217 60 31 60 3
13 62 63 255 75 112 153 24 24 294 111 110 120 41
27 100 185 162 103 103 115 185 82 50 185 105 160 231 105 182 135 186 201 231 111 259 186 255 223 286 228 185
3 281 129 260
18 295 3 226 226 57 133 107 39 17 270 220 141 73 106 54 133 3 94
20 213 243 43 43 292 263 167 263 167 67 298 219 244 201 210 167 17 54 270 167
31 135 136 135 58 182 94 208 94 84 298 151 75 17 25 75 24 170 143 221 232 32 18 5 50 39 130 237 69 40 184 184
12 221 233 196 271 256 156 233 3 172 69 223 138
4 45 16 199 145
21 139 1 184 122 135 123 203 139 156 139 13 1 78 3 1 199 206 99 243 25 20
29 204 160 244 48 78 204 275 89 71 146 112 6 62 183 160 19 172 234 71 134 155 244 87 127 90 26 94 203 291
10 124 124 25 90 124 112 13 111 248 240
20 30 29 23 61 157 111 29 109 49 185 96 35 90 52 29 169 151 52 277 246
29 283 169 37 136 37 18 64 87 247 6 160 41 184 217 190 268 234 37 37 192 79 130 87 77 280 174 18 27 190
1 25
10 55 55 209 149 281 269 47 70 16 284
18 179 52 85 93 168 179 204 52 62 135 93 285 234 54 11 126 162 260
8 118 118 299 124 186 78 118 126
23 222 56 17 109 259 13 56 206 42 252 96 238 212 286 4 56 10 231 177 10 110 105 15
3 172 172 60
7 11 70 70 70 11 201 117
26 29 183 198 289 10 198 153 65 298 185 258 57 28 109 122 109 237 109 299 199 85 90 252 201 205 65
23 297 297 73 13 225 42 31 11 142 85 50 52 42 233 78 56 165 297 109 241 233 36 13
24 297 103 193 87 103 104 102 172 253 253 15 152 281 291 7 65 103 129 281 251 26 250 281 163
30 98 182 281 10 160 14 240 127 212 237 253 152 152 26 115 62 134 196 86 280 214 10 86 198 123 86 144 253 266 220
20 194 246 185 29 194 249 284 194 246 92 207 114 6 145 226 77 274 273 217 217
23 277 277 277 122 222 59 277 111 110 106 293 185 69 52 208 255 108 277 98 60 109 108 285
33 171 119 137 268 56 170 185 51 207 174 119 268 178 79 245 67 16 191 82 187 163 230 191 240 149 211 262 13 70 64 222 12 129
35 259 287 287 148 171 282 263 263 8 167 95 148 82 97 75 131 28 204 282 281 211 19 211 40 110 81 86 220 64 287 246 17 212 195 283
13 195 136 287 131 195 13 136 91 287 244 287 78 287
19 174 4 177 237 86 270 193 281 10 175 281 51 10 233 190 30 101 258 208
6 61 142 253 163 269 125
7 66 4 78 177 220 53 114
12 164 26 205 283 204 26 31 107 66 70 237 119
32 91 187 91 253 254 182 281 23 185 221 254 91 118 271 112 41 200 187 254 113 281 189 254 254 111 283 121 17 291 92 252 133
25 238 154 154 202 202 204 278 202 202 148 151 299 237 229 4 190 60 230 8 214 11 58 5 245 168
10 280 68 294 41 68 169 88 30 294 68
38 119 36 203 126 203 126 31 26 195 35 26 278 26 26 31 4 84 81 92 126 53 183 250 54 26 275 135 140 185 192 70 293 57 237 293 84 77 125
15 222 222 186 222 109 83 28 258 94 142 186 116 151 147 118
31 54 114 54 195 142 66 142 187 3 142 142 81 20 157 276 81 71 119 102 155 77 52 114 197 59 190 228 278 92 140 59
19 229 113 229 153 192 148 288 230 17 153 248 80 110 121 241 298 72 11 229
11 234 110 51 262 265 76 178 69 166 223 260
16 282 230 292 71 273 230 292 135 14 15 2 215 209 258 71 100
29 50 158 146 66 64 280 106 165 100 194 196 99 186 215 163 294 264 165 204 100 148 100 215 245 99 130 2 99 128
32 205 68 288 177 115 26 284 60 49 234 158 8 152 241 12 158 252 53 288 152 231 158 101 68 199 298 195 76 4 76 22 288
9 238 120 299 1 98 277 152 247 118
29 162 198 203 72 142 29 50 265 203 203 44 129 203 64 203 280 298 87 29 206 61 154 156 223 271 170 87 29 116
25 115 116 2 290 73 191 186 67 289 115 173 299 44 220 116 262 175 228 240 8 273 206 2 65 244
37 264 1 87 87 33 194 157 230 187 105 102 162 157 102 157 48 296 65 153 278 48 247 65 194 252 110 179 273 99 17 298 144 278 172 198 93 149
27 151 74 151 36 195 36 151 36 82 36 150 93 95 9 278 42 151 275 142 111 100 124 83 262 204 4 268
17 188 69 45 241 55 235 241 51 162 232 217 45 169 156 235 148 60
21 198 155 190 37 92 273 89 217 281 270 168 3 90 239 281 137 270 212 21 5 47
15 109 96 89 260 277 104 277 96 209 28 296 85 22 154 285
3 72 265 41
5 131 71 131 72 284
30 104 209 83 209 156 265 128 131 147 267 156 257 9 288 104 248 104 83 4 9 148 113 205 17 238 121 26 235 104 17
40 146 204 89 208 280 149 208 146 6 75 7 82 273 247 76 177 200 121 146 151 227 48 201 109 192 118 225 120 102 112 242 31 243 279 164 31 109 228 148 144
31 179 70 179 276 181 70 201 186 126 48 48 202 118 62 179 98 122 66 50 170 198 86 81 247 252 202 26 50 35 200 203
20 291 188 1 50 50 154 154 274 155 126 146 124 23 153 26 116 131 61 161 155
3 180 65 191
16 169 194 190 204 215 180 51 6 296 283 190 204 169 215 98 287
2 266 291
37 20 108 17 4 191 269 34 247 104 139 4 277 165 4 280 133 88 176 103 217 266 276 293 233 38 130 34 280 95 42 186 170 165 226 104 108 34
17 235 235 268 35 129 83 68 46 129 213 57 33 160 257 228 218 200
19 293 279 70 61 166 160 184 171 75 192 151 130 187 196 166 154 254 205 46
37 257 38 261 200 79 222 13 222 137 238 206 244 257 13 152 233 79 7 211 38 77 274 44 184 198 90 146 24 238 244 115 271 182 300 241 266 283
40 91 7 217 91 99 175 117 117 270 92 79 182 66 60 298 232 14 4 209 232 47 18 282 145 249 175 157 282 295 85 236 99 11 234 8 161 159 266 113 129
12 243 184 242 283 29 115 7 66 82 155 219 161
15 146 151 240 185 146 253 270 78 223 77 260 264 128 163 184
25 122 122 122 289 148 281 293 91 284 12 191 82 62 122 245 161 274 166 32 170 245 277 18 254 85
9 9 104 104 26 62 215 84 9 125
25 267 295 271 60 123 101 295 23 158 161 35 244 295 148 106 40 153 286 101 249 81 40 123 84 147
31 299 299 132 279 158 164 287 94 47 297 104 294 44 86 49 234 243 31 9 159 61 267 227 217 227 123 232 57 264 87 9
16 121 36 42 273 189 89 220 62 206 255 214 89 89 208 198 220
2 69 49
230
143
40
141
147
139
97
25
197
208
117
127
219
7
207
18
214
153
222
6
32
98
86
236
131
165
60
90
33
87