4345 57
444986 419229 404850 479652 478479 419395 405746 455967 494269 417327 445880 437849 426862 499892 460299 429426 492051 405781 496847 424880 497705 499277 471068 455441 478994 455885 465498 496031 404515 492143 439724 437941 456055 403080 474996 474597 483974 473128 412129 420083 414642 425861 456300 404530 471435 401310 403832 462739 403452 477610 417846 455188 445857 440371 491382 402020 458974 401919 498069 454947 471942 422789 470471 400250 473002 403759 412998 496441 479540 498022 412514 441169 485107 454018 414548 465391 466186 446272 438663 435024 486794 401940 498938 440686 423998 415927 439583 415379 434149 446398 411533 431026 418256 427640 491943 444528 494148 440836 442614 415624 444108 495006 441911 468726 476536 429738 446364 440043 420475 460266 433529 412269 424254 431048 483182 444654 465085 441442 480208 421712 482561 452698 494065 411755 415099 499602 460659 496774 439259 490849 486252 405021 466682 414606 426715 465655 455563 479354 467385 460606 498527 463108 411890 419972 407540 403089 470411 480754 413355 484031 493378 486752 410400 416769 428664 495494 476280 428721 476789 487160 402557 434007 451509 410282 436809 439802 400834 464293 499355 487653 433394 422936 429738 431994 421194 495186 400458 429828 420301 494622 479639 408384 471713 498385 496455 480762 428860 491219 493492 406318 499496 485379 484270 485760 414769 428748 438439 450296 496175 432966 446096 465262 464716 439788 466320 451008 444022 459566 434459 497626 424746 478711 492213 458234 410565 496637 446779 433805 481250 425190 428361 453659 448716 499555 465312 459385 495901 440099 495593 482245 417572 469528 484614 401528 446197 408442 416898 464351 408329 499499 440208 436691 409615 467000 417601 489711 471466 491319 483895 402105 480649 447314 433211 474172 458538 472844 478545 422483 426894 433426 459435 484642 492343 430068 416837 494824 480186 458185 414834 465276 458797 465665 476601 434350 473425 450579 471647 428064 481624 465402 457542 406708 443570 442369 456258 408789 460575 406766 489600 437862 420289 420589 439553 476446 484630 486140 459330 407614 412429 425816 406439 454408 420204 411256 495042 403644 451855 445641 491653 471197 411568 449770 474793 495402 417864 462049 456669 457150 449380 455444 488423 458888 493293 452110 463667 417430 441348 404109 409471 435673 420169 418160 495608 447260 409261 422144 414405 492588 401842 474055 444947 458014 449796 403196 404458 426468 484038 450692 406853 486396 471990 493638 483986 484736 461183 479728 474745 488079 444051 444394 437046 494909 486049 485999 461399 495014 485622 408260 428091 464403 483920 476221 475697 451354 400979 487377 443223 406578 422371 451336 468322 400131 420009 492209 489929 471279 407272 410104 481328 439853 468027 482003 439419 417407 406489 486695 452931 418315 495363 492557 466384 474653 480042 436892 414992 440005 493652 491170 421142 486128 440191 432674 404373 439774 458193 457393 430087 486649 440493 471328 421136 460740 456653 482363 450907 464023 493064 439166 472230 450296 402522 469469 473688 465323 497475 477109 490605 464425 473142 406744 406565 455365 473562 449724 414679 402148 406780 498782 494334 402740 467222 457768 429990 440054 477538 478935 455450 489491 481924 427415 483940 493105 422569 476627 402166 487079 437749 490368 427039 496465 402469 404696 402247 477361 443342 421920 494312 418539 434046 440640 406309 465392 471170 459516 405996 457952 490627 416592 481820 424987 487575 444300 432189 492481 431893 459624 405479 498978 484504 439117 412153 422202 409908 454205 402270 443327 491456 431908 429343 491226 428772 436842 498161 469017 427514 406405 434511 485478 406825 436131 439729 460787 428260 410191 484653 430717 465960 452209 416143 433425 445805 428049 436669 498686 478774 427655 428471 496202 418224 421353 456741 402249 434796 409208 489034 423560 401047 448449 428025 488614 468070 407660 494330 447726 444576 405755 463839 462949 463394 421702 410996 429365 400083 469402 443303 447531 432316 447809 428588 425426 403073 465484 423279 489861 485338 434643 451574 493047 492383 499615 456700 462035 432434 435289 472507 430666 456713 476225 467513 461439 481961 460467 454498 494752 457856 427736 476246 418504 418460 475234 438754 485777 469817 420099 474168 467935 416897 467884 437914 460850 445505 445622 428871 493614 436892 411863 439057 415677 420337 442004 457544 406504 453525 491799 494774 421188 407562 483297 450210 474498 473995 449710 452981 405452 476563 441405 483783 406421 401365 498455 431811 486400 438723 481162 430392 406299 417766 440864 451610 480056 428383 478190 432821 434473 499444 461257 427853 478906 459932 448598 427140 492206 462542 479176 472545 448959 407889 443018 463327 403927 416892 440508 424153 414238 433810 410646 445603 428863 498309 415102 499669 496209 437592 427653 468946 495147 460942 444079 413711 420248 477575 467048 493331 458945 417382 454141 415228 482525 411546 426927 428169 459440 488513 425319 409840 441300 420682 492259 418849 456865 427938 470602 403387 450348 484489 489530 409042 401734 496839 494736 403455 491341 491605 463891 485243 447654 447270 433792 471195 409504 434465 493629 431762 447855 408112 404928 468307 431902 400548 472870 467974 455608 417595 407967 482043 452841 426882 496836 491549 420174 494900 424740 475413 476726 477775 442824 403861 444344 459370 491774 407999 449204 496624 432897 477826 440019 412856 448406 471579 444524 409413 423110 417545 446258 422132 430559 451377 474616 442906 435150 495906 408374 422414 491187 481788 444895 485387 485520 400018 471043 485019 444957 438133 452596 431086 410510 423776 496354 450442 456067 450454 440820 474578 485973 490921 452953 466023 481701 446940 405654 422729 485080 441689 494183 438395 488254 494909 491031 462394 442737 421633 465407 402762 490836 417969 447740 464190 422235 412570 496936 422723 439095 454478 459986 479944 430507 460193 493863 490678 417434 424673 415399 457947 492153 439216 444761 454177 471305 483296 491021 479867 402293 465147 498806 451578 456034 442292 424005 495185 468248 415391 458603 497484 467691 433981 474189 481205 491894 407705 429886 498839 499250 488621 433987 487260 440973 460313 464008 426544 418935 414585 457500 470762 457208 456104 490808 463901 485979 425809 453584 415666 401507 470260 404708 477645 476161 450068 436517 489890 441209 460862 471295 424391 447804 499133 427423 400498 425852 403969 463873 429851 481933 455994 486477 480005 491431 484200 451362 413523 413957 488821 418594 441626 477588 420634 411651 412079 405049 482261 407898 422282 464282 463488 493803 460528 468693 469929 473479 498202 461702 427165 493833 484122 499790 480940 493569 495104 491151 419999 453765 435963 467567 439297 492413 495633 439220 421701 456665 424538 421800 491794 431143 498419 453183 439743 408592 402208 457981 484436 446701 409303 475787 417194 439059 415130 474328 481024 452871 428417 492404 486226 463988 448203 469796 426193 434625 482706 408413 486081 409940 437005 406812 452650 411315 401398 464477 479572 487715 493080 485150 485803 498694 415888 458917 447138 464399 435922 467841 419385 445103 423891 427049 481134 442393 496933 464207 443885 410943 444098 445725 411111 460747 405416 414139 432553 468839 432023 416964 483272 461532 464462 429910 464810 462636 408073 491586 440831 497779 463294 482438 446844 407198 493405 442700 423324 438718 482596 424298 431514 455493 437079 470692 427227 426178 401887 447732 496471 493100 491389 408013 444066 451782 405774 496010 447699 458848 405495 466975 467384 488261 438177 483727 414019 484432 457347 438810 429949 428337 496889 453683 431548 495010 418227 423877 430454 440221 468203 496142 452522 470701 417911 483851 430510 425268 421010 479262 485528 441761 479016 407157 440449 467081 461562 415457 439921 468170 493908 447402 414870 476223 489930 401674 485233 468007 463130 431479 485604 475685 403402 457342 439095 429796 458757 472986 486157 469546 454839 441034 409737 434752 472681 455913 457322 444548 440533 476410 480483 471120 484120 418876 470508 401538 465610 498372 400875 400715 413813 475307 494185 423742 493059 403830 451003 488719 410994 484492 462132 475844 469421 449960 453958 438260 416311 469488 476685 442909 459660 496213 427961 486328 432403 477694 480087 487629 477751 493988 415906 405540 448647 418138 401184 434570 482647 490190 402796 431974 425828 497611 419452 441473 429268 432253 409087 400474 413129 483411 440492 498762 406838 493434 444768 406117 441083 464341 414256 435002 442122 493853 479694 455259 446125 406404 469031 487065 422432 413311 473963 446424 450672 449858 478784 472117 490319 473032 471391 458016 454097 411279 485757 439376 433165 452753 424837 470351 483016 489480 472090 419394 456115 483350 496879 418922 454243 498744 482814 465914 425440 422336 474332 495449 485560 421308 418260 476118 475009 463317 438435 463897 476218 480849 418103 452405 409531 407274 435481 487608 496733 456917 431716 405537 491212 421422 496548 442368 415723 464652 480529 485910 447772 487512 493706 481606 439805 448937 406058 402311 402544 470239 412371 450379 430569 462161 466951 405600 482399 456191 454768 466309 436829 448667 441566 432865 431881 489935 491208 420908 480345 436210 419557 445399 482392 499475 442101 461903 429493 460808 450001 417547 454476 468062 429997 404557 480517 480405 408087 460167 415367 412995 400494 439571 410955 417202 478732 491970 426428 417094 429152 491662 429428 435263 488556 489628 460882 410753 463825 432138 424183 408905 492689 463868 448550 421952 457850 411196 468133 452882 432152 488926 458422 446754 484503 480534 481821 492478 464573 440318 458091 497533 442642 474395 449027 403524 443205 407545 418678 451207 499304 444350 427794 491569 401392 426448 427884 423291 431712 481091 499143 498957 458384 472420 449511 423708 475918 491630 411274 400582 495402 406937 402064 455877 422216 484567 487398 425508 436755 497941 403844 405204 453133 499565 438681 493050 405458 464008 400102 494608 440313 476302 404884 415524 446645 439538 467333 450290 483114 471871 468402 473122 462081 407459 408796 453329 409760 492615 446531 441764 444605 478404 425980 486047 448335 421295 469367 426083 456415 471476 417097 434881 421876 496502 441239 498712 481296 436865 490607 418022 452706 401458 417085 463296 482220 419650 448606 412948 491876 496692 489367 490106 401027 473364 446852 460035 439009 468633 498952 428560 406477 423054 432854 431088 475772 458161 462760 428411 499088 469041 451743 418385 417685 485674 422180 416049 446863 465161 429467 495486 485104 478116 440838 490162 480977 449467 417666 451628 450986 414056 448660 440287 430069 409002 450391 490219 416320 488122 415371 404888 440443 485663 462195 454501 431545 488552 471082 423987 433358 417377 408230 482922 414364 488783 483203 463859 476214 468761 447561 477214 487648 489717 411040 454144 411162 434489 494283 493346 485315 425331 432732 472106 467855 443959 417238 423374 425881 421108 496667 404519 402661 432077 495123 428619 423181 403041 407726 425714 430499 403078 457213 407366 425133 495222 496835 436942 455795 435877 417018 422841 491342 400078 416661 446694 487301 499475 461547 418333 428454 473161 459631 495867 469019 456981 429084 418935 469706 498597 435175 479479 412745 404251 442808 427320 464101 443694 415404 437964 444365 402411 445046 477401 492386 437372 434148 432271 472416 454163 434395 468546 456135 402764 487690 457172 491330 454513 490259 408317 422576 471893 428220 499002 410662 436454 476762 430470 409044 416423 486871 423840 457052 408213 487178 469560 464317 458105 400206 463111 488865 405649 423102 466762 407041 485189 400732 448405 499185 418736 411623 479140 476293 485355 426973 479272 456909 461802 460961 473576 411729 431184 440691 435970 475359 406377 472276 477822 404808 492789 445477 437786 419130 474213 455853 434094 484014 459975 472946 440310 446262 460690 411441 433596 418125 418469 405835 423351 412680 412431 453608 453266 403919 491486 492827 496791 451066 451125 449753 402846 456649 450200 496996 457822 469000 427719 413206 420607 427736 419228 437276 487527 451433 498162 405165 433206 461753 417355 429400 479171 402074 457480 414119 483577 411496 457213 441886 459837 414254 401476 425449 489944 453629 449743 421620 474962 493718 497931 483264 432239 449133 405395 451092 479905 434592 491917 431998 494930 410604 436044 498302 421378 493485 430128 467986 499987 477775 410264 412779 468978 463604 408688 445814 471381 458153 428460 472963 481513 422198 464150 422975 451626 482473 454708 431190 403357 498665 417785 432490 436187 454670 432241 454645 422482 489430 423070 437304 400949 429282 424239 475037 490843 457357 459282 495958 496647 480610 411098 457638 445004 412387 440717 490058 440002 420509 432727 463869 433720 402253 477239 433599 493831 447733 432679 427962 488107 407418 457125 450264 470285 499134 451847 444542 417966 421375 420648 497071 460747 486197 485584 472990 412126 490203 446826 485420 483514 492462 411801 448904 441107 410751 446349 440572 439837 417022 430316 451371 480188 433394 413922 444405 403016 403496 490559 460405 457818 439246 429138 496752 430221 428611 493988 409976 403771 452138 473005 400182 486421 422301 453275 490097 458712 473137 471340 445527 482850 441658 417934 455489 498083 496988 431047 405132 416146 429523 408361 484346 493991 439838 489162 438211 431789 456690 492137 427750 406927 420795 416157 408227 482742 491375 480756 460370 493445 401746 411972 443367 441562 428170 445443 449562 446532 442869 422935 478872 475896 478906 474234 470844 408450 457044 464243 424231 445504 437216 493472 421262 481376 472353 411509 472700 492671 445315 409129 481446 401923 468736 429139 445391 446936 462715 448731 405830 495841 450857 406141 498627 486781 469200 401132 488195 497020 405527 499964 431021 480980 435057 447433 435721 458931 421159 417231 442299 417766 476305 415979 454748 421133 477164 412857 460185 433433 447691 477270 468064 420158 457401 421766 465539 419967 400693 404117 474995 482337 494167 413487 472644 415749 429814 414014 410155 449424 421240 486952 428301 419956 475369 444031 444016 449729 406673 412965 400780 433038 482070 479001 488055 447450 439594 437538 429774 416176 458000 462261 466133 469342 406698 448112 479004 402629 488469 454541 407395 451937 481648 482674 494892 459069 481793 408847 456891 406546 462673 473082 428568 470430 446306 433376 437638 436912 403191 414873 451076 440379 463801 410077 444210 472149 440147 460103 401478 415720 456142 483979 467829 458367 494042 404034 477642 474483 495949 479496 442860 475268 499110 476308 415744 459845 483906 416748 493780 408386 483802 475927 485432 488392 481392 472866 447801 467050 466906 409207 454559 447633 430508 460747 426849 497766 431755 418045 462558 425737 454250 473864 471866 491797 469630 400627 484330 481968 495419 485543 461264 472808 446986 412001 489608 410398 443617 498461 421665 451052 449255 439211 421287 495815 445987 423884 432273 404504 410183 431812 416888 419317 488960 482295 449112 439061 428193 463216 448664 455469 499701 407981 441129 459691 460222 455858 498939 498677 449193 411622 456370 474123 479817 462553 401180 482459 422615 466096 417296 452178 497289 426970 486451 476843 421873 459164 407369 484949 410923 431953 482313 463832 455997 485609 409071 479228 400542 485286 415263 414017 480314 453508 483346 461452 402417 492275 499523 470214 466366 429837 441822 429509 414847 420461 435383 441429 454253 489085 429314 441235 439494 459458 494109 435185 493352 401763 450807 491422 498752 458311 482976 452701 419574 498263 468046 409465 454046 413641 423342 488611 450926 479289 429183 498000 430737 441582 401249 407938 436341 458586 407885 405053 450276 417548 464961 404810 417373 471530 446298 499576 474996 481646 471586 418449 480390 469626 420841 415588 406036 488302 417243 440392 486798 444098 414059 433187 442097 452001 451558 484636 465238 429359 465073 409467 441639 490384 429774 411697 435047 466623 476232 435667 486266 425563 466889 420975 401602 411357 490957 401376 459063 472944 499572 453700 419397 423595 472311 437859 452811 486909 425222 494313 420755 411054 461858 403990 422425 493084 455972 477461 440678 452172 454606 401098 441035 498282 466981 414702 400589 492672 482767 493483 486674 453021 484535 470351 419080 420180 405479 439016 490915 452399 429719 456136 486480 457123 487453 401783 485212 446784 481068 421526 461092 472293 410234 481418 478325 493401 445724 425310 434600 418226 453765 479478 444006 498051 459521 470040 466091 450021 483970 481540 419469 484856 467597 413214 408231 493800 461170 455244 423593 467483 423598 488955 414000 458537 480251 403584 450204 497861 410534 487842 464947 463723 488703 425346 437099 471095 427990 468775 480618 407594 475381 447013 417980 467125 467020 429753 478200 444262 464313 405146 441551 415643 453219 468973 468613 400536 462007 441350 474539 495825 498080 407220 416451 432458 455041 475427 469048 484173 424229 415832 497841 479207 452990 458334 419756 457899 409405 452185 459454 425047 492514 495652 476302 439599 456063 485489 441105 448741 407260 498647 414408 426790 405120 461501 459165 421146 482460 423096 435857 409930 489355 416466 449582 458976 481337 463989 460376 477631 441166 496761 428773 482286 449169 497537 435133 434013 454700 496162 443563 476992 464110 407826 439451 491443 487511 401180 469511 449991 410422 439903 438078 478479 432313 431148 413618 411196 451686 475291 452875 453869 431320 487916 481924 403086 442616 449128 442675 410609 432675 437817 487871 445911 453895 466041 488220 484245 464008 440625 455442 408495 423280 407806 490937 418432 478367 474023 421164 432875 486005 469308 487836 479889 457509 462204 469336 416166 495044 429759 428233 467187 495215 427997 422615 465879 469361 472380 461767 490483 456879 434361 410433 497618 463647 402137 436528 401191 463074 483589 455373 424204 438554 473375 426754 439284 400170 464791 438531 417319 445957 405574 488478 415998 475982 451935 490945 490228 477330 493558 454376 497078 486388 454943 488201 481820 429296 497686 477572 405726 492093 429573 430887 450197 477852 484187 472748 479646 490952 472946 481946 425088 435049 425694 428151 447471 460577 469250 416806 400970 440856 470362 402018 403007 497115 423777 414883 444045 405770 461404 496529 405085 459368 433763 448845 416734 425302 421121 432503 452282 433253 481686 478933 421716 412711 474049 471694 418823 423758 426503 487843 491672 439919 491496 497625 464671 435827 431697 431192 432180 456538 401037 466267 429855 450816 490282 404101 410401 464613 496763 434643 423771 433747 443196 463221 496917 410151 432951 441646 441425 477773 415012 406843 467319 430195 477329 440352 460226 463974 400335 469124 408076 467468 448276 475170 409490 472594 407735 491065 490463 420333 442891 410982 498461 484048 404584 468253 490095 461789 448383 417235 451467 472293 411900 460899 431390 461685 484964 443671 413616 445971 421395 431615 427246 405240 499543 425488 494636 420138 404038 447478 412079 400722 476235 431043 449529 492838 451498 408925 444697 488007 483563 400010 426411 434856 411775 414012 456915 432210 406904 494629 408101 447615 411513 407788 441193 489300 470932 427924 441962 449179 475010 446638 417560 438075 483954 455985 484609 459005 434151 449504 498814 429210 410011 403246 407998 437958 409424 480556 421293 402756 496931 463308 463722 459105 454932 412351 421848 468453 480358 450036 476462 425810 461137 461593 448537 410793 447485 422786 462065 462085 497483 434488 424398 473180 423485 440043 476734 476042 461230 401449 412577 408690 400656 440450 411284 446199 412057 406814 483852 413457 405490 438787 443650 498060 496044 481490 449541 493013 424152 443478 486596 446527 409215 434133 452403 440345 418220 470182 439157 438469 479395 436183 464836 453952 435236 421279 489665 442424 429059 462278 490979 417530 485808 400027 477052 454716 487316 413515 455073 440897 440110 498181 414325 454943 428043 455340 415584 464530 403462 405889 438737 455623 423448 449491 429344 465393 442198 439099 473754 471258 474600 425768 420941 496840 474948 477535 484495 482716 406684 467854 452097 427841 430624 427354 436136 461070 434225 488446 429982 497259 408947 471743 447003 410730 460331 423295 425948 435902 480318 487629 427157 413677 404858 426767 497103 433746 410818 454769 410136 450238 424479 431926 489079 489972 499478 448807 412385 447971 411321 426643 404869 481468 424049 408197 450828 474362 471006 408220 496949 494728 443020 494730 419297 472260 443894 420109 467087 427180 488088 477467 427489 485216 429359 495750 499634 446577 449437 494511 492786 476276 473616 472806 469581 422697 441268 439499 482117 477296 497972 451951 423722 409021 423464 410189 408255 444619 485098 424631 481864 468884 495682 451396 424611 419464 487424 496636 448293 403011 495539 498610 441262 447324 476473 438819 444820 496414 478195 401724 423875 475074 418832 484396 466763 402579 478140 443984 472151 400301 433956 492169 432957 416126 459621 452032 482460 439555 416322 450409 416122 420265 482995 404937 492314 401546 434827 421408 488065 449548 410224 474745 404285 423552 409555 496778 400699 477837 438196 482369 440169 413507 437881 476056 479892 430500 476067 404964 481577 430357 412102 474385 445836 439410 432586 463047 403510 422390 442004 426880 490507 466136 477386 435672 478311 495838 467981 444612 452493 432853 419104 433914 446047 452998 401513 470292 485275 498796 418231 464303 491379 426823 447888 495165 486102 436256 468738 496819 401197 447045 414681 459704 464730 491628 441695 417945 454291 469645 482560 452059 427123 429531 471321 490834 431652 496109 466541 470793 488167 466314 434377 442123 478770 425628 425983 487041 479465 455541 467615 441179 464293 466524 453886 400575 443667 475475 458305 488781 497867 492894 478395 409571 441105 417619 404557 449111 430596 495163 420585 415332 473197 416038 413407 494428 459818 494910 455075 400303 455818 476101 455696 478037 489287 458877 439261 411401 484717 458078 463846 421888 473846 485189 484218 405504 455304 452158 487860 431736 478531 442017 411340 455924 458614 444401 476111 450976 443855 451423 491780 495085 459917 445925 457320 416944 407298 422111 411752 450856 452705 446478 447833 491930 439475 480934 496731 419928 452253 434073 477577 444430 430120 401938 423342 440549 411081 498590 470379 418014 428081 486533 479055 441784 429769 420915 446767 417679 455058 480421 484997 453311 413771 427024 492688 426167 443078 464840 438428 453745 488149 405823 470495 414103 475842 440069 426528 417407 405668 432143 489682 438011 431809 420368 414343 491880 401157 420657 440664 475832 478784 488879 417376 418490 475043 457280 488206 495696 494853 437643 451432 451508 430082 418638 447570 457952 482639 481634 402820 484363 400768 440526 454702 417733 496504 463742 441896 482130 428321 492000 486379 497484 498687 447818 490892 485309 413646 461597 402812 487229 405699 414317 484740 461643 440437 437839 431972 401565 412444 497924 423289 416117 474562 495594 448189 421729 483233 411821 433829 439688 419303 494716 490920 496862 410847 417797 409955 448529 430004 409052 429808 440063 448269 475265 426311 471144 445299 435948 457743 401967 410069 477194 471621 445687 490384 477485 458845 409001 496079 425041 426597 414104 480822 492489 486196 439799 423817 434973 459504 461460 471607 455496 431203 425751 415667 468444 453720 491143 438977 420428 436375 414683 493307 412267 489131 472894 423742 422161 423997 418481 427740 409001 410284 419171 415674 413621 477751 497238 478635 457356 421518 499259 423628 449643 419066 464397 446501 430907 486510 461481 483396 435888 468626 496746 434717 402766 476973 469420 425840 481023 454590 408539 409827 470173 402079 434786 490500 471651 419601 401934 425266 438823 478555 433399 499632 485668 400203 473973 422359 433336 470596 495460 451729 467492 467762 435666 469971 415687 489559 401746 499198 443913 449150 483895 470464 470055 426030 442240 420855 486426 409048 413580 489485 403369 443093 407420 475852 438408 411144 420088 401369 459954 429855 485641 478907 492214 497048 437235 436355 443411 439500 492557 456758 410275 471998 471811 406574 429400 407003 418949 457101 436149 434182 495361 434895 454842 428561 469792 490597 469713 491889 484594 422919 454931 440323 470426 414144 439112 434013 479178 436842 454093 455231 423681 472043 416969 400569 459010 400729 418511 414893 467424 449295 426428 400582 473059 444172 443410 487059 431009 444246 490398 494978 497063 402203 421243 471098 479056 462931 487490 460015 492533 466877 484894 439657 423710 471624 464638 418164 429407 440514 494532 424983 489938 499288 424433 467206 474305 427495 457841 472972 488906 490323 463438 405287 401845 463377 462205 461963 478523 430420 482001 484129 463497 483865 456202 478048 403867 481117 407328 497737 479084 436121 461334 447956 462281 449833 445252 496643 413514 478438 405605 418609 493192 404677 406098 484106 459917 489875 442884 468442 495210 460501 452609 457398 467351 463808 485285 439825 498346 456798 412386 454585 421108 461684 492018 414372 492285 401305 440494 490365 474228 404693 471988 433104 471788 471117 493728 494895 445067 468009 430534 469117 460121 422717 486363 499915 440445 419563 487019 476310 488160 489178 497710 445616 485320 450670 483282 471029 435875 454354 470110 496306 445432 458912 463585 463883 494485 483428 404788 463102 466060 456390 415905 457141 423732 480385 478651 436432 438512 416490 406337 406393 469123 460092 440259 443148 495453 492569 472946 498949 434196 445858 479020 473652 473000 496208 427743 469449 446670 404996 462649 449186 494371 495831 425654 489388 432094 466884 483381 494404 419320 462339 479336 419900 401336 445862 422317 413207 472282 415758 465098 419599 454027 457403 475914 424047 416555 464874 404533 498519 425407 440462 465265 485898 447580 466636 473768 479340 463196 415578 455083 482645 493929 495775 461367 406065 403378 427359 479580 474699 476486 414115 418782 497366 474034 468075 466677 425953 488944 400500 495434 428301 477604 418429 450988 420488 489135 470749 486920 493642 459487 459087 449491 476292 446034 416302 479631 465607 444625 457292 418875 463543 498220 442428 419460 490110 453228 444664 465842 472004 497648 444889 480747 493579 469769 463800 452137 456681 460049 445852 430504 499438 406909 469133 493498 423558 480983 495515 499857 449096 473643 482922 451496 410914 460555 430300 430827 440363 409441 471864 476857 494508 483777 438668 469453 413498 423993 429983 411464 497263 495468 421282 431923 460894 468551 434492 458417 480833 497491 466162 474018 435595 411547 434620 475031 491071 421942 451109 413261 497835 481599 410113 475006 435044 436816 406569 451648 434644 464280 411754 451823 466814 477756 468625 422971 480399 464397 470903 484086 407916 461644 445547 476395 456021 489717 495790 457318 459984 423001 430073 480916 476924 402275 475069 486292 402252 447560 401997 400444 490107 481576 475315 422037 470565 481342 427774 469173 480702 476075 405023 466616 408085 445748 491293 461200 443829 409639 497072 463170 432130 424958 433636 453858 414754 466682 454159 430657 415603 450941 447968 462976 409206 466630 434131 421606 437650 419653 413129 494266 487225 482085 468979 497341 430766 414950 493567 425966 418002 461185 474370 497122 441988 442991 417945 488224 423724 413377 444631 448372 409218 439704 492692 435509 443887 419776 452049 427106 413133 438036 451985 434257 425859 409534 408814 474960 455870 468371 429037 454101 419428 464811 421652 418920 401431 499961 467684 499174 438147 437319 403274 440786 492545 492380 455472 460558 448454 497255 442072 449780 471837 448838 497299 451088 446625 483771 452154 455379 459579 432837 415375 451876 422250 431487 470021 432613 405331 473376 494116 498867 467753 484101 436877 413245 431902 409195 478679 442342 404653 491768 418499 498087 433436 414129 470244 414966 472216 438738 409026 434716 404959 485004 432459 452681 423949 417648 415277 417924 466996 447393 489020 479281 445938 409976 434189 423489 493504 440038 444400 442471 483687 445351 495918 457779 494956 470824 435883 407773 445245 401162 477003 481674 423301 455339 445055 436778 419709 447863 465111 426013 401562 402610 461605 432944 453827 485195 408308 456961 473919 416778 431836 421927 486738 412369 462148 426638 404676 445952 473357 412950 453702 414148 403691 493232 438078 490457 458651 492607 449397 461927 474012 498226 414202 457162 455099 428309 409664 448955 409929 486619 429462 453425 478020 475854 457423 470005 432696 469606 464013 402021 450986 425582 466740 400278 414665 490149 493912 494421 465529 477323 473413 417962 471581 448705 490492 446854 411556 400015 436084 456003 489384 432287 489063 427832 496394 466798 472677 499740 468712 445929 483579 417732 482017 468343 453441 491476 451334 422346 496559 418926 420894 424830 483621 412825 422552 496156 418297 405588 473380 407051 485713 486911 476831 462788 441785 424523 477845 494599 422207 445233 416821 463689 466293 482357 418814 425373 480508 476236 481497 463709 457437 497297 465099 485772 471972 483819 425583 453822 445125 455506 453743 491960 435445 464097 474893 434202 470423 427752 421501 462921 499685 454377 427050 485449 485903 413990 494215 461998 496035 420060 430051 497107 420524 423225 411369 429253 458698 497144 438120 447909 481882 403277 422918 485805 499670 419507 423171 415431 455770 413401 403935 420213 430714 444374 425615 443366 483213 448064 440109 479216 490588 401147 434486 437604 453470 477994 423457 455216 426888 479510 409709 443849 456923 413451 488839 464555 470764 402506 471541 412092 457577 444000 468205 455315 433568 485541 420844 486045 438458 449633 468131 402278 417965 402527 451860 463343 419241 431378 430041 400829 409562 423983 403987 426281 408430 421911 426594 446530 449175 425839 406297 430714 467098 467832 433182 467796 466626 496376 439065 492817 455466 404358 440436 459746 401657 492026 494051 493643 460381 447337 452987 494224 474948 491535 422106 467547 424033 446221 449197 403653 432111 406190 438154 439614 468172 480305 499683 486240 412190 448315 402374 477628 407326 435618 409543 468275 488722 405554 430611 416318 417317 423893 483577 423886 489754 443840 448139 469418 410993 421712 446806 417955 412860 490655 458000 480331 424009 479130 405752 421003 401945 486313 478369 474929 473895 456759 497948 467381 415216 491368 485224 491006 489397 440567 490837 403295 437115 493561 419303 411107 467756 424035 410553 483961 430163 413384 415230 465323 401707 463084 453262 483878 464838 473228 440421 400655 414791 465523 489211 413876 442601 453521 
71
18
80
59
47
71
62
75
97
9
49
37
42
37
91
12
71
47
28
28
21
87
60
20
45
67
86
93
62
89
65
17
18
69
42
91
73
70
43
83
96
14
9
100
67
77
4
81
12
52
6
48
91
74
6
85
51
