7669
7901
3433
6269
3110
5211
3767
2468
3452
3116
6492
6932
5217
3661
8139
7843
5175
9923
9480
6260
7218
8362
6425
4738
5274
1543
6990
9826
8141
7617
8128
6330
5030
7859
7628
4590
6503
7810
3114
2586
9911
1168
3801
3346
8957
5414
3895
8098
2932
6703
5479
1359
2917
3193
1529
5407
6929
6802
3729
4748
5362
9524
8714
6242
3328
3343
9076
2697
8331
6210
3325
5046
4937
9207
6920
9621
1896
4373
4775
2979
2420
7597
7897
8351
1638
5586
4500
6743
8717
2290
1667
1084
5900
4961
1909
1397
7444
5938
5093
8445
9272
1958
4927
5068
4443
2153
7986
6440
9233
7708
8967
4859
6597
5756
9645
5615
8845
2964
4564
6387
2278
3931
9309
6247
4630
5166
7337
6538
2373
9193
1674
1618
7391
2662
8527
5186
1387
8532
2242
4643
6688
1855
5519
6925
9913
5609
6219
7093
7878
9227
6411
1396
2245
9376
3327
9202
6393
3057
8243
2739
5699
5355
6456
2822
2335
7236
1869
2865
9508
2362
1806
3368
3394
1230
5957
1639
8791
6295
2339
9424
6223
4683
9256
6507
6100
1530
2910
2439
4472
4501
1697
6024
6142
1740
8809
4724
4347
1851
6777
8233
2330
7084
8855
3565
5355
2992
3063
8542
5369
1657
4322
5947
2472
6193
6263
9954
8941
4925
3792
2674
4853
8394
5015
1141
8841
7171
5578
6356
4920
3515
1673
6927
5062
6970
4652
3278
8766
3044
9033
7914
6769
2648
2911
9454
1382
6461
5120
6985
9486
8644
3272
5767
2217
3804
1855
6908
1628
5610
3831
2990
4291
7552
5670
5018
4159
6212
9197
8109
8672
9351
8874
4819
8994
2272
5048
6805
1616
5617
8765
9224
1548
4605
2690
6801
3181
1946
8317
6365
1007
5623
1673
3971
7813
2560
2577
7900
3173
5450
6577
7911
9882
7504
4773
3435
1637
2368
3513
3893
7617
1587
9645
6104
9689
5446
1443
5472
8630
6984
8520
2443
3824
1078
5321
6774
8573
6240
2790
1014
2982
8121
8286
6080
7898
7039
1535
4808
6781
2533
1008
9572
8623
3144
8082
1254
6262
1229
5032
8324
2665
8684
1667
3486
6930
1942
1301
1250
6597
1718
2657
7115
3147
5430
3831
5154
8999
5516
7271
5509
6335
9478
8267
6403
4699
8422
6498
3979
9080
1029
9165
4626
3980
3407
3752
3256
4941
6401
9458
1991
2073
8800
4131
8127
9884
7731
1097
4271
8591
8152
6089
2366
4957
5567
9635
8881
4941
5096
4426
8050
6014
9328
6641
5239
4804
9575
2975
5015
2895
9578
9888
8712
9645
3279
3973
2928
3914
6319
2502
5671
8171
1002
6335
4988
2270
6403
3783
4704
1646
6115
8375
2106
1771
3108
5074
6330
8771
2112
2944
1522
7307
8050
3485
1705
3544
4993
8269
4435
7924
6622
6173
1046
7155
1707
8263
9184
4651
6957
3729
3361
6886
6624
6401
9506
6834
8792
5208
8336
1604
4204
7174
3919
3455
8980
2473
3362
9076
8820
3713
1307
9040
9969
4810
2454
5439
5565
9483
2678
3531
7533
2215
2118
4693
2135
8627
5884
4167
5792
8130
7205
5655
1748
9232
7247
3575
3845
8510
2477
4589
3299
7147
5275
6825
5506
6865
8971
1113
2629
3370
7625
2399
1549
7180
9411
5892
7022
7735
9741
9093
1719
2620
3007
2548
1239
1643
8869
2664
9754
9273
4729
8150
3598
3709
9587
1553
7331
1540
3866
8220
2073
4848
7713
6100
8077
9709
2528
4230
2997
6893
1005
1109
5067
7160
6506
4474
6508
9440
4183
3759
6342
5819
7814
8731
3028
1399
8128
7528
1596
9359
9542
1651
4191
1132
8218
2033
4824
1805
8406
7907
1325
8301
8664
1002
4574
8242
8026
6054
7130
5585
4875
5066
1555
1041
6232
2343
1261
4796
8699
6535
6943
8325
5875
8464
1015
5701
9378
6280
4241
7943
4935
4849
9685
2757
1043
6056
5699
8995
2300
9268
7640
4223
8927
2895
2442
4608
6623
9366
4500
1711
5230
8033
6309
6745
9443
6053
1642
2644
4239
4362
6322
2776
9808
4422
4966
4886
9086
1558
4517
9526
7229
3316
9707
5020
4995
5525
6207
8341
6675
2471
8519
5022
2313
8635
6342
4948
5762
3332
2859
8739
3382
8473
1769
2606
8320
7854
7179
3973
2784
5274
9390
7076
8374
4182
3631
5379
5581
6949
1409
1638
8692
2314
8584
8756
3133
1980
3601
3001
9672
5277
5428
1126
3283
9594
1764
4814
8234
4317
8428
7573
3311
6681
6992
9990
4849
3949
6036
9750
9344
9648
5531
5934
7154
2365
3812
6984
3267
1764
4820
1652
9287
3784
5556
9252
2707
3534
7639
1827
3558
5674
1849
5872
8174
8034
3880
9301
2204
8017
8788
2877
6744
4861
8661
4165
2825
6889
5289
9712
5196
7805
7257
2522
4820
4497
6837
7296
1846
9223
7595
7752
9284
2673
7785
9285
2187
5631
5982
1485
1841
6473
7161
4042
9271
6406
5925
4632
4063
8058
3087
5214
8817
2771
3992
1305
2264
5221
9572
9587
7506
6263
7036
9710
3741
8613
7157
1498
2395
1103
9312
5411
1501
2031
7152
2054
6658
3449
1305
7790
3539
2870
8658
4941
5308
6896
3289
6424
2821
2810
4415
3208
4808
8597
7744
5051
4528
3362
7198
7239
7083
8484
5819
5745
7960
3692
1785
2545
5618
9281
2955
3386
3957
2015
1605
1600
6742
2207
4796
3411
1941
8296
2508
5827
1117
9192
1270
9527
4360
5053
1683
9414
3226
6544
5733
7392
2267
1088
4023
6174
1851
6730
2826
4739
5488
5780
7072
7013
1527
7695
2390
6208
6789
2208
3099
7297
2859
3753
9632
9222
6308
9242
7640
7161
3303
3792
3182
9805
6196
2892
7242
3418
5571
7816
9946
2941
7196
8323
7146
9086
5279
5918
3800
2218
8564
4266
2636
8289
4675
4115
7077
3042
8763
3509
1672
1959
7434
4220
1134
4642
6439
7217
3683
8214
1318
4641
6717
5217
6956
4540
3204
6710
2028
4915
6262
3152
7063
9601
9594
1684
2850
4889
3493
6867
3339
5320
3104
1508
4633
7753
2791
3171
7382
4584
5567
2550
8042
8848
5269
9300
5240
6326
1630
1558
6507
9485
9413
1974
2854
7605
8542
8128
4976
6414
2588
5914
8215
5739
9685
2056
5172
8062
5161
8417
1239
4612
3483
3359
6320
4400
4862
4089
6768
6950
6217
2534
6431
1407
7925
7021
5723
2020
6071
2149
7032
3275
2309
9567
2795
1150
4097
3850
2100
8672
7127
9663
8163
3216
4866
9343
7263
7698
3542
8476
1516
3619
8369
8900
3785
1677
4941
9178
2807
8879
2134
4436
4782
6181
8384
1309
3443
3496
7666
3524
8175
4732
4209
1481
2149
4762
9382
9123
4719
1116
9276
5911
5722
1078
9954
5419
1050
9325
4983
7622
7128
1486
7454
2244
6632
4333
2985
7671
1873
3227
4385
8980
7711
9071
9591
7546
6459
8035
8696
2440
6319
5430
8173
5236
2481
3391
1731
4365
2640
9663
1308
4352
3695
1559
8847
9481
5063
9476
2539
9115
5826
6409
5513
1882
8557
3516
9304
1473
2185
9636
6727
7778
8608
8176
3244
1802
1888
3678
3795
5627
2184
8328
8749
6276
5780
1251
2521
1996
8725
1222
4068
4589
6266
1715
4301
7766
9256
5733
7783
2708
2887
2572
8850
3987
4403
2792
8332
7756
6377
1773
8553
6901
3529
3328
6778
6570
8186
2365
7001
1641
4424
1817
1213
7712
2101
2980
4380
9472
2294
9853
5088
7749
7410
7782
2936
6736
1895
3835
1348
6983
2813
7896
2975
6603
3155
7081
1719
5561
6873
4777
2620
6851
2169
7625
9580
7131
7001
3770
6697
2929
5872
1383
7999
1677
5014
8088
2904
3335
5553
8426
5934
7985
8330
3064
5912
1511
2441
5764
1714
4438
2506
4339
4640
8805
4590
8875
5046
3965
3422
7047
3130
9884
1221
9004
3425
8818
1929
1763
5787
5926
6299
6667
4269
2049
7787
3300
6554
8026
2889
1290
5301
8245
1426
9172
7128
4228
4874
1481
6933
4669
3926
3994
1909
3796
6591
3340
3051
4394
2379
2600
2854
8758
5761
5123
9226
4965
3262
9267
9083
9257
3094
3602
4369
1803
9804
6116
6528
7959
5316
8789
1321
9989
2476
5216
2214
8615
8834
1106
5066
3556
9630
9810
1756
1994
4263
6436
4086
9848
7893
3721
4173
2833
6502
5550
8958
3388
9625
1571
5778
2795
7909
7620
6365
6724
3804
7989
1485
6734
2746
8157
5723
2493
4515
9205
9744
7120
5763
4770
2435
1827
3171
2498
5941
3500
9959
5123
2611
4958
5280
5484
5068
3839
8474
1748
4156
3429
6057
3093
7743
5950
2752
7697
5965
3482
8069
5758
5781
9728
2187
4515
6539
1997
6587
8663
2227
9112
7733
8941
4619
7609
9488
1713
2914
4534
5363
1258
5786
8877
6433
5663
9218
1283
1752
4951
1949
3788
9459
7065
2587
7203
2849
1506
2056
5678
3173
7008
9849
5144
7444
3840
8765
8433
8522
9161
5570
6296
6312
4631
5485
3859
9890
2173
9159
6485
3475
5649
4100
8165
1669
3715
9106
1070
7251
9418
8988
9131
1393
1152
7745
7003
5805
8663
9303
8307
5295
3235
5283
5333
2057
1093
8088
9718
6655
4383
2597
3973
2335
8768
7874
6882
7034
8540
5474
6032
3726
6701
3009
7482
2787
5799
8568
6782
2401
5525
5776
5392
7223
9696
6609
9460
1810
4179
3393
7898
9113
9533
6965
2708
2082
5671
7984
2676
6758
4605
2821
4248
2822
5608
3627
7209
1580
7493
9992
8202
1860
5415
4409
6187
2541
2085
2354
8462
7841
2227
2073
7227
2112
3597
6808
9644
4113
1211
9311
8106
7262
4363
5270
2073
3988
3443
5313
5859
3699
6517
6300
2257
6746
7138
2933
6212
1182
9318
5061
3234
9297
1965
4002
4894
6969
3598
8947
3403
5178
7411
4719
1971
8527
3510
1372
8599
6218
2165
5561
3526
4194
1056
8783
3118
7158
4984
6226
2997
1034
1123
6836
2566
4122
5480
8191
8054
1283
8812
4787
4979
1028
4856
3703
7937
9954
2371
6898
4820
1845
5000
2171
5633
3960
2316
9208
2001
8705
3822
3197
2932
5767
4506
8974
9858
3850
4421
9522
8869
3490
7409
3719
3078
5000
1172
5502
9045
3898
7503
5373
5368
3681
9215
5787
9385
2060
8860
9480
5258
1445
4956
9525
8311
6982
6056
5872
5183
5299
4913
4262
9355
5472
8388
7592
3435
2351
7903
1824
1161
7386
5524
9271
7583
1300
3112
6670
2702
2103
2267
5174
4314
3966
3758
6334
9924
2111
2159
1120
2069
5078
6985
4900
5238
5120
7496
2964
4027
5188
3391
6904
5413
1735
6952
9580
9840
2386
6954
6233
3654
6135
7957
8200
5313
4545
6878
3354
7804
5363
3099
7516
8879
9449
1458
8741
6035
6841
4438
3549
6226
5610
6209
1516
4893
1550
5146
1049
5493
3404
5058
9686
4190
2189
5261
5466
8377
7542
1694
2620
2066
5600
8073
5414
3028
2101
7291
4096
8136
6788
5933
6431
8551
3289
2470
7596
1428
9436
6592
4540
2180
9320
8513
7827
3135
9000
5671
5969
2781
5036
1723
3782
2482
4824
7838
7725
6488
7256
6601
5885
3183
8971
7388
7234
5972
7528
3244
2415
1467
2151
9093
1664
9532
5369
1840
4065
3129
8046
1878
3058
8135
6240
5933
3419
6004
9857
7026
2457
8965
9546
3495
2309
6067
9622
1066
2609
5645
2633
2290
7535
9944
4459
4633
8498
6158
6749
4872
9875
4659
3424
2221
5371
2735
8397
9771
4436
1032
5315
2356
7511
5356
6618
6026
1052
6747
5519
4426
4928
6051
3110
2596
6400
4143
7093
7593
5225
5689
7130
5210
7952
7484
6968
6254
5478
5861
1061
9457
8155
6760
6308
5885
3578
6553
4852
4722
1593
2091
1057
7280
8331
8800
4153
1535
5884
6372
6633
3909
4589
9014
1555
8922
4192
1850
1762
9781
2358
3864
7676
5151
1259
9746
6158
4944
4828
6430
3355
6078
8108
7533
9400
9333
9459
2787
1109
4564
9172
9679
6441
2046
4824
5661
5270
7829
6217
4712
6831
4028
9185
1769
3263
4988
6001
4380
4698
6075
3991
5155
4566
2123
8122
5759
8183
6356
8442
4325
2394
1098
1179
2618
7358
6602
9012
7371
7581
4876
4183
9084
3719
9562
9268
5063
2716
4577
3816
8928
4510
9476
5210
3178
8809
4583
8327
9435
9195
9425
7904
5012
7030
4516
2289
2870
3943
7621
2607
9259
8750
2960
5885
3113
5165
1261
2973
7318
5272
8701
5443
1433
9777
1017
6083
8766
2254
4309
3408
9413
9025
5739
5953
9805
1477
8252
1606
5783
4616
4869
9815
4785
2091
3897
8540
6409
9338
5887
8813
7300
2309
1628
9320
6759
3876
4605
4043
9468
9147
7631
2348
1603
2103
8173
4022
3276
4513
2887
1501
5544
2060
9947
2525
8131
4448
2307
1188
3078
9164
9389
3226
3987
6175
6432
6497
2147
6155
7873
1718
3901
8203
7434
1302
1034
3793
8510
3835
3240
9104
9553
1830
8254
7166
4680
4477
7022
8268
2538
2910
6120
9264
3410
5110
4813
2956
6703
9675
8996
6306
1027
6908
6929
2405
7434
6425
9172
2746
3810
1788
2945
5604
5236
4088
3883
5978
8743
6208
7671
2399
1691
4564
2118
5548
2216
8967
8458
7297
2010
2131
2278
4538
7666
6843
7750
2904
9585
6108
1323
9010
9632
4725
3197
2988
2385
6244
8676
2164
2583
2447
9471
8425
1464
8994
4010
1661
5893
7368
3601
3006
7150
9348
3836
8362
8756
6541
5573
1784
3118
7120
4726
1123
4967
5537
6087
2220
5674
7940
1610
1898
6993
5493
6777
9904
8453
3534
2626
4258
9252
3683
5160
8773
1502
5992
8863
3357
3704
8033
8920
3570
6699
7132
7429
2493
6103
5711
6282
6281
4271
1412
7715
3741
2932
1845
5477
3667
3362
6096
7412
6698
8060
7730
9571
7214
2386
7650
3958
4983
6026
2811
8243
2115
7506
2037
3434
6550
5012
1822
8063
4801
8796
3026
1333
6567
5771
9936
1937
2646
5390
9998
1270
8898
1999
4409
9235
4156
2470
7302
3188
3132
2275
5290
9307
7620
6118
8293
4030
4136
4956
8077
9197
1802
1203
6512
9462
8061
9129
8640
8970
5638
6609
2462
1226
9392
9353
4362
9405
3147
6194
8388
3993
6075
8716
7420
3750
7838
7286
8881
4431
4173
5038
1270
4296
7986
5427
8244
7538
8292
3250
8272
5715
6298
9203
8447
9162
6705
4354
6262
9152
5559
1930
3402
9446
8138
2076
3753
9265
8809
4884
5478
4728
8696
3184
7572
5863
6051
1455
9359
9494
9407
8631
7296
3894
9267
2736
5588
4914
1951
8609
3290
1350
3735
9001
5362
1619
9629
4406
6838
4268
6645
5974
3500
7452
2800
3458
6512
4555
1129
4566
2284
3200
6972
2300
9290
6806
7049
3820
3863
8191
2822
3573
7384
5479
4476
2239
5069
1521
5156
8704
5126
9293
6797
6628
4525
5116
5184
9794
4870
4822
5563
6829
1005
4593
5779
6920
2146
5526
8208
3194
1945
1717
9132
7054
1036
8003
4695
8479
6296
8185
5903
4301
7803
6399
9050
7172
9321
5412
8035
6655
8739
6050
8612
2147
3965
7175
3231
2056
7579
1301
3819
3785
6936
3034
7484
2534
7467
9603
7164
2178
8066
3310
4378
7148
4919
9803
6080
1263
2009
8012
9716
3538
2999
3781
4251
1136
2521
9996
4787
1940
1637
1003
3366
4253
2762
7623
6331
7716
8176
2873
9237
5728
7273
7211
9875
6016
6014
5644
8969
6988
1623
7492
9254
4406
9726
1785
3935
4861
7710
3712
2553
6912
5013
4976
2964
1891
7133
4241
8879
5743
4482
8695
5084
3657
5433
2287
7013
7825
1638
9938
6023
8470
6494
1103
2187
6465
2535
1053
2476
9324
1205
7543
8337
5956
6682
1515
1288
4399
9127
5850
8111
6667
2348
4798
1786
2275
9757
4867
6126
9615
3629
1007
2967
7680
5343
9016
2869
2047
9534
8360
2829
1550
2827
8992
5047
3629
2640
3488
1107
1867
7259
6993
9935
1042
5359
6431
3179
1982
2093
5183
9206
4215
4271
1257
6296
5463
3295
7286
1364
3446
5386
7764
9396
6982
4303
1605
3171
9962
6757
3336
8623
5332
5599
6086
4731
9131
9003
4474
6859
4251
5802
1810
7573
3448
4806
7717
9653
1814
4900
7900
4637
3206
7332
4862
6615
4329
7653
3119
5253
1133
5761
8490
2071
8868
5295
6470
7445
9925
4609
3649
6343
2044
4575
3670
9254
8384
6255
3960
2101
5532
8835
1042
6293
4454
7732
1004
8360
2476
5452
7628
7975
4192
1620
3935
7682
4605
5548
2263
1340
5516
9415
6288
6025
1518
2507
8345
1622
1442
6113
6548
7590
1172
4440
5224
5178
2158
6461
3384
9183
4593
8504
3240
9498
4400
5895
8788
8573
8085
1979
6973
1005
5820
7933
4131
3547
7704
9172
4877
3272
3861
2804
8280
2958
8164
3026
3280
5021
5383
3178
8802
1408
6601
5604
9096
9801
5621
9055
7695
8180
8611
7126
6038
6663
7894
7690
9786
6012
1237
2657
8709
4068
3836
6313
5238
7219
4348
9637
5313
9488
6325
6884
6243
9079
8637
1590
8477
8029
6434
6937
2787
1670
4395
4807
3257
4710
1387
9511
8615
5415
7487
5195
3270
1833
1214
8825
7397
5037
7993
2050
9710
2127
5865
9806
4887
3192
5230
5375
5632
4149
3927
2456
5947
6454
2778
5202
8033
6708
3335
9726
9422
2889
3985
8470
1637
3917
8605
5555
5204
8769
7861
5567
6062
6564
3781
7212
3482
4097
9178
8196
6234
9029
5409
4918
4629
6044
1337
7539
9089
3708
8992
1445
8681
6494
8251
2229
5831
3334
8229
7765
1613
9621
9904
5963
1535
2943
5060
5039
1677
7021
4825
7714
4126
9455
4488
9772
5152
8710
6654
3408
9516
3339
6029
9404
6730
2768
9343
1775
5023
3551
1383
5698
8654
4941
1588
7444
4437
8968
6271
9218
1641
8723
1099
8104
7095
2328
2874
2078
4998
5697
8991
4186
4040
2795
8491
8388
5122
9786
4150
1721
4358
4064
7543
8585
7292
2722
1443
4748
8498
6964
7958
3954
5792
1048
6848
9963
7586
4576
5072
9178
7259
8451
5818
7940
1261
9220
1680
5508
4406
2849
2797
5563
4597
7731
9775
4947
7856
2325
6046
1421
4960
1454
9210
4057
3826
3561
3759
1666
3293
7089
1611
1212
8996
2612
4293
8021
4227
3785
8660
8078
2778
2675
6157
5965
8674
1396
6239
6751
8144
3117
7340
2244
8273
4059
4194
7428
7238
5325
6470
8946
3673
5033
9709
1541
3526
1429
9049
5580
9550
5596
2421
2969
4930
5386
3312
7047
8242
5757
5318
5444
9202
2041
10000
9838
3639
4697
2553
6046
7006
5707
3162
5308
5618
8610
7316
6028
5790
2193
6361
1742
4658
6006
3834
1022
6075
5166
6765
5999
1055
4432
6031
6455
5163
6179
5518
5995
5609
1757
5543
6228
7876
6538
1337
7028
4608
9748
9364
4026
1129
9636
2230
7921
4257
7526
4894
2078
1823
1622
9960
3613
2565
9605
2555
2566
8725
8696
5567
9429
5790
8167
3983
8040
2351
2853
5058
4535
6962
6869
2599
2486
6904
7860
2589
4329
9143
6157
7968
5638
3050
5773
8947
5772
3526
7942
7153
3129
1164
5021
9887
7258
8872
9038
2894
5909
6646
5136
7837
7001
8422
9442
1323
1752
5655
2872
2018
4288
2021
7987
4314
3777
9585
1727
2875
7810
5896
9266
5811
9283
1728
7396
1512
5042
3242
2756
2055
3015
3906
1932
9586
4016
8622
2008
5421
6119
6126
6860
6510
8031
3173
6944
7841
8247
1136
1974
3157
8848
2357
8793
3522
4260
9267
1829
2106
7676
7387
5854
5988
3926
7012
6188
4495
2385
9184
9103
1740
9926
2602
3730
9454
2911
6973
3644
2069
5332
3292
1135
3231
3667
4142
5608
8044
2504
8172
4709
1428
4626
4826
2179
9067
1880
5638
1634
3867
5470
7921
8898
7168
8378
2675
3528
4122
5190
2701
5648
5451
9745
3043
3386
1743
4491
5659
3081
3380
1883
7405
8801
2811
6049
7941
1818
9004
2997
6367
3528
2858
8008
9200
3314
8041
9332
9762
7001
1638
8900
7822
6422
2383
9501
4714
9781
8593
4848
5837
1804
7492
2427
4533
6751
7611
3767
5037
3227
2531
1491
6104
9680
8738
6997
9028
2386
8340
5616
2890
6956
9776
4909
4052
7812
3107
7441
9851
2619
4892
8309
3444
5714
7763
2885
4454
5527
6770
6580
3932
4384
8936
6993
5954
6075
7214
3663
8533
3297
2678
2817
6382
9781
7922
3201
6274
4989
4594
4812
2325
1576
3050
8717
1528
3625
6654
3462
7774
1753
5453
9342
2828
8578
5905
7186
5490
1278
8065
6916
1862
8143
8404
7876
6715
8644
3639
4133
9078
4146
8019
3571
1113
5840
7232
3976
8103
3682
1203
3617
7594
8827
3335
9870
4486
2525
6801
7260
2024
8314
6623
2281
5349
4060
7228
1758
7388
9324
4334
5294
8682
8767
4424
4920
3833
6935
7985
3524
9447
6448
8495
8053
5350
5510
3818
2959
3979
6893
5217
1232
1522
7516
2450
8763
8591
7709
4314
6998
9933
8592
9778
8185
9160
6952
2521
3233
5851
8402
7367
4476
2938
5842
9778
6857
3461
4882
8691
2792
2269
9099
1473
6618
8731
7647
9186
8924
7510
2952
5149
8717
1548
9911
9008
4017
5729
9255
8844
6231
9122
4131
4191
1043
8827
3089
6656
4903
9757
8150
9785
6911
1831
3687
3612
7740
1198
3530
2038
3700
9239
9870
7066
7680
6739
6247
1553
3132
1359
7193
2559
8449
2979
3112
7296
1080
1994
3302
7354
1097
5380
2149
7163
4679
4263
4328
7709
4262
4586
1286
3385
4583
7144
2668
5937
6761
7424
2094
3178
9802
3136
4098
7278
8286
1170
9108
1023
6694
6869
6240
1980
2435
2138
4978
6137
1472
2086
6799
3957
8134
6860
1519
2141
2458
6927
6903
3989
8841
4707
6912
6293
9740
9130
7479
4927
5939
8175
8525
5059
4227
9812
6499
6631
6195
3049
3458
9637
6432
8782
9647
9332
6833
8862
5573
4216
9274
2303
3208
3623
2336
5236
2582
8210
8256
9726
4668
2707
8478
1411
1755
1895
9429
7832
2044
4474
1152
3893
1964
7653
3640
9648
1558
7234
3250
5115
9075
9256
7028
2128
8320
6675
8154
4717
6790
3893
3123
5375
3145
6036
8586
5782
6243
9908
5847
5502
1770
5575
8209
8685
8512
9145
7086
8854
6971
6174
3349
8837
2598
2274
7322
7783
6585
4262
8118
7157
8602
1266
7752
9494
8996
3198
3962
2497
7595
2202
5300
9045
4988
1242
3631
2872
1999
2626
5968
8878
8564
6140
9442
4296
4490
1214
9478
8019
3605
5341
1140
7589
1349
1784
9590
4552
3065
7868
2047
5348
8956
2107
1702
9013
5973
4869
5080
3704
6765
9935
8560
7760
9004
4163
9115
8372
4304
1405
5709
5350
8805
2557
7834
6401
2053
8910
3940
6735
4067
6655
4846
8108
7890
6855
2008
2289
2260
7808
7642
9382
7187
1106
7938
9028
1542
8717
2963
3146
3900
5878
4126
8902
6187
2271
3630
4380
5290
4747
2648
4585
6841
3087
6864
8655
2396
4866
8038
9344
6326
2720
7472
8613
2543
6969
2873
1771
1182
3899
2554
4853
7239
3378
8741
4114
6265
4922
5465
8638
4395
2820
8052
6815
4024
6777
1326
8664
8737
2221
5935
8680
9869
7892
4299
8473
1399
1347
3887
2584
3765
5311
5653
1682
6402
4111
1066
4480
3669
8379
1079
5792
9491
9673
2575
5939
6946
4427
7376
6650
1918
6437
8684
7894
4770
4544
2816
1206
4034
4830
9389
7440
8671
3516
3168
2386
8778
8283
8043
8636
7841
7801
7516
1612
3981
5781
8213
6684
2101
1492
5940
3121
3717
3283
5633
8761
9171
3782
3253
6463
8397
3602
4069
4134
9010
2265
3553
5117
9839
3611
4743
7941
3602
2404
9872
9967
5510
8712
1727
5717
2177
5375
9090
7061
9938
3383
7674
7681
8834
2641
2712
5351
8748
5855
8983
2381
1415
5960
3805
5898
1979
5856
4490
9522
7397
1505
3858
2985
5762
5776
5326
7881
9445
7347
9680
5040
8546
4333
5921
2750
1243
5189
1487
7184
9373
5735
4509
3403
1873
3773
2581
6662
5314
9515
9528
6311
4889
3781
4193
8232
1435
6339
8032
5360
8837
7170
3511
6400
5123
1102
2093
1832
7731
5844
9223
3332
3280
4866
1925
5606
3566
3221
2671
7173
1192
6069
1093
6221
2265
3705
4816
7110
9479
6593
9034
5795
6867
1749
1164
4027
6052
1681
4800
4836
4067
8230
4178
3906
6060
3570
3437
8803
7572
9917
1878
7510
5644
1368
9187
2849
1039
2893
8308
3651
9581
1594
4705
8938
9877
4808
5192
4513
3491
6388
2959
7294
2998
3820
7021
5356
5355
9960
9544
3251
7606
6260
9329
8663
4657
6301
3943
9850
7805
2722
6188
6792
1657
8518
4320
9679
6041
1160
5734
3185
3881
4768
3134
3921
4245
7407
9124
9402
2128
1681
1213
2673
4397
8744
4447
2228
4544
6592
9064
4143
7519
2404
9419
6477
2631
5797
3134
6638
7061
5754
3864
8437
1524
7857
8486
5146
6292
3862
4037
2023
7443
4955
9668
5137
1049
1665
8875
1033
4893
8137
9790
5034
6104
7181
6360
7437
4560
9670
3480
6117
4389
2872
1072
9843
8253
6534
5650
5447
6138
3152
8580
9828
1997
1082
2776
8200
2365
4493
8467
8584
5135
8143
8710
3439
8223
6613
4641
8982
1013
3731
3832
2955
9998
5467
2629
8730
5112
3753
6326
6673
5949
4378
5728
9846
2738
3219
4638
3309
3821
8071
2356
6167
2179
3757
4480
7326
2304
7511
4987
1425
3594
6854
9110
5179
9371
6631
1618
9060
3759
9939
6219
9366
7397
5562
5702
4747
5172
6601
1731
3250
2805
3716
1823
8063
2341
5702
4068
4665
4339
5469
6273
3264
6629
8303
3331
6602
6365
8421
4983
1236
6843
5656
5503
5438
9360
8437
2423
5349
7058
8168
1135
4588
2048
1501
3533
3323
8092
4237
6820
8779
1294
1767
2780
3702
5862
9428
4667
3413
3091
4926
4002
1054
6810
2390
2031
6511
8733
9187
3426
6356
8174
3925
5674
6828
9958
5823
4612
1327
5762
2190
9362
5845
5346
6423
5303
6796
9739
5793
9116
6542
9900
2625
3629
1174
6994
3055
4982
6262
2956
2237
6012
8503
9003
2508
1038
3808
9632
9762
8133
1546
2658
8418
2068
7744
7123
3428
4697
6564
5393
7746
9857
1711
5704
1505
9264
1114
5219
7103
4976
1236
6055
2623
6132
7115
1822
1913
9826
6608
9302
1444
5859
1949
5968
9018
5326
4440
8872
4763
9492
8703
8328
5362
4595
5944
8624
8832
9860
9546
6366
5456
9561
1447
9571
5746
8816
5938
5857
7288
5601
5781
9224
8317
9065
2621
7178
5374
2762
8076
1651
2968
3148
9099
3524
2571
7091
9879
5154
2295
1453
8083
8041
9412
4396
6637
2822
7264
2400
2826
4737
6949
6553
6592
6759
9345
4631
8971
1468
2713
6804
7227
9427
6931
7816
8416
6241
3364
7485
4725
5184
1161
7619
8533
5692
7535
6112
7437
4015
9658
9347
9860
5728
5896
9307
2250
7861
9742
2991
2696
2102
4622
4313
8553
4877
2390
3335
9479
1320
9981
4494
5519
9662
9622
4056
5015
5912
2409
1451
3652
1290
3514
3188
4720
3918
5627
2680
6437
4823
7811
2125
3708
5908
7375
9959
6984
6973
7511
3145
4074
6137
5877
6619
6832
6545
5417
8781
6938
9706
9092
1813
9125
7003
7701
8751
6089
1891
5072
4151
7577
4309
6153
8308
5545
2504
7697
5274
6949
3301
8540
2703
3622
8920
8082
5012
8946
5211
9088
9512
3008
6684
8766
7223
8623
3693
9805
5852
1343
7116
1283
2234
7794
1151
3164
9640
2699
8746
4971
9288
4395
7065
2715
8113
1294
9589
2801
5496
6460
2469
2072
9740
5055
7930
1800
7886
8255
5022
7109
4131
7553
4869
1842
1954
9996
8816
2296
9616
1341
4820
2181
2600
1159
4282
5625
5740
6506
1412
5565
5240
4617
7021
4574
9874
3232
5189
4246
1917
2617
2618
8255
1816
8751
7529
4354
4781
2591
9792
7740
6384
9619
4290
6109
6800
8158
3542
7505
5194
4772
7251
9275
4619
7827
9720
4418
6635
3236
1476
8698
1528
1343
3767
6557
3520
4947
7383
2319
8509
7048
7427
9343
1521
3066
5944
4983
3549
5339
4720
5469
5735
1414
4688
6474
9485
1186
4234
2372
7018
4846
3574
2051
8664
9305
3425
1761
2616
3808
5114
2317
3857
2722
4972
3812
8982
3129
4025
8456
7340
3874
2409
4389
5112
6138
4655
1173
1817
6830
6658
9278
1403
4416
9687
6622
2440
4133
3419
5860
5247
5207
9053
3019
6431
8710
8573
2088
9774
2248
5303
7171
5569
7973
1151
9860
2685
2831
6270
2727
5493
1722
3517
4556
3756
7798
9898
2055
3094
8172
1401
5694
8802
9310
4368
1834
5534
8363
7617
6085
8916
6322
8729
4824
5438
2529
1692
8426
6098
7631
8707
5010
2546
2467
6316
4897
1659
5177
4349
4108
5485
5701
8040
7098
7756
5640
6036
9833
5495
5986
5302
3595
2804
2030
8774
9188
8709
8008
8414
5267
6482
6236
2187
5868
5428
4828
9678
9376
7969
3496
3531
2210
5961
4413
7864
3841
4180
2553
2560
9434
5568
3226
5219
6328
7055
2315
9662
8587
7383
8404
2809
9368
7747
9975
8098
8602
4493
1297
2964
3892
5671
1553
9180
5743
3793
6006
5264
4277
3179
9953
2572
5802
4589
5107
6945
7912
5839
2377
7218
1606
6151
9057
3874
5366
1467
2835
2812
8102
2198
2092
2487
2644
6895
3547
2770
7997
9266
9659
9080
7256
4971
1289
4607
1911
1638
7619
9877
2504
1998
3366
9697
1590
6011
2754
3926
4956
5291
1666
3066
5681
8317
8910
9409
4205
2059
9808
8399
4428
5567
1926
3730
7343
5063
9411
8821
4181
7975
7175
4386
2875
2213
3321
8327
1960
1696
7462
9591
8307
3979
1840
9015
8066
3776
3854
2075
8995
6240
6632
9082
1416
7341
5825
9319
2086
6928
1344
2894
2242
5145
7792
7792
1027
7059
9480
6820
8496
1689
2675
4247
8986
4990
5941
6452
9873
7643
4453
9033
8602
6356
7097
9989
8561
5617
7491
3018
1438
2016
8675
3680
5041
8830
7329
6494
3922
6186
3402
9328
6585
1763
2474
7272
5683
9146
4151
5208
5547
4645
6761
5813
4657
4293
7933
9049
1267
9186
3708
9256
9080
7431
8460
9959
3038
5483
8711
6898
6055
6674
9294
5007
5155
5796
6951
9772
3896
8588
1333
7552
4664
4489
1405
9396
9320
9831
6209
4053
1718
5283
7621
4144
8849
8610
9135
8134
9202
9784
4431
7157
9875
9979
2426
4700
5363
8119
3437
9572
3580
1408
6939
1903
4168
7474
9888
4874
7927
3608
6130
8188
1177
7579
3500
6291
9868
7716
5104
7235
3392
9382
9827
9429
4328
5977
7934
6843
3263
5175
6507
3197
8812
3386
6625
1714
2109
3163
8083
9388
8403
7160
7930
2828
9833
9876
7628
1576
4389
3214
7627
3292
5318
1850
3621
5788
7347
2656
1656
1135
6439
9126
1698
6903
2260
8548
9573
2896
8854
7935
3734
1078
3522
4353
2332
9713
9363
9869
2691
7680
5263
5606
4098
8723
6331
1760
4325
1537
3417
1451
4771
5297
6459
3385
3807
4984
6465
7955
8976
9630
2019
1027
7928
4981
8651
4048
1476
9384
2446
1641
2209
3361
9105
8750
3909
7215
3437
7829
5719
9090
3611
7195
8061
6642
7747
3361
8234
8122
1555
3966
5213
5697
8639
8269
8134
9041
1835
2004
7896
6205
3948
8878
5449
4241
7316
1698
2343
1902
4094
8855
9841
7118
2789
8954
5401
5135
5086
9604
8236
1294
3507
1255
8120
9360
6195
8831
2253
6212
4976
9890
4732
5301
1632
9426
2978
6683
6761
4592
8715
8038
8453
7482
5978
2212
1930
2724
3974
1697
6005
8110
7739
3572
5006
8471
7137
1683
9375
5524
8383
5772
6692
1898
3853
4533
4711
4800
9012
6493
1934
2046
9837
3448
8253
1741
1721
2277
5693
5150
9106
6703
5518
2402
2062
2499
2007
4484
8943
6229
2357
1714
1120
1156
8992
3168
5092
6315
1003
6306
2436
6101
2542
7158
4219
4918
2949
7164
9156
6731
9350
9961
3153
3107
2470
3056
4291
7737
4273
1066
9279
7230
7017
1466
5835
4918
2674
4159
9186
8175
9760
3149
3048
6206
5054
8075
4859
9304
3104
7718
4824
4201
5288
5694
7123
4734
7237
1624
2052
6389
5346
8481
1699
5116
4089
4169
1873
7598
8830
4001
2344
2191
2233
7450
7701
5270
9593
2475
5128
6763
8687
4411
5765
9225
4868
4646
7813
8297
9025
1119
7502
4719
1190
7450
7867
5073
5307
1067
5485
2395
1621
4001
7786
7400
3655
9535
6837
1827
9738
4430
4509
2833
4716
3212
4642
1368
7721
7985
1409
2141
5028
2486
9090
8366
9188
4542
5252
1901
2742
4727
5565
7827
2120
7839
9809
7847
9359
2184
7634
2762
2677
7987
3472
7020
7357
6422
8562
9418
3908
7747
6889
2702
5102
5533
4099
6160
5798
3807
9549
3402
3438
9391
2075
3946
4135
2142
4994
3428
1371
5233
4668
5228
1407
1053
5318
9809
6334
8464
9486
2743
1810
7729
8162
7826
5503
1834
9500
5330
9333
8279
9423
2594
7002
5685
4290
8535
9010
2740
2705
8008
6274
2479
3800
8381
7571
1380
4849
2413
3975
3591
6731
4978
2723
7166
9949
9748
4012
5574
5391
9346
1558
2934
6151
5991
7204
3546
1592
3305
6877
7110
8509
1915
8419
8600
5211
4285
3434
3816
8586
5731
5207
7129
4097
9604
3664
4572
6423
8424
4416
9522
7687
3528
1113
1282
8449
1592
5264
7684
8767
8334
5402
3317
1421
4541
3352
9849
3897
4008
7335
3417
7706
3818
9501
3792
1859
8532
1851
8926
8013
3610
7785
8229
4119
2278
8731
8698
5358
2578
2456
8691
8092
4143
7676
7528
4608
8972
6825
3043
8466
8684
8668
7901
6339
8186
5839
1538
4212
6562
1800
9487
6059
4413
7158
3196
4576
6277
9042
2674
9349
1350
8245
4434
1203
4792
4650
7042
7019
2538
5601
6668
8003
5453
9457
9452
1321
6409
6102
2832
8272
8296
4307
1184
7357
7507
3317
9830
8708
5515
7761
5888
3383
3070
2959
9289
2185
7653
4198
6659
1992
3582
1228
5102
5837
3010
3693
5524
7594
5174
4113
1016
4543
8723
1116
1744
1691
2568
4556
3329
6007
6806
7587
7521
3773
1362
2069
4314
8781
7639
4071
9364
1055
9267
4872
4316
9248
4388
1564
1479
4751
3500
4084
8936
4792
4580
4874
5892
2050
8855
3136
6493
7214
7963
8896
3847
3223
2194
9547
4316
8262
1676
4949
4541
7720
9466
7796
4331
9569
4028
9561
6882
1536
1501
4729
6408
5783
5544
2176
6985
7169
4865
1633
4420
2260
3710
5296
6647
2600
5228
1009
3184
2562
4204
1903
6290
1155
7486
7555
9705
2752
2981
2090
2070
3345
9365
4325
2072
9144
3697
6297
4707
3353
2525
3063
4124
6170
1737
7328
2124
8920
1703
9373
8333
1523
9296
8373
2178
4206
7261
4322
2137
3429
5947
2536
1132
4307
8950
9415
6804
2474
5267
6316
8521
9790
4963
2665
1783
2005
5524
1819
9151
8894
7218
4382
6478
4312
3188
4667
6702
4186
6052
7555
6734
5605
7381
2078
7929
9436
7037
9168
4173
2208
8296
4258
5717
2650
6600
4144
4485
8641
9363
5428
2393
9801
8209
1826
9187
7152
2865
7269
9516
4453
8803
8564
8803
1361
1437
6608
2277
2504
3213
7208
5878
7117
1686
4637
6397
5116
7841
9369
2301
6265
3021
7527
3921
1605
8729
1293
8657
4166
4321
2007
6152
6455
3678
4127
3468
5053
2977
8595
2401
6918
6515
8611
3115
2260
6502
9746
9854
5691
7570
1138
2003
1206
2052
9741
7664
3040
1320
3490
7836
9656
2631
6938
3512
7880
1248
6746
6190
4673
1420
2333
3184
2482
4017
1323
8655
5844
6249
6836
6498
9677
6715
6536
8246
2405
1584
4858
2241
5104
9415
6094
7842
9990
6985
1609
8711
3113
1938
5225
2401
4860
7420
2176
6630
4139
5511
6057
2065
9701
7192
4457
1589
9091
8789
1850
5507
4319
5608
3359
8989
1238
1520
9912
7338
3570
8163
8173
4144
8584
6256
7163
7743
9899
2393
2274
4098
4959
5945
3304
3147
8775
9078
9282
6320
9011
6501
3072
6752
9553
5131
3438
2218
2290
7459
5866
5881
3539
5242
2575
4469
1357
4419
8770
8888
8651
3029
2168
5994
1446
7522
4892
3233
3140
5518
2545
6753
3177
3104
5237
8682
6858
3031
7688
2136
2907
8873
9792
4869
2288
2386
2657
1662
7960
9214
5322
6416
6456
3098
2619
4886
2588
7109
1894
9296
2702
8678
1091
8235
2165
5848
2316
6305
4431
5921
6202
9040
4606
2265
9288
4910
9767
8792
3400
8162
5169
9683
7548
6071
9499
6142
1657
8592
1448
3154
9922
9845
6963
6389
8397
3158
1847
7777
3762
9243
6928
6489
2761
2882
2815
2856
4880
2103
4526
3486
7893
6766
3377
2151
4994
7708
1727
5716
3567
6192
8236
8251
4637
6453
5821
3366
6857
2148
6930
3314
8603
2021
4040
8264
8338
1883
3768
6502
1719
9768
2404
1523
1747
6809
4913
1242
3155
2955
2228
1699
4692
2272
6896
4132
6946
3745
7863
7686
4587
2006
9765
4735
5112
3673
3385
2345
3822
7970
7464
6855
4555
8797
6525
5932
5852
2973
9275
4072
9975
5667
1443
1137
2421
5964
4937
8926
6364
3190
5407
4080
1454
7012
5045
8415
9078
2729
1888
8181
9248
4133
7284
6133
2391
6675
8859
8682
2254
4123
3587
3687
2728
2807
4074
5562
7260
1720
5579
4622
8395
1058
1126
2486
2492
8434
5633
3613
8829
2607
2666
4112
2718
1003
8478
7219
8358
1294
2483
5425
1125
2193
5382
9370
7645
2304
1356
4902
5882
7693
5439
2312
6744
4730
7308
6900
5793
1610
5761
4702
1861
2238
4767
8922
1245
9775
6527
7894
8195
2538
4800
6167
6958
2262
8505
8510
3126
3915
8521
1967
5195
9957
8265
3050
3293
8312
2132
6803
5455
9330
4998
4943
7011
2139
7535
8716
9504
8556
7583
2838
3492
3002
9857
9308
4384
5316
2367
4182
5949
3127
8130
2849
7299
1415
2099
9786
1332
7232
9185
5230
2008
4320
8961
8185
7040
8005
1214
6350
2160
4562
2050
9089
6213
9082
1239
9878
2459
3596
2689
3286
6589
3571
5113
9317
9035
3291
2070
1398
3474
6713
2671
6168
2833
6289
9444
5828
9210
2724
7983
6480
5690
3886
3486
3679
3480
3202
6148
8921
2844
2914
2006
3680
3519
4518
7245
4212
4265
1096
6529
7702
3697
9495
5507
5460
3581
2991
8374
4130
4851
9965
6616
3305
9459
2006
5175
3285
8709
4597
2230
9582
3675
9351
3447
2130
8151
9146
1189
7361
7761
3230
4169
2945
6084
5888
2202
8245
5159
1857
6601
7506
6609
9105
2508
2005
6078
3523
3252
7872
5055
8092
1676
2076
1377
3736
3913
7700
2778
6753
8380
6795
6659
7445
9730
8348
2284
2684
3445
7319
4705
8450
7802
6085
5309
8166
1492
6039
1917
7735
8760
8812
9895
3850
3530
8831
8297
3916
5676
2277
6255
1330
5466
7189
1224
7818
1286
2700
7341
2712
2904
8158
2405
5169
7035
1468
5378
8298
5266
2673
9155
1112
4515
7489
1964
3376
5133
3520
2927
7568
4160
8756
7223
9724
1468
5342
5387
1625
5704
4965
7072
2527
3445
4836
4583
6551
5775
5163
7974
4391
3813
1798
7889
8217
1763
7556
4152
1101
9122
2160
9970
6950
5218
8359
1241
4665
6616
5423
2010
5285
3207
2489
4436
2526
8618
4953
8634
9448
1565
4288
1302
8591
2018
8866
5649
5065
8284
5793
1092
5122
9247
7724
9808
1428
9707
1750
4280
8683
8936
9799
1915
4738
4494
9479
8062
2791
1604
7678
3339
2284
5450
5165
4352
2229
5408
8561
1358
3810
3474
5121
8998
6153
7504
5034
6641
6043
5142
9460
7605
8146
2349
4633
1786
8279
5473
8800
9630
1527
8636
5939
2213
7898
9091
4499
6312
2610
4125
2943
4881
7998
7463
9046
3992
1605
7727
6492
2138
4121
2294
7120
3294
1036
4720
7378
3297
2650
6981
3014
2584
3292
8306
5321
9650
9873
1640
2738
1423
7683
6901
5280
7227
7576
4188
4498
2461
2760
6572
9410
4777
8617
1008
6617
5738
5316
3171
5466
7536
5681
3694
2215
2830
6279
5443
2996
9196
7287
8203
5911
5597
1972
9418
9768
9778
2754
7404
2968
2145
7222
1908
2229
4747
9624
8422
2158
5209
3678
5827
3952
1266
5654
8997
4529
7096
7589
3313
3307
3335
9793
7867
4862
2659
1421
7089
4700
8828
1467
7307
4420
7845
3450
7203
9441
3119
4868
6321
4450
5439
6945
1415
7286
7827
2576
2997
1487
7170
4146
2762
6683
9421
5961
5964
2389
7387
4113
5984
9843
3109
7018
4789
2142
4431
9252
3217
3279
1564
7556
7609
9989
7806
3868
2155
2447
3266
3303
5586
3348
6535
5537
7510
6043
7263
7595
1207
1474
6330
7471
4211
7666
5231
5049
2190
4801
1718
4550
1048
6849
7056
7810
8311
6583
9044
9115
9724
7649
9109
8659
9617
4315
7169
2262
3802
6285
3709
9850
3542
4552
2942
4075
5602
4417
7983
2682
1530
8108
7475
2716
4740
5551
5006
9839
5852
9088
3651
5669
4896
6477
6148
5672
5517
7541
9401
6770
5720
5969
7190
6230
6643
6550
8213
8399
7682
8316
4402
1940
2045
5098
7669
6259
3396
9448
5493
6171
5712
1483
3897
3481
8262
4572
9743
3201
2234
5701
6709
1589
1544
3533
7943
8722
3461
1070
2080
5703
8493
2733
8554
3336
2232
3874
9166
8081
8124
5073
4305
4460
2369
2792
9590
4845
6372
3956
3305
8188
5431
6897
7773
4571
4475
7361
2048
5499
5451
6047
2390
8818
1772
1934
4693
5497
9832
8997
4582
2396
9270
1286
1368
5436
2976
9475
5557
5796
3136
9591
4029
8039
1121
3376
7152
9849
3509
3937
4838
2850
3187
5596
7984
5849
3452
5283
2596
9532
8823
2493
2776
5715
1503
8606
7739
1111
5696
8284
6469
7381
8953
7183
5987
4063
9770
7374
6520
1126
7517
4578
1894
3192
7434
1133
9463
5450
6983
9834
5960
3252
1960
8879
5301
6865
4171
8681
7719
7314
8305
8258
4619
7887
6480
5816
5953
8723
4914
9333
6967
2719
6831
9008
1302
6477
7739
3763
5528
6254
8888
2876
5691
1399
5563
4670
1613
7041
8583
7324
9635
9511
6673
6174
5999
4423
3412
2634
8561
4115
8351
7327
2013
6531
2967
5276
9917
9220
7769
1838
8920
1417
6055
6262
7654
8330
7127
3486
2397
8949
8812
4784
2586
1797
5783
4097
5171
9431
9549
6313
4190
9334
1210
6081
5760
2682
8512
5733
1020
7965
6496
3046
4778
2723
8105
9384
8728
6578
4181
3005
1339
9901
5385
8265
7366
5365
5916
4876
8324
9369
7697
2406
7635
7775
7274
5403
8634
5468
2835
7739
9928
7598
3339
4756
5626
2764
8532
2912
7856
1776
1257
3922
7697
1108
7897
3883
1869
4218
2697
9143
6031
6873
4504
2545
5319
5872
4696
8076
2728
8553
9607
3355
1586
1580
9378
9700
1196
5638
5332
2252
4194
4166
7272
5152
2441
9856
8226
6519
1899
8309
6449
4913
7798
2480
4534
9251
7807
5439
1658
4481
8115
3311
4703
5418
6256
4082
5578
9936
2562
1473
1551
7986
8507
2520
2771
8694
2963
8334
8933
1764
7883
8885
7443
2468
6723
7423
3069
9807
2174
2398
7243
5226
9169
8875
5875
1478
2995
3301
9949
9894
3204
8293
3493
8417
6627
1391
9638
7903
2457
1651
8698
3146
4076
8568
6740
1094
7521
5859
8131
8235
6306
3315
3612
2593
3290
1360
7705
6387
4919
1552
5528
2133
7349
8883
7728
3424
1478
3627
6519
6541
8671
4561
5555
6909
6242
8102
3591
2838
9619
6093
5764
6516
4435
3233
9615
5026
6946
4610
5513
8520
6537
6654
1279
5634
4873
2347
4394
4768
3211
5766
3410
4654
5935
7948
7721
4049
1673
3973
8940
6375
6983
4543
2926
6862
4494
4188
6249
4102
4496
9983
3373
7150
6718
6710
6458
2169
9581
3529
5499
9386
5444
5803
1259
7884
1934
3436
9713
1806
3134
2868
3067
4989
3945
2614
3784
2019
6922
1990
3300
9486
1528
5604
1107
9309
4636
7775
3616
1124
3868
7601
5710
9976
4647
9773
3634
5298
2707
3395
2679
5008
8616
8556
1872
7000
1012
5078
1951
8658
9817
5168
6727
8998
1297
2198
4511
4244
7676
1432
2258
9443
4393
6020
2552
1068
4780
4098
2172
2761
3871
6824
2304
1646
6152
5027
2517
4966
3073
9966
4131
3739
7556
2611
3117
5547
2582
1914
3770
6024
4870
7185
1057
2595
1974
4876
9568
5101
8711
6219
7089
6360
3567
9301
5098
6613
4365
1953
8488
9301
6868
9978
6404
8133
1222
5839
6469
7655
8440
5657
2878
5253
2134
7318
5013
2406
5176
9944
6746
3754
4569
8918
8860
7551
8026
8257
7399
4773
3973
1812
4297
6241
5202
2488
4750
4689
6000
6565
5826
3442
7519
5225
8000
4393
6685
7358
2954
3145
4741
2812
2168
5808
9297
5996
4010
8569
2317
7057
3181
7749
2524
7505
7803
2099
3643
7194
8241
7274
5556
7067
7034
5659
5804
1418
9463
1337
5475
2255
7370
4211
5934
4903
4471
4828
1581
2851
5518
7971
4553
7660
3010
9828
8423
2417
7582
6112
3639
1966
3976
6338
4034
7191
6649
5532
2216
5560
5017
6316
3770
2247
1243
7192
5448
2115
5373
4986
2977
5432
1852
6507
1514
9522
9402
2918
4393
4489
2816
4630
2188
6338
9837
8564
6065
7977
8219
2979
5613
1823
8355
7803
4179
8301
5022
5496
2368
4217
4670
2374
4568
5813
4283
6805
9770
5210
3119
9497
6062
2103
7826
1584
9471
3267
3433
4940
4127
7561
3922
9377
3451
2167
1381
1691
2549
8626
5339
8390
5332
2257
9442
7055
1613
4024
7942
2726
6173
5973
2841
9166
1505
2024
4456
2753
6500
8502
7230
5526
9201
8309
6929
1985
6350
9804
6075
6084
9069
4428
3015
7478
5013
8280
7797
2384
8186
3801
4635
6260
5151
9655
6517
3721
6834
2873
8820
2608
4746
9691
4883
3360
6714
2148
3768
4051
7427
9529
9727
3402
8819
7998
5632
6100
3541
5585
6461
3246
4451
6873
2711
5078
3725
5354
6209
6684
8551
1878
6727
7567
9471
8136
5820
5108
1035
9260
7254
4090
5967
2003
8854
9058
2065
9554
8010
9551
9909
2289
9449
5425
9684
4219
9438
5152
1868
5304
9558
5154
8729
5321
2613
9918
1468
4894
7891
1869
6389
9345
9604
1292
9251
2119
1522
6236
3609
3205
5961
6633
4801
5934
7572
6204
8831
9378
5885
4752
9784
5827
8656
7517
8319
4944
9761
7586
8991
7883
7476
8889
5971
8198
6797
3215
9334
9967
2325
3400
4195
4864
5532
5431
2666
5738
6904
1896
3768
8576
8657
7824
3645
6534
4276
8226
9846
4721
2029
7454
4810
9162
7712
2417
3647
7360
5848
1504
3714
9054
7543
5696
1246
7027