50
239 162
49 150 80 61 128 99 88 111 9 42 140 73 125 5 49 154 128 114 99 130 153 137 3 89 46 15 161 23 29 27 128 22 87 66 43 141 60 123 120 79 140 74 156 40 138 62 107 94 35 2 133 93 71 36 1 108 127 140 48 24 154 94 83 8 67 122 64 28 154 76 32 55 7 154 116 72 83 7 157 128 114 157 14 24 116 115 5 139 7 70 111 48 138 121 10 91 59 60 69 40 135 71 148 152 138 76 29 23 2 44 66 81 109 43 54 3 65 129 58 13 42 119 5 160 3 115 85 152 116 55 4 116 32 86 127 73 142 15 23 24 51 90 67 5 20 93 39 106 132 16 69 78 93 127 11 27 17 154 153 63 56 20 137 160 70 37 66 41 134 70 134 157 39 36 110 16 98 104 11 19 78 92 160 131 104 158 96 30 119 47 28 104 5 29 80 72 8 130 38 140 48 130 147 16 36 148 38 124 155 26 110 127 115 100 38 129 48 32 67 92 29 47 93 132 129 16 58 160 15 31 69 49 5 35 76 83 151 47 17
49 150 101 10 106 152 101 59 129 42 94 73 125 5 119 144 35 114 64 101 17 137 3 7 4 120 161 23 29 27 130 24 87 66 43 78 73 96 103 71 135 67 153 40 138 28 110 50 35 2 15 11 71 36 1 70 55 140 48 24 154 94 51 23 67 68 106 90 48 76 51 55 120 81 11 144 142 7 5 128 146 1 23 103 16 137 161 8 7 108 129 52 138 94 161 91 155 46 69 73 125 71 97 85 49 95 66 155 2 114 135 81 109 43 58 3 29 52 78 45 42 101 34 160 111 161 85 61 145 83 25 116 129 144 27 5 142 15 76 24 152 70 67 142 115 121 39 106 111 16 101 78 93 127 61 138 17 2 153 85 85 113 33 70 12 56 66 65 134 70 85 157 39 79 82 16 124 133 133 150 104 92 160 149 30 158 98 25 130 152 28 104 5 59 150 72 67 130 38 140 26 130 18 75 4 79 38 124 155 74 29 127 115 38 47 124 36 34 65 106 120 50 52 128 105 41 58 33 15 59 69 49 5 119 161 83 97 154 149
257 243
94 217 109 233 112 73 39 241 48 76 163 150 183 43 155 208 176 69 39 50 57 202 79 147 168 49 205 135 60 4 108 42 232 147 141 196 3 210 60 141 46 107 55 111 115 41 43 67 40 142 223 204 113 185 216 240 25 48 78 229 53 137 141 100 74 112 220 40 131 164 156 167 125 172 34 119 43 52 204 122 208 229 157 128 164 54 62 1 128 133 62 64 108 238 71 144 147 101 162 67 7 91 229 93 45 169 151 231 154 144 177 219 113 155 179 102 34 192 102 146 93 76 118 112 180 66 112 133 72 11 48 102 212 112 159 24 126 139 189 141 61 179 177 43 39 234 108 145 97 191 41 46 164 111 40 19 130 157 56 229 17 56 223 104 231 161 177 204 130 88 101 132 90 67 65 77 65 134 176 118 231 2 119 18 196 1 212 201 122 67 199 196 116 89 218 213 234 63 25 131 73 117 117 64 7 89 17 212 207 153 222 58 200 121 85 211 178 96 181 139 131 30 23 210 103 176 38 230 21 229 146 41 211 38 75 210 88 13 86 178 42 45 9 131 101 45 194 51 18 125 226 156 7 196 167 187 188
160 69 109 156 112 184 145 201 51 145 210 200 183 43 188 208 176 69 193 50 57 202 79 77 168 168 205 190 60 85 123 63 119 34 141 196 110 210 60 14 89 171 55 143 50 41 59 147 40 87 231 204 208 185 73 42 237 48 232 1 53 223 141 100 74 6 195 19 95 164 100 175 125 16 34 143 43 214 157 34 208 120 157 89 33 78 62 1 139 100 62 148 104 238 112 144 147 101 243 128 217 191 123 93 45 199 125 13 238 144 129 219 113 196 179 102 55 129 198 147 143 76 118 112 18 77 176 84 243 11 1 100 117 131 159 24 126 150 160 141 61 3 147 43 86 234 115 90 97 224 6 9 164 154 40 19 130 232 26 229 41 171 223 104 72 227 222 204 130 97 101 132 183 67 45 58 185 87 176 118 231 20 119 189 69 1 169 201 5 37 199 196 75 58 209 213 234 63 7 98 139 87 36 192 7 89 17 99 243 232 183 144 204 196 57 196 65 118 181 236 34 30 23 233 103 182 38 108 21 229 170 186 211 99 75 198 88 13 49 178 42 69 9 112 52 110 235 48 202 40 193 138 72 196 167 187 208
154 241
14 70 188 96 79 226 80 111 26 99 120 239 53 110 155 196 222 148 195 48 42 81 172 42 168 126 74 221 39 82 90 168 241 121 23 95 157 81 187 67 37 190 180 206 205 31 216 19 86 221 154 78 25 232 234 121 107 181 102 8 181 139 11 176 114 95 213 122 137 147 187 73 80 21 220 123 122 112 117 128 222 162 101 67 232 94 197 7 79 92 239 8 223 236 207 238 189 37 41 194 63 204 145 21 239 33 88 15 75 166 46 85 140 156 195 36 146 23 238 234 156 25 142 128 10 102 152 36 46 123 182 70 104 177 127 181 136 126 58 166 41 226 29 79 108 159 161 71 136 108 238 80 10 87
188 92 188 20 36 226 83 80 3 99 120 62 53 30 155 212 33 20 196 48 20 230 172 42 153 142 101 221 39 155 206 168 225 47 23 168 157 81 187 58 71 119 180 206 26 202 176 185 86 66 154 78 204 232 181 93 86 130 199 8 181 211 84 85 38 137 225 55 159 147 187 116 154 3 127 149 61 37 69 144 222 162 149 4 221 169 197 7 79 188 63 184 164 4 60 238 184 240 199 194 127 149 89 104 181 30 56 127 75 166 98 132 179 156 195 74 214 16 238 234 156 186 30 165 203 45 152 150 46 82 84 70 104 177 127 181 166 16 80 179 215 197 82 79 189 6 161 230 95 175 238 80 13 30
178 167
31 136 162 103 19 20 160 107 114 109 167 45 3 67 82 158 30 106 13 79 139 33 148 1 56 159 69 69 65 84 55 16 55 78 104 22 136 15 8 113 55 103 10 65 135 69 87 155 23 43 79 96 144 31 131 34 11 133 44 9 46 49 100 133 74 89 34 111 83 52 9 22 78 140 73 32 5 43 152 62 37 60 1 86 39 96 120 46 64 82 66 144 95 40 84 26 98 47 102 22 68 140 59 131 137 149 25 19 6 105 59 91 7 55 115 53 119 148 70 52 96 38 89 47 96 10 33 32 151 159 32 113 46 166 75 144 123 164 64 163 33 145 15 85 10 42 74 98 54 147 107 160 122 129 140 152 32 115 164 123 66 140 154 112 64 139 71 96 38 35 14 125 74 46 4 31 13 71
31 136 162 103 162 19 98 92 42 109 105 31 3 68 160 119 72 11 24 79 108 33 57 1 56 108 101 80 12 52 96 6 55 78 104 140 85 3 61 98 122 47 10 162 53 137 130 106 92 87 114 164 82 31 91 34 52 133 12 63 62 116 100 8 147 84 34 111 136 22 71 22 78 152 27 95 5 43 152 14 37 39 91 62 139 96 80 106 81 73 140 33 5 153 61 92 25 9 102 161 68 140 158 131 42 28 25 72 72 151 39 122 7 110 97 102 53 19 135 106 96 56 89 47 96 84 61 15 21 96 161 109 8 166 54 34 89 18 11 63 9 118 21 4 10 32 74 80 36 93 26 39 75 142 140 40 157 3 99 93 66 44 43 112 164 97 71 79 147 35 108 71 126 46 4 31 13 66
274 237
11 148 141 118 13 219 180 80 211 29 88 18 217 61 214 225 156 227 163 82 94 15 124 79 142 154 209 19 228 114 68 85 174 79 76 86 156 161 62 132 13 152 98 211 128 156 125 220 175 29 172 224 219 6 94 190 116 229 50 71 213 42 204 154 8 237 18 186 30 96 231 158 96 185 3 182 120 70 209 144 209 173 41 134 95 94 38 85 19 53 157 145 156 124 58 187 71 123 57 189 163 175 11 106 11 52 100 164 222 197 221 97 120 234 102 20 7 1 160 200 35 133 95 97 214 227 148 199 119 43 20 18 84 70 29 70 191 31 155 84 159 88 224 91 97 235 237 236 200 174 237 24 127 174 18 136 190 104 96 9 47 157 7 26 82 236 78 7 24 87 27 158 61 186 183 96 188 38 187 37 59 27 74 15 143 60 176 23 170 143 210 41 233 231 198 131 2 173 76 217 81 32 185 161 230 177 104 51 115 16 48 96 102 188 205 65 64 137 28 32 128 221 198 31 74 209 45 95 114 173 183 221 220 158 135 75 142 8 172 119 218 5 223 229 116 6 156 39 24 146 174 65 162 211 15 144 18 172 100 51 149 51 164 237 236 225 231 121 125 113 4 28 139 9
237 159 141 105 218 119 181 80 208 29 88 202 51 72 214 133 112 227 207 106 156 15 177 96 223 117 209 19 196 151 68 70 54 122 42 75 112 51 193 226 222 226 230 2 204 51 122 77 190 76 172 224 219 225 79 190 12 229 50 71 213 14 178 221 205 85 121 186 216 156 231 194 96 108 165 127 42 131 138 144 209 173 3 134 95 129 198 85 144 53 157 145 201 90 16 187 28 123 104 78 51 175 83 13 11 52 100 164 164 40 157 58 120 234 232 20 108 70 13 200 13 143 25 97 214 227 148 183 107 43 173 15 164 70 213 227 180 157 143 84 74 151 224 91 97 199 169 181 209 98 130 94 192 125 18 94 183 118 96 9 187 219 158 61 82 236 78 7 174 87 73 158 61 203 183 96 188 38 187 196 43 230 210 137 143 108 176 23 170 144 79 114 233 187 231 155 124 108 216 217 81 32 113 115 166 177 66 51 197 68 65 20 197 233 2 65 64 211 54 139 21 218 198 31 115 28 31 6 36 173 183 63 220 158 135 167 142 8 133 119 218 5 223 229 234 24 148 12 221 143 171 65 74 161 8 144 151 176 6 51 2 51 164 162 6 225 6 70 125 113 219 21 209 159
268 279
275 4 48 265 98 191 21 72 234 108 274 258 255 137 61 115 76 258 106 87 186 212 28 123 209 77 213 150 7 117 64 52 9 58 9 140 5 3 199 52 173 68 42 261 128 60 5 254 44 170 256 202 11 54 238 158 249 165 112 179 235 191 110 67 246 9 130 58 37 101 259 267 258 16 162 190 41 224 123 263 155 267 174 131 155 31 235 260 233 43 103 102 242 269 159 29 277 73 103 157 134 153 218 163 40 216 56 17 244 160 221 85 152 251 141 228 11 83 181 146 127 13 94 19 261 263 99 230 184 265 82 137 62 3 177 144 248 217 213 107 72 234 205 127 245 270 143 159 226 171 197 180 175 68 195 135 65 224 103 102 91 54 38 250 267 50 1 67 112 87 77 76 11 187 251 203 121 85 274 59 230 270 207 274 202 182 11 270 231 99 46 227 184 229 150 223 183 251 194 13 127 150 146 127 264 250 97 54 61 8 74 140 222 64 30 48 259 130 110 269 17 95 210 88 78 214 161 209 217 103 270 129 87 46 266 132 55 167 121 96 218 163 174 228 230 227 143 178 268 98 5 56 7 205 180 122 141 239 128 149 173 49 179 40 36 36 214 127
181 4 81 265 276 191 21 72 83 206 1 81 11 48 61 115 193 127 106 260 186 121 157 123 231 77 93 150 143 271 64 52 214 50 9 140 56 221 131 128 173 149 130 13 162 266 83 179 154 120 266 126 11 54 238 158 191 165 267 179 277 159 162 191 4 139 124 239 15 2 241 267 222 16 162 125 41 116 123 185 139 145 174 151 155 31 235 47 231 181 152 207 242 257 159 276 85 179 103 157 134 147 222 5 40 216 109 17 73 128 221 85 159 56 141 240 250 215 247 211 70 197 165 34 250 213 99 38 94 265 263 226 115 138 177 136 33 192 223 32 72 234 168 83 245 273 163 239 186 60 100 39 65 13 147 78 163 208 111 102 36 77 98 247 267 50 218 255 104 54 77 76 99 187 251 203 153 207 274 59 107 273 267 251 202 182 31 41 151 252 151 227 184 229 150 219 12 257 126 13 84 178 93 54 264 121 97 14 61 259 74 140 205 64 94 230 259 11 30 246 72 106 171 88 78 214 66 277 217 121 145 231 63 46 50 176 135 46 9 212 155 163 77 219 230 243 195 178 213 33 5 41 131 205 24 71 22 239 209 268 180 49 132 40 36 36 146 127
117 285
180 263 46 171 81 255 125 44 80 82 261 183 253 91 276 281 243 169 194 188 17 150 11 206 265 2 34 240 247 108 225 21 220 138 274 187 79 2 211 24 254 218 14 173 4 3 66 136 110 74 280 114 140 176 191 222 263 162 146 256 105 232 249 263 225 115 79 37 186 59 54 117 225 276 129 19 265 135 119 261 221 84 182 21 56 284 226 119 161 149 36 48 138 134 209 159 50 109 270 86 244 183 188 54 285 256 158 262 196 103 241 39 31 26 23 234 272
265 263 262 171 50 44 29 44 64 204 39 50 108 91 6 36 159 267 183 273 53 150 11 206 265 2 83 69 247 108 33 21 25 68 134 224 129 274 211 24 213 218 41 173 4 3 163 147 110 74 254 110 145 176 152 222 79 162 24 241 25 255 251 164 102 283 79 106 61 59 228 117 178 276 129 19 203 223 266 261 58 84 163 21 232 34 37 167 39 149 9 48 47 134 209 68 93 181 80 86 244 229 188 149 98 123 172 140 196 95 241 30 154 184 127 234 192
278 103
36 36 94 79 18 49 5 88 43 92 15 55 81 60 59 40 18 88 25 34 71 32 8 16 103 66 74 44 12 85 75 10 16 33 93 15 58 20 27 86 62 48 37 74 18 38 22 11 99 24 45 77 19 72 66 100 37 4 12 21 24 100 96 4 30 80 79 91 22 39 95 31 66 57 14 16 40 36 76 99 27 26 12 45 9 42 102 93 78 3 12 60 99 14 74 97 39 13 67 80 28 54 91 19 80 55 15 17 86 45 2 98 36 87 65 57 67 76 69 55 28 33 33 79 97 41 45 90 18 68 7 85 59 95 85 92 51 83 45 15 103 84 7 63 26 38 61 97 51 30 25 93 72 35 64 20 19 78 92 34 8 87 5 92 46 81 29 102 12 46 42 24 56 80 97 17 72 27 95 55 34 9 2 42 81 97 34 51 62 86 74 85 55 92 89 47 95 8 27 42 13 103 23 56 81 33 88 41 17 16 1 34 75 82 51 23 88 100 10 83 81 9 67 19 76 1 37 40 79 97 41 88 14 58 39 81 87 99 44 29 62 93 81 55 2 8 32 49 27 91 14 74 24 50 66 59 15 95 22 57 2 56 62 86 16 5 7 71 58 22 77 13 79 71 22 50 5 11
21 36 94 79 16 25 88 65 43 37 77 45 22 91 22 40 18 67 8 34 24 22 16 16 15 36 66 94 12 85 65 52 19 47 43 78 58 17 27 92 62 95 79 22 94 38 33 90 6 24 54 15 19 103 99 73 30 61 57 21 24 74 66 4 19 44 82 84 87 43 31 13 93 82 82 34 57 54 56 99 84 17 12 82 78 42 102 90 84 47 60 28 99 11 77 97 39 13 98 86 28 54 91 14 75 55 2 35 33 34 2 98 20 76 65 92 89 7 58 36 28 33 62 79 37 41 47 34 95 68 1 85 76 3 61 92 92 41 35 26 50 98 62 63 64 38 71 73 80 68 25 93 7 16 69 20 41 78 97 66 91 37 49 92 46 28 29 35 37 81 42 97 56 80 56 47 81 15 88 91 19 9 41 96 98 30 34 52 73 89 74 31 38 67 13 47 95 76 74 28 85 22 28 12 54 85 81 41 53 16 38 34 12 78 31 60 37 100 97 9 88 12 67 92 76 1 37 42 97 103 41 48 62 58 39 8 63 99 64 29 63 82 55 55 2 76 32 65 27 64 20 74 24 4 66 59 15 76 22 55 18 56 45 6 16 79 7 45 58 22 60 13 79 55 32 3 91 11
173 125
83 42 122 36 72 60 19 102 54 51 1 115 87 87 51 18 60 84 119 50 102 117 19 79 106 10 107 52 12 51 121 25 101 56 90 41 81 15 43 21 55 98 1 92 104 119 58 37 104 96 76 12 53 44 121 87 6 50 24 40 87 116 90 36 62 51 73 124 117 69 100 110 23 38 48 97 12 9 92 100 63 15 17 49 67 69 8 91 23 56 6 104 125 63 94 19 18 20 86 19 85 37 121 90 57 10 52 119 111 35 60 54 89 27 125 123 33 23 101 1 34 28 49 84 55 125 65 24 79 26 83 41 37 113 118 31 78 125 82 39 27 94 39 52 94 87 110 1 116 121 17 94 45 97 16 118 11 86 46 36 45 63 32 24 59 96 95 4 103 51 10 84 97
83 58 122 57 72 118 19 18 54 33 80 115 91 87 51 88 8 65 80 1 75 8 19 79 106 68 11 86 12 51 71 58 101 8 90 98 52 15 87 39 55 49 1 17 104 17 58 97 104 51 120 88 65 72 16 120 6 50 76 63 87 86 90 78 23 106 63 22 55 69 47 24 96 119 90 97 94 9 92 118 34 98 66 86 104 120 8 77 59 56 45 104 20 63 4 19 18 32 93 77 95 32 64 90 104 72 88 119 111 72 60 90 89 27 125 123 33 58 100 31 3 14 49 93 55 120 19 24 52 46 52 38 37 47 118 119 98 49 82 77 105 94 72 6 64 120 117 1 99 84 17 59 45 57 16 58 111 86 29 28 69 46 29 24 13 51 102 4 90 72 116 51 97
182 118
1 23 102 28 67 25 99 32 102 56 105 77 102 98 98 72 48 60 105 27 79 47 100 60 13 7 115 57 46 38 40 113 42 58 61 69 100 55 54 81 11 3 114 56 28 9 6 80 68 79 44 65 67 48 51 72 82 32 52 95 28 29 81 60 93 97 98 12 14 59 11 64 108 57 112 9 84 103 14 13 28 83 22 5 36 12 46 24 108 83 14 14 94 64 75 2 82 41 32 41 71 108 27 109 110 32 55 47 33 69 86 32 107 114 59 112 91 113 56 107 30 110 40 59 73 62 99 27 91 84 83 18 92 62 102 48 50 18 118 58 47 5 46 31 25 77 40 110 54 115 103 7 39 56 104 23 70 53 75 50 16 60 18 85 61 43 72 68 34 101 25 8 39 59 29 13 74 81 10 22 49 101
6 23 62 44 60 107 94 32 96 37 105 77 82 98 98 68 6 79 90 90 35 47 113 55 110 33 115 12 18 38 40 113 34 86 50 44 37 55 65 81 11 3 95 90 28 9 107 80 68 79 46 73 67 60 51 7 67 118 52 28 96 32 81 15 67 70 70 12 87 59 44 23 54 57 112 85 84 103 14 13 114 83 22 5 6 76 46 24 68 83 14 97 78 64 75 91 19 36 75 101 71 61 57 102 106 112 77 23 33 115 37 91 12 65 59 97 83 98 56 107 31 110 74 109 73 62 68 66 7 84 80 80 59 43 102 48 89 18 8 58 47 5 85 16 20 78 74 110 54 117 103 7 70 56 68 75 93 51 77 44 115 95 32 101 61 24 66 118 60 33 106 99 76 59 2 13 74 81 53 118 49 101
231 288
209 66 257 31 37 178 180 181 1 12 244 248 204 242 168 221 43 143 84 99 184 255 282 75 216 84 231 238 108 265 77 195 60 245 88 10 203 263 169 29 231 281 146 154 274 33 227 282 171 203 14 142 221 107 4 169 152 40 158 247 186 45 23 104 187 134 238 263 111 16 23 269 195 78 25 45 230 76 47 181 80 113 199 271 267 127 198 107 262 236 13 170 99 105 100 93 196 131 36 144 137 284 84 264 250 26 170 115 158 131 268 178 97 13 190 163 14 18 86 274 61 103 95 90 187 220 232 266 216 85 281 270 240 65 175 37 169 163 224 27 165 21 288 82 132 282 205 34 249 188 181 124 69 244 178 102 200 249 13 267 149 245 245 65 110 223 40 194 174 286 46 131 108 214 119 133 82 23 270 206 265 285 172 252 27 62 19 40 85 192 20 188 24 73 11 217 62 60 61 33 96 238 44 11 77 29 42 45 261 203 137 284 122 96 246 235 164 44 138 81 104 167 88 133 52 161 253 51 102 151 45
32 192 106 69 37 201 180 181 1 59 244 248 194 170 86 221 64 143 254 79 276 255 107 20 230 84 69 63 108 179 77 9 102 245 121 10 203 278 169 107 231 194 212 186 103 163 277 18 171 262 277 142 82 93 4 169 152 44 132 44 186 156 95 139 187 134 192 151 274 215 246 187 195 41 45 142 249 76 47 181 123 148 199 271 58 127 198 107 219 163 13 170 283 105 100 38 198 131 36 269 65 233 283 28 250 26 170 219 158 131 112 89 97 201 262 113 14 211 186 109 61 236 95 90 80 41 232 67 62 192 281 270 240 283 193 37 52 163 199 23 183 171 154 82 203 282 146 18 249 268 181 124 69 53 178 197 287 229 91 45 105 111 37 247 74 267 162 194 194 286 62 160 247 277 131 221 146 93 270 191 236 285 172 110 268 62 54 40 85 205 20 114 52 73 140 217 182 60 222 284 42 50 274 156 77 198 42 45 22 244 42 25 275 96 228 147 234 44 138 266 53 107 80 212 251 161 77 195 121 71 45
206 220
125 89 173 36 113 6 132 167 132 49 218 137 220 174 30 35 188 176 38 26 209 160 205 4 84 115 217 129 41 190 72 71 112 3 148 11 60 48 126 140 199 148 177 147 135 181 219 197 46 130 79 82 7 99 40 141 75 32 167 135 100 22 113 137 81 150 212 187 204 5 92 45 119 137 118 127 202 44 196 51 218 187 121 174 165 216 166 168 49 39 7 88 57 13 49 185 66 185 201 2 215 62 55 101 164 64 191 18 194 130 82 158 46 145 159 125 134 208 178 31 122 161 97 174 39 103 86 85 186 217 76 151 35 202 114 80 30 181 151 112 170 118 5 34 19 190 166 98 188 58 96 108 11 130 35 5 157 185 147 157 150 161 82 111 184 157 135 87 19 61 52 8 179 4 158 140 138 153 137 206 87 165 144 201 159 17 30 215 14 173 198 139 132 202 110 206 66 188 22 215 160 53 18 79 187 219
36 89 142 36 113 39 130 57 81 135 206 71 220 42 49 13 188 34 38 33 67 151 68 27 171 168 208 129 41 190 197 71 200 35 71 11 60 163 75 140 104 91 220 219 130 99 197 95 46 100 108 82 94 131 40 56 75 152 49 135 9 87 93 63 142 172 69 71 16 185 80 45 119 188 130 188 202 44 125 51 134 153 113 51 172 36 166 168 9 39 106 205 46 13 49 78 73 185 201 2 196 62 9 101 167 64 130 119 98 61 166 158 150 133 159 56 92 64 178 101 206 161 97 174 49 103 114 164 132 217 109 217 35 143 114 80 67 96 39 31 170 154 5 63 3 1 63 98 127 58 29 108 180 130 35 168 182 53 11 67 148 59 82 3 158 126 156 61 48 126 57 96 101 4 48 91 138 56 78 206 36 50 126 201 41 21 26 63 5 202 213 101 97 202 183 99 66 195 87 215 109 196 106 79 187 165
209 165
56 35 38 52 138 128 61 121 4 120 31 140 87 163 125 52 109 165 162 66 146 110 80 67 96 52 82 36 113 1 95 97 149 14 53 145 95 104 127 152 132 165 136 135 127 152 79 160 151 89 3 159 57 106 17 161 81 27 18 106 31 3 45 134 162 64 50 82 28 129 8 76 78 83 121 164 109 127 63 61 35 40 127 58 18 137 115 41 95 36 127 9 100 63 54 139 123 137 45 99 22 107 100 93 6 102 154 42 41 97 136 8 72 101 87 88 148 85 74 111 148 131 161 142 40 128 96 16 147 114 74 67 14 121 91 109 43 136 29 62 160 88 142 72 79 44 90 127 77 110 146 39 69 136 71 145 6 157 80 146 25 73 60 29 41 68 165 54 117 3 57 25 90 149 97 89 11 53 48 125 94 129 134 34 84 79 131 149 165 100 113 149 14 125 1 115 63 8 7 112 118 128 19 98 82 19 40 14 135
93 45 74 155 157 128 104 142 4 126 164 140 111 163 6 52 46 29 33 113 5 89 98 7 103 103 129 149 77 102 95 97 20 79 53 144 138 80 6 97 108 137 136 12 131 113 149 160 151 90 92 159 131 148 99 1 92 141 17 62 115 3 9 134 134 64 65 63 49 53 127 51 20 55 93 23 159 2 6 146 81 45 76 58 18 153 35 41 95 36 127 161 136 18 54 1 123 137 45 99 22 49 36 93 14 102 88 42 149 97 125 4 72 101 125 29 164 64 121 131 148 131 84 80 42 128 32 3 8 114 74 67 83 78 91 109 43 2 29 129 103 88 66 72 119 144 90 127 138 110 11 116 36 124 71 160 6 138 112 161 70 53 152 29 43 93 81 54 117 3 67 25 75 50 95 89 69 114 48 53 164 129 148 34 154 99 14 93 94 86 131 149 68 125 111 150 17 8 151 92 115 128 22 98 62 119 87 14 135
139 241
174 175 168 201 61 186 142 134 201 4 217 1 52 4 176 219 216 21 81 190 223 112 108 131 184 85 161 120 131 214 1 50 29 48 215 174 54 240 171 56 218 62 115 109 157 117 229 108 227 110 17 227 64 62 68 36 78 195 96 234 46 41 24 79 220 228 38 116 18 69 116 185 103 149 108 70 66 76 199 199 227 97 18 3 216 142 238 218 98 18 239 196 231 134 201 83 10 188 96 8 16 39 224 158 181 12 138 142 89 156 233 238 177 44 204 217 113 29 239 30 76 19 137 29 6 225 36 86 42 132 86 143 64 212 46 92 115 200 2
241 213 168 201 110 186 48 143 201 178 76 104 8 4 176 195 216 93 190 239 192 88 201 131 159 85 226 120 131 159 1 131 29 48 215 141 54 240 136 30 218 55 115 64 52 30 32 71 228 219 69 227 213 43 68 205 111 195 96 234 46 96 24 118 138 135 142 172 238 139 21 208 103 125 41 48 66 76 82 51 235 238 86 96 216 189 204 218 218 29 17 44 231 134 201 83 157 188 1 8 36 192 122 209 8 163 138 39 120 117 4 238 228 44 24 217 113 82 131 30 50 78 137 29 6 168 12 199 192 75 86 218 64 130 100 122 163 200 2
151 110
7 106 98 45 66 26 83 110 12 50 79 93 59 88 30 23 44 2 64 39 11 51 52 81 88 5 12 1 26 52 80 26 11 13 33 39 63 28 2 64 58 64 110 110 100 101 57 18 9 15 23 10 86 91 28 101 83 97 63 70 95 85 99 88 106 62 21 17 40 14 108 33 45 13 99 52 33 11 33 24 24 7 23 62 13 83 14 14 7 93 97 50 21 34 104 2 42 47 86 43 86 82 20 107 24 5 85 55 90 15 87 77 20 5 43 42 70 12 59 12 4 105 102 110 88 109 92 61 90 81 88 94 104 38 72 82 14 2 16 67 35 100 100 50 30 60 28 21 44 18 89
64 71 98 45 16 84 44 61 73 50 83 57 92 88 110 49 77 2 23 39 16 37 52 81 73 68 80 90 108 8 96 26 26 105 33 39 54 28 17 64 109 44 48 32 100 101 57 49 60 93 55 10 42 91 16 101 83 86 4 70 34 48 106 88 106 75 62 33 26 103 108 33 45 72 81 72 38 2 33 19 12 76 88 97 75 88 63 2 7 48 103 27 105 92 105 2 105 29 21 6 101 40 64 37 110 69 67 36 49 15 67 77 24 63 110 67 39 12 59 99 93 105 42 105 63 68 92 8 90 81 52 55 104 12 76 82 2 2 80 67 9 49 100 88 75 60 42 21 44 36 89
254 210
71 17 166 85 203 156 24 63 118 19 158 106 177 168 32 41 55 193 192 116 161 178 116 88 28 79 72 117 59 133 96 60 191 8 175 136 78 92 198 67 71 96 100 19 111 2 119 148 5 196 186 183 5 89 75 145 202 105 5 139 63 93 151 180 45 118 208 88 196 155 135 209 142 81 23 52 183 117 103 106 84 44 134 52 147 19 153 88 11 36 40 54 155 144 56 154 39 72 39 96 97 2 54 193 180 44 138 65 195 183 153 173 151 171 108 119 18 40 19 142 57 79 53 103 22 26 115 152 19 61 199 163 55 202 13 151 114 97 125 203 120 64 111 35 17 166 172 81 30 208 108 184 155 129 2 131 92 175 57 157 196 202 171 163 6 37 45 181 149 33 99 104 70 63 133 35 168 163 149 183 66 159 119 188 118 46 159 140 138 173 201 86 109 41 117 161 71 154 151 128 123 7 135 64 70 77 47 76 152 190 158 40 19 135 48 37 85 35 117 43 92 200 69 107 134 30 129 31 131 22 60 88 188 10 2 9 180 25 29 138 85 165 127 193 82 142 5 206 95 146 124 186 165 60
8 17 166 148 92 175 117 40 118 92 79 134 101 81 32 67 55 193 192 209 161 181 116 88 171 49 170 117 37 80 96 176 191 8 175 136 78 205 198 67 71 96 191 164 111 192 117 178 146 161 54 115 104 93 75 145 202 102 206 191 63 127 67 180 83 118 174 88 83 112 135 34 142 164 194 28 183 45 103 26 84 44 134 202 197 19 153 88 154 181 40 54 155 129 192 122 159 109 42 134 97 2 131 193 121 44 151 7 56 183 148 102 194 199 115 119 180 127 19 167 57 81 199 14 112 45 115 152 19 61 147 23 115 202 92 76 114 157 76 20 97 64 114 196 17 102 121 4 30 102 108 140 12 129 2 84 92 6 57 157 197 202 203 163 207 37 158 48 105 46 142 83 70 49 115 35 60 202 117 172 51 143 95 188 198 46 89 96 193 181 201 116 21 41 28 75 36 154 160 128 20 7 135 64 137 110 114 178 22 103 158 55 175 51 204 37 85 144 63 43 209 146 139 100 134 43 58 31 117 176 60 40 22 10 94 138 97 163 159 138 178 165 113 31 123 160 5 115 124 154 191 5 54 179
115 173
144 158 31 15 16 116 142 138 45 5 97 108 60 142 112 25 77 122 1 61 43 61 47 108 44 142 148 81 44 122 2 136 117 144 25 40 136 14 91 123 112 40 114 12 27 32 104 74 104 119 104 28 172 41 155 165 128 113 131 116 24 123 165 86 19 25 49 143 49 29 92 168 135 92 105 151 117 108 10 12 84 91 42 139 27 125 154 154 70 59 149 142 126 136 77 132 158 19 14 39 23 14 60 5 74 19 141 154 39 123 143 77 13 13 108
144 129 171 2 16 153 85 138 45 172 97 116 13 29 110 41 147 55 6 146 91 69 47 108 25 142 75 81 32 111 58 136 117 144 25 172 166 67 25 123 112 40 169 12 110 32 104 71 164 119 104 148 40 134 39 21 139 33 111 56 107 123 77 83 166 111 117 143 96 49 106 5 135 98 105 153 117 111 28 12 84 91 42 102 27 145 54 59 70 3 126 142 46 99 46 132 57 19 82 39 23 15 63 62 18 19 32 154 5 74 143 77 71 36 91
123 215
8 123 181 214 35 27 38 172 41 145 206 202 177 112 201 173 168 45 182 2 146 30 188 73 84 134 55 192 80 74 150 104 2 134 40 204 108 88 82 210 151 79 77 95 81 192 47 24 49 83 102 75 111 40 10 68 164 178 67 176 90 83 62 62 195 193 155 32 27 50 185 33 107 117 164 129 199 170 200 45 189 139 139 159 198 3 116 203 180 149 121 92 132 200 50 117 94 27 1 4 108 149 110 169 146 98 150 147 124 126 34 90 84 89 69 206 157 169 175 200 27 94 9
8 160 43 214 192 27 98 23 4 117 206 202 186 112 214 211 168 45 182 69 116 32 188 29 84 64 114 4 80 177 214 74 93 38 40 94 83 101 171 210 40 135 145 95 128 192 176 137 163 195 102 132 111 87 77 15 114 178 187 79 14 154 146 193 195 193 155 32 27 177 2 151 72 48 179 166 101 106 200 45 189 30 118 159 198 148 21 203 180 49 121 138 40 200 200 148 94 27 74 19 108 37 95 169 48 194 89 77 124 1 34 90 194 89 179 206 157 54 175 209 27 94 3
112 131
62 80 88 63 122 80 23 17 25 57 64 58 45 18 53 16 72 42 97 109 41 24 56 131 11 95 114 46 55 24 100 118 64 120 46 125 103 14 35 66 57 53 14 77 115 9 79 85 92 96 48 129 14 115 91 38 130 116 74 74 44 17 59 29 33 92 68 110 130 71 24 14 96 24 18 85 100 68 34 88 119 37 67 120 127 48 71 124 30 8 99 126 87 26 18 6 11 49 126 15 54 68 58 56 43 26 3 27 10 35 123 49
62 79 78 63 122 113 23 17 25 57 64 80 45 82 114 8 72 123 6 85 73 7 56 46 54 43 25 32 67 24 100 118 104 17 46 125 27 72 104 27 31 35 56 102 115 38 130 85 83 21 88 129 117 115 91 32 111 12 30 4 103 31 59 29 99 100 68 110 130 71 24 14 93 24 94 86 40 64 21 88 34 100 80 114 127 107 6 47 127 8 40 78 37 70 18 46 131 104 126 131 54 68 121 56 70 26 71 86 68 51 55 96
289 189
6 111 26 27 82 106 159 17 186 105 185 7 41 15 99 108 154 101 21 43 13 17 110 10 145 154 2 135 25 189 134 56 38 3 68 179 127 158 33 113 96 186 14 26 118 162 167 116 3 15 44 111 189 147 16 39 76 174 72 49 102 169 65 126 188 187 151 98 43 155 100 20 131 5 75 62 109 137 101 54 58 138 73 140 149 95 61 141 147 132 11 30 65 153 120 12 49 142 54 116 50 132 3 185 177 178 160 88 105 23 25 176 33 28 186 121 147 181 83 182 8 3 51 62 101 70 153 115 12 96 136 136 99 88 119 123 55 29 135 74 178 88 164 64 19 167 189 39 180 92 62 50 49 132 147 134 43 139 162 124 55 57 98 29 15 26 162 162 19 130 34 164 98 69 103 57 169 2 1 162 170 22 140 60 2 145 99 149 6 47 82 177 18 62 32 179 8 118 8 128 60 124 182 75 149 9 106 33 98 134 19 127 69 87 113 91 82 180 77 10 147 97 43 16 16 73 156 13 160 153 149 182 16 20 60 187 155 79 138 126 54 40 125 43 153 53 172 70 22 146 139 180 67 99 149 5 149 182 34 150 56 25 159 153 7 33 155 18 105 57 42 79 105 170 158 185 91 99 93 91 162 58 108 168 99 36 50 71 140
165 111 84 145 82 136 150 147 16 135 185 111 41 15 99 108 154 101 21 43 78 131 110 10 145 84 2 181 25 189 100 123 14 110 113 42 144 66 33 161 26 186 180 157 108 139 150 116 3 15 106 71 147 154 16 103 43 26 26 64 20 169 5 36 84 187 19 77 43 35 94 31 131 132 75 62 109 137 50 168 185 3 81 140 62 10 13 109 160 132 165 30 174 40 123 81 84 142 151 16 149 10 164 185 178 51 160 88 122 87 167 35 33 167 2 3 163 181 73 23 16 3 135 62 23 70 153 111 26 96 168 136 99 110 95 47 157 183 184 40 178 117 102 47 19 79 34 39 138 92 148 151 49 115 1 126 2 163 162 151 55 57 154 29 94 26 162 162 135 130 34 110 150 51 150 146 3 173 1 162 170 37 140 60 2 167 108 178 19 145 79 133 3 62 32 74 167 146 22 115 135 116 170 75 149 9 155 71 95 179 19 127 69 16 113 53 7 96 138 10 147 63 97 109 141 184 156 172 160 153 118 182 16 107 60 187 189 38 138 126 58 37 32 58 179 53 19 70 22 146 63 180 133 21 149 44 59 93 34 150 56 25 69 66 54 33 155 177 59 116 93 69 17 31 158 185 33 99 93 91 162 45 108 5 145 14 50 143 140
140 102
43 2 80 74 31 51 48 12 101 8 78 80 71 12 29 83 74 1 20 16 75 51 49 77 3 24 71 35 26 27 68 42 60 101 11 91 36 99 17 88 93 21 63 92 68 41 33 10 26 96 10 20 69 45 28 10 57 87 80 87 17 79 101 39 24 18 21 97 25 94 4 44 94 1 92 51 92 13 24 22 24 73 36 29 18 80 12 93 71 13 78 83 31 24 7 63 12 97 71 69 64 5 97 91 68 55 9 24 24 58 34 68 72 60 30 97 14 1 26 77 51 50 38 80 25 46 36 88 65 49 68 61 61 26 25 25 10 46 22 75
43 57 33 74 102 13 23 12 92 10 7 83 51 12 60 83 74 76 70 30 68 88 49 102 59 23 71 35 78 27 68 42 17 101 11 91 73 40 17 33 59 5 54 92 68 41 81 86 26 76 77 25 42 99 81 10 58 9 34 87 8 1 29 39 24 94 83 30 62 94 4 99 77 1 92 51 90 57 102 79 34 73 22 15 18 80 57 85 14 13 78 87 31 60 45 63 12 12 14 34 100 62 38 29 29 55 9 85 35 8 34 23 93 60 30 86 14 88 80 63 83 50 83 43 31 65 36 88 65 49 93 61 61 91 25 25 10 46 62 9
272 187
109 86 37 154 70 25 114 175 31 25 20 122 12 2 3 84 64 124 176 50 148 181 37 107 55 27 103 63 156 156 160 113 107 20 97 159 9 29 27 113 62 14 179 8 128 65 53 3 109 99 20 90 165 130 1 102 10 13 117 38 180 6 89 42 167 73 163 147 135 65 1 59 163 109 44 54 178 136 110 97 19 186 83 135 4 95 76 166 17 166 49 138 147 148 58 184 11 135 148 124 184 60 120 104 87 179 122 98 116 7 52 53 19 172 187 97 105 162 132 167 175 72 94 36 20 39 103 40 11 117 55 86 54 159 130 41 46 34 165 109 30 123 158 47 125 83 180 125 145 172 87 64 30 69 138 8 135 167 99 76 28 35 106 123 125 72 106 8 47 175 24 94 166 114 163 93 21 150 53 162 129 135 102 89 125 106 130 21 114 138 143 81 2 113 23 40 7 49 13 76 49 98 2 98 150 172 163 106 147 130 17 5 19 123 73 81 122 43 111 67 184 80 5 3 87 22 59 20 2 145 33 92 58 110 50 161 74 16 104 83 47 90 35 95 113 4 54 57 21 87 101 120 134 45 84 121 112 91 118 77 65 169 26 154 114 131 1 135 14 63 33 125
109 63 37 57 70 161 114 145 22 65 71 122 12 2 145 36 149 124 8 17 47 122 37 107 53 27 103 63 51 164 150 150 24 187 157 77 9 98 140 113 62 14 179 8 131 66 47 3 109 168 20 175 72 130 164 102 10 13 117 149 180 6 122 56 129 132 19 40 130 120 53 123 163 1 44 146 178 96 110 102 155 186 1 135 182 105 76 166 17 166 49 82 147 40 73 115 62 149 47 27 98 60 184 77 87 55 122 161 119 7 162 78 86 172 187 97 39 162 132 133 75 107 77 15 81 39 52 40 143 117 160 155 54 159 58 84 133 34 1 109 34 123 148 172 136 86 14 32 46 153 84 5 150 147 138 8 135 131 99 76 28 174 106 179 125 46 166 8 170 106 99 94 166 90 114 34 18 150 138 58 40 135 102 181 125 170 130 113 182 63 35 81 2 170 43 40 7 144 18 84 40 104 2 69 18 93 85 28 77 30 60 168 19 92 73 81 29 43 111 158 184 139 182 156 132 22 138 159 171 27 33 117 126 110 165 81 89 16 17 129 140 90 133 89 113 20 54 57 21 49 101 74 134 54 84 121 112 91 121 77 28 158 26 154 114 131 46 169 92 68 33 125
121 282
230 103 147 233 105 211 86 230 144 275 139 172 231 6 174 119 5 107 50 133 50 192 248 56 177 144 6 64 106 66 14 222 20 235 64 76 53 59 194 142 243 278 216 272 147 114 197 21 263 2 78 214 239 228 95 127 161 208 202 125 161 172 245 95 139 47 23 274 271 22 196 246 88 14 37 124 148 233 213 106 16 13 82 83 31 88 121 107 17 252 51 207 39 69 278 63 61 90 80 223 207 111 236 106 189 93 111 245 160 181 39 26 198 42 220 96 80 137 6 31 73
230 263 147 179 105 25 111 25 58 172 139 172 111 6 265 80 274 107 116 133 137 49 213 56 139 112 6 203 106 209 228 68 20 14 64 127 228 115 181 45 75 30 271 150 147 46 147 196 263 51 22 51 94 228 95 113 123 118 148 1 254 56 237 207 224 179 268 168 271 46 196 39 207 199 230 124 282 233 53 106 221 13 205 25 31 275 121 206 259 252 51 221 264 69 278 115 242 90 80 277 200 111 236 106 104 15 111 190 70 101 39 26 252 42 220 96 173 94 6 82 73
125 153
118 153 13 120 20 92 38 83 103 142 102 66 6 58 121 72 44 57 11 37 4 69 113 88 136 55 49 49 95 96 48 42 2 93 69 153 52 31 18 93 74 132 150 58 53 60 73 25 22 1 85 99 33 80 81 133 14 103 44 100 102 83 68 95 31 21 23 74 29 45 88 138 128 38 87 84 134 50 67 114 67 56 15 24 110 8 13 108 97 94 64 106 57 30 102 35 34 102 64 141 118 6 41 37 56 83 38 102 58 147 38 103 87 144 33 86 12 125 112 45 56 88 87 49 75
118 146 102 120 86 61 38 83 44 142 102 66 6 58 107 147 44 81 67 50 4 83 113 8 145 55 72 49 76 6 113 42 50 93 121 11 94 22 65 93 127 128 150 58 146 60 82 25 22 1 85 28 143 35 83 133 57 103 51 100 102 56 68 95 55 11 152 19 29 10 3 138 61 38 72 140 97 75 2 16 77 148 15 24 82 141 111 67 29 50 152 115 57 30 88 10 77 115 64 74 5 32 70 113 12 83 77 94 133 135 118 3 1 144 33 29 122 117 21 59 41 88 137 46 75
234 178
3 104 86 37 35 100 172 29 49 19 174 172 4 147 132 99 154 1 176 153 11 116 131 71 15 65 168 31 73 105 34 167 125 148 67 162 43 138 152 155 159 23 102 156 165 131 6 177 175 116 6 91 160 41 171 150 24 120 21 159 65 46 98 91 111 112 52 54 4 37 67 154 51 147 172 70 66 147 7 114 2 118 96 15 155 144 14 34 150 11 92 134 3 70 33 139 174 19 83 133 117 148 116 86 129 2 116 3 72 119 126 103 153 165 133 1 48 136 163 36 42 17 105 43 101 87 142 82 144 173 152 11 128 109 103 38 1 127 52 100 146 49 34 100 49 159 8 63 47 5 16 118 65 88 88 7 94 176 91 120 115 54 53 48 30 30 153 128 122 170 97 36 23 22 73 175 129 72 41 26 94 143 168 38 150 8 98 68 64 161 14 149 100 13 43 140 177 140 29 114 91 37 116 47 13 50 172 144 140 22 172 140 14 19 62 11 47 151 169 46 59 160 172 104 86 35 3 98 159 44 142 103 120 45
3 149 121 37 35 114 149 15 49 19 177 56 124 147 151 99 10 34 34 106 23 116 100 71 26 65 55 31 73 105 34 44 125 48 32 113 43 1 11 155 49 23 36 92 165 128 12 122 175 37 99 91 53 41 171 150 1 68 21 161 74 46 98 47 152 52 101 57 4 177 67 54 51 109 20 164 66 147 7 158 79 110 92 15 112 144 84 157 28 65 130 134 130 70 169 159 51 24 43 126 162 30 165 161 115 88 147 120 72 119 70 148 120 165 147 135 98 136 154 95 42 17 105 43 101 24 142 77 144 173 89 34 128 109 103 172 86 147 52 100 103 32 166 100 55 124 8 172 111 33 132 118 148 90 88 117 67 10 58 120 177 164 53 108 63 176 35 97 122 149 97 151 125 14 73 81 24 72 41 26 94 169 14 127 38 8 98 68 41 73 14 127 57 110 43 50 58 102 139 98 156 61 5 159 13 50 21 78 162 22 20 140 27 58 177 35 97 171 169 121 59 104 96 30 175 35 153 16 159 44 146 103 120 45
255 118
71 63 20 62 99 88 20 4 52 51 46 31 25 116 114 99 51 40 51 96 75 21 7 22 2 83 60 54 7 18 94 11 44 18 93 49 109 59 108 117 109 108 72 106 60 17 69 31 89 97 64 113 107 45 62 51 61 66 55 24 21 10 102 49 79 74 35 17 20 103 103 101 100 99 91 80 41 42 51 102 23 91 72 57 84 27 45 21 42 71 115 91 110 9 88 82 66 16 76 55 71 26 73 99 12 108 6 111 73 10 10 96 94 86 30 41 99 30 88 22 44 28 55 98 30 110 103 18 17 100 70 8 106 35 46 3 25 81 21 106 87 49 9 109 45 63 46 27 92 33 7 27 53 35 46 86 113 38 41 61 16 17 24 74 89 77 111 1 98 6 16 100 98 42 69 83 98 3 40 28 24 114 110 32 77 21 66 71 18 88 77 113 19 91 106 88 25 103 54 31 86 15 103 103 15 97 60 100 76 1 77 67 84 56 28 30 100 49 20 25 109 25 40 16 74 96 40 12 70 73 13 62 70 26 8 19 24 118 26 25 18 47 34 109 87 6 43 18 10 88 78 6 62 102 9
71 118 39 62 41 56 62 75 52 104 46 61 117 23 114 99 51 12 51 72 56 104 7 22 2 65 118 109 7 18 96 39 44 18 93 49 24 84 35 77 22 108 73 106 21 3 69 89 52 72 64 24 15 45 111 51 61 66 107 24 57 10 13 69 109 52 46 97 24 91 47 101 100 99 113 56 41 96 51 80 93 91 35 10 88 27 45 21 28 100 115 37 110 9 88 47 85 36 76 84 71 33 50 99 94 90 35 111 73 41 30 75 67 21 20 104 117 108 88 10 97 28 55 34 30 2 33 18 13 105 40 8 63 35 46 3 47 50 3 100 21 113 9 109 102 63 53 100 92 33 7 27 71 4 93 86 113 44 19 96 16 102 43 74 53 77 111 1 60 27 16 28 98 42 25 20 8 3 6 79 18 49 110 32 77 48 66 71 18 65 98 33 19 10 97 93 8 53 2 33 57 15 47 63 107 97 60 54 76 11 22 67 7 30 101 72 8 49 48 80 98 42 40 81 8 67 46 37 4 81 77 69 26 116 8 26 50 118 26 25 114 47 21 15 103 6 43 16 93 33 14 6 117 112 70
122 172
15 153 5 153 81 47 25 2 88 159 18 155 152 56 11 75 48 41 134 32 112 169 167 138 164 61 10 130 139 168 146 19 19 64 171 17 33 35 120 157 55 169 152 139 111 153 95 135 12 106 110 70 42 14 37 158 96 158 154 77 151 45 94 147 144 114 111 121 148 154 154 73 48 32 9 144 161 130 162 25 154 148 114 40 6 91 11 131 78 23 160 111 34 153 143 148 71 72 90 129 85 96 109 83 100 70 138 79 20 82 16 31 149 55 27 102 32 161 166 132 140 24
15 153 118 153 169 47 140 2 76 159 48 155 152 140 11 75 48 115 31 150 40 169 167 27 145 61 113 108 33 33 33 153 172 64 171 17 103 110 29 5 55 169 152 139 94 84 168 2 159 106 29 165 170 17 146 61 60 158 118 77 148 45 94 126 147 46 111 121 14 165 140 104 32 136 9 95 161 130 53 121 155 130 11 40 35 73 35 19 93 23 160 111 34 153 8 148 71 114 90 31 53 85 132 83 100 70 138 84 127 87 16 11 154 23 27 4 63 34 166 118 140 93
251 221
54 107 155 182 8 90 91 4 136 150 139 133 130 215 61 92 141 201 135 56 49 170 28 63 58 219 176 53 14 9 70 109 120 121 126 74 146 206 205 115 146 149 40 181 109 106 6 113 130 168 71 116 23 37 108 132 35 109 62 188 105 70 147 50 84 118 46 26 142 194 48 92 21 62 186 62 7 116 210 114 92 32 34 157 70 157 160 140 52 15 118 64 63 14 128 212 111 214 189 71 31 118 128 194 18 24 18 147 174 33 6 15 9 198 81 197 9 119 186 98 179 193 60 85 52 28 42 81 81 90 141 36 2 99 9 7 130 79 150 164 20 155 73 210 1 69 106 30 33 46 95 134 164 64 113 146 164 98 91 207 25 59 117 186 133 9 171 184 71 206 140 26 32 34 108 38 77 37 193 114 83 162 183 122 97 82 16 201 91 128 131 69 15 82 39 62 167 42 12 103 61 151 202 28 91 92 146 65 203 158 200 1 84 101 81 51 57 46 20 74 139 133 151 219 167 220 25 164 56 128 209 9 125 173 131 40 62 78 60 120 214 113 80 50 183 80 53 117 88 92 202
54 64 194 182 130 136 147 138 139 112 131 133 146 215 166 189 139 201 177 90 49 100 18 44 15 174 32 200 14 130 88 148 120 121 126 187 146 177 213 115 114 124 64 137 109 106 26 113 130 199 93 116 211 37 170 69 35 59 33 142 105 61 187 166 55 118 145 26 21 69 48 4 169 16 83 171 7 45 189 186 200 32 34 157 70 121 160 30 164 106 80 64 165 14 187 102 168 214 117 71 104 152 123 194 18 24 206 147 174 20 92 45 56 124 27 197 41 119 208 133 179 193 87 38 195 131 210 35 131 63 31 158 212 99 200 192 209 104 150 164 20 155 73 210 27 69 106 72 33 109 106 134 219 183 113 174 54 98 91 166 25 59 79 23 133 165 2 103 112 96 140 26 87 117 131 38 189 37 221 68 153 173 90 122 29 82 130 201 9 128 82 144 15 183 39 70 34 16 6 145 81 108 202 60 163 40 146 65 178 158 135 196 84 160 81 38 17 2 20 74 139 192 151 219 162 103 25 193 76 43 41 102 167 146 131 92 218 169 204 38 107 75 190 50 207 80 104 117 30 92 17
115 286
246 12 128 186 225 107 6 167 229 123 4 113 223 58 219 157 215 182 202 55 231 99 144 95 127 222 241 19 107 103 72 214 75 111 15 68 135 63 182 233 48 93 174 25 10 273 230 285 201 49 122 43 247 140 238 234 26 206 217 34 87 266 32 272 185 107 183 202 238 169 191 55 36 45 232 79 173 137 213 255 31 42 167 181 46 243 220 213 106 22 135 95 236 149 126 97 224 104 67 286 282 34 286 226 63 91 217 226 80 124 189 120 44 254 22
270 200 173 118 220 4 6 61 96 123 8 195 198 110 219 157 215 245 202 56 78 203 273 37 36 222 241 19 134 192 5 265 178 32 214 68 68 63 234 63 48 93 72 105 100 228 230 249 108 257 171 231 37 271 238 47 26 20 217 34 21 266 32 272 236 91 168 202 238 140 255 55 36 42 232 47 173 137 157 255 31 71 7 35 78 198 102 213 142 22 241 206 236 149 126 281 224 157 266 57 282 129 286 273 63 91 217 226 80 124 65 73 28 254 41
212 182
104 47 171 104 81 62 120 108 21 67 26 97 71 173 116 94 143 182 91 81 86 152 28 107 85 71 165 156 140 57 25 74 90 59 113 2 42 76 64 138 169 176 150 181 63 137 162 164 23 55 31 151 29 36 54 67 87 14 178 139 129 160 93 71 149 120 1 181 2 136 103 179 20 71 182 121 171 94 140 163 56 91 157 173 64 161 25 163 131 122 173 161 29 96 119 119 87 92 132 128 167 34 147 86 123 175 45 105 47 39 154 62 154 111 23 84 36 134 96 117 152 176 124 171 74 101 44 62 137 141 128 156 95 13 69 127 174 20 160 27 45 38 90 69 55 49 92 102 145 21 21 22 146 64 122 112 2 59 113 60 11 174 131 160 134 90 137 113 136 63 91 73 128 162 156 70 169 53 62 59 49 9 168 139 180 132 68 123 9 178 60 111 71 53 25 126 44 179 106 171 18 156 140 153 176 99 133 23 135 98 18 49
104 83 5 180 117 180 148 154 21 106 62 97 71 173 116 4 23 182 91 54 75 156 28 179 51 1 55 179 52 57 76 74 165 59 5 86 91 44 64 138 65 100 89 46 163 70 160 19 85 98 114 151 29 36 13 67 87 54 178 139 39 28 133 15 95 120 64 181 18 2 103 179 176 71 120 121 156 94 175 44 97 83 20 146 64 45 86 73 108 76 80 127 29 96 161 57 95 149 107 128 114 147 147 129 116 26 80 149 143 10 154 62 177 131 30 84 138 50 96 21 125 176 124 171 74 101 44 153 75 148 161 180 95 26 132 115 82 36 160 124 41 38 36 121 55 168 40 152 145 21 21 22 146 123 122 128 2 73 113 60 181 174 175 160 134 56 137 91 144 100 91 15 128 131 156 70 147 153 25 99 12 59 158 5 19 148 32 158 86 178 117 111 160 53 25 25 44 125 54 115 18 140 140 153 128 16 58 23 38 36 18 49
243 175
72 16 32 161 71 129 104 163 53 72 86 120 72 130 166 62 162 129 110 120 18 69 36 134 129 77 4 165 71 51 35 163 112 109 75 81 124 37 113 98 164 141 161 65 104 11 47 66 44 68 52 16 103 51 17 99 47 159 122 134 81 74 83 48 24 74 37 99 154 122 87 75 53 67 93 58 105 155 174 129 112 86 123 6 5 74 152 115 67 101 68 162 12 44 55 121 130 41 162 5 84 172 149 91 129 136 164 15 173 139 2 146 17 59 109 46 76 95 19 50 23 71 116 120 75 77 86 142 101 39 94 110 7 44 142 13 73 88 108 99 29 135 145 134 54 143 65 71 109 37 58 110 146 158 75 56 135 5 148 126 7 108 156 65 53 131 156 75 107 13 121 151 82 128 14 163 10 76 45 73 164 59 79 60 34 143 38 12 76 12 47 63 99 86 36 92 113 85 88 76 152 127 80 147 43 113 152 64 61 51 151 25 46 44 169 4 147 174 95 17 29 148 58 133 17 56 112 38 167 114 125 23 65 156 87 14 175 46 19 28 119 99 168
12 16 136 57 145 64 7 163 38 72 86 120 51 130 66 28 162 129 94 63 18 11 46 36 108 77 4 165 26 82 160 163 10 109 75 81 99 131 41 84 164 69 135 119 74 11 172 166 96 35 72 68 103 51 2 99 47 159 18 133 81 117 83 114 7 154 37 99 132 122 134 45 94 67 137 7 89 174 174 129 76 53 123 6 164 162 80 146 78 137 39 131 12 114 55 54 5 41 9 11 84 117 149 88 135 136 102 57 140 130 171 146 148 59 109 172 11 120 103 59 164 59 116 68 88 164 143 96 101 155 94 148 53 84 134 13 70 16 54 100 29 135 33 101 74 40 130 71 109 118 31 110 73 158 80 108 13 104 48 25 44 109 58 147 27 131 156 75 110 159 121 115 17 128 85 163 129 169 62 73 105 112 79 60 34 15 38 12 38 175 126 63 99 101 30 154 44 100 65 76 152 70 67 36 80 171 12 9 40 68 52 73 46 119 77 4 45 123 95 17 111 148 147 133 17 56 112 38 157 114 65 23 65 108 24 14 37 126 19 28 119 149 10
116 239
239 132 223 143 28 137 59 99 110 37 26 223 81 153 132 66 154 13 148 51 42 100 81 124 121 49 167 82 82 122 140 225 6 237 57 61 211 213 151 76 119 112 23 218 126 208 143 178 189 54 16 135 36 89 57 101 58 153 7 238 94 168 52 235 75 99 71 179 203 192 139 26 37 64 149 173 230 47 25 181 184 111 149 203 66 183 69 63 218 115 189 121 103 126 29 66 76 16 15 128 36 100 53 227 14 145 116 15 215 138 217 120 48 28 209 210
239 132 223 105 28 137 59 184 109 189 144 236 140 153 132 123 154 137 57 36 42 100 68 132 121 23 213 82 82 84 140 87 95 237 94 62 211 213 12 31 183 112 23 234 177 208 90 71 123 54 119 150 217 105 27 38 58 226 7 238 94 210 52 235 75 108 152 122 203 104 212 26 129 66 149 202 230 125 25 214 30 111 149 81 172 183 141 63 113 115 189 190 130 152 114 66 172 16 132 187 105 189 53 118 126 145 116 15 215 69 217 120 121 28 5 210
201 140
86 101 103 138 65 93 81 85 91 27 82 11 48 117 121 122 52 4 124 16 32 70 95 27 55 82 29 94 84 114 6 57 23 17 8 113 27 107 49 40 110 137 6 54 108 39 73 10 49 80 86 124 3 102 72 109 64 42 100 45 43 65 26 54 109 85 82 60 128 45 40 99 24 45 30 81 45 55 48 99 12 87 97 102 36 70 77 101 98 43 92 37 117 67 55 42 94 129 91 134 73 33 1 5 15 62 118 45 137 34 30 4 10 139 61 42 31 86 102 29 132 10 85 42 104 104 18 89 118 130 128 9 1 123 79 116 33 107 58 49 44 28 78 71 9 114 79 128 104 8 32 134 85 91 15 105 10 98 25 126 116 32 92 50 22 139 46 60 139 132 86 139 58 33 29 79 65 32 16 41 90 64 2 34 14 63 120 102 14 110 24 51 118 72 6 69 127 5 138 87 113
69 101 103 138 32 65 81 85 35 27 82 37 3 117 99 122 52 4 101 16 108 99 70 27 55 82 56 15 84 114 81 57 85 32 55 60 27 107 49 52 138 104 6 32 109 98 73 61 49 103 86 38 140 105 72 109 35 42 107 9 16 122 80 54 109 85 80 67 124 19 36 6 11 18 30 81 40 55 75 99 49 11 47 102 134 6 107 129 79 43 116 37 81 56 55 72 101 8 52 134 73 33 112 63 47 62 118 45 60 7 30 4 123 139 61 39 39 82 134 49 123 10 124 42 104 104 106 107 118 89 128 124 1 134 82 116 51 90 72 47 34 110 78 14 129 127 139 128 137 64 22 113 85 91 115 105 10 99 14 128 115 32 33 106 106 139 46 60 139 93 79 85 58 37 1 97 65 32 73 115 130 89 136 27 14 63 120 102 15 80 98 34 118 111 6 17 122 54 76 56 113
218 102
62 46 17 16 24 23 35 102 64 30 13 25 5 78 35 9 5 57 5 61 87 91 82 17 58 40 97 72 99 27 96 78 90 7 27 35 59 98 22 99 32 93 58 5 70 67 84 46 41 59 54 55 86 79 90 50 5 43 60 86 34 40 26 102 80 42 35 72 53 43 50 50 45 19 52 49 46 14 1 37 17 31 96 53 55 68 34 59 58 57 72 79 18 64 70 67 23 17 59 73 80 78 88 42 75 40 30 8 43 55 52 76 56 79 61 88 4 70 27 101 55 37 54 86 90 48 39 25 83 85 25 5 98 58 20 100 41 26 84 87 73 41 17 68 65 72 37 40 97 18 57 69 92 7 82 2 59 18 1 21 23 59 84 74 41 52 63 43 98 88 72 92 8 38 49 100 25 45 22 87 18 16 72 59 25 93 50 12 20 101 97 94 44 19 7 33 1 46 13 24 55 88 37 6 34 31 91 5 79 98 94 33 55 70 88 2 4 89
89 24 32 51 62 59 35 96 64 57 4 80 6 6 29 61 15 38 5 61 93 91 82 91 58 10 97 20 50 99 96 78 21 50 11 79 71 98 39 99 32 93 102 69 29 67 84 46 4 54 68 82 86 77 29 91 60 21 60 13 52 87 70 23 102 42 35 61 46 35 50 50 82 92 72 6 66 47 67 48 17 31 32 53 44 32 47 97 25 19 84 83 18 10 70 54 48 17 59 73 72 39 88 42 75 81 72 70 43 55 52 81 97 70 61 2 63 45 27 101 28 7 54 58 90 46 86 25 62 68 29 40 98 16 44 35 15 60 84 87 73 41 91 68 30 72 49 55 60 18 11 19 83 7 82 50 28 16 1 21 94 59 56 24 7 52 63 43 46 88 34 92 8 35 49 93 25 45 22 87 38 35 72 39 25 87 40 81 82 101 25 75 72 19 57 99 77 46 13 24 99 75 47 6 92 41 91 8 78 71 10 81 55 70 31 88 4 89
254 285
226 174 80 162 101 153 38 11 177 172 30 270 186 210 227 199 263 250 125 192 67 274 247 247 249 68 75 85 228 185 183 178 138 203 64 38 105 199 82 102 81 166 71 184 136 154 163 57 173 171 270 71 19 247 233 7 236 139 8 21 145 159 242 143 267 200 126 26 155 256 224 153 264 204 177 280 34 246 85 209 8 284 231 120 167 228 87 213 223 98 172 176 26 160 208 175 189 284 91 277 112 96 186 125 260 4 217 131 88 193 229 163 248 77 11 55 7 170 95 24 53 21 148 175 9 237 245 244 145 54 21 225 104 216 268 189 100 157 276 43 197 110 266 195 180 16 263 76 164 264 264 82 159 93 12 168 239 278 141 63 155 225 138 244 56 236 104 104 35 82 159 30 6 194 268 144 76 256 277 128 272 200 65 144 20 77 52 124 199 25 176 223 191 124 71 144 241 150 11 47 175 140 195 163 231 208 42 211 6 250 279 46 14 10 35 205 29 68 27 282 261 250 195 179 7 169 167 24 9 199 191 262 188 180 31 249 156 141 211 90 119 13 187 178 254 192 81 107 234 19 186 255 272 235
5 174 80 162 66 229 254 105 177 264 30 268 186 210 227 18 263 250 258 128 275 274 247 91 249 68 75 227 14 167 22 9 158 239 215 38 16 199 88 102 194 166 31 184 165 228 130 57 182 119 140 71 12 247 102 7 236 88 4 21 178 55 242 143 196 130 184 26 149 256 224 120 269 204 193 247 8 283 85 209 248 284 231 156 155 202 87 213 160 210 121 176 26 125 33 175 105 240 21 179 165 96 7 159 104 212 173 131 116 193 134 140 248 243 265 55 131 201 66 269 58 223 227 175 116 172 245 39 145 54 207 225 104 216 268 186 274 157 183 43 282 145 266 195 173 279 263 134 164 144 28 82 163 93 90 168 239 278 136 182 155 258 138 244 56 96 68 207 35 82 270 30 2 117 247 144 76 27 277 155 272 11 217 80 49 210 50 124 259 47 176 223 265 252 150 140 241 139 137 180 79 140 110 120 231 232 44 255 117 70 283 46 276 81 4 256 29 68 211 282 117 250 256 179 169 148 1 25 50 199 84 243 22 134 31 101 136 177 211 111 223 24 273 178 254 131 187 107 234 179 186 255 272 79
129 153
119 7 37 79 69 41 99 111 121 102 20 28 18 114 114 77 73 37 109 148 42 79 6 110 24 119 69 40 142 20 73 40 123 16 30 85 138 24 132 144 116 112 115 88 13 52 42 55 63 19 57 90 33 90 151 132 75 83 100 79 145 133 10 96 14 134 119 125 86 58 57 117 72 95 106 146 132 23 126 139 106 62 89 101 6 118 125 33 25 131 10 122 11 90 106 95 132 43 97 64 130 81 16 9 30 108 90 93 72 88 45 63 2 17 103 124 124 24 142 43 44 102 94 146 21 142 91 74 17
119 7 152 17 69 6 99 121 8 1 20 127 93 114 32 96 73 133 151 72 42 69 20 150 41 118 69 40 53 20 4 101 123 97 114 85 138 93 132 13 93 17 95 88 13 52 42 33 63 112 12 70 112 90 151 131 53 83 100 65 140 133 92 70 139 89 31 87 86 58 153 117 141 95 105 61 66 57 70 139 91 61 123 101 93 118 138 134 43 130 152 110 78 90 106 14 132 43 3 144 53 9 35 9 30 78 90 93 102 88 54 63 127 17 103 128 124 91 72 116 22 102 146 48 68 152 113 21 17
103 187
98 114 72 140 180 127 4 100 150 136 82 68 77 56 70 106 43 74 7 48 53 50 103 178 23 174 90 152 34 4 176 88 71 95 131 136 89 17 124 40 136 167 34 50 153 17 11 75 99 151 88 16 92 173 131 83 37 109 143 23 38 24 76 27 134 10 119 149 6 168 80 24 65 113 170 144 68 76 12 71 57 131 15 87 182 44 117 63 52 55 183 38 106 26 163 187 120 150 46 121 106 177 120
33 38 166 140 163 127 4 152 149 164 91 48 130 137 171 131 43 44 7 75 53 88 34 47 8 174 141 73 34 4 141 161 71 56 136 136 89 17 124 40 136 90 14 50 130 17 164 150 124 115 68 186 92 44 131 83 57 174 98 183 38 3 76 127 134 172 56 39 18 187 8 179 4 113 157 74 68 145 19 3 107 131 15 140 107 44 182 63 52 182 117 38 142 147 86 159 85 150 32 121 106 177 120
211 245
73 146 223 140 88 126 45 134 16 107 102 188 113 105 93 22 204 143 47 185 141 99 189 4 24 228 242 72 187 7 160 173 226 132 38 83 18 232 15 9 10 189 201 225 189 51 61 237 216 47 5 28 156 226 165 41 210 188 218 48 135 58 225 161 85 174 171 131 81 48 53 205 59 41 52 17 7 29 206 220 64 152 69 104 19 222 72 214 124 86 229 117 10 71 84 173 239 74 121 167 19 223 2 245 54 164 154 216 73 168 232 105 127 29 61 125 149 112 34 41 63 217 50 68 212 12 62 217 19 39 206 151 13 194 207 14 97 191 17 243 28 40 84 88 178 154 146 217 161 102 215 78 98 45 137 31 45 97 67 194 181 210 169 68 184 168 109 100 63 43 71 37 140 56 16 150 50 112 242 64 36 138 205 220 239 236 127 177 100 83 118 149 34 225 165 31 244 61 106 24 131 79 136 189 196 24 51 44 51 61 8
28 191 176 140 184 136 133 23 81 128 112 223 81 105 56 97 102 45 47 185 56 150 189 50 57 228 56 72 187 7 128 33 202 48 5 83 145 151 162 9 182 33 106 56 227 51 61 237 117 110 161 38 94 226 165 41 210 70 131 29 93 58 191 161 46 239 139 127 81 48 212 157 237 41 52 17 7 60 206 69 208 34 140 104 172 167 39 214 124 86 107 13 2 71 178 134 8 190 210 15 19 223 84 136 54 104 142 59 90 124 173 105 127 111 156 125 146 70 67 46 195 217 45 22 12 116 24 217 176 224 206 151 13 194 60 14 164 115 17 128 28 105 84 118 138 154 10 38 161 20 108 214 58 45 134 31 28 195 67 194 100 210 84 218 184 168 236 130 65 187 158 37 102 72 182 62 171 197 184 190 36 151 82 168 179 110 43 227 100 62 118 213 146 225 165 31 115 56 67 29 131 104 136 57 55 24 51 110 199 61 8
204 152
5 136 40 70 127 45 116 134 126 118 105 19 148 134 106 73 18 100 41 114 152 52 83 14 28 67 42 61 149 143 101 18 87 63 54 31 97 78 121 111 80 13 85 74 149 61 90 144 47 15 122 14 33 87 22 104 4 26 146 58 56 3 135 98 124 25 59 58 65 97 149 117 50 115 135 86 60 116 15 86 9 31 2 90 56 123 149 151 33 106 72 6 47 55 64 142 114 39 14 143 78 47 87 145 31 99 75 69 95 46 141 107 144 140 38 69 35 56 42 76 81 82 3 90 62 147 143 27 47 77 58 139 25 32 74 27 18 42 55 12 82 43 128 55 125 57 19 123 99 63 104 100 18 89 92 75 11 126 10 17 7 100 72 33 48 120 68 30 97 75 72 33 63 90 69 144 116 37 35 29 6 98 149 137 113 80 70 95 90 106 77 138 59 46 3 67 81 128 12 20 140 64 12 45
111 127 152 70 127 5 116 5 126 118 124 19 148 134 39 73 116 3 51 114 152 5 83 85 128 13 41 94 149 37 36 146 97 60 54 83 97 128 132 103 35 13 14 44 59 17 5 37 78 15 24 95 33 15 49 104 136 26 146 58 88 3 43 98 124 25 39 68 65 48 149 35 26 4 135 86 57 83 82 86 9 71 90 137 56 123 149 151 69 106 135 76 83 55 15 48 83 5 83 143 98 66 62 117 152 99 77 124 137 46 141 118 144 46 38 149 35 75 42 144 143 97 3 90 62 147 120 145 88 27 58 148 35 32 74 27 126 42 55 36 39 144 8 55 70 57 113 123 99 63 105 100 60 91 92 37 71 126 10 17 7 100 22 72 33 120 68 30 152 131 72 60 122 111 69 29 140 22 35 41 17 98 108 135 113 80 102 151 8 82 20 138 130 46 81 127 81 128 123 20 125 143 8 45
243 171
133 12 32 52 113 25 114 86 42 130 163 146 171 7 84 14 13 17 23 137 76 9 13 109 67 125 134 15 119 50 83 21 52 43 54 47 61 138 88 20 118 149 11 59 68 49 87 72 47 42 123 15 144 50 47 46 37 116 133 86 71 49 60 108 54 51 157 161 167 14 81 149 23 48 81 77 51 60 89 99 171 61 3 60 162 34 1 156 18 165 124 10 65 51 21 153 80 3 69 1 92 103 28 43 168 147 23 94 140 10 113 131 26 59 16 37 97 13 145 51 28 124 91 113 114 103 9 64 153 97 96 70 61 83 145 45 2 50 15 25 75 43 55 81 20 64 146 46 32 95 151 135 64 133 103 78 89 156 134 15 26 56 67 103 86 114 104 61 110 9 121 101 10 133 105 5 109 102 38 62 124 167 114 13 138 69 62 28 119 34 48 134 88 149 147 71 88 124 57 142 30 64 138 60 167 162 158 11 63 77 12 106 153 103 36 7 92 61 16 4 11 156 29 24 25 73 126 87 65 7 115 96 75 110 167 9 98 144 59 50 44 63 169
148 12 14 52 159 63 60 126 53 83 154 169 154 70 84 93 76 54 23 99 76 127 68 4 12 57 112 66 95 106 84 21 86 43 86 71 153 138 104 20 118 123 11 118 68 49 70 65 153 42 101 15 6 81 47 165 31 116 133 86 118 49 99 108 38 51 142 161 167 14 60 47 23 48 84 146 97 60 122 43 31 93 93 45 162 156 98 156 3 165 124 10 112 17 107 153 29 157 69 162 45 103 29 43 168 147 23 52 130 139 168 43 26 26 131 6 10 143 145 51 126 137 154 23 114 3 10 119 153 97 81 70 61 108 144 115 168 73 86 87 75 43 41 81 137 27 17 25 76 95 151 62 64 10 103 46 75 54 134 168 145 1 67 103 105 119 27 61 13 9 157 33 165 146 129 5 77 102 41 114 94 167 114 72 137 4 62 45 87 44 11 134 108 74 147 79 88 70 27 1 80 52 168 60 97 156 61 19 1 67 120 47 53 103 22 164 36 61 58 113 80 156 29 24 25 134 53 62 101 66 121 96 75 110 112 9 79 31 86 39 105 6 143
191 218
79 143 189 157 163 137 111 64 199 106 62 140 129 206 162 72 79 98 192 80 190 140 26 148 45 18 168 94 78 117 18 13 185 155 71 44 18 92 183 196 110 205 105 116 177 53 184 134 23 121 186 91 153 29 184 144 47 210 41 115 15 175 38 93 70 24 30 144 30 180 85 214 24 130 107 100 23 192 183 215 115 119 92 207 218 15 167 180 136 34 80 52 76 137 97 180 81 73 17 165 31 202 215 87 175 153 141 74 189 117 25 41 35 64 79 165 15 170 101 177 206 158 197 59 113 3 99 23 19 50 45 195 108 103 215 174 148 47 210 14 124 75 210 125 134 128 57 117 77 129 23 40 27 159 180 107 176 14 25 75 170 18 106 104 197 111 179 14 67 3 145 177 165 139 173 14 170 186 28 66 5 165 55 53 129 177 18 74 168 169 185
164 53 181 181 25 137 196 115 199 178 4 140 123 52 162 38 82 47 1 80 183 140 26 179 106 70 70 94 24 117 209 13 14 155 141 44 18 84 183 168 26 98 105 116 13 39 208 23 23 107 218 28 153 57 146 101 177 210 121 115 190 102 38 19 14 24 22 97 30 77 124 214 73 130 145 30 113 29 183 215 133 64 92 207 218 189 167 20 76 171 22 52 59 144 97 147 81 73 17 159 31 2 215 109 66 18 194 161 189 48 175 41 35 59 79 165 206 71 151 77 206 180 206 59 62 3 22 217 150 50 20 195 108 151 130 174 148 182 37 209 124 42 81 125 77 128 53 202 58 106 23 180 32 76 81 218 207 131 177 75 115 132 106 214 197 154 179 14 92 3 25 165 165 80 62 41 80 12 78 66 5 95 55 157 129 57 68 205 139 42 30
100 255
111 51 120 3 94 91 186 217 228 206 24 131 180 209 94 123 47 242 174 54 8 124 70 255 67 111 225 197 84 199 169 14 186 95 22 126 117 136 126 98 90 46 7 102 144 87 210 242 217 80 232 242 104 133 118 29 117 50 163 118 69 70 151 106 103 239 153 62 150 208 172 129 27 247 135 118 101 27 11 66 209 118 14 102 233 44 212 187 99 109 123 158 78 146 74 176 84 73 65 85
111 26 70 245 75 91 64 64 231 55 24 29 229 187 195 123 54 141 174 138 78 65 70 255 102 210 225 72 254 199 169 14 178 20 2 126 176 80 35 37 149 217 213 102 65 124 57 28 80 80 222 112 85 137 206 154 179 50 163 49 69 38 211 106 159 36 48 18 127 182 172 129 151 216 174 243 96 31 11 162 137 29 192 102 233 55 148 229 99 109 60 230 226 146 74 176 94 249 65 133
286 115
32 75 63 105 74 1 69 108 38 42 11 12 73 69 68 68 79 115 72 66 113 105 31 103 98 1 115 53 82 17 94 40 84 3 66 69 97 9 27 12 74 83 13 31 37 36 81 80 61 92 88 12 59 71 5 105 72 79 59 87 100 48 55 79 57 39 43 41 66 67 78 66 105 96 19 81 69 37 62 23 70 72 90 40 114 34 65 35 102 72 49 87 87 91 23 93 102 87 107 28 114 105 108 11 74 27 28 84 82 76 91 93 16 93 97 65 50 75 48 34 96 107 92 40 67 107 20 62 51 20 7 27 96 115 78 50 28 17 30 6 59 3 49 113 41 52 17 64 95 41 46 4 62 36 60 66 107 73 85 38 88 81 49 105 47 13 2 52 79 85 33 15 66 1 59 1 94 58 51 78 101 83 98 96 93 2 69 53 70 38 80 114 103 86 49 46 43 92 14 39 69 34 113 106 81 31 113 86 30 84 11 37 40 51 61 93 87 15 108 36 76 22 5 58 103 48 82 19 11 34 82 83 34 65 14 62 2 112 64 81 70 32 32 42 67 114 72 6 1 16 9 112 58 30 4 21 104 66 41 78 87 34 41 23 52 64 90 53 7 81 2 46 25 113 31 28 90 97 7 112 65 78 55 47 62 39
101 61 105 19 17 99 69 108 38 42 4 99 79 93 25 70 91 115 72 66 89 91 31 103 98 1 115 53 76 7 109 40 35 3 76 65 97 89 105 23 11 89 13 31 37 62 106 80 89 92 108 12 43 3 13 74 11 66 59 23 113 58 95 82 57 39 43 39 20 62 91 66 105 96 52 74 69 65 64 23 8 64 90 40 68 102 65 35 48 22 3 87 87 111 23 53 102 112 32 3 114 2 9 58 33 27 50 43 104 76 91 93 29 6 97 56 28 97 48 54 96 107 92 85 67 107 110 100 5 20 111 14 96 115 84 50 30 64 80 6 11 87 71 14 41 52 91 64 87 62 7 104 41 82 60 69 66 5 90 87 88 97 44 19 47 20 16 55 32 75 6 15 36 1 50 45 31 58 17 24 101 26 100 106 93 33 69 53 70 38 55 114 103 50 49 46 43 92 14 89 38 34 113 106 81 34 60 86 83 95 35 10 40 31 59 93 45 10 105 37 76 22 32 41 103 109 92 69 68 32 75 70 7 65 14 62 7 27 33 81 70 102 32 42 75 114 72 13 1 15 106 112 32 97 60 53 104 66 60 86 87 98 41 7 50 54 16 11 55 2 83 46 25 91 14 28 90 109 52 42 65 112 55 115 62 36
257 287
137 11 102 74 43 138 98 70 245 229 165 12 125 2 167 259 210 164 277 279 236 235 35 193 140 235 222 191 44 135 83 165 70 94 30 185 148 219 56 171 86 35 162 68 41 269 111 209 222 126 146 36 155 237 1 267 200 261 20 26 15 22 94 52 205 92 231 250 246 83 109 135 266 277 246 146 2 147 118 30 221 155 125 260 88 84 185 91 215 201 107 282 237 100 212 179 28 135 277 123 105 256 95 172 95 47 225 217 114 106 116 105 6 273 140 202 89 82 251 195 204 154 219 105 86 222 73 277 137 65 70 15 128 78 258 70 280 195 140 53 63 279 222 186 171 254 78 63 86 63 39 97 109 68 283 30 53 134 49 210 213 58 97 185 152 274 27 259 241 177 23 121 287 261 224 177 134 3 154 127 183 281 165 167 286 248 50 232 223 187 65 126 280 262 209 235 207 29 189 41 188 162 189 74 278 123 74 17 266 225 110 35 59 4 84 199 131 273 257 142 107 231 244 249 223 94 139 62 271 98 223 240 12 57 107 170 3 33 69 90 212 46 66 129 254 261 274 136 55 272 77 140 58 243 44 102 43
137 61 88 49 46 138 98 172 245 229 16 196 183 2 71 218 217 240 141 279 200 107 32 193 102 148 259 191 216 285 244 165 8 94 241 274 148 219 56 171 152 35 54 286 91 166 109 22 222 144 121 173 64 117 158 206 98 63 236 26 74 218 161 52 54 92 231 228 84 83 138 50 275 4 246 177 2 146 65 30 163 155 197 260 186 110 185 92 75 98 107 59 222 100 1 33 283 202 277 192 208 237 200 157 258 23 225 30 14 165 159 105 146 208 264 265 168 100 62 187 234 154 219 201 100 92 73 279 146 142 211 263 128 114 249 70 280 195 140 53 63 203 287 220 149 254 78 116 181 150 255 263 104 68 283 74 53 134 235 186 71 22 126 185 118 208 156 69 241 106 23 73 98 119 224 177 134 287 154 155 113 200 165 235 22 259 262 209 278 282 65 126 254 69 67 91 63 29 189 41 100 162 189 74 165 123 8 17 266 225 180 35 37 191 35 73 98 220 11 63 44 222 6 249 173 94 247 62 167 98 223 240 12 57 214 170 3 59 69 285 212 46 144 159 170 207 274 246 198 258 274 30 185 107 59 117 100
176 240
156 238 96 2 165 42 223 10 237 125 78 53 197 125 205 189 96 229 209 72 149 201 236 170 120 225 42 114 128 91 1 42 83 41 105 92 46 100 83 4 170 35 90 168 139 188 9 47 237 227 2 47 57 134 122 193 20 14 228 168 148 129 98 168 225 181 190 31 236 43 105 128 29 233 174 212 198 90 25 102 141 130 79 136 75 100 181 122 10 158 60 170 77 222 156 140 133 83 224 216 26 60 132 213 100 227 19 151 178 29 93 14 3 175 76 6 94 138 132 30 7 206 32 167 54 175 35 47 240 117 43 37 218 6 57 186 33 209 190 135 224 80 93 27 94 48 196 231 122 181 27 71 28 207 172 122 93 77 66 153 100 99 108 208 230 229 73 214 138 94 88 68 219 69 34 65
136 25 96 2 165 42 3 148 118 203 78 213 50 232 205 189 30 236 162 223 209 201 74 170 183 231 141 78 182 91 180 42 83 59 166 88 46 15 110 4 199 232 90 168 222 188 212 47 230 87 57 109 57 134 202 193 20 14 3 192 148 136 205 69 225 183 190 31 30 37 131 128 29 103 174 103 224 184 25 102 141 130 170 168 206 100 172 122 185 158 134 10 119 132 156 140 111 74 75 216 108 60 132 213 100 227 62 135 59 29 214 87 4 227 1 6 102 138 132 222 69 206 213 128 54 176 172 28 135 117 36 17 130 236 198 197 190 83 133 228 63 5 236 47 98 107 17 231 238 186 27 222 28 203 142 122 26 143 51 105 146 99 219 208 230 30 73 54 138 94 31 68 48 211 34 65
212 133
40 64 81 104 21 115 67 38 46 114 29 22 92 68 65 5 130 110 103 26 19 55 125 31 89 17 6 79 47 64 34 52 4 53 64 2 91 95 21 10 22 32 35 131 59 44 23 67 20 63 131 46 92 65 91 86 120 77 17 82 116 85 95 13 25 106 25 122 7 123 10 16 118 63 102 81 95 47 94 40 25 72 94 19 18 128 116 64 64 112 119 57 36 102 7 59 125 3 33 128 97 49 118 57 23 60 3 112 122 68 12 52 95 69 90 100 17 36 30 63 38 123 96 3 112 5 54 104 52 39 115 86 26 35 43 62 23 124 90 122 44 108 95 41 40 97 89 69 82 104 17 54 62 24 73 131 52 66 69 34 90 79 17 84 32 110 20 24 103 76 104 100 5 42 11 73 122 106 77 114 44 32 56 5 27 62 40 110 93 21 109 62 74 93 28 54 124 70 25 37 94 18 73 126 51 38 124 38 28 116 30 123
116 124 4 1 21 8 13 38 124 42 109 133 20 81 33 5 130 110 103 51 3 95 125 44 89 69 130 79 118 64 23 52 24 29 64 2 91 120 42 49 37 32 70 90 41 68 74 50 20 63 65 93 92 3 121 75 56 80 116 82 109 26 126 11 25 23 25 122 128 120 1 18 51 42 102 42 41 3 117 17 44 72 119 9 18 73 43 87 64 51 101 57 117 67 6 33 125 3 89 121 97 49 102 57 23 60 56 113 89 68 35 52 95 69 125 72 123 36 30 63 111 93 96 3 112 5 54 117 63 78 115 86 96 111 43 39 106 124 54 122 44 116 95 99 92 128 47 69 102 104 60 54 62 24 101 131 46 119 69 31 94 79 17 19 32 92 84 24 103 76 104 113 9 72 100 19 127 118 77 114 44 43 97 92 103 115 40 43 101 21 8 62 74 62 89 14 30 50 25 37 115 18 65 126 51 78 28 44 53 6 19 123
228 134
132 115 128 93 96 26 134 87 57 38 90 106 47 132 37 80 85 34 19 102 6 82 125 83 130 116 16 57 74 54 59 55 55 95 127 52 53 57 127 133 22 105 105 12 16 130 82 18 17 14 17 116 117 13 102 109 64 64 75 74 23 10 56 70 19 107 58 3 100 61 92 34 55 103 119 114 105 17 117 109 85 124 84 95 41 19 124 15 18 44 130 22 9 14 86 9 9 43 73 72 72 70 24 50 122 60 134 107 133 127 4 88 81 12 53 48 43 17 13 18 40 70 47 38 39 80 67 76 56 98 109 19 108 70 6 120 67 94 9 82 42 120 69 99 123 108 125 14 126 52 74 91 76 92 123 63 57 18 21 112 1 95 70 52 100 93 106 101 132 37 42 1 44 17 100 111 68 15 130 48 43 115 125 55 9 26 53 107 111 11 48 4 117 55 40 4 59 113 50 104 77 88 32 32 61 129 104 41 92 17 83 113 122 89 66 49 2 37 68 83 63 113 101 77 44 39 128 97
4 115 128 37 121 10 47 87 57 37 105 128 47 60 37 110 70 32 10 6 49 82 63 66 130 44 66 32 133 118 51 55 131 97 127 28 53 57 73 48 103 105 105 1 26 11 98 57 104 24 17 49 117 13 102 109 64 122 75 74 131 3 107 97 93 8 58 3 72 55 92 34 55 4 51 114 60 62 117 107 85 124 84 1 41 19 91 42 111 51 130 22 81 14 86 122 126 56 73 122 96 26 67 50 122 65 134 83 93 120 128 66 33 80 53 48 21 17 51 95 40 96 41 38 39 80 67 48 88 134 109 19 108 121 26 120 67 94 40 109 126 51 11 95 81 108 125 14 3 8 74 95 68 92 123 63 55 90 83 9 131 95 110 60 36 93 122 101 87 58 37 1 44 48 86 106 49 50 87 87 43 75 89 55 9 120 120 49 111 26 114 95 44 122 79 4 49 113 50 104 31 78 87 21 77 134 106 70 92 80 83 95 66 121 66 7 121 21 105 122 63 53 75 106 44 39 79 97
233 170
116 17 66 29 45 163 65 42 62 40 148 168 158 164 27 96 106 112 116 96 131 133 73 8 74 129 32 110 168 45 135 114 27 137 72 78 151 128 14 19 118 155 33 119 123 91 81 79 40 155 79 48 101 26 24 22 111 36 128 104 95 42 39 162 155 117 114 142 66 26 41 79 158 103 44 52 134 62 15 152 60 126 68 87 126 123 129 32 32 15 151 145 155 153 70 153 79 117 33 61 151 159 16 102 100 164 116 37 88 14 106 58 121 76 27 80 21 106 116 19 19 143 75 134 134 95 60 47 93 36 12 118 119 103 35 93 18 75 17 126 56 149 92 142 44 7 114 151 65 29 82 23 164 44 49 31 129 49 167 118 142 99 99 104 14 168 159 2 93 105 83 40 50 158 97 155 118 96 128 120 39 71 74 27 45 107 81 114 141 16 131 159 94 69 39 105 30 3 74 7 98 1 144 83 51 40 48 103 59 11 51 14 86 42 24 112 45 92 10 60 30 146 124 7 140 11 94 120 57 150 22 139 54
83 17 50 29 45 151 65 42 62 40 148 101 94 74 27 96 27 49 155 52 13 51 73 161 116 129 163 3 129 45 166 114 27 63 17 78 8 138 161 10 118 9 16 139 123 113 104 79 40 93 8 63 71 14 111 71 91 141 90 41 110 42 39 162 155 62 121 142 66 26 165 71 119 103 168 100 87 147 50 75 60 111 68 63 71 9 129 165 19 83 67 82 128 153 70 115 73 87 3 138 63 159 58 102 100 64 45 22 88 72 142 58 132 76 56 80 21 33 105 139 35 135 75 80 145 122 60 88 116 94 12 107 116 168 105 98 73 75 17 126 56 89 147 142 119 7 77 71 117 29 82 23 164 44 70 31 118 49 81 100 28 99 99 133 151 168 159 28 72 73 1 40 49 96 67 155 125 34 98 120 11 163 74 105 167 49 72 160 76 16 85 89 11 119 39 36 30 128 154 10 2 49 119 74 95 40 40 58 51 111 128 14 100 42 74 62 45 151 134 130 30 84 62 7 62 159 85 96 14 150 3 7 82
268 154
43 90 11 9 4 146 94 6 24 73 13 80 18 61 44 38 96 112 99 87 3 33 131 75 47 90 18 36 10 49 138 90 113 34 131 24 40 74 147 125 126 53 74 103 40 27 21 144 11 97 62 125 67 75 106 125 71 14 49 51 20 70 147 101 91 117 121 55 97 123 90 121 53 136 7 131 153 54 128 125 132 39 8 57 141 97 15 130 132 144 145 36 36 29 60 123 56 118 55 44 141 62 107 82 98 98 130 68 87 80 71 22 123 128 99 57 91 99 101 58 134 74 27 88 1 30 28 23 146 36 84 105 58 82 125 78 16 34 83 42 96 108 153 109 6 78 52 109 106 65 50 109 2 7 122 79 127 32 125 10 14 143 48 104 124 110 129 67 97 107 53 87 11 144 82 108 48 82 47 122 145 23 15 87 137 137 125 45 80 57 48 141 92 58 34 139 108 96 42 97 35 132 125 72 112 114 10 8 124 15 112 146 145 136 112 36 17 99 51 108 14 118 4 89 102 150 107 144 126 92 129 151 68 17 4 76 88 116 113 65 124 15 147 43 87 12 35 119 97 149 98 65 62 119 8 72 12 147 25 42 60 18 36 56 56 3 72 134
66 90 134 59 4 146 79 6 68 73 129 80 143 61 44 126 60 36 99 139 3 33 26 75 135 34 18 36 97 49 52 55 22 34 70 24 40 74 103 78 78 53 73 19 73 1 21 88 123 97 123 125 145 75 105 7 57 63 31 108 123 70 69 142 98 117 142 123 33 20 129 78 66 73 151 152 41 46 86 4 118 2 151 57 141 97 7 11 132 24 145 100 142 73 97 123 56 1 127 44 16 30 136 82 141 98 40 68 64 80 3 3 123 128 99 91 7 42 101 58 21 40 105 134 44 97 30 139 146 109 128 139 51 80 125 78 50 150 83 42 94 96 153 109 6 58 52 12 106 65 50 109 54 7 122 54 8 32 16 10 14 79 13 121 124 110 62 139 149 107 53 135 11 144 89 108 128 61 47 122 130 16 60 60 137 137 63 36 44 20 132 23 92 58 141 95 108 7 31 118 35 132 30 93 112 114 10 8 41 131 112 107 7 54 117 130 17 99 88 108 53 21 4 49 54 150 70 52 144 50 125 103 68 71 58 94 88 116 119 56 3 107 43 43 87 12 106 152 108 149 71 97 16 119 117 72 77 147 105 42 73 23 36 56 111 106 16 97
157 149
68 98 23 121 126 34 75 53 98 21 66 20 50 93 119 42 120 68 79 36 45 83 130 126 86 62 132 102 138 4 100 124 15 103 57 124 25 60 83 120 9 76 28 37 16 23 107 30 59 141 59 10 107 105 95 6 8 119 68 4 6 43 85 77 134 12 22 103 2 143 32 145 146 65 13 58 27 96 108 120 56 43 5 24 69 126 85 15 8 61 28 72 8 120 33 117 137 22 45 52 131 69 145 20 26 105 15 131 66 73 47 23 98 20 49 147 24 16 41 4 147 76 64 114 118 45 109 143 78 66 123 50 148 20 111 34 72 77 10 127 78 93 30 31 13 141 47 125 89 3 126 72 70 37 15 53 82
107 134 104 88 57 100 37 53 66 76 124 105 4 93 119 2 118 26 21 74 91 83 130 8 52 21 76 102 67 4 100 17 122 37 129 104 25 62 83 67 17 75 28 60 6 89 41 18 59 141 59 26 107 63 95 6 8 134 68 4 131 143 85 100 134 66 82 40 27 133 73 28 41 65 72 58 24 50 1 120 56 34 5 71 69 126 113 19 54 96 6 66 11 113 33 117 49 22 45 52 131 69 145 20 129 105 13 131 19 2 74 118 98 58 39 138 126 139 41 139 147 146 26 114 99 35 109 143 78 32 123 101 15 39 111 34 55 105 10 127 49 93 30 31 56 70 66 135 77 51 9 76 57 43 39 127 108
