12 8 4 4 4 2 2
0.0912 1.0913 -1.9470 -1.3863 -2.2965 2.4098 1.7278 2.2046
0.7948 0.9764 -1.1834 1.9164 -1.1233 -0.6640 -0.3784 -0.7916
0.8595 -0.2308 -0.0657 -0.2086 1.3469 -0.6070 -0.1742 0.4241
-1.6460 -0.4835 0.5355 1.1661 0.1617 -0.6728 1.4425 -0.2215
0.0313 0.1819 -0.0629 -0.5416 0.4745 -1.1646 -0.5009 -0.4086
-0.9343 0.0845 0.1437 0.0755 -0.1556 0.5509 1.7020 1.0061
-3.1349 1.1395 -1.8698 -1.7791 0.1278 -1.3510 1.5540 0.6970
-0.8115 -1.6433 0.3307 1.2250 0.0962 1.8768 0.5338 0.7984
-0.3061 0.3780 -0.2265 -1.8857 2.4725 -0.1469 0.1156 1.3304
0.1096 0.2155 0.4291 -1.1513 1.5248 0.3605 -0.6109 0.9302
0.3565 -0.9522 0.1519 0.0006 0.3350 0.3748 0.7138 -1.2008
0.0014 -0.9215 0.4962 -1.3317 -2.1906 -0.4361 2.5451 1.1501
0.0844 2.4862 -0.1944 -0.1862
0.8539 0.3074 -0.0722 -0.4688
-0.0654 1.0526 -1.3096 -0.6687
1.3414 2.5314 -1.8405 0.4050
1.6323 -0.2227 -0.5778 1.2422
-0.5535 -0.7227 -0.5715 -1.3900
-2.3952 1.1540 1.6881 0.2238
-0.2016 0.4996 -0.1813 -1.7498
-1.2104 0.4242 -0.3888 -1.5565 -1.4392 0.9489 -1.5265 1.1369
0.4845 -1.0018 -0.3185 0.1581 0.3609 0.2555 1.4261 0.9273
-0.5106 -0.1716 -0.9104 -0.5229 0.0740 -2.3468 0.0997 -0.0464
-0.2476 -1.3054 -0.5763 -0.7645 -0.0607 -2.4345 -0.3310 0.4726
-0.8852 -0.9440 0.7346 2.6429
0.6118 0.6577 0.0460 0.7703
0.5931 -0.9334 0.3754 0.9198
-0.7141 0.3745 1.2572 0.9761
-0.0222 2.0659 1.0319 -0.2493
-1.9691 -0.3270 0.1339 -0.3812
0.0248 1.6381 0.8197 1.3465
-1.3748 0.0096 1.3314 -0.8276
1.9349 -1.2749 -0.6569 1.5132 -2.1842 0.7989 -1.2746 -1.1729
0.0296 -0.0740 0.5428 -0.1689 -0.3203 -1.1946 0.2615 -2.5082
0.6222 0.1922 1.3536 1.3915 -1.4449 0.5750 -0.8151 -0.5219
0.7594 0.4425 0.4379 -0.0908 0.1770 -1.1341 -0.6527 0.5918
-1.1898 -0.6489 0.7356 -0.0559 -0.8392 0.2828 1.2904 -0.9957
-1.5342 0.1053 -0.8846 -0.3676 -0.5786 -0.9080 -0.0628 0.1680
-1.1218 0.9599 1.2911 -0.2415 0.1285 1.4489 -1.3601 -1.1374
-0.4482 -0.1144 0.5374 0.1631 -1.9429 0.9787 1.1334 -1.0442
0.4555 -0.7262 -0.5092 -0.7778 1.4744 -0.9636 -0.1434 0.4546
-0.9634 -0.3503 -0.1991 1.6124 -1.3679 -0.0807 0.1434 -0.3426
1.2978 -0.0673 -0.5008 0.7633 1.2087 -0.9073 0.8194 0.6622
-0.0884 -0.8400 0.8448 0.6130 -0.9812 -0.5322 1.7238 -0.6865
-2.0786 -0.3227 0.1333 0.6982 -0.4107 1.9592 -0.4944 0.1882
1.0962 0.0741 -2.4145 0.7082 0.2550 -0.6844 1.1479 1.0659
-0.5373 -1.4766 -1.8084 -0.1897 -0.5923 -0.1448 -2.6861 -0.0202
-1.2643 -0.4018 2.2063 -0.0327 0.9876 0.3710 0.7166 0.1426
-0.1461 1.0858
-1.2950 -0.6332
0.5019 0.1703
2.0465 0.0702
-0.0531 0.3539
-1.4939 1.5027
-0.3116 0.6482
-0.8127 -1.3599
-0.0733 -0.2261 0.5404 -0.5126 2.4855 0.1469 -1.1438 -0.0586
1.3880 0.1512 -0.9753 -0.5228 0.7633 1.4769 -0.7613 1.4271
-0.7528 2.0360 -0.2485 -1.2566 -0.2843 -0.0516 0.7413 1.0545
0.5658 -0.9905 0.0725 -0.3727 0.1028 -0.4037 -0.7778 2.5809
-0.3664 -1.8373 -0.4485 1.1256 0.4634 -0.8752 1.0141 2.2226
-1.4403 -0.0079 0.7205 1.2195 0.2998 0.9462 -1.1141 1.4932
-0.8651 -1.9859 0.1174 0.0081 -0.9839 -0.5413 0.3610 -0.4730
-0.6700 0.7703 0.5627 -0.9933 -0.0448 -0.6925 0.2114 0.7103