68 4
20.584 -12.233 22.290 4
-20.091 25.746 -40.812 4
-27.783 -16.905 -39.513 2
5.785 19.057 17.509 1
2.657 -4.849 38.345 1
-18.878 -40.271 29.233 1
-31.105 -41.312 -1.918 3
46.006 -5.630 -22.669 1
-28.747 -45.146 -2.006 4
24.996 -48.984 5.472 3
3.424 2.265 -33.615 2
43.289 -12.666 -23.196 2
34.264 -5.825 -29.710 3
-41.337 13.147 41.161 3
8.102 -41.541 45.534 1
39.158 39.733 27.594 1
46.393 42.588 42.525 4
-23.407 26.985 -2.729 2
6.390 17.071 10.329 4
7.132 -34.320 10.023 1
27.605 22.225 -46.843 2
-34.868 -36.596 -41.765 2
-39.438 34.158 -10.691 3
-20.654 14.892 15.333 4
40.042 8.114 48.084 4
-48.586 18.648 -29.471 4
-47.015 48.249 -11.539 3
-48.431 30.991 -21.324 1
-49.734 12.369 32.216 4
-41.168 23.440 31.658 1
23.534 41.005 19.829 2
42.138 -13.355 21.049 2
-31.363 6.443 3.603 4
-47.254 -37.098 -9.148 1
2.683 3.048 36.915 1
-10.912 -2.226 -43.356 3
-20.604 40.798 36.336 4
-3.602 49.132 20.346 3
20.491 47.605 19.417 4
23.430 29.244 -4.578 4
-33.474 -48.751 0.559 4
-26.806 -41.691 -18.846 1
6.146 8.106 21.931 2
-27.382 -48.845 -32.540 4
-3.847 -39.106 46.924 3
33.912 -31.842 33.799 2
10.649 -9.026 -16.144 3
43.636 -16.727 25.259 3
8.212 23.321 9.379 2
15.112 -12.755 -3.082 1
16.005 -48.086 48.549 4
46.598 47.647 14.354 1
-14.660 11.395 -4.026 2
-19.545 -20.225 14.568 3
44.311 49.480 -49.253 2
-47.594 -11.263 -8.040 1
-44.543 -4.242 42.233 4
-29.401 -44.801 1.327 3
-11.070 34.890 -36.767 2
37.742 25.770 33.552 4
-7.722 -41.547 43.648 4
-32.714 2.685 48.216 4
5.413 -41.782 19.415 4
-16.395 -6.680 -39.032 3
41.171 30.968 43.991 2
-14.198 -37.048 -21.022 3
35.428 40.328 -46.933 4
-10.730 -31.827 -25.664 4
-34.300 -29.731 26.141