1800 161
-360.939 367.600 98.823 3
-543.577 186.164 72.271 5
-381.661 -721.465 25.447 5
945.640 270.001 168.592 1
-734.505 -349.103 944.152 8
-197.122 872.620 -82.307 5
-787.817 583.520 939.094 3
317.040 -950.293 833.513 9
-134.958 97.407 -851.413 5
756.600 -521.253 -945.220 4
753.688 -778.041 -631.482 5
-141.165 -652.002 -375.041 5
73.752 439.523 810.455 7
-161.823 154.164 -949.628 5
281.205 -248.703 873.973 2
768.595 -169.478 67.861 2
-797.633 27.467 407.586 4
107.187 -188.931 -794.787 9
-475.564 -533.480 -465.616 2
-582.032 -362.815 81.265 9
229.881 -258.357 -374.274 1
154.484 374.726 163.012 1
-722.088 125.830 989.403 2
-375.861 -531.292 -593.970 4
-226.876 -698.458 -320.271 1
-730.573 -258.664 746.323 3
-250.540 61.406 -674.629 5
514.427 181.466 5.470 4
-753.626 244.463 672.777 3
-922.333 448.830 -825.476 4
452.642 299.524 51.722 4
761.163 976.334 -753.063 3
282.891 516.564 301.327 6
-896.741 -157.954 269.895 5
-947.124 -726.525 -760.864 5
872.231 -58.146 499.986 1
900.965 179.671 441.784 4
-512.167 -198.068 -194.366 4
511.927 718.650 -303.501 7
457.999 985.671 -463.581 2
648.083 -357.043 -66.014 6
311.180 -586.835 -458.635 9
749.168 66.298 -897.812 3
-237.625 -271.899 -302.803 6
111.476 759.116 -376.118 10
33.615 144.571 642.037 7
298.083 213.053 188.904 9
354.614 710.919 53.740 4
942.597 755.300 -155.739 5
689.286 966.064 914.717 5
136.297 -483.843 -613.212 5
-554.117 896.649 295.859 10
-190.757 -40.574 328.771 4
-637.343 -553.096 -445.261 6
126.477 -842.717 -790.727 1
169.229 -382.682 -823.550 5
-272.050 -26.548 426.970 3
-535.768 -923.899 986.575 3
-379.004 570.120 376.897 8
702.669 -935.840 87.998 3
72.213 -318.648 524.545 9
-99.968 -200.433 -821.468 8
505.309 -482.540 -593.564 5
-899.799 -290.863 935.903 1
-161.851 372.118 953.319 7
-105.573 306.414 733.457 2
451.456 -66.721 -231.837 5
81.618 -823.666 214.123 7
808.183 -145.072 -397.198 1
369.689 763.007 -443.986 4
-835.873 849.143 -332.243 7
-12.253 36.822 704.317 4
-769.516 -873.245 -515.621 10
-315.670 -970.651 -521.387 5
-622.203 107.349 -467.663 4
662.982 -244.828 947.541 1
-351.627 -436.489 -145.389 5
471.678 823.540 -63.149 7
807.924 647.557 -404.312 5
-330.676 490.734 -631.319 1
160.265 -369.539 -960.732 6
-874.478 -291.023 612.193 6
666.088 -353.480 100.426 2
70.469 -586.305 -263.640 4
-318.331 886.441 390.261 8
512.096 -42.752 -531.478 6
-127.310 -402.808 -473.487 7
-977.602 107.966 552.220 4
454.342 -566.160 -432.326 7
737.722 -738.478 -174.624 5
-355.913 440.679 -218.749 2
-782.624 428.242 421.476 10
201.423 181.118 -922.939 1
854.919 784.647 209.106 10
983.010 -112.527 18.933 10
-275.081 530.554 -249.594 10
-684.435 989.275 511.659 4
492.247 445.640 -482.769 4
-139.030 -493.454 -984.885 10
45.104 42.194 729.428 3
-371.668 -854.852 915.020 3
-629.392 69.281 -221.796 6
-903.343 853.417 898.409 1
-654.173 186.701 -643.548 6
185.983 -545.686 -328.095 6
-322.531 -227.879 -790.397 4
-892.045 863.938 591.345 9
573.976 537.448 194.323 6
662.725 -77.026 949.263 2
-492.281 -359.206 -577.780 6
-162.378 -325.523 29.085 2
658.625 391.819 846.264 9
445.998 -662.973 -610.255 6
-979.378 657.842 78.933 2
433.211 -143.205 756.193 5
-365.716 -929.398 -269.769 2
374.160 400.525 637.264 7
807.089 811.996 -53.549 2
217.655 774.041 833.376 7
-461.919 741.299 -204.487 5
-381.940 895.316 856.018 3
249.526 -413.064 941.732 1
532.988 222.048 -254.625 6
-500.465 280.167 397.644 8
-466.329 220.434 801.486 5
-600.162 -820.863 -273.551 2
693.645 -713.869 100.182 9
930.637 -472.275 -774.024 2
-933.980 619.728 -276.256 5
-963.753 361.847 535.472 1
866.442 -53.490 -574.817 3
896.439 -931.970 199.781 4
629.069 -387.793 540.620 2
905.446 -474.054 714.079 2
281.437 -47.883 -218.726 1
886.718 -590.714 -366.219 8
-257.110 -442.683 388.612 7
337.244 106.463 884.456 7
-125.620 -231.962 880.139 5
178.198 -236.729 505.574 5
-365.893 161.049 -532.070 7
-436.224 49.493 736.611 7
319.968 317.009 602.979 7
-61.921 -942.137 645.994 10
325.375 737.441 649.084 8
777.996 -989.355 224.064 9
249.944 118.731 -921.857 7
111.529 -501.934 -499.477 4
408.208 -257.502 -944.117 7
-386.800 567.896 -617.124 6
171.402 36.955 99.647 9
766.304 -586.798 305.809 1
-893.885 -408.086 -626.953 10
-981.501 865.766 -743.649 4
131.468 603.282 616.537 6
-791.264 24.093 -338.524 5
4.022 -434.745 874.794 5
-472.066 471.047 423.329 1
-118.154 139.651 832.928 6
-835.743 894.191 128.916 5
-413.253 -220.106 402.630 8
223.943 879.164 365.423 10
889.397 496.862 -361.564 8
242.353 859.009 -680.564 8
689.908 -108.271 -835.115 2
-642.506 -592.613 -669.476 10
636.846 179.234 -909.391 1
919.408 248.423 -378.322 6
927.510 96.858 330.232 5
735.064 305.528 -689.450 9
-679.465 612.950 720.771 10
-292.593 -797.224 -650.576 6
-480.682 -577.100 278.044 2
-435.137 796.837 923.142 3
120.353 794.262 100.298 6
136.220 99.674 523.746 8
641.069 -466.881 879.956 8
-988.365 -888.279 210.679 10
-717.854 97.549 726.492 7
711.472 97.975 -542.042 7
-875.679 160.670 -914.341 1
-532.794 -968.147 197.157 5
474.386 -491.165 648.051 10
-518.264 -249.333 34.297 7
449.856 -332.105 -744.335 5
174.494 -535.080 642.285 4
553.046 353.259 -176.588 5
686.399 62.579 -272.079 7
-742.167 -752.180 181.462 10
-487.155 -393.927 506.151 4
-189.924 730.106 48.043 1
-307.765 208.241 -943.153 8
514.633 -705.123 757.832 8
-446.406 -754.339 6.124 2
-5.556 811.836 304.353 2
219.388 -16.276 -502.613 8
592.403 -395.401 116.692 7
742.906 -92.880 -734.553 6
54.773 443.412 -69.037 3
-942.771 568.795 142.811 4
-475.035 20.010 767.622 2
-754.171 170.786 -844.313 4
653.355 530.875 0.579 4
-159.721 -846.192 -200.059 9
254.671 378.641 -462.625 6
13.156 -157.379 702.888 2
840.888 667.895 -187.084 4
926.096 769.298 494.121 6
860.577 -538.381 140.395 6
565.711 961.224 459.786 10
928.970 -766.250 -843.474 2
-998.105 -940.870 570.758 1
-63.766 195.532 -185.747 6
-519.612 -885.833 344.334 2
622.336 789.918 973.481 7
47.336 648.009 -12.697 10
-635.502 180.465 86.677 8
-973.777 675.745 -399.596 3
414.808 -639.392 585.965 5
188.505 525.876 17.876 9
259.108 891.205 -707.500 4
-126.614 206.575 703.965 8
415.658 942.746 533.873 6
-730.219 -14.900 627.645 6
-417.577 -725.736 362.324 8
-545.705 -800.893 -472.378 5
-721.264 -173.510 438.730 9
330.782 -711.242 421.825 7
441.222 981.729 513.778 9
643.135 -593.912 619.007 9
699.826 -134.787 744.073 3
-260.912 -924.162 -911.489 4
405.848 151.712 886.351 2
-310.808 -542.161 -892.390 1
-218.380 -698.270 572.425 3
763.649 27.690 827.811 7
390.356 539.837 945.432 10
990.997 -630.734 -556.972 3
-396.440 -154.008 -133.446 10
206.313 40.152 621.941 5
-94.842 -406.764 -668.285 1
-354.571 149.870 -400.727 2
938.090 723.855 62.627 10
699.614 -534.445 622.681 9
-662.336 508.230 -844.947 8
998.646 -220.443 946.489 6
497.234 703.568 86.133 9
722.644 274.129 595.831 4
364.603 -276.464 313.840 1
526.863 852.348 -125.337 6
614.981 -7.985 -718.921 3
-207.270 677.408 -570.735 3
160.289 395.249 -388.787 7
-22.240 -307.500 -440.360 10
492.110 -279.181 875.055 3
148.749 16.334 669.256 1
320.593 831.244 -930.183 4
-108.838 241.526 903.439 10
-918.730 74.815 855.317 5
738.925 676.909 816.459 1
-411.354 -1.573 -622.004 10
898.483 877.720 147.355 8
295.917 571.466 -37.334 8
-425.674 -894.605 438.208 7
32.947 132.092 -22.482 9
-559.318 746.062 -216.598 3
-151.539 -596.836 -56.412 9
-145.661 780.220 529.733 9
36.881 -338.287 576.197 9
85.768 -872.426 -464.151 4
-203.789 -896.873 44.674 1
-584.418 -261.303 229.808 8
872.100 194.483 -822.047 7
253.182 -54.779 -47.349 5
-499.249 -838.814 -57.534 5
458.740 734.428 892.760 3
376.231 -182.647 -185.814 5
14.619 -626.112 384.830 4
357.988 -967.665 210.336 6
-359.259 -235.018 157.644 5
-998.798 -47.488 -729.340 3
-139.673 371.394 567.707 5
-444.359 588.051 -218.618 4
-664.145 152.047 404.214 7
436.812 553.980 392.082 1
-318.007 -854.578 960.016 1
803.577 -810.576 -872.222 7
887.853 -220.925 120.089 5
778.656 -330.827 -34.154 7
-688.081 -682.134 858.724 2
518.299 -653.634 870.037 3
-398.191 -343.000 947.009 6
808.621 188.208 -849.407 2
-657.803 -140.857 892.957 8
-455.167 -948.178 -661.097 6
761.013 673.198 20.064 4
920.235 915.990 827.941 4
-148.433 -678.950 -272.179 10
266.158 -356.178 -717.135 8
-156.520 428.250 519.659 8
990.619 600.130 858.553 1
-173.655 -260.449 -135.487 7
920.830 -469.240 137.654 9
-259.481 -904.707 645.659 7
-974.840 65.687 -513.571 8
841.279 203.749 28.179 10
500.585 741.015 -499.273 9
-813.986 -146.752 427.701 7
576.671 -854.575 -96.497 3
-802.691 -731.666 239.126 4
-540.119 -666.500 -525.878 10
626.082 -372.414 -780.563 3
566.715 -384.554 879.136 8
336.709 102.946 351.681 5
-593.689 -823.148 365.905 4
-265.524 -443.026 -57.636 2
643.451 989.997 -22.099 8
744.507 218.436 130.641 3
547.326 -521.971 738.721 5
-617.909 429.805 -697.413 7
-331.840 -649.182 488.988 6
652.552 475.797 -641.285 10
539.094 -914.592 -265.315 6
455.995 -793.336 -507.139 2
-760.513 -632.110 23.889 3
-792.766 354.490 -615.856 1
-982.269 -422.998 -738.112 6
906.689 -756.789 68.587 9
111.876 713.344 329.355 9
144.818 995.355 -33.058 1
174.096 941.106 372.755 9
-127.775 427.105 649.807 9
-671.971 -705.928 993.185 6
-659.852 743.222 -415.096 7
-282.664 -723.991 243.909 3
321.363 -458.068 791.933 4
921.861 -143.984 531.235 2
75.734 391.125 -325.444 4
-997.766 822.510 112.649 3
159.294 -899.943 -15.650 9
279.821 -176.794 -146.837 5
361.798 5.157 -456.978 3
225.722 622.917 74.758 7
-907.655 -949.337 -409.156 2
751.678 -195.914 703.071 5
-604.654 337.255 -280.280 1
419.976 790.499 -832.990 9
378.308 931.014 -813.156 1
970.679 -253.804 -13.127 2
-689.244 -860.945 -756.158 4
-866.088 258.304 -585.619 9
620.454 -130.891 938.395 2
342.761 -112.525 -761.498 1
-326.304 -766.535 957.351 7
-437.022 -788.391 491.458 9
-121.407 733.366 -914.726 6
207.666 -180.013 -265.136 10
6.627 -299.591 -528.953 3
114.862 600.437 -689.071 3
-551.290 -185.657 -35.254 10
37.360 290.946 209.639 2
-433.007 -841.056 296.267 7
-661.947 281.084 703.657 2
-192.175 -703.666 948.623 4
756.110 459.857 -719.652 2
-164.147 -504.166 -624.353 5
-696.968 428.531 793.103 2
-638.538 276.677 604.544 6
823.949 -99.486 -316.904 9
-285.490 141.398 -601.650 10
-755.476 491.416 -646.926 8
796.823 -436.589 446.971 1
-601.379 365.278 -578.530 6
973.387 -493.604 -84.292 4
964.005 -674.952 262.314 1
255.004 429.878 788.537 8
585.468 42.140 -96.782 5
265.208 -496.871 -825.172 3
28.153 773.995 -613.602 5
770.917 -974.091 107.507 10
-809.361 -670.170 535.444 1
520.253 548.447 -463.728 3
372.221 -857.920 -35.830 6
860.054 836.576 88.711 6
547.933 -233.527 -452.188 3
-400.625 -632.244 -348.386 2
-68.877 51.072 702.390 9
-431.308 998.043 276.187 5
-257.464 -347.491 -348.979 9
452.572 853.727 -107.366 5
-225.853 522.889 -222.855 5
-825.638 919.129 697.318 8
-391.877 898.778 375.691 2
401.707 -802.104 223.285 7
-246.329 31.587 541.604 1
-25.271 586.994 -417.885 6
-343.241 -571.743 -947.838 9
-210.203 161.150 266.438 4
-781.743 -484.861 44.739 9
-168.236 -336.761 -169.367 7
927.035 -656.073 846.444 1
-735.458 -619.006 -96.137 7
599.498 -348.309 -24.714 2
124.228 -351.728 916.139 5
362.156 -840.596 892.305 6
7.684 870.364 621.030 2
123.503 962.395 571.325 1
602.135 -506.438 -453.928 5
950.158 -716.306 -88.248 5
-860.000 492.442 -897.660 6
191.938 311.355 -223.028 4
-570.412 605.141 -419.518 1
759.266 -639.821 -337.694 7
-515.733 705.231 -510.622 2
628.384 -640.834 338.466 7
-132.998 -243.877 718.945 10
-971.932 -274.023 -527.089 6
265.309 347.647 9.849 1
-513.221 -634.384 -789.021 7
-838.757 -787.015 -484.112 6
-924.209 -539.810 889.346 7
-827.749 804.421 -513.363 2
363.803 -331.638 -75.136 10
900.922 722.066 983.520 3
960.310 423.650 -988.842 7
-221.939 -804.510 895.152 3
915.316 83.353 -286.953 1
346.181 798.322 757.212 5
-898.625 525.557 54.574 6
378.691 -435.294 -136.809 4
906.639 706.595 345.426 3
-532.117 -98.138 -32.779 5
213.198 554.256 -670.536 9
328.884 776.431 -663.225 8
-261.435 691.769 -314.575 3
328.306 220.966 395.489 4
-897.298 390.565 -201.005 7
215.226 855.949 617.739 8
288.980 -90.568 -58.905 7
562.108 -620.205 -148.634 1
366.217 -236.586 187.535 5
-699.518 -836.929 585.471 5
-684.932 335.336 -728.172 4
-235.828 819.313 -554.591 5
-202.794 564.936 -431.810 6
394.634 856.278 -785.139 10
14.349 415.649 963.125 10
-985.771 -799.658 -689.675 2
997.322 941.154 -203.317 3
-573.321 -841.281 -776.709 6
741.439 -791.513 -789.915 2
-55.857 124.960 508.343 4
513.740 -347.730 511.949 8
-104.391 483.047 -381.172 6
-447.625 185.604 -768.201 3
29.962 -3.148 13.268 9
535.967 -392.579 -308.897 1
423.190 -868.877 197.028 10
-915.118 -51.427 449.099 4
-608.590 989.269 -471.333 6
335.758 -316.083 177.985 4
-454.795 531.687 768.215 6
-513.118 518.799 -320.431 6
-363.855 883.341 -876.236 9
-492.922 -314.975 -319.556 9
330.627 -130.190 -413.400 1
521.197 508.807 787.715 9
-337.150 669.315 87.545 6
-802.876 -15.207 168.386 4
460.363 622.980 412.680 9
741.107 117.581 377.734 8
-445.116 32.655 -830.585 8
-125.444 301.768 467.126 2
571.463 28.996 594.093 4
582.015 -292.770 -387.158 8
-637.873 442.328 -934.004 2
64.878 -752.050 -916.548 3
-982.726 -803.764 -881.092 8
522.549 684.464 86.012 6
705.265 913.512 554.209 3
692.579 595.358 677.590 5
-400.668 682.615 646.663 7
-554.421 -187.765 509.830 8
-896.853 -952.771 -220.917 6
-590.266 285.223 146.133 1
915.420 -927.775 869.231 10
664.191 -502.980 636.262 7
987.047 882.136 81.677 5
-340.878 260.255 -578.977 3
-995.533 -257.564 815.419 7
-152.384 -378.866 -725.538 9
186.727 285.350 -143.857 2
-86.533 613.960 793.645 5
-595.689 -288.609 -159.010 8
785.052 -192.791 825.823 10
635.279 24.943 -598.064 3
-894.307 -311.300 655.784 3
-323.812 710.529 -250.687 3
885.261 -729.461 322.854 2
-734.606 425.986 -892.418 6
-979.972 -541.849 -437.068 7
386.376 -784.109 -29.106 10
-948.570 -309.331 -357.630 8
-581.705 314.084 669.160 8
821.051 -631.325 -138.959 9
-783.621 923.781 42.808 8
-294.296 293.574 402.768 10
-557.595 803.444 -785.712 3
620.939 -538.773 -111.944 7
-653.121 -409.199 662.676 6
554.133 -507.327 402.080 5
808.098 209.524 -415.588 1
235.246 -4.857 -548.761 8
833.597 199.418 52.704 9
-726.928 33.463 -29.080 1
-724.175 723.626 686.176 9
919.359 -887.871 -798.403 6
-963.998 172.044 547.892 2
-215.523 190.137 -896.454 6
745.821 -300.706 149.504 9
200.442 32.123 74.972 8
-149.867 607.283 764.875 10
-670.564 469.876 976.249 9
122.241 69.876 811.056 6
817.683 451.126 -54.165 6
342.626 142.268 557.859 1
572.379 273.289 336.473 6
46.122 334.403 441.838 1
102.270 170.339 264.789 8
-460.565 74.640 -130.244 7
-809.924 -572.661 -40.136 5
-485.427 643.197 163.875 1
850.819 -192.434 135.479 1
-192.445 -538.681 -251.992 5
629.516 564.064 -658.074 7
-352.706 419.015 119.467 10
-506.416 497.653 730.461 7
164.308 -508.595 196.871 3
-5.724 15.220 35.234 2
-517.226 -821.937 -6.292 3
-254.107 523.169 -581.891 9
635.202 964.374 780.718 3
414.063 768.600 137.460 6
-952.321 585.244 -551.654 9
-377.402 646.645 -1.460 2
181.530 286.762 136.032 5
-633.223 451.832 -380.120 3
-42.749 -277.981 -551.317 1
-658.412 -501.434 -493.613 9
185.863 886.150 -961.277 8
834.835 -333.812 -677.603 3
-208.309 120.003 429.354 8
-943.981 -592.669 -242.782 5
-519.106 986.974 -475.419 4
-165.661 -355.036 779.744 7
-539.638 160.370 -578.802 8
392.434 412.984 239.337 3
838.002 -13.865 751.293 4
-535.077 498.986 -288.475 3
9.576 -485.380 -11.337 6
-157.456 505.827 937.176 4
742.407 -477.858 -313.263 7
696.545 -636.947 -753.264 9
91.521 -447.367 -325.044 4
846.947 -511.294 -719.388 7
753.050 763.072 -167.735 8
-465.835 -266.771 320.647 3
111.979 -614.208 524.689 10
-345.766 527.019 -565.371 8
-514.275 964.799 63.070 5
334.087 -291.379 -542.131 6
479.723 716.189 496.825 5
306.706 -383.396 -424.040 3
-208.418 621.610 -22.761 4
-988.060 -248.047 -325.883 8
-404.443 -156.715 -673.838 6
452.602 422.344 774.708 3
-152.544 -154.585 858.246 4
585.039 519.905 141.415 10
759.455 -544.073 -706.791 1
350.394 -773.587 -420.729 1
842.023 744.231 -667.251 1
-444.221 179.788 -863.822 9
715.412 -106.739 254.780 3
-434.891 -273.786 407.337 4
57.703 -478.295 -483.927 3
995.940 24.447 465.495 9
-884.151 -864.361 -560.901 2
-831.753 -452.313 932.752 9
-82.002 218.150 909.640 5
269.625 -857.217 855.477 8
243.458 600.438 999.717 8
748.099 650.471 -909.766 4
61.366 -343.904 -989.212 8
232.965 -468.268 -184.320 3
-239.057 -107.352 -43.744 1
500.871 355.594 469.599 6
-761.340 -593.455 -290.909 4
-22.162 -312.741 562.670 3
781.002 -382.435 -16.913 7
-802.507 850.918 112.330 6
578.030 777.960 600.798 5
-257.024 520.668 58.556 9
612.691 23.348 86.824 7
-329.049 -568.511 -941.460 3
66.208 977.155 -145.410 8
932.266 342.703 806.714 8
-214.531 -249.569 -779.408 8
433.817 -177.896 417.925 6
-363.699 60.909 414.587 7
-205.989 -574.509 912.171 10
594.972 545.601 534.316 4
779.346 378.821 480.180 8
931.623 -718.918 -152.903 8
-538.070 401.801 796.426 10
-622.325 -415.340 249.324 1
861.376 516.293 110.543 5
-388.535 -583.664 805.699 9
-923.647 -328.798 196.405 4
847.471 -585.436 -162.087 3
572.268 910.411 206.327 9
-957.086 -717.445 51.615 2
-202.386 -893.790 -154.966 4
424.923 15.308 488.083 8
461.448 -451.018 118.805 5
-462.167 604.924 -91.622 5
490.808 -782.679 601.378 10
-677.709 -547.621 242.057 9
-466.119 707.265 93.600 2
-412.232 153.454 174.328 9
499.833 676.042 85.163 1
715.413 578.719 -196.746 6
25.773 -321.025 -302.829 4
-117.204 -163.112 -812.237 1
-940.084 -715.866 -471.601 2
-744.734 -625.241 739.996 5
-569.269 920.842 -467.083 4
346.936 327.017 450.058 10
-854.526 -509.649 245.879 3
-681.856 132.775 -61.997 2
-651.521 320.590 67.565 4
100.421 81.271 966.885 3
613.220 -457.666 -434.426 2
536.019 226.501 -785.929 5
925.680 -300.027 -392.965 4
-142.328 -64.514 370.773 8
898.898 -421.865 779.190 2
207.560 572.755 273.601 6
83.209 -357.259 -353.132 3
-632.514 216.865 -366.014 7
779.337 -674.891 992.499 9
-247.759 548.807 346.143 10
-940.149 257.686 -55.559 7
-135.434 408.494 -164.371 6
-480.427 614.395 677.985 4
-707.334 815.747 -286.852 6
-915.521 26.621 -651.492 9
-966.338 677.278 798.275 7
-997.102 -950.000 88.550 4
999.591 -994.306 859.948 6
-740.521 -38.976 -659.408 4
-828.609 438.753 -494.313 4
-44.219 -940.589 -222.402 10
243.945 -445.453 -342.693 4
917.264 -261.296 -18.278 7
169.074 -781.214 -528.738 7
-745.711 -517.279 723.452 4
-551.213 -907.677 472.097 1
778.244 -641.077 -950.353 5
834.035 822.817 -861.277 8
372.418 606.442 -902.789 1
23.964 852.161 612.051 1
-477.242 672.850 258.290 2
66.928 -826.160 526.564 8
369.907 -247.304 -480.315 7
250.455 -806.827 -50.123 8
-466.593 644.065 90.846 8
-190.946 705.867 -898.214 5
413.650 -177.606 -697.269 7
495.972 955.101 -219.277 5
-231.839 -33.591 95.123 10
-587.618 -664.793 -523.574 7
-224.534 -591.395 123.991 4
420.801 -829.258 201.985 8
-692.677 -639.053 -64.879 10
895.489 -675.992 -280.347 8
249.803 642.975 -697.721 3
-654.117 832.595 601.042 5
819.981 -565.622 746.403 7
-416.133 337.765 -226.733 2
815.349 -499.038 -275.529 7
-799.529 803.804 383.390 1
235.008 371.323 -172.906 5
-552.640 -357.538 394.583 7
154.160 -916.206 -326.143 2
-40.597 150.836 -933.376 3
95.960 -105.710 -799.845 2
270.371 17.994 589.462 1
-944.567 -989.098 409.350 2
287.634 -224.938 -24.562 10
-226.475 -727.639 -71.312 9
9.062 -668.060 -697.064 7
-169.656 -779.926 101.087 4
159.716 662.743 688.252 6
411.135 -41.313 -392.803 6
541.850 496.699 677.675 3
-989.434 -773.609 -881.844 1
273.414 288.197 -49.924 1
-343.207 501.233 572.903 5
-358.503 421.771 -353.751 6
281.496 882.678 -490.579 5
-70.474 486.092 38.977 4
-953.198 -834.898 523.842 4
951.202 51.422 -350.556 8
978.548 -355.613 884.334 7
-4.920 552.427 -83.419 8
209.726 481.718 117.549 8
-269.209 903.079 729.205 10
-689.270 225.504 474.249 3
624.879 -330.321 -343.145 3
9.595 -674.383 763.817 9
-710.951 -903.892 -868.689 5
269.276 -600.826 612.527 2
-403.397 819.817 814.432 9
759.478 -454.501 205.898 10
773.460 -643.467 434.839 1
835.405 391.141 326.815 4
791.910 130.447 -321.188 7
572.444 757.748 887.927 4
322.894 -547.681 -230.309 7
906.644 -869.877 988.874 9
171.348 585.665 -982.993 8
431.848 -457.960 -19.905 10
37.032 738.426 -735.724 9
-834.970 923.209 567.951 9
323.592 -705.743 2.101 10
160.483 261.759 723.799 7
457.312 -149.171 -851.937 4
497.868 -886.896 959.320 9
202.438 -419.444 -675.995 7
-824.827 -168.206 681.795 10
-465.332 -331.064 709.071 7
82.138 -501.837 -750.065 3
844.698 -493.980 954.268 8
777.510 152.771 -887.994 2
-811.185 -622.608 673.023 5
-244.134 -629.210 -622.071 2
439.913 -499.661 -147.718 5
-571.192 745.869 -867.927 7
508.472 363.368 888.375 5
505.729 631.440 858.187 1
-843.272 606.519 -397.862 10
-822.781 -47.649 -518.869 7
-994.105 564.693 980.934 2
-974.797 -771.708 368.833 4
553.241 -400.180 -611.684 9
-803.760 122.681 -979.795 4
-710.697 -94.367 502.465 2
53.471 46.667 -321.542 9
829.896 -82.027 -415.818 3
244.715 -584.956 853.320 8
99.406 -838.538 929.693 4
301.747 974.714 883.335 1
212.024 708.379 -820.387 9
-740.756 10.118 -192.421 7
-873.917 -20.720 -49.952 1
683.939 284.082 -989.362 1
566.181 555.264 821.674 6
797.829 625.624 -928.602 8
-415.767 762.196 -205.059 6
990.285 -577.425 499.466 5
549.756 609.704 -169.657 1
-706.337 815.257 -312.538 7
826.322 984.054 830.768 9
216.117 302.329 -814.566 9
339.063 150.845 778.328 10
994.800 -703.553 747.002 7
110.438 5.359 -592.320 1
-439.957 -38.174 -171.260 2
81.582 970.009 480.487 10
-88.372 986.161 -425.993 4
-686.972 815.144 518.852 1
344.558 418.568 -507.488 8
-292.671 665.304 -220.156 1
344.672 826.493 -415.247 8
597.898 -965.307 553.459 1
409.115 -18.393 -423.631 7
254.516 -199.281 -170.104 3
-450.434 830.245 -724.691 9
154.914 -321.838 586.663 5
679.341 262.431 -319.894 4
-305.979 -374.769 -942.304 7
288.628 -514.490 -264.173 8
998.933 684.008 -597.453 7
688.648 -60.457 -458.369 2
-266.363 933.145 -902.960 8
-343.856 872.796 300.751 7
291.537 465.262 -178.436 6
-462.237 934.507 -843.827 10
-517.962 -418.620 -617.147 4
-179.167 -33.224 -248.328 5
506.022 25.235 444.027 4
-720.641 -360.864 548.304 2
803.193 -545.184 331.253 6
-647.258 107.474 993.928 8
-777.284 -2.298 -633.066 4
463.610 182.440 -697.207 7
616.120 -926.951 -847.211 2
-36.369 -636.950 -36.894 5
463.020 -389.527 -497.228 2
-825.689 777.705 220.576 1
-88.441 -621.674 -802.076 1
-951.213 -177.910 636.715 10
-849.086 251.355 703.849 3
-814.406 -597.499 -578.974 8
130.919 -684.916 413.200 6
248.593 -361.306 -165.583 8
327.926 -858.443 -652.031 2
126.675 759.852 960.100 10
-24.505 637.335 508.927 7
108.998 -669.056 945.026 7
296.678 -683.073 756.637 10
-28.411 -693.367 -538.780 10
-247.585 -704.799 -921.283 1
-908.095 -358.738 -127.316 3
401.764 733.386 494.968 5
-101.897 482.982 666.884 2
200.702 -336.818 -203.589 8
-736.294 676.419 -264.047 10
-967.152 -97.351 -319.823 6
674.911 3.455 181.366 4
58.399 882.553 102.547 1
125.408 -285.141 -482.789 10
678.541 673.552 296.920 8
190.127 291.701 -657.772 2
696.458 589.448 251.214 8
-610.163 739.735 385.592 9
336.610 351.419 -497.780 2
-154.236 -493.418 -455.986 10
-312.543 -102.261 -623.306 2
-171.874 266.690 -219.739 8
926.255 -653.545 -166.372 1
374.714 -65.262 -407.891 6
-485.776 -587.903 39.168 3
650.261 -623.274 226.425 2
-15.363 -543.609 226.877 1
-339.298 892.259 -269.078 1
-167.326 -92.014 806.563 2
-803.879 489.855 996.424 4
384.948 732.892 -483.095 8
-990.232 -146.086 108.806 6
-490.166 -622.060 207.608 8
-322.114 -731.204 -165.111 8
-751.873 -223.611 -567.040 10
497.110 232.674 306.184 2
-408.622 560.303 -316.545 1
839.545 -619.119 -668.485 4
166.006 784.720 877.855 4
-764.733 -17.501 683.014 3
-381.440 580.080 980.644 4
-526.885 -858.472 -518.665 6
926.610 927.742 -288.146 3
579.608 -378.205 -7.110 5
-777.225 923.693 711.256 8
35.704 634.731 794.887 5
232.832 733.160 -25.912 3
314.104 -342.805 -334.733 7
464.487 -810.633 -941.467 6
128.511 802.382 -904.380 9
-703.681 -441.558 128.692 3
-380.082 -847.804 671.187 10
-786.549 -338.525 712.583 9
-286.729 -44.015 -663.534 9
-922.867 -534.351 -229.327 3
-988.901 91.733 -606.359 7
352.028 235.158 -384.475 5
-357.664 -943.150 -274.410 5
-252.045 -264.905 13.960 6
-970.939 -814.537 135.479 2
-96.383 728.967 932.732 7
451.974 507.711 -140.210 4
-609.982 662.179 -152.095 5
156.196 146.273 867.226 7
845.465 948.351 814.739 1
-905.914 -93.619 -963.793 6
855.460 352.700 -573.836 9
-943.287 -523.173 832.486 6
-960.799 -734.781 -550.476 3
487.996 -265.110 -380.432 8
-117.020 -555.954 166.723 10
820.995 458.297 -883.548 2
-70.559 746.499 256.237 2
884.077 -404.457 788.427 8
-618.253 -462.478 -362.223 5
-420.412 392.397 56.783 6
-94.074 493.509 29.345 4
479.059 458.774 358.048 1
294.985 368.004 -358.049 6
651.265 658.863 801.671 1
-101.096 138.926 -80.121 4
116.456 825.849 -578.714 6
-825.482 60.924 -137.871 6
-104.119 215.717 -520.382 4
424.070 -254.546 904.507 10
-602.692 43.704 348.887 1
-991.049 600.361 -841.392 7
-531.546 -842.505 -450.129 9
505.916 -821.765 113.452 7
-413.819 326.056 230.537 7
-793.473 -328.939 -134.819 10
-606.294 780.709 -269.103 8
-259.247 259.786 -341.339 6
585.307 183.418 -458.720 1
-255.212 562.631 -427.569 1
114.240 725.591 -416.136 3
-964.830 961.061 986.733 5
-979.391 -948.006 -123.579 6
598.737 -329.709 776.929 10
-840.960 916.488 -20.266 5
-928.699 -854.037 198.923 2
-47.899 372.696 512.365 8
560.823 -338.398 885.209 7
-602.534 -20.603 -66.220 1
-462.758 -674.142 845.759 4
37.451 -361.545 112.441 1
-554.243 -701.383 -999.933 2
576.042 354.614 52.820 4
230.803 682.625 -536.608 3
-734.714 861.973 -90.147 7
214.817 84.338 767.890 2
64.003 560.519 -897.181 8
-270.856 -734.293 -985.349 1
97.857 332.541 567.070 4
-365.907 -616.580 -242.251 3
-316.285 99.435 425.090 6
536.724 -588.463 -107.518 7
711.486 -805.870 -851.256 3
458.284 109.621 -594.604 9
391.031 850.581 -137.048 2
23.383 85.261 254.873 8
-94.369 -455.085 -24.487 5
570.132 168.259 336.664 6
-423.478 609.398 -259.690 3
225.592 90.240 895.123 3
-353.478 449.172 876.508 7
307.701 541.701 468.187 4
82.555 683.844 -865.149 4
678.150 -383.993 -497.248 1
-290.588 61.195 232.463 6
-648.326 178.169 -675.980 8
632.259 -736.465 697.945 6
-755.722 -719.998 295.378 9
102.938 -621.586 538.598 6
120.465 -460.603 646.791 1
-25.664 373.586 -690.229 7
-776.578 605.181 564.620 5
-75.731 211.068 92.210 5
-555.954 272.049 -526.903 1
-646.326 291.262 -290.324 10
509.680 960.950 234.712 7
820.839 -186.167 -957.224 9
379.440 575.426 989.916 7
-404.422 -648.959 -872.868 3
-503.689 746.466 991.095 9
834.076 969.272 351.973 9
-379.357 630.086 873.740 1
-757.425 936.934 571.492 3
797.112 -27.694 -412.024 9
-291.867 50.023 60.367 2
-246.448 230.712 127.539 4
615.661 -896.010 294.554 7
-459.036 -462.222 -195.092 2
250.593 -328.381 -419.114 6
-723.059 210.947 -53.284 1
-195.869 -696.633 -502.726 5
-338.095 759.936 742.853 10
655.236 435.243 200.562 4
-577.254 531.641 -850.666 10
-888.122 -511.795 406.011 5
-86.112 817.199 751.629 6
427.912 19.825 826.168 9
2.952 -692.874 -501.153 2
-485.348 249.117 -376.263 9
101.500 234.610 204.036 7
351.901 -448.682 -3.538 1
-355.081 50.670 80.256 8
-122.565 189.759 -238.623 5
425.813 413.605 654.811 9
879.100 443.238 -426.270 7
473.936 412.989 268.940 1
-326.678 972.525 973.919 9
638.394 900.682 878.715 3
368.686 -39.531 -382.430 8
-385.957 -382.393 616.666 9
429.935 -232.437 14.748 1
653.940 787.130 -558.982 5
983.330 -526.734 170.878 4
-785.561 -875.904 -614.622 2
437.153 -374.756 -911.779 5
601.680 817.370 -209.465 7
-540.379 49.079 -978.384 2
609.112 808.122 -939.349 10
578.565 491.454 -257.937 1
-545.643 -715.238 708.988 2
301.530 460.939 606.567 5
-573.831 189.554 -446.556 5
-566.479 -856.790 8.056 5
-191.894 -528.810 -484.167 4
627.544 -573.973 354.532 10
51.556 -50.541 974.845 5
245.851 -641.279 -668.555 1
-584.695 -774.253 802.545 2
-411.852 296.941 -578.747 4
-336.895 560.011 -433.084 5
-595.235 844.678 63.824 4
-313.716 -674.697 374.848 9
349.679 603.252 135.467 9
31.374 -658.072 660.762 4
-764.213 -62.797 167.180 6
-416.061 164.073 -376.783 6
-753.619 -311.995 58.265 6
-21.413 243.939 537.083 4
359.700 83.295 276.890 10
-176.627 -986.073 -654.164 1
797.176 52.907 324.172 8
-372.207 196.885 14.708 1
600.326 -16.615 -507.775 1
-710.569 661.154 642.588 9
-626.421 653.230 30.352 9
522.761 452.585 642.344 2
-637.945 -10.539 -321.041 4
-835.723 708.855 -665.930 2
552.784 -249.202 2.125 2
-52.357 626.847 -516.636 9
484.676 324.493 668.029 4
-471.696 -834.238 -27.188 2
-525.971 522.965 729.834 2
-272.928 -395.410 357.185 3
-874.683 -470.344 728.605 6
265.840 -872.583 -145.229 2
-666.324 553.085 -95.699 2
739.001 -606.187 239.543 3
115.797 679.418 -161.660 6
610.894 -199.972 -45.761 1
-524.888 -919.415 838.997 10
10.337 -888.561 226.340 1
-666.410 570.701 475.435 6
-169.950 -268.682 -733.096 4
-691.091 -236.251 -277.581 3
-518.638 -949.999 247.306 8
-471.214 -836.706 439.394 2
574.449 -310.442 863.865 7
760.467 -227.800 -942.581 9
185.461 -313.139 -96.512 8
504.437 -276.707 -418.370 10
298.731 -431.056 -304.141 2
-744.849 -679.116 -487.992 2
-793.964 -949.346 52.982 4
-279.966 35.673 469.636 9
977.223 -23.111 890.769 9
-422.434 -808.441 -989.900 7
-384.133 939.317 -36.467 8
787.654 -625.023 -572.550 9
-713.810 407.640 -894.710 7
-375.479 -998.648 501.789 1
454.766 -922.445 834.782 5
-520.354 799.576 -738.926 4
213.526 177.094 -581.744 8
-583.122 731.246 -492.698 9
615.547 -360.529 -411.911 6
-217.499 989.896 398.916 1
443.689 -850.906 -401.179 6
203.817 849.321 -179.685 2
-266.571 743.420 -672.486 8
-597.314 354.412 644.621 7
122.477 271.267 680.611 7
-560.518 203.325 612.871 10
-448.077 960.976 -943.783 10
-11.853 565.767 221.040 10
651.475 525.900 274.280 9
984.831 -370.963 -905.155 1
973.047 -107.754 -559.155 1
-2.079 49.575 313.095 3
173.767 733.116 310.995 4
991.936 41.479 -978.248 1
761.801 957.359 -15.133 9
374.573 -816.033 319.455 6
325.439 96.398 -502.083 10
339.815 -966.155 757.248 6
-123.846 440.644 258.935 4
-435.471 929.650 -748.034 7
946.289 -288.196 -536.090 6
816.001 -778.589 703.875 10
201.298 614.003 -155.344 2
-55.547 -774.207 915.576 5
239.000 -353.320 -420.964 10
-925.493 911.627 -218.940 2
416.248 -749.224 360.559 9
811.634 -320.043 825.659 3
367.004 199.208 55.943 6
-386.659 781.448 -283.928 7
116.502 -887.767 -750.082 6
192.775 916.543 -206.959 4
-52.731 604.885 441.333 10
845.405 832.294 -896.208 1
-686.046 162.069 546.046 7
72.788 -254.774 -852.006 7
396.825 444.055 434.372 7
-857.091 698.320 -386.495 3
-619.495 -7.949 -722.574 4
-214.398 -403.144 671.761 5
-937.202 -723.424 822.061 7
862.532 -489.996 -400.969 7
273.243 -495.461 934.794 10
-477.347 -655.429 -270.333 2
367.242 -289.224 545.954 6
406.163 887.211 729.171 10
501.997 -778.897 -976.045 2
223.824 383.641 -785.407 5
724.972 626.024 -548.084 2
-752.398 -872.918 -220.687 2
-162.707 963.656 62.849 7
941.256 885.972 899.242 2
-474.800 -171.858 896.825 9
514.535 828.298 -105.213 6
-871.467 794.837 252.121 3
962.284 265.161 -101.060 5
856.711 440.901 -929.819 9
372.072 262.075 -265.719 1
-675.536 -827.804 -641.319 8
-907.254 -256.468 984.648 4
693.966 866.734 -945.573 7
961.236 621.532 -788.259 5
927.597 -560.330 874.664 10
108.675 615.682 648.216 2
249.212 -652.527 250.922 5
-625.112 -803.233 -956.553 6
230.515 510.435 -475.078 4
424.074 -778.854 -2.043 2
539.917 -706.514 -769.853 1
455.188 -278.897 177.674 8
-474.520 472.851 163.226 4
-174.117 572.500 -560.062 6
372.373 -639.523 420.173 1
-393.195 -438.884 534.606 2
944.581 550.081 -906.020 7
234.757 726.396 -361.996 3
-80.270 738.648 -506.094 2
-644.651 14.879 -625.334 6
-949.041 -284.152 473.430 2
-858.857 979.894 -492.821 5
-709.955 568.657 -387.864 7
153.839 -338.848 234.093 3
727.038 815.045 673.086 7
406.950 -133.211 -206.738 9
382.289 -162.179 946.731 4
-361.947 980.991 269.353 5
-83.332 -975.499 -162.107 10
869.580 -72.295 -544.724 4
743.902 310.727 104.931 6
-350.441 -606.657 -838.818 4
-357.039 -161.258 -380.682 4
481.596 -948.908 -620.187 7
329.082 234.704 -788.286 2
255.801 182.097 -744.799 1
-221.442 -174.655 703.682 8
921.177 244.963 -747.531 8
410.979 -542.551 -227.294 9
581.327 -482.151 261.648 1
-296.395 235.585 -62.816 5
-57.883 354.910 810.864 3
454.227 -663.113 -336.439 9
780.621 -280.687 -558.358 9
961.913 -482.322 200.492 2
284.678 -805.635 -213.068 1
-241.672 735.645 174.423 3
-7.649 -811.790 -683.693 7
-195.688 -830.855 -417.026 10
-774.060 -259.522 131.580 2
900.912 -526.903 -948.241 9
249.029 -686.385 46.289 4
-248.379 -296.943 928.544 2
855.770 -403.689 -796.806 5
379.130 211.091 -386.889 4
424.844 -496.079 300.610 2
-270.737 -303.415 7.978 7
-875.126 -648.998 -708.030 3
-978.259 -322.157 -741.777 2
89.719 2.519 -331.978 1
947.496 -944.438 697.343 9
655.737 356.387 889.070 4
863.100 -660.886 39.299 10
-720.021 -452.514 -796.850 10
-402.592 -103.783 -621.715 1
202.303 -954.007 558.506 3
-78.567 -176.142 611.653 3
-161.037 -167.505 655.088 5
-85.202 -96.560 -841.439 6
-106.991 679.419 894.784 10
61.234 707.421 -404.250 10
615.039 160.237 -747.880 8
693.848 505.854 -832.015 2
-624.147 -846.292 609.916 1
-591.607 822.248 -309.716 8
-704.965 -848.194 685.684 2
-927.172 900.335 -161.821 9
-979.117 996.392 -226.875 10
-74.583 980.099 -303.543 5
280.318 -329.379 -102.054 7
966.139 -480.429 -487.856 7
802.440 23.855 362.630 6
-354.985 702.383 598.888 9
120.136 -155.730 -994.845 8
851.144 534.540 320.195 3
-496.637 759.381 220.852 6
-915.127 -718.661 -561.693 3
-640.714 649.560 -263.422 5
-165.787 -26.316 794.623 7
-460.394 -211.533 237.163 2
-184.974 -81.968 635.444 2
560.840 -693.454 749.094 9
353.735 -318.336 -516.259 8
463.914 453.297 -957.854 1
922.563 -582.641 970.625 4
335.311 -825.092 339.011 1
-419.608 -685.421 -84.494 6
-224.219 955.158 -845.778 9
894.149 223.518 -286.569 6
247.345 -969.335 703.511 7
666.571 319.182 228.244 10
-587.907 -479.176 809.957 1
-777.541 -418.479 -298.642 6
-197.961 -379.952 612.557 1
-582.154 197.443 738.564 2
903.459 768.293 -461.165 6
-879.033 511.974 -435.096 1
546.531 937.188 917.519 2
-121.311 885.790 -605.022 7
46.428 -637.829 -573.560 10
222.300 985.149 66.647 5
-408.834 -37.188 -46.994 1
-277.408 151.897 -154.198 7
643.734 295.243 -682.859 3
534.889 956.485 662.066 7
707.108 -218.818 -869.696 9
-318.210 -945.029 373.578 5
-178.316 -743.980 240.641 3
440.094 -381.963 -749.239 9
-276.815 -952.768 -709.897 8
714.281 91.702 -920.354 7
-71.040 -916.314 -217.456 6
560.608 381.732 -886.430 2
480.525 -841.549 90.810 1
591.973 859.617 417.955 6
996.903 568.268 -960.368 7
-422.857 -144.379 892.428 3
-547.879 585.878 -773.350 6
380.009 271.213 498.410 2
-906.258 -184.976 91.020 10
746.276 -554.154 968.309 1
775.722 -981.877 -880.623 7
-183.426 890.488 481.718 6
731.940 972.993 784.244 2
730.800 -995.514 987.054 6
-943.357 610.552 778.629 3
985.881 -924.388 225.600 4
-348.909 -801.859 -426.831 6
884.132 993.674 335.802 4
379.863 -497.992 978.147 9
-759.875 -205.695 -954.649 10
-168.917 277.943 -725.879 8
688.518 -832.568 26.336 5
167.855 -168.031 -965.790 4
702.542 -656.893 935.992 5
-713.004 -744.736 -338.433 9
-488.400 833.721 626.183 9
-63.478 24.093 698.384 3
666.404 662.523 -958.183 6
-657.746 -545.464 -4.495 8
-130.270 -225.162 245.121 8
-940.188 -906.857 356.740 4
-313.022 -947.560 255.741 7
165.646 -262.617 -234.149 10
-973.755 -909.043 90.299 4
73.236 778.263 -779.878 5
-67.179 471.484 282.054 9
858.824 -308.717 -661.361 5
314.977 -738.017 -649.687 4
-715.782 446.242 855.073 5
-795.488 -549.266 -166.808 3
670.527 -568.484 854.479 1
-718.746 -909.621 -732.014 7
687.238 617.430 -258.789 10
-385.506 -827.975 -540.512 5
206.703 123.109 -402.487 3
676.696 665.585 -422.472 9
-194.956 -883.591 -142.554 8
497.135 287.052 587.715 1
392.943 -810.803 540.393 6
-56.802 -235.358 613.212 1
513.879 440.895 -569.575 3
325.460 326.419 336.667 1
-268.650 -988.204 -484.728 9
382.603 -27.701 -128.858 6
-563.821 -842.463 437.301 3
-775.888 -825.205 -861.354 2
453.287 968.990 -332.608 8
-713.244 405.969 23.949 9
29.113 18.592 916.716 6
669.990 899.179 847.689 2
-88.249 380.533 511.442 6
192.786 892.909 -223.777 9
414.452 431.917 72.191 3
-585.293 356.294 -204.068 9
-613.788 -315.145 -304.864 5
180.778 -74.545 496.650 8
-113.668 -898.730 22.820 6
-207.115 -283.058 481.822 9
569.604 114.550 643.315 3
742.547 306.924 -247.377 7
436.243 784.657 -727.241 4
-424.250 -167.107 105.512 3
264.251 -657.845 769.813 5
444.474 701.318 787.445 4
982.582 -524.469 468.015 3
501.869 -194.819 -98.564 6
-20.600 429.861 -271.645 4
111.159 -659.666 -828.920 1
4.588 -961.735 510.382 8
-729.335 3.211 411.474 6
-725.531 42.727 -406.750 6
-995.526 -459.897 304.308 6
219.841 265.182 390.675 3
759.511 745.243 -742.873 5
-178.119 378.934 799.846 1
18.263 -205.450 -819.612 5
-42.487 -694.222 -8.712 6
-679.471 578.738 435.644 10
-465.374 -901.111 13.406 9
946.266 371.196 625.280 6
482.525 466.502 361.711 1
319.219 -449.956 -542.320 2
30.318 -966.635 257.570 9
-874.940 -342.127 318.123 3
644.186 -962.368 536.065 3
-337.719 776.852 701.806 3
605.479 369.854 633.581 1
111.371 626.529 869.344 9
-410.283 -296.337 -831.742 8
-403.037 594.951 -651.629 4
-608.539 581.610 -541.523 8
367.634 -507.011 -850.969 7
122.838 -770.410 140.171 1
721.482 564.422 -322.040 5
943.081 -59.858 -820.258 6
-991.059 -43.989 631.134 10
255.853 117.265 951.934 4
378.549 -873.376 -770.755 4
-223.079 809.492 100.752 1
927.128 -669.126 846.285 2
446.960 -515.670 -392.156 9
-896.434 563.100 -492.812 8
820.835 787.140 661.481 1
-80.019 -688.945 -923.082 5
-241.001 934.820 165.737 3
-60.662 797.233 -429.927 5
861.381 -330.397 -681.317 7
272.604 302.201 111.122 10
461.194 804.010 -227.685 8
-631.043 -134.893 515.658 1
73.236 -866.327 792.576 7
-65.589 -342.553 204.414 2
-888.014 383.625 553.054 8
818.355 -11.380 -911.435 8
-655.492 890.730 -695.216 1
552.348 -447.789 470.121 4
-555.518 111.939 782.183 6
-668.407 481.827 -251.105 5
120.873 -440.003 -480.380 1
406.228 -872.435 -646.436 10
-425.193 -228.264 937.588 2
-219.758 -470.695 -222.525 3
192.871 476.971 995.995 10
-338.149 -638.039 -590.226 6
-91.778 455.728 250.087 2
435.238 785.972 -265.184 7
579.309 -72.956 345.417 3
-25.407 -438.683 -91.372 8
920.934 576.101 -492.409 4
660.539 723.928 -233.012 9
-29.679 -232.112 -261.335 8
-417.180 -545.748 -480.322 2
782.488 747.089 103.720 8
-898.388 999.629 750.993 3
198.867 164.754 429.688 6
-415.931 -92.143 441.956 7
-296.894 -147.570 -677.242 2
-75.503 -121.472 272.622 10
962.455 -692.557 455.516 10
-386.926 96.607 -155.832 7
118.404 932.978 -756.378 6
89.661 -166.365 401.791 1
5.329 204.454 -458.976 5
756.629 -158.208 -349.989 8
494.553 296.888 843.530 6
-26.185 262.617 854.907 1
724.604 -285.749 -867.604 4
69.789 -997.159 334.236 1
846.596 -937.091 40.255 5
-849.501 53.526 128.357 10
-163.351 -737.201 657.501 1
275.648 -355.715 -734.136 1
-613.271 574.905 -527.578 10
-394.900 424.311 -13.047 8
550.927 -189.693 316.238 3
954.634 463.322 932.948 5
869.263 880.925 126.644 8
706.882 342.364 -644.732 1
-11.713 954.816 41.014 1
283.105 990.106 636.315 10
-283.207 31.043 -542.271 8
-280.605 -31.609 -469.893 3
-933.082 323.167 242.898 8
-81.205 -608.683 -337.594 7
792.197 335.025 604.721 4
-380.170 178.993 -495.730 8
333.604 167.017 -239.450 8
-117.136 378.648 309.534 6
-893.868 -801.146 -388.424 7
-545.266 702.640 -177.937 7
504.492 -130.832 722.660 2
798.598 907.476 746.904 2
-650.544 -437.464 58.647 3
72.228 918.061 -69.728 6
779.812 -154.495 750.147 4
-934.829 -572.678 -619.311 4
95.649 132.238 -940.961 1
580.614 -938.665 53.348 4
342.829 646.211 -489.355 4
68.064 661.627 -997.053 3
-489.083 -86.402 352.621 7
-45.156 879.330 -397.089 9
640.505 -939.755 -278.944 3
-731.622 -12.419 -132.592 1
371.507 -744.221 -545.973 10
-484.407 -781.062 198.297 7
334.259 -908.876 936.750 4
-800.568 -445.015 22.902 7
-704.282 698.719 -779.351 10
329.036 -559.542 680.985 7
6.011 225.869 -623.604 9
189.687 -777.792 -229.181 3
402.119 524.985 -296.820 9
450.287 85.166 -167.074 2
-256.762 709.466 -133.769 5
-712.731 -166.159 395.241 8
-999.836 2.327 777.330 3
-635.047 913.809 -27.894 2
-748.922 671.051 -934.420 3
69.567 821.015 -359.047 9
359.308 -542.190 -939.614 9
-165.582 -807.322 494.685 10
-104.225 314.905 929.984 2
579.801 111.983 75.183 5
289.860 765.314 757.156 3
-331.431 -856.545 -773.271 10
-956.814 49.215 639.051 1
862.891 746.544 521.094 3
284.407 -612.770 -531.475 5
-994.985 486.456 -593.740 3
575.446 248.845 867.281 2
593.089 833.941 31.128 1
-101.203 -464.837 212.912 4
-825.562 560.665 633.803 10
155.817 382.567 -763.505 2
-153.672 52.486 207.079 3
-284.163 -633.615 -625.087 6
-975.413 -338.188 901.022 3
-433.905 -317.731 -733.480 9
463.977 619.413 -573.367 2
-342.457 -71.231 90.941 9
-242.220 -681.855 -630.485 5
-170.907 406.087 -995.713 7
-308.418 309.435 -218.278 7
-207.788 724.626 -306.578 5
-856.408 499.928 309.125 9
-388.148 376.518 639.358 6
779.897 -309.927 -169.521 3
-503.309 362.173 494.997 5
992.380 230.262 991.999 6
345.975 -862.919 272.883 3
721.011 782.198 934.950 1
335.167 -849.747 670.468 8
-350.846 290.538 -373.514 6
-576.890 409.321 -304.411 9
2.803 -72.115 436.755 1
980.458 -644.296 -64.364 6
8.593 -865.247 -298.481 7
-965.894 147.175 -527.886 4
510.627 -86.257 317.569 10
481.903 156.082 -344.084 6
-637.857 -134.275 -617.526 6
-107.211 200.016 89.463 7
604.049 314.713 -33.764 7
595.961 -194.747 -125.633 3
-581.667 -118.416 -149.239 3
-541.420 582.875 938.844 2
-217.918 564.281 945.643 8
-755.570 607.206 252.837 8
555.006 75.677 391.748 8
471.664 -27.921 408.952 3
-315.860 233.522 218.194 3
-851.822 685.911 -491.160 2
498.648 118.500 620.927 1
10.871 -608.302 366.812 1
-824.995 554.749 -864.041 7
-322.372 390.785 -769.066 5
-72.168 536.726 -90.002 3
677.228 -356.703 -321.603 4
-528.569 130.077 454.006 3
524.021 -549.928 -239.234 2
64.411 425.399 -874.004 8
198.006 664.232 -436.034 9
523.073 698.958 472.801 9
627.529 358.545 -210.097 5
416.552 -852.550 476.789 7
-134.010 50.862 827.933 7
138.336 995.489 227.265 4
-865.087 933.494 242.080 3
459.745 -776.826 560.669 10
-455.195 -363.278 787.623 9
468.607 766.723 885.591 6
18.414 288.001 -912.003 7
-908.558 -711.225 -823.779 10
-983.123 121.423 888.758 9
615.157 985.441 902.530 5
-768.384 -731.769 262.417 3
37.904 818.591 903.250 6
655.981 -969.876 473.670 4
-579.810 810.282 843.084 3
697.960 598.289 -76.019 1
68.573 -42.472 514.218 3
-304.632 -122.244 994.563 8
878.045 -45.875 -456.663 7
-295.014 158.720 286.645 4
702.044 -317.934 362.936 7
74.306 857.328 641.875 1
521.847 -672.299 111.765 3
891.698 -79.656 939.126 9
-815.482 -9.288 -896.642 3
-914.221 719.542 547.225 1
-521.476 -427.540 -468.754 3
-19.229 -142.647 871.224 5
-749.054 -910.750 -172.310 4
121.872 431.845 145.499 2
68.550 -337.487 479.652 1
-671.285 -381.781 -107.524 1
337.818 583.992 458.955 9
-842.736 881.458 -960.521 4
929.486 -969.081 -506.512 1
-976.365 957.554 -772.904 9
766.266 22.299 -12.541 8
986.196 -700.536 162.449 9
326.097 -904.097 63.806 10
195.622 -95.495 -38.070 7
781.571 65.178 669.032 4
-896.040 -405.296 144.450 3
80.340 -518.068 371.115 5
-373.988 858.604 -145.508 3
698.236 220.281 279.189 2
980.394 711.465 -535.411 2
-164.669 27.485 -733.457 10
-994.233 -122.332 -530.706 8
-306.055 487.500 -788.991 3
458.228 570.897 565.458 6
345.155 795.831 153.960 9
-215.110 -662.063 972.328 10
888.859 311.624 894.184 7
893.338 790.319 740.890 2
-329.003 -441.178 -998.417 9
-456.449 -992.722 725.711 3
792.774 972.147 -920.534 6
137.469 115.240 -415.980 6
-921.226 -849.811 -532.097 4
710.863 -910.003 627.171 4
-755.278 -216.193 -232.204 2
-52.933 -902.893 -439.358 10
-496.050 951.376 -89.802 6
-235.491 -382.794 -903.712 2
-275.508 804.171 846.196 6
255.705 866.514 191.273 1
567.706 -235.402 180.696 6
-57.727 -682.142 768.621 1
204.958 210.129 -662.762 9
-44.404 -924.214 724.171 3
889.389 66.424 174.585 4
389.048 209.810 395.078 9
137.400 -456.500 133.159 1
-777.459 -960.443 760.824 4
621.820 -790.426 377.675 8
794.912 -963.581 861.722 5
948.908 943.151 325.431 7
470.370 -156.469 59.678 1
-109.099 -912.693 866.593 8
-406.367 -399.245 -619.646 5
182.731 995.040 685.705 9
-223.285 -773.594 752.299 8
612.994 45.560 -650.117 3
-327.722 -487.402 -984.034 4
-575.088 841.732 -773.277 8
305.373 229.760 971.933 10
-831.088 -801.535 49.786 2
-949.182 -622.284 -128.873 9
117.744 335.021 579.213 9
364.296 -556.391 681.425 1
-739.321 -525.878 281.148 2
62.371 -982.533 -746.207 3
83.144 590.219 89.758 8
-965.510 956.527 767.912 5
-306.465 -533.916 -499.734 4
470.680 -161.159 336.717 8
-45.399 -527.606 412.006 1
191.100 -655.730 -229.601 7
-177.388 668.151 857.003 8
775.286 -473.252 886.584 7
710.973 -833.032 -840.920 2
-984.057 -449.655 -641.342 6
164.271 776.065 -706.331 3
-41.630 -157.571 -566.488 10
-68.439 -324.383 669.831 2
-205.467 -853.279 735.747 9
-540.430 -173.082 295.392 1
605.910 939.470 -563.430 4
41.556 -31.984 283.182 9
-104.918 -272.847 852.063 6
-424.533 306.429 -287.087 5
-634.225 -103.389 -210.850 9
677.258 208.967 873.938 9
-918.740 138.237 -394.339 10
475.592 187.853 685.621 3
231.354 39.521 405.644 5
60.172 697.398 -206.607 4
-376.273 154.515 898.710 2
54.101 -575.612 975.541 1
-767.842 -327.789 999.117 6
-97.408 322.772 913.684 2
-61.476 -156.659 206.236 6
273.335 -407.785 933.219 5
956.142 -274.390 -376.046 6
988.171 618.148 -243.526 5
-535.837 872.338 -785.168 10
825.179 170.428 -419.872 9
28.176 626.461 -385.261 1
-267.291 -170.458 -892.849 1
21.437 -258.968 786.638 8
-635.311 -510.736 754.364 9
927.222 385.201 -732.319 1
-892.710 52.609 954.417 7
-522.598 -44.983 984.812 1
-73.229 -659.495 826.244 7
209.435 772.863 -548.270 3
305.392 -406.503 -197.120 6
904.726 -432.698 430.611 3
-166.743 -230.136 158.439 1
-139.544 -61.009 -782.906 6
44.179 -778.261 -369.798 3
-166.090 -684.439 914.028 10
639.699 131.315 -33.978 3
262.193 -42.705 997.046 4
-548.409 462.978 537.780 6
483.251 440.426 394.030 3
-876.902 445.917 236.780 5
242.994 585.303 813.637 10
604.350 -174.087 576.545 9
-912.671 207.493 85.909 4
951.296 436.514 110.183 7
3.500 -913.863 889.684 10
132.376 -411.256 955.207 10
-688.847 -623.371 723.863 1
63.144 -240.029 382.525 5
717.584 10.519 -19.461 2
424.534 373.314 -148.484 2
9.214 448.768 -538.116 10
-523.884 925.146 -993.719 3
646.962 -887.582 -26.008 2
621.058 522.614 -57.227 1
-523.200 -436.392 203.600 9
-366.018 -652.254 911.737 1
663.536 153.296 -568.656 9
-263.773 -164.809 -770.903 2
-900.583 247.932 -814.483 7
-806.240 -127.818 -834.607 8
280.752 675.860 -539.787 4
548.290 106.016 786.343 9
153.303 -823.844 495.594 2
800.315 3.873 911.996 3
260.971 -913.183 174.110 3
480.684 685.093 -71.163 2
-623.139 188.875 -283.487 1
-31.377 377.996 -258.858 8
873.711 43.976 442.418 1
-373.125 -50.823 183.228 9
84.224 487.365 -239.719 6
833.946 796.147 949.893 7
-954.951 80.602 108.957 4
871.018 -933.256 -590.264 6
-150.624 -345.993 966.383 8
958.373 -472.874 -349.306 7
-898.578 141.630 -249.814 4
-939.594 -615.591 -924.027 9
-637.682 -157.225 -15.246 10
121.742 893.330 -506.891 2
519.429 -108.621 34.701 6
-852.371 -871.492 -96.405 3
-717.390 634.477 -73.084 1
-168.343 292.144 -312.952 6
87.130 125.117 682.039 7
694.389 995.533 253.744 5
-576.627 808.595 685.997 3
401.002 -293.050 -854.065 10
-657.776 926.993 -613.443 9
-131.163 998.081 -933.114 6
834.337 -619.375 -495.834 2
-946.503 -831.966 -381.623 8
-479.567 598.026 -198.143 4
256.489 806.864 -632.454 2
-743.906 842.791 -975.245 4
-568.899 534.444 74.427 8
993.345 952.011 105.221 1
-242.174 971.948 -267.231 7
-890.974 174.274 793.685 1
-434.745 -744.166 -175.825 5
652.322 250.062 80.223 6
-127.396 320.536 -376.624 6
477.830 -234.940 -749.303 9
-82.750 83.997 362.778 9
561.617 98.348 630.744 6
629.331 -346.596 502.424 5
594.702 -191.793 462.906 10
-703.636 953.785 -223.379 9
-273.874 745.107 -680.950 5
-750.870 -216.653 -57.882 9
899.899 -120.022 -569.055 3
-217.347 213.131 -653.179 10
726.925 -169.012 -869.890 1
274.994 670.460 443.502 7
-685.373 -661.903 -940.700 9
837.466 -715.036 403.756 7
270.055 240.510 595.394 3
-300.308 -907.951 32.047 3
-306.251 845.806 -684.017 1
-836.431 -950.283 533.890 8
-461.232 -528.609 -549.947 8
-552.186 16.070 -4.391 3
-429.919 966.123 95.416 3
-198.925 -945.553 -387.301 6
436.985 -504.293 -208.470 1
101.876 -879.537 646.631 3
-585.372 458.293 426.147 2
-545.325 -181.159 696.604 1
416.177 -467.810 11.262 3
-391.587 -711.016 348.526 4
100.364 -927.549 521.023 2
-514.657 168.962 -402.985 8
-750.710 -264.106 -525.647 4
-205.487 -200.490 -631.266 5
-218.452 -810.366 -279.256 10
-185.575 -366.822 703.699 2
-38.332 -448.058 840.838 1
778.729 -710.988 -51.302 5
480.795 422.433 -10.378 9
-186.529 -832.736 -439.106 2
916.805 -77.194 291.046 10
-412.402 -293.723 -42.654 7
780.286 -736.744 -748.962 6
-349.192 -40.961 436.206 6
-158.801 284.475 -210.893 9
0.894 744.962 891.779 1
-28.869 8.533 -987.234 1
-875.488 -241.347 137.105 10
-927.790 -995.439 876.753 4
-500.855 -138.197 704.857 7
-716.225 -460.235 550.323 1
99.404 783.478 790.674 8
475.503 -237.019 402.907 9
2.290 542.097 -693.969 2
-116.345 -655.687 -477.284 10
-695.702 717.124 -119.526 1
-439.734 -961.405 -391.938 3
-919.445 733.675 662.870 7
-554.887 615.939 529.711 10
519.387 286.456 -86.950 6
141.326 911.257 609.823 1
624.909 -743.261 764.923 5
70.702 -4.135 -215.736 8
907.789 140.904 -509.994 6
301.393 962.815 463.243 1
166.332 715.220 -715.853 9
715.633 158.922 218.409 2
621.153 550.198 961.288 3
-150.022 -638.261 -268.772