1615 160
81.174 903.589 454.239 6
-63.088 -911.591 678.015 2
-904.984 51.496 818.845 4
695.971 582.825 190.270 6
-466.715 524.610 765.407 3
-546.817 -933.536 198.627 9
394.111 -233.466 -15.261 3
-29.873 -567.007 588.217 5
-646.930 -526.990 -308.119 3
-45.089 327.325 -262.140 5
-685.846 441.750 173.945 9
4.767 -614.517 702.292 7
976.532 -315.871 -670.796 5
-229.472 978.599 329.136 9
712.908 343.771 -303.348 8
757.285 738.584 -217.508 10
-568.956 826.622 187.521 9
-118.646 60.708 -904.582 2
2.973 176.198 710.627 8
-763.939 826.912 992.044 2
-64.144 435.440 412.879 5
-803.388 691.662 384.141 1
371.947 329.168 -484.777 6
271.724 618.059 -986.437 8
-402.250 -630.843 -431.033 5
-387.819 272.875 -870.655 4
-714.770 -619.328 11.033 8
-682.022 -406.361 650.376 7
547.439 271.442 248.549 2
921.657 -905.137 12.506 9
568.584 173.567 979.683 3
803.911 558.025 -738.039 1
-314.813 40.972 -690.107 8
-531.250 603.578 907.016 5
-401.334 -845.863 -69.896 7
451.753 -119.966 842.294 10
-536.632 -122.754 -956.808 7
311.390 223.916 -485.446 7
-560.077 -331.722 -114.073 5
-688.774 172.555 968.946 5
496.402 -249.256 773.332 7
-602.253 -228.125 507.985 5
906.359 685.834 -441.944 6
-783.662 -202.976 3.880 8
433.382 71.656 799.020 5
-544.474 933.516 629.130 1
354.355 -850.429 640.807 7
-748.511 112.835 407.489 10
-506.303 966.515 -241.254 4
31.684 -145.195 589.605 8
915.289 -225.958 473.644 3
439.840 242.107 454.653 10
-825.271 -451.913 704.909 8
222.849 834.097 935.905 10
62.765 -273.558 -485.976 9
-382.187 -275.093 126.986 9
-794.122 620.757 524.789 7
-10.983 251.172 -165.365 1
126.741 -587.414 15.143 4
141.920 -851.310 -456.209 8
-918.652 322.980 623.314 6
-617.143 509.351 -110.604 7
251.873 942.987 -756.439 1
-862.078 -612.302 -483.793 7
-351.004 367.457 340.469 1
-836.388 544.894 -280.618 6
-729.151 86.633 90.785 3
-841.923 859.812 894.003 4
-601.659 -962.679 -97.098 3
-798.626 -624.148 -322.981 5
-949.091 -657.957 -412.283 10
847.269 164.791 93.672 6
-172.239 182.469 885.293 6
-419.601 -287.879 -364.168 4
-985.574 989.229 -961.423 1
427.406 25.098 -270.246 4
-528.658 972.290 -831.961 6
-544.630 693.951 52.061 7
3.839 835.823 145.429 1
-162.929 -226.724 942.305 1
552.814 753.195 -979.202 4
-831.105 -728.787 19.555 8
-450.028 -953.183 -435.722 9
418.976 862.165 -56.963 7
885.938 -72.258 327.350 3
-926.848 -685.698 -557.751 2
69.091 706.988 258.849 10
-489.949 -295.923 538.601 5
-219.445 22.647 -118.851 2
701.286 -125.519 733.835 4
-292.099 106.784 -897.113 10
-730.260 701.529 -176.020 4
984.211 -604.219 967.607 10
-606.873 347.894 275.354 6
-957.711 689.356 165.205 10
887.095 -97.676 -327.960 4
-446.403 416.714 276.768 7
-16.991 -756.398 756.565 10
-6.304 878.076 78.724 10
-562.113 973.660 -611.828 2
399.831 829.246 -406.351 6
7.901 -794.259 848.559 7
-851.438 -670.876 384.172 7
-274.217 -582.159 -906.625 4
-186.370 -692.378 552.427 5
-671.635 609.772 935.173 1
455.899 -706.504 -164.342 5
342.735 691.082 943.546 2
-8.502 -33.279 -119.178 2
661.291 -51.609 310.514 8
-185.959 -544.236 -530.063 8
-9.926 205.258 -445.179 5
-840.092 706.300 428.218 9
-278.368 699.923 556.325 8
926.532 -385.221 -955.675 4
-356.297 -47.684 -531.805 4
-821.366 -144.314 672.998 1
-817.087 155.059 987.060 5
-37.885 -854.797 -683.231 10
-814.531 771.843 425.460 1
113.249 -815.159 -330.395 7
924.804 -478.175 -421.162 3
560.349 -297.872 222.705 3
-270.669 627.491 578.848 7
191.598 502.120 748.619 1
16.502 -446.494 125.368 2
857.681 407.230 -634.320 3
611.036 810.050 -570.162 3
112.957 804.690 -326.555 1
-952.839 675.196 -937.477 2
-858.967 -538.772 -522.287 5
-546.514 -592.140 613.122 10
-156.821 665.196 85.372 1
360.244 -244.217 780.103 8
-309.340 111.700 -802.934 9
-614.252 130.700 -851.997 2
-119.152 583.164 921.207 5
256.704 -829.568 309.557 10
370.017 -602.342 -899.037 6
-630.075 709.077 144.055 4
700.077 -784.642 -446.583 5
867.967 -428.565 993.306 5
-141.500 558.009 -992.832 10
906.068 -451.393 483.705 8
941.713 -31.083 -863.565 6
396.004 495.914 -635.897 6
-406.665 372.338 727.758 7
-548.475 243.855 -931.824 2
-20.910 210.751 -294.345 8
-263.546 -573.528 564.769 10
-187.855 -206.270 -595.218 5
471.586 420.597 580.929 1
656.547 138.501 312.940 9
998.617 355.952 -826.712 4
-742.946 -648.627 95.167 3
-143.375 729.631 -948.968 2
719.511 -53.373 286.070 10
-894.642 -832.259 119.386 2
-935.501 725.905 629.054 5
-554.224 -489.947 131.665 6
-839.098 -747.688 -737.133 7
-966.382 -614.567 988.541 10
200.125 -343.684 -287.235 7
-768.658 -414.671 662.778 5
-77.662 -292.176 726.547 4
74.406 328.829 -575.374 7
-119.580 -960.891 64.404 7
243.796 10.979 -701.750 9
373.748 -821.060 -47.708 2
259.187 504.939 114.433 5
495.979 610.933 -704.683 1
591.812 -848.294 -391.213 8
260.292 -72.793 624.706 7
761.761 -166.865 598.976 6
-478.474 662.712 15.407 7
945.123 170.989 580.746 2
-176.213 283.910 740.491 10
516.136 -22.452 -13.084 6
642.570 759.294 246.306 3
476.971 961.035 -952.794 3
-521.699 564.380 -245.370 9
349.797 -9.852 564.483 8
181.718 769.598 133.673 7
-483.597 9.370 -53.506 2
383.708 238.911 434.013 4
-439.364 -679.508 586.236 1
-309.031 -825.890 765.412 1
402.704 376.578 -987.298 1
883.503 -200.955 -986.018 7
481.282 504.955 -729.761 7
255.451 446.225 -625.282 5
-731.240 166.075 104.702 6
573.214 823.693 113.664 8
632.117 443.190 -158.826 4
-618.594 405.294 693.278 4
837.993 -539.836 -676.936 1
400.711 -367.902 997.186 10
863.522 -918.749 582.104 1
542.592 -387.476 -107.140 7
49.736 -633.498 263.702 5
525.293 -3.538 -976.636 6
-419.677 -865.551 -7.298 3
-565.723 724.560 -318.030 2
134.953 -86.635 996.962 10
522.849 -550.530 523.256 7
-128.966 -937.175 581.284 2
593.696 -934.715 -442.244 6
-180.160 50.568 166.005 9
881.777 -988.755 -106.828 5
259.503 -84.844 -848.275 8
-376.071 434.093 -150.096 1
426.258 -140.741 -582.963 3
785.464 635.368 -776.975 10
437.050 -958.942 852.162 4
58.490 -611.805 -459.147 6
-720.967 609.042 821.205 9
219.789 -561.819 -570.189 2
499.822 63.013 -396.664 9
285.572 -793.532 -117.407 10
68.846 -268.640 -418.207 5
154.705 634.374 -513.797 3
-919.836 -211.366 -591.109 7
-975.041 504.342 -349.028 8
-550.722 -213.662 -709.925 9
118.178 -149.596 152.014 1
-142.768 -160.264 722.858 6
-240.528 -850.916 334.152 4
676.042 -834.609 -918.446 1
739.763 835.415 30.010 2
-295.324 554.221 -938.105 5
825.445 -469.878 164.232 6
416.380 -903.379 -979.413 10
-713.301 -580.866 806.945 1
-994.743 -410.632 817.461 7
-990.737 200.890 960.421 5
435.622 -451.474 664.134 4
260.529 936.120 445.816 10
776.699 -109.449 -543.812 9
-513.570 497.329 -385.906 9
411.092 222.228 -830.974 4
-765.643 -524.000 722.948 2
369.169 -148.218 359.423 5
72.529 -87.221 -917.318 5
986.940 197.247 225.870 10
194.016 910.729 -850.811 2
-779.311 440.364 576.346 8
-65.682 -600.525 150.522 8
-421.475 217.872 189.158 9
-601.507 -173.175 530.923 5
660.576 619.116 294.748 10
-629.927 -128.121 -393.999 6
-748.077 -782.259 722.464 6
-936.189 744.564 -224.980 2
541.961 -601.469 309.767 5
337.424 700.975 463.525 2
393.213 -217.709 -760.551 9
-384.057 280.838 -351.634 6
671.914 -935.896 -913.036 6
199.787 669.221 530.205 2
452.273 -539.150 -30.114 6
-957.893 -27.465 -116.108 9
-645.273 -810.212 -409.302 6
807.849 659.041 -719.157 8
318.131 -17.594 -135.071 3
829.858 -779.619 -616.257 2
-686.556 569.640 768.067 7
-492.467 252.252 802.810 10
-768.175 735.672 46.291 8
251.990 -378.474 699.372 8
218.213 941.080 -685.926 10
780.435 -630.665 -559.019 5
350.667 426.281 880.218 8
-140.548 652.428 -434.217 2
896.142 391.481 -890.239 1
565.185 -574.225 32.683 2
693.480 530.587 -80.550 10
-439.650 -491.567 -168.091 1
120.713 -307.689 372.885 3
-20.994 148.800 524.699 8
-253.260 657.300 898.942 5
143.387 272.459 615.471 2
-482.172 -58.069 249.444 1
46.631 669.807 -936.948 2
879.572 558.816 -753.733 8
-120.249 630.268 -571.281 9
-64.654 -140.137 618.719 1
-303.603 -333.880 -284.552 10
-963.697 -171.033 -533.856 6
786.374 34.697 679.812 9
-658.744 468.492 81.500 5
419.741 605.112 -129.917 1
-874.290 -128.874 915.289 1
-310.934 850.107 -296.996 2
400.650 -444.824 -410.705 6
-576.340 593.078 582.725 3
-106.192 -423.046 574.295 6
-896.394 -329.585 -121.025 5
423.936 -505.564 -565.716 7
381.049 -418.742 -966.081 3
-990.112 -778.819 -977.171 6
-92.974 -475.215 18.174 2
846.288 137.819 790.360 4
611.266 -677.410 441.759 10
-380.687 31.953 620.162 6
-280.898 -321.335 420.682 8
378.156 -453.244 -175.204 10
411.446 235.099 796.393 3
348.538 -239.086 974.388 10
-460.022 -345.092 -99.867 6
-291.050 55.490 -109.080 6
-404.709 41.015 -289.316 2
835.778 -388.408 195.355 1
316.101 -520.503 -71.044 1
-975.258 -68.003 -962.249 7
-351.660 8.687 -933.254 10
-174.419 -19.483 -418.275 9
-797.254 646.314 -65.514 8
-368.285 -412.635 -978.366 8
-9.203 170.663 540.662 7
-512.147 -424.662 -779.206 6
-164.968 545.011 -575.225 10
-99.866 -630.851 690.923 6
350.780 388.906 -851.823 8
-217.493 -212.527 266.475 9
-841.966 983.564 543.984 10
567.139 -102.546 471.170 9
472.395 -224.190 -258.807 4
-729.255 -544.078 309.972 8
378.315 -581.627 -37.170 8
-644.165 887.442 316.093 10
-664.263 699.687 162.575 2
714.712 113.921 0.189 3
-559.767 -641.551 142.924 7
-7.779 747.439 811.619 5
790.340 767.030 245.135 10
-517.299 332.231 -726.235 3
156.756 -577.853 323.904 2
-906.436 540.867 -983.154 4
-467.417 -798.292 319.845 1
70.578 190.746 -697.499 8
858.239 -315.135 -706.116 2
499.843 -256.050 497.561 8
-948.964 -950.752 878.402 7
144.818 -172.002 983.307 3
-690.128 399.609 -946.150 9
259.918 969.883 -272.977 5
-968.557 957.233 450.415 2
-687.481 785.951 608.040 6
163.507 434.007 666.709 1
-253.764 494.366 -455.173 3
932.495 906.949 -638.027 9
120.512 260.173 812.190 7
-116.766 890.713 182.531 5
-416.506 -476.405 -515.556 4
310.064 -144.597 994.437 2
-672.313 -144.874 155.041 1
-700.336 -965.662 -734.173 1
-423.371 698.070 -841.575 1
477.889 805.535 -217.840 8
782.526 -920.766 -538.823 4
-781.780 -732.878 -228.984 6
164.181 119.461 566.628 8
438.496 -763.776 478.129 6
-138.808 799.203 -928.098 3
-24.176 880.126 -309.277 6
713.083 637.518 665.523 9
-198.764 -679.060 -822.327 8
-914.253 -619.474 93.126 2
803.421 -413.654 -413.079 6
-374.938 811.074 -119.748 8
965.897 -817.420 -259.025 3
-782.710 -752.846 -676.383 4
32.899 824.622 -510.587 9
836.710 -406.245 -206.301 10
604.148 741.569 -835.726 8
-817.942 753.136 -747.477 7
-736.112 -836.093 598.611 1
509.982 -445.813 846.650 7
254.664 -729.881 288.144 9
-68.893 -367.006 -286.590 4
148.911 50.541 -138.252 4
-909.751 -923.795 204.705 1
-152.659 -49.861 -181.683 10
869.096 -163.707 -596.610 2
423.739 34.650 -529.650 4
-562.067 247.424 -705.325 6
-832.511 918.057 766.050 10
787.406 974.556 444.022 4
695.778 866.564 738.230 2
533.877 -650.163 -867.821 9
643.073 -11.824 157.252 6
475.157 -875.868 706.296 8
388.192 -902.048 -723.132 9
407.868 873.082 312.737 5
-113.476 166.893 -735.584 9
390.960 553.533 -328.889 7
-179.942 542.767 -359.999 5
-285.111 -220.278 -463.137 4
868.689 -668.552 -280.233 9
-637.278 -24.807 685.007 2
465.344 -333.814 -990.969 10
344.437 955.185 -673.504 2
-701.912 697.755 -110.773 7
-597.130 464.958 116.763 8
160.190 936.537 -521.946 3
263.087 910.278 -789.103 10
363.668 -443.990 243.689 3
-494.881 311.340 874.566 8
-56.641 -988.464 489.698 1
-429.941 -310.746 986.491 1
246.712 817.764 874.359 10
-676.031 328.273 -154.772 5
783.771 -163.873 -551.417 5
-146.382 221.028 616.461 9
601.233 -463.445 -431.190 8
-252.143 -242.194 142.483 2
279.484 699.118 893.917 8
-790.131 697.085 -209.850 3
612.481 311.272 -750.673 8
701.893 -945.287 -236.723 1
249.796 884.397 -331.550 9
204.429 -514.567 -345.668 1
-320.070 638.480 -129.273 9
636.976 -79.022 -783.177 10
142.363 -153.648 855.938 3
-600.091 800.668 659.102 1
880.829 -60.472 -435.603 9
275.144 849.394 -651.062 2
501.056 -601.264 101.209 6
134.619 844.118 115.296 2
-266.490 520.217 725.920 9
437.095 -188.957 -288.479 5
394.045 -128.417 -692.627 9
-309.585 -688.199 280.066 6
348.127 -483.598 538.008 4
-621.701 -199.937 68.440 2
129.861 -828.160 85.476 3
49.601 -388.347 912.570 9
-131.508 -362.455 -560.596 4
685.395 -247.517 437.093 1
-209.333 29.262 28.282 10
-860.100 728.468 745.828 3
-945.748 68.749 -109.293 8
286.907 -703.400 766.393 10
245.376 -94.147 -218.462 1
-859.472 -384.321 -622.659 10
409.909 -540.064 -676.397 3
-721.799 941.806 801.957 8
658.644 -452.699 -177.507 3
-214.324 60.909 384.422 3
234.962 -772.437 -82.141 7
939.586 490.460 -619.466 4
32.590 -208.269 944.504 6
678.431 642.685 394.150 6
-507.398 -580.381 263.566 3
445.152 651.592 590.851 4
555.286 163.979 303.180 1
-256.705 793.910 -965.223 9
568.274 -53.101 266.175 7
605.422 374.987 69.960 10
566.989 769.033 4.703 4
4.328 -638.068 479.375 3
-581.506 159.401 -158.045 2
-662.212 884.044 971.437 4
321.479 -357.515 452.188 10
800.712 126.491 -712.623 6
855.204 231.719 858.438 7
-231.969 -52.956 995.044 9
-505.604 -739.410 -845.276 6
-712.052 190.573 490.610 4
126.889 -576.329 206.447 10
967.632 936.601 -108.810 4
360.813 813.882 892.945 9
-936.588 -866.498 251.440 1
554.482 -367.747 50.521 4
58.866 -953.917 -190.513 10
-356.052 -524.874 -881.377 2
158.810 -256.978 -638.440 10
-661.488 -983.978 909.406 7
-381.780 -250.696 748.053 6
416.741 656.261 -705.058 4
-222.123 62.705 -73.231 8
-517.956 629.687 -461.727 6
-657.960 97.499 757.046 6
133.404 -49.911 -40.489 3
-971.555 -631.305 -816.001 4
895.395 -119.010 163.491 5
271.172 785.966 413.040 2
970.124 119.525 -325.797 6
-482.148 331.928 106.342 5
-198.006 856.232 -372.693 2
-332.639 -334.003 -478.775 7
622.904 195.650 453.915 1
53.151 -956.241 202.679 4
-410.474 -449.063 0.746 4
718.770 -337.585 303.796 8
737.282 -47.652 14.321 8
307.829 -558.524 473.542 8
229.255 -402.978 -982.732 5
-503.390 143.787 419.626 5
-68.595 974.831 199.416 10
-61.938 -924.075 -664.765 6
-98.570 365.195 985.067 6
803.980 385.876 168.382 7
-53.263 -525.181 217.258 8
-355.261 928.827 -934.638 6
421.415 392.060 175.071 3
-201.888 536.463 458.851 9
717.305 372.862 35.049 1
-758.401 862.751 -894.862 8
-482.238 862.968 -881.943 1
-852.965 137.138 767.828 2
126.325 312.100 -846.615 5
761.990 -740.628 -849.951 9
744.448 -713.116 586.817 2
364.657 679.966 312.451 2
-730.346 -657.927 -965.196 9
-694.721 -81.365 387.520 10
-509.231 -35.240 -330.658 10
972.296 -734.431 606.976 10
-126.979 519.037 -833.592 4
-303.301 130.932 70.206 2
873.225 554.567 924.581 3
280.801 -80.811 428.113 8
-641.722 -449.288 877.014 2
582.245 29.145 -282.400 10
-928.974 -565.935 873.970 6
689.557 -91.123 -336.922 4
668.225 -23.780 880.549 5
-610.728 233.386 746.843 4
543.151 -318.964 152.196 2
62.962 500.016 -434.021 9
-17.737 197.154 -569.982 3
-620.863 304.598 723.788 7
-209.269 486.168 892.841 10
-569.403 -34.670 -329.911 6
-786.019 -123.587 826.696 4
561.887 833.358 436.015 9
645.681 946.389 -936.970 8
-374.097 7.331 264.813 3
-853.829 -880.351 -69.940 8
-890.849 -868.840 -508.638 7
773.050 -521.168 -630.345 8
-642.158 -75.485 -385.456 8
-95.263 -237.018 615.499 7
-186.787 -890.630 448.905 4
-277.327 -930.045 614.386 2
-198.188 205.755 189.932 3
-859.516 122.098 -377.049 2
-798.168 413.534 575.733 8
346.021 243.722 653.368 7
174.124 27.043 341.210 4
762.543 -359.052 -669.251 6
-218.184 894.193 480.081 6
147.193 872.207 -723.041 10
946.056 245.509 -272.077 8
63.357 -29.485 684.870 10
278.381 83.085 554.526 1
-682.856 -481.848 -854.616 1
598.527 -702.359 -507.353 6
-527.785 -414.974 828.340 8
847.958 -67.814 107.750 3
-976.504 -8.599 88.512 5
678.996 282.202 433.653 1
-125.212 817.104 632.856 9
-384.180 712.844 -932.393 4
-148.174 -843.882 -238.634 5
897.025 -244.753 -837.620 1
-57.429 -357.670 697.086 9
-4.446 -434.707 -279.250 3
239.606 911.276 577.965 6
-218.451 114.719 -459.462 5
969.335 104.131 195.066 3
255.802 -846.289 498.750 7
553.897 601.701 18.007 7
-221.434 711.868 -941.521 5
75.001 590.389 581.841 3
972.689 854.505 29.941 3
962.697 326.345 495.490 1
-109.453 217.149 962.807 4
212.264 -82.342 -420.922 9
640.137 -830.920 159.604 3
-417.897 293.329 -772.122 1
-537.040 6.171 -190.666 3
-44.422 -205.927 -904.142 2
428.531 -711.594 -622.057 2
416.172 423.662 515.208 2
-212.999 -242.976 176.782 7
-37.292 -786.706 430.992 3
923.455 -111.957 -364.819 9
-490.547 -976.622 279.328 5
504.719 -565.877 -189.028 8
-824.012 281.989 853.163 3
594.646 -415.471 346.119 2
-194.983 -33.043 -525.399 3
850.749 -475.568 -0.070 3
-927.609 531.979 940.734 4
-893.663 -433.722 -396.059 5
-979.520 989.206 -517.830 8
-908.833 -970.383 -787.769 8
127.194 183.023 -437.087 8
-9.493 604.689 -931.639 7
-972.427 76.599 -278.142 5
-961.683 331.647 -683.648 1
-846.853 732.623 -200.002 5
-840.687 -929.014 589.847 8
774.357 -134.165 620.135 10
-138.252 405.650 336.221 6
62.657 -63.394 -649.960 7
-943.141 927.388 -610.305 5
-707.989 745.119 448.317 5
-306.433 -700.888 -116.242 10
-290.020 -875.386 -207.845 10
562.702 664.135 -718.047 4
903.517 551.673 794.197 6
-580.223 425.111 -114.521 8
4.831 350.424 386.273 4
459.750 312.724 800.853 5
591.775 579.060 -395.477 9
-600.597 -452.401 -191.769 2
270.772 528.377 -435.657 3
110.555 33.541 26.909 10
-604.974 -555.715 -630.386 9
-204.523 -793.760 -4.658 7
-996.906 -141.284 -737.373 9
-169.447 -438.382 -966.223 10
-630.642 -889.405 -916.147 10
473.363 -725.026 672.798 3
366.915 536.521 428.920 6
929.721 184.483 -462.838 3
376.477 -675.433 951.804 5
-963.297 -31.812 -161.349 8
874.969 -957.303 -236.692 6
851.890 -446.904 -973.626 6
692.181 454.558 -599.508 10
595.697 -365.313 440.689 8
688.531 535.163 443.838 5
202.027 -110.161 -283.875 2
777.865 -603.680 984.839 3
-171.803 49.286 645.507 5
10.950 -243.208 -202.816 8
683.257 430.945 283.071 7
802.218 451.939 -801.684 1
-90.872 -474.297 -346.267 9
-958.725 400.450 450.960 1
625.435 -852.702 874.288 5
-726.596 287.340 778.973 8
-874.881 -953.329 670.506 2
17.762 225.086 -41.404 8
833.807 -88.776 92.410 9
-75.094 245.839 878.531 7
-174.362 648.147 -110.368 1
-655.674 -322.661 843.276 1
180.359 176.009 -278.618 8
578.665 610.907 -903.113 5
-243.236 805.467 -950.474 1
-871.107 -670.276 -264.025 10
254.275 -215.387 -153.714 9
-354.735 -13.054 -727.620 9
-111.092 -271.333 109.942 7
949.476 858.513 -713.246 3
-102.369 507.225 189.480 8
90.339 -670.829 -48.447 2
277.690 936.692 202.081 5
775.581 880.426 -809.496 8
885.950 -144.549 807.744 1
696.867 -502.400 -365.374 4
-455.213 -499.720 -229.590 3
-385.748 326.786 -962.196 10
228.911 990.826 907.422 6
124.088 -583.198 -447.349 9
-137.208 -757.018 213.652 2
544.214 268.783 113.257 8
-842.278 -599.802 626.312 7
468.785 -115.254 702.429 10
973.560 -752.645 -389.958 4
-374.626 -545.874 -382.598 5
-302.959 -765.369 987.152 5
-787.528 799.410 808.300 8
27.057 -886.873 376.914 1
-481.506 196.036 -954.757 2
59.905 -803.870 407.636 9
44.580 -441.457 277.806 2
-860.190 795.899 -779.961 9
-725.948 204.770 407.027 5
326.775 -207.552 -10.541 3
164.417 -675.156 230.197 6
-871.736 -197.731 568.195 9
424.110 394.740 -21.020 3
350.215 374.270 593.147 7
-201.474 -409.915 -851.423 4
-863.725 -643.940 356.131 10
-42.979 -371.853 553.408 1
787.673 560.792 961.573 1
-100.412 435.851 -521.439 3
608.169 870.102 -556.998 5
67.608 -610.216 -502.127 8
-837.668 -576.806 459.170 10
922.594 -140.093 643.172 1
-626.786 -424.634 -656.418 4
-759.702 913.024 513.994 10
-445.468 -998.621 390.014 10
-686.743 -353.354 -201.815 6
427.777 218.784 292.530 8
-851.247 786.658 450.401 4
-222.718 821.097 361.846 1
274.967 617.401 -943.935 10
0.927 -987.294 -615.583 7
-528.276 491.546 -762.115 1
-345.463 211.163 -749.201 5
-601.616 -542.418 735.283 2
-270.352 702.196 -686.117 5
-54.703 691.023 61.310 7
362.300 -615.635 -491.798 3
-580.478 710.551 -128.856 3
657.238 384.066 890.725 10
136.859 903.658 -946.336 3
-454.695 -832.066 831.000 4
14.085 -356.881 -153.178 8
-112.831 881.174 174.031 3
-81.111 188.363 -540.898 10
-524.459 -790.065 861.454 6
-138.198 91.842 810.614 1
-898.595 -402.064 3.299 9
861.578 -209.077 744.018 6
787.931 746.333 -199.879 1
-690.070 -584.973 -448.521 7
50.667 837.318 -396.964 2
341.297 -645.372 -749.268 1
-264.958 269.316 970.355 3
-392.151 334.614 877.216 7
-109.498 108.622 -360.731 9
332.875 -914.022 125.209 5
827.007 -182.567 -855.037 6
473.304 626.320 759.094 10
66.740 -959.815 734.452 5
485.716 -814.424 -484.184 5
28.903 -581.631 -517.588 9
-573.282 662.179 -973.187 6
601.725 912.409 -501.523 8
615.218 281.495 -282.280 7
-453.905 -795.835 468.302 1
-612.591 171.238 -520.701 3
-210.865 -851.688 -106.137 1
231.783 582.584 337.100 4
460.753 -649.603 -175.781 3
419.532 443.670 -757.659 5
71.931 -846.645 -104.662 4
-94.805 -111.750 -457.226 3
-702.689 901.767 91.249 5
291.494 662.253 105.134 9
-261.798 -30.153 -421.151 3
893.168 886.161 177.525 10
141.432 -672.990 779.095 2
-102.457 91.241 516.446 2
724.135 -668.429 -7.327 9
-184.662 741.881 -718.965 6
-94.570 0.359 -84.920 7
-153.848 515.293 -627.916 10
754.173 467.205 726.362 1
-972.678 -386.573 745.710 5
584.247 -365.517 -571.473 4
799.400 480.802 -750.533 8
-24.606 203.307 -205.259 7
727.957 502.221 -416.358 4
-650.803 -110.576 -810.204 1
910.793 193.822 752.253 10
297.516 -376.802 58.574 4
833.746 -364.183 -708.788 5
-52.012 485.966 829.574 8
264.402 232.408 -531.604 8
-65.841 -694.870 -393.353 2
646.528 -517.955 -771.023 2
245.458 799.887 793.799 9
553.802 -528.469 -787.836 10
196.478 -635.930 -379.193 8
-651.512 -858.181 -895.270 3
336.782 -318.140 -854.325 8
579.518 213.890 694.886 1
-844.681 -805.212 90.009 3
417.079 -928.042 572.557 9
268.493 -25.388 -851.189 1
324.815 -834.553 725.271 10
733.327 730.889 -694.749 1
834.983 -157.957 -666.058 10
-88.369 -548.892 -376.249 4
-551.485 329.187 353.637 6
651.332 217.631 337.894 8
-974.071 -427.675 -3.084 9
466.598 -971.870 -290.704 10
-64.778 -639.100 -841.710 5
-551.918 705.301 -900.989 1
-115.233 757.231 11.925 8
-561.766 -252.983 82.866 7
977.611 766.355 -167.011 4
-821.455 503.298 252.161 6
571.120 630.364 -282.031 6
-411.564 588.471 -779.146 5
899.045 -139.749 466.328 7
381.896 -832.736 -689.093 4
-377.483 -163.350 -24.442 10
-425.142 -481.605 -210.562 9
989.646 915.271 -974.592 7
237.334 854.695 458.880 10
-138.972 -92.150 -563.752 1
-106.794 -516.209 801.652 7
-399.875 -543.030 -505.708 9
-205.093 967.343 -499.324 2
-368.402 -815.234 -888.538 6
652.838 -124.109 -467.007 9
-478.737 -887.164 632.889 6
878.749 989.841 -716.293 10
250.869 -928.343 18.638 8
994.341 377.365 -494.514 6
284.271 331.675 -642.554 2
-595.821 167.934 763.710 4
-562.244 -937.248 -598.421 8
63.254 -520.722 -95.061 8
135.530 -887.412 -861.245 2
-31.391 -877.611 -709.452 1
193.340 717.608 -691.100 5
-938.967 848.689 579.866 10
729.629 112.559 -419.033 9
-450.364 -75.031 -861.373 4
800.240 49.938 583.136 6
-2.901 -86.610 297.488 2
809.227 -610.847 -458.941 2
-573.528 -665.502 -60.789 4
-279.697 579.695 -962.796 5
-978.205 647.324 -752.256 2
-458.937 -635.602 147.523 7
-510.013 -119.219 517.716 10
-289.740 492.269 -743.135 9
983.049 408.263 -681.636 10
494.221 306.891 -262.809 9
-678.635 -662.942 658.231 10
-232.110 -323.459 645.224 2
853.002 982.475 -778.651 9
-992.208 820.489 -813.640 5
65.993 156.554 -350.744 1
146.401 -851.058 -607.070 9
-222.891 -174.602 -247.451 1
958.602 128.441 918.808 4
-318.362 49.096 772.545 4
581.683 207.816 950.194 5
-822.076 -644.341 865.408 4
772.486 324.654 -534.099 7
-391.502 503.098 920.086 6
-964.561 677.967 876.076 3
-706.212 -110.896 -974.302 8
627.588 -833.186 -119.048 5
-634.113 714.691 -476.818 5
285.910 -241.395 381.801 1
208.718 939.054 31.929 10
411.023 -242.296 -101.984 1
847.452 -54.125 -13.572 5
941.719 -5.486 259.920 6
-954.182 -400.396 -584.282 2
221.771 -246.046 -260.800 2
-657.799 632.066 -148.623 10
336.245 445.339 -175.775 4
-924.256 602.547 762.706 5
885.633 774.842 -599.463 1
-435.150 -664.405 -890.167 1
-254.313 610.302 -144.599 3
380.309 912.340 399.444 10
363.305 468.622 -988.398 2
665.283 550.234 -925.755 5
203.277 -303.706 50.498 3
547.890 -993.582 936.505 10
7.030 350.092 -989.792 1
104.429 406.615 -461.936 7
592.605 -289.780 -362.813 3
-386.909 -853.238 -322.381 2
-630.468 788.629 129.394 7
-584.070 911.678 -38.678 8
842.827 256.072 16.438 6
886.983 -888.390 551.883 3
-280.139 82.437 -253.282 8
757.289 378.840 -72.905 5
-823.352 -209.811 -957.573 6
-728.911 -115.455 -562.253 1
840.237 -509.424 167.657 4
-613.085 -755.029 -425.554 3
361.563 -296.663 373.898 8
105.831 -319.619 191.362 6
-162.654 605.030 631.464 5
395.008 101.119 -700.883 6
946.429 520.709 -872.103 6
270.314 267.342 351.168 3
-470.664 -141.511 936.415 9
168.642 964.011 -423.412 10
-174.509 -632.772 384.237 2
-722.322 -84.285 -912.590 3
436.141 240.098 34.331 2
-998.856 -868.040 -830.749 2
144.781 481.862 -786.565 1
-902.122 -125.387 -816.767 8
-163.019 309.143 -8.103 1
-476.663 134.727 292.780 5
974.184 -360.804 112.740 6
437.768 980.554 443.035 2
636.069 534.433 21.390 3
-787.215 -600.102 -818.203 5
527.292 -440.735 72.051 1
-322.226 507.294 846.135 6
-63.806 543.585 -139.924 6
-289.585 -129.730 -175.680 3
-381.526 560.892 406.614 8
389.568 284.907 -992.393 1
-65.624 -325.475 -760.140 8
732.717 -351.895 -30.986 3
-964.425 122.350 640.974 6
649.833 325.364 -835.270 8
504.865 96.527 -495.099 5
-833.121 506.274 -161.436 9
-491.814 501.128 -473.444 9
-279.582 240.174 -229.493 6
-719.788 285.632 -58.515 1
154.474 -11.564 957.822 7
96.389 717.225 114.419 2
158.859 -684.006 -745.656 10
999.256 70.147 -62.291 4
154.459 -782.765 -83.560 3
-228.490 78.132 -347.050 7
-96.712 113.643 -203.379 4
379.064 439.638 -857.787 1
-696.684 -886.485 727.661 9
-616.355 785.173 288.973 8
238.796 304.759 -968.107 9
236.447 419.554 660.251 10
33.780 620.684 421.750 6
832.122 -986.073 -389.228 1
812.629 640.134 682.935 4
-517.184 -846.211 212.927 2
811.144 -846.613 -198.872 4
616.008 40.482 -940.588 1
-896.318 -337.882 -44.165 3
-49.594 136.614 226.055 10
222.007 -541.295 -225.548 9
-894.986 -658.916 885.942 2
468.481 132.572 -741.841 5
281.969 -536.182 -914.038 3
-47.460 451.444 -285.960 4
-397.155 384.782 918.371 8
-202.640 883.408 -360.100 1
-115.158 -780.507 774.897 10
689.693 -888.425 764.785 9
-394.045 229.875 -86.336 3
85.680 814.331 -108.545 9
304.964 333.473 809.263 5
-490.826 -972.766 202.706 1
-633.325 845.396 -952.214 10
-103.692 444.804 -19.790 1
-661.462 459.277 -157.968 3
-514.265 -436.272 -442.265 1
-765.130 152.813 -202.297 3
116.902 -948.211 929.078 5
453.912 69.815 583.498 9
626.700 986.403 -674.401 10
-568.205 164.886 62.562 2
-865.213 405.508 759.841 6
-742.844 -736.677 -243.460 7
44.457 153.665 815.603 6
356.351 -273.744 270.637 3
625.029 -62.846 -546.400 3
424.642 -125.965 -643.669 3
-783.055 -799.140 -96.900 4
945.037 -804.917 919.246 5
806.828 906.692 305.808 6
105.506 -153.460 197.133 7
-909.333 -993.176 -639.557 9
-546.050 835.114 843.359 10
-472.439 -86.334 -380.551 3
-182.096 987.102 -79.654 2
437.923 139.466 102.591 9
-619.596 421.225 547.239 1
763.785 473.757 9.793 6
958.736 919.674 -321.931 8
-783.985 484.176 776.480 8
-736.405 -422.568 -438.359 7
747.056 -306.934 -883.187 10
-104.496 -516.883 -635.814 10
-549.307 54.561 417.070 10
-687.155 698.783 -479.131 10
763.614 -65.244 -271.458 10
17.697 -877.521 -964.401 1
248.735 -491.987 -284.216 10
-358.247 -900.417 -845.869 9
-266.717 -393.534 321.710 8
296.090 -320.172 393.559 8
421.797 -867.879 -838.771 4
319.574 549.077 784.590 9
574.951 -448.343 -462.321 6
927.587 -935.369 456.586 8
445.884 816.277 503.599 8
38.816 -383.427 -893.602 5
907.284 411.818 322.486 10
-530.193 -85.936 864.835 10
866.767 885.164 662.282 1
644.111 -590.317 819.053 9
-302.768 819.729 678.514 5
-801.850 107.283 -815.873 10
564.544 -460.672 490.222 10
813.798 868.563 116.762 6
676.933 -226.200 -230.700 9
266.229 392.940 -986.894 4
88.082 -452.505 973.386 1
-9.240 224.563 841.943 8
-155.909 587.166 836.427 4
-109.390 200.358 719.729 3
173.091 507.437 437.555 4
642.938 -666.966 -973.524 6
473.868 -215.203 979.418 5
251.444 924.672 -732.354 9
-113.508 -670.251 473.928 8
109.619 -886.336 -207.582 2
-307.907 -18.732 260.154 7
-925.106 681.488 -825.381 8
-447.669 771.136 -616.563 3
208.619 49.669 -930.995 4
-2.921 258.526 -314.402 8
-218.216 -77.843 147.617 10
910.123 106.388 -987.661 3
-91.328 -563.262 181.615 3
-857.423 -962.458 -821.406 6
98.471 -935.326 -693.194 10
350.128 -566.868 -768.218 3
470.713 -429.213 821.396 1
457.252 -397.966 -468.610 5
-647.044 814.129 -309.786 6
516.796 -268.565 132.521 6
-92.168 679.417 897.088 7
697.512 -89.564 519.088 2
418.914 -737.209 -736.598 5
513.530 434.613 608.711 3
-133.523 -357.768 375.396 10
-534.736 -775.501 -896.394 2
-606.896 -777.554 -965.974 1
-525.298 -597.158 -273.565 4
895.399 -208.677 -661.495 9
234.472 524.926 -579.984 1
485.895 689.774 928.332 2
227.879 319.867 897.360 5
829.912 -239.445 -966.004 7
-513.218 487.082 -746.641 5
840.667 990.228 -807.435 3
164.324 191.186 473.721 5
390.153 -552.424 674.342 8
710.791 485.857 70.342 4
917.953 -952.547 793.524 2
-566.233 110.035 -481.063 3
5.751 -883.647 166.425 6
-812.779 -338.310 -74.813 8
645.194 711.463 -947.743 4
709.923 -285.427 -175.013 6
684.074 -326.192 940.666 9
609.104 12.612 608.662 3
740.151 -133.286 -508.611 8
348.358 -862.692 622.726 5
491.216 811.314 541.146 7
-412.715 -543.154 -351.995 2
36.157 454.050 -29.051 4
-236.787 -438.930 -572.654 4
-92.335 -889.348 -298.203 8
1.939 292.264 -370.437 1
777.988 -750.684 536.629 9
596.495 302.159 -34.929 9
-38.947 945.154 906.308 3
60.219 615.168 540.952 6
-59.628 -180.081 860.032 5
722.668 617.653 713.024 1
-219.536 -306.346 351.036 3
-554.224 534.577 785.819 5
940.059 -203.803 -101.637 10
-979.568 -602.367 706.382 10
-822.615 158.257 127.465 1
335.604 -506.964 -92.691 5
-361.233 -152.347 -50.685 10
-902.547 -569.867 583.981 7
-582.007 -350.064 978.752 8
-384.335 654.853 -26.469 1
819.687 325.919 648.093 6
857.433 152.019 798.616 1
-145.248 861.490 670.919 1
350.978 259.179 797.484 2
241.968 741.719 342.813 1
-409.499 847.577 304.911 1
-250.686 -97.277 -511.900 9
436.974 114.268 -19.234 3
791.394 -866.430 818.041 10
-863.618 629.688 -141.991 1
534.802 -258.200 886.370 10
-956.959 578.374 607.745 2
-492.664 841.485 -237.204 4
556.342 149.540 -69.199 3
995.843 248.926 -789.555 2
689.946 -436.440 -152.074 10
-142.832 489.484 -34.705 6
302.017 -656.947 29.203 5
620.842 -983.976 727.648 5
434.303 -516.534 100.744 8
-852.870 -52.339 294.716 6
-381.752 169.605 -992.609 8
-213.311 -696.561 495.393 9
509.223 -995.965 -889.416 5
-193.701 -707.075 838.149 2
-760.349 133.632 -247.678 1
556.244 587.114 -628.911 10
-131.177 -459.512 -963.481 1
-608.785 502.024 481.466 8
-439.763 433.797 572.422 4
-75.178 754.159 208.770 7
-882.361 727.349 -30.194 4
666.845 -633.717 434.847 10
-763.338 -61.734 104.635 9
-259.198 -605.904 878.268 5
-217.153 70.267 -570.261 7
978.511 -888.799 848.852 9
60.863 34.578 -445.030 2
-689.508 -187.031 326.630 2
645.471 -928.319 663.751 4
-64.743 549.015 333.048 10
834.317 592.156 -131.145 4
765.501 -491.741 -178.838 8
892.264 612.057 390.901 2
-139.309 -403.301 -463.129 6
927.455 -943.690 174.138 8
-657.163 488.988 -956.808 3
510.988 -445.725 55.400 1
-621.940 -460.866 135.832 9
839.133 -136.369 -901.517 8
404.701 11.878 984.391 2
-299.111 -127.759 833.791 3
675.807 -453.496 -846.054 10
194.739 -768.144 471.992 4
-356.192 -398.716 776.910 4
-928.231 81.390 -131.563 2
730.541 -816.311 250.859 9
-249.066 -663.822 572.830 8
-608.965 161.549 -959.440 7
408.014 98.667 60.278 9
-332.903 657.167 427.550 3
595.726 281.308 348.737 5
-670.598 422.600 123.968 3
-448.108 256.052 -972.382 1
312.038 -494.977 -455.553 10
750.164 49.677 -914.923 6
868.904 448.854 454.412 1
823.462 -382.917 344.437 5
-481.778 854.835 346.411 2
-832.071 -75.214 711.444 1
-905.500 -236.279 -185.970 9
-817.260 -263.322 -293.118 1
-962.476 -512.194 601.436 5
407.305 314.147 774.342 6
-23.909 -701.879 -819.989 7
-887.475 -286.388 -454.438 5
507.914 974.407 139.174 1
-188.303 534.990 -789.697 2
376.559 -369.514 -70.748 6
762.947 196.468 571.092 9
497.658 110.213 -723.839 7
442.142 -534.810 -4.585 4
-307.807 -584.716 -805.287 7
-447.902 476.082 945.439 6
-812.165 635.403 -36.440 6
-51.980 713.311 -458.134 4
-864.296 858.989 -30.342 10
264.088 13.412 -618.200 5
167.613 -542.346 477.312 2
362.705 957.372 924.856 9
440.345 -912.484 -3.453 4
-809.426 493.449 66.793 6
-305.412 144.521 -401.669 4
331.150 -451.414 -681.125 8
-476.654 -670.352 -594.429 10
-585.360 186.051 -435.111 8
-163.624 909.483 60.219 2
135.016 456.770 145.482 4
-730.460 -122.052 -523.448 1
-775.551 -448.680 16.704 3
-814.627 -900.205 -899.917 2
-905.180 -395.227 800.269 5
-616.953 -247.060 911.284 3
-521.864 448.455 349.178 6
-259.191 959.826 21.912 5
426.368 433.010 -887.178 9
-55.743 325.970 -107.743 5
511.601 -67.990 761.177 7
-775.500 -133.377 73.946 3
-497.330 855.876 -822.988 6
-607.150 -533.057 930.552 2
888.591 -272.907 -529.151 9
867.971 -984.224 988.595 9
-758.964 193.357 -118.693 9
-164.671 -547.569 -194.431 7
237.002 101.094 -792.348 1
634.441 466.429 98.658 1
10.429 -777.501 930.575 9
371.953 736.578 933.287 10
-514.987 626.359 -409.276 1
328.085 499.706 -738.626 10
429.228 -824.876 445.095 4
-94.457 593.892 349.906 4
30.457 431.704 661.640 8
-361.427 480.297 -142.769 3
-419.917 -19.854 355.444 7
-687.487 93.582 763.219 3
-226.467 380.952 598.579 10
-878.562 -795.811 -711.045 1
-355.907 59.735 627.975 9
101.337 575.408 198.467 4
619.537 45.213 297.672 3
911.136 991.488 105.478 9
573.404 755.612 993.381 1
-949.082 -496.093 -617.764 6
964.731 -236.569 991.690 4
873.418 -191.451 -866.137 10
-418.257 440.129 -475.675 10
-603.069 -967.378 441.549 7
959.472 -711.871 -991.285 5
-262.358 87.047 -342.666 10
-549.745 352.120 -572.242 2
-302.330 797.794 -190.946 7
967.425 260.676 382.182 5
343.399 416.217 832.298 6
-835.484 594.116 933.155 5
489.690 177.744 681.325 4
-133.087 852.723 -804.756 6
705.787 307.744 197.251 3
-905.222 678.409 -232.912 6
313.998 344.973 273.457 4
210.260 -500.222 603.332 6
-481.933 -177.610 -678.001 9
798.291 -137.430 422.087 1
890.112 -968.403 -980.798 9
-580.249 -581.149 5.309 6
-574.216 811.865 418.946 7
874.796 -102.026 968.482 9
-40.168 -75.269 433.908 3
627.794 -678.112 -224.376 6
-858.183 513.179 -216.285 4
-2.297 -834.352 769.350 3
-956.566 -182.096 59.155 7
-783.052 -863.949 -645.927 5
-474.873 133.272 -518.079 4
-11.859 -500.449 -10.335 3
169.220 -575.793 -396.686 5
-196.897 -438.781 227.172 1
496.804 -635.280 304.025 5
839.557 597.433 670.209 2
430.464 674.858 668.411 1
327.639 -913.739 -588.330 10
115.492 -69.256 -571.527 1
-934.372 710.459 18.710 3
-345.977 166.696 -366.612 8
-291.624 -466.981 783.874 8
833.259 -933.400 -567.882 5
-990.607 -745.753 349.629 1
282.901 -864.098 654.009 8
769.926 92.415 223.903 10
-901.318 -96.076 -174.144 4
113.539 290.914 -135.183 6
-967.722 -30.464 474.663 2
-236.914 -95.301 435.528 8
168.278 864.000 -195.571 4
-684.019 -177.421 990.968 4
63.270 846.267 -336.384 3
360.909 991.574 870.896 2
-564.048 -82.864 192.291 4
660.412 -927.570 -295.744 4
-32.952 341.477 -341.376 10
-810.657 -182.900 -407.251 5
507.376 -314.202 -392.895 8
442.901 472.464 495.328 7
-680.948 -723.875 118.718 1
377.666 -299.187 150.280 1
-872.471 669.635 980.951 6
-225.795 -378.427 538.160 7
81.720 -456.509 467.120 1
-370.131 531.452 314.268 3
-331.603 45.640 479.797 5
-490.853 738.526 584.437 5
191.954 0.731 225.012 2
285.998 -647.047 -415.123 2
-827.060 -825.428 479.980 3
990.675 391.343 654.113 5
-153.226 45.219 -584.148 2
-128.702 -640.168 263.240 4
301.577 -103.639 975.496 10
398.617 839.652 655.123 10
-737.185 -310.212 -146.861 3
947.781 185.314 154.221 3
-420.733 871.788 313.957 4
806.477 -269.716 -220.383 7
196.714 556.524 544.676 5
-118.355 779.644 -512.732 7
238.310 -320.973 -131.530 6
613.936 -991.167 -485.233 3
-849.016 -210.083 687.547 4
-512.543 -511.349 816.852 1
-537.897 556.293 883.349 6
236.664 -788.181 120.868 1
-634.779 961.964 147.411 7
162.212 860.873 253.227 9
25.765 562.245 -62.220 2
96.161 -128.501 127.949 10
278.743 546.556 -78.285 3
-173.980 199.160 60.933 9
-45.404 832.217 -88.159 9
-267.950 -958.801 612.891 6
789.823 550.417 -902.080 2
-744.878 867.023 -730.411 6
-340.235 198.679 632.459 5
-691.432 356.001 988.255 1
-33.726 274.456 227.941 6
762.784 -351.467 -86.822 5
-245.675 -960.595 -249.832 6
747.420 500.872 -928.504 7
349.193 -418.691 -557.313 10
42.768 172.383 -994.355 2
-174.254 963.919 -133.397 3
448.696 775.020 551.220 6
-268.133 -373.487 492.926 3
910.459 717.699 -174.667 6
19.763 325.081 777.435 6
91.747 -46.193 -348.194 8
-955.945 12.219 866.456 7
222.897 -503.410 820.545 7
688.065 157.960 -567.767 10
441.606 41.152 -34.599 1
-267.996 -364.196 -120.062 6
396.234 630.190 789.962 9
619.740 -252.974 515.107 1
720.124 622.751 528.403 2
-24.594 65.629 -789.252 4
125.244 685.732 718.831 2
-809.157 -307.420 365.777 4
664.117 697.273 -62.403 6
96.149 -491.746 947.695 5
-684.901 205.695 -836.532 9
-196.488 -92.210 -338.599 5
333.136 925.358 -859.492 10
677.552 864.246 503.922 1
-338.150 -815.298 -977.069 4
-924.808 510.301 563.111 5
-419.809 -309.780 -324.341 9
-377.404 247.812 977.640 8
-635.032 -129.155 734.285 10
668.073 -741.097 -914.558 7
612.789 707.715 -493.345 3
-181.973 413.231 142.088 5
-618.251 -688.215 -683.410 3
-300.343 -538.010 -45.190 5
-659.123 745.412 835.263 5
782.568 55.676 636.196 7
679.001 -554.591 -713.406 7
915.001 -817.479 88.684 4
-105.350 57.160 473.655 2
-306.712 -561.374 -647.635 3
-870.156 -872.397 -684.911 4
919.039 408.993 -13.422 10
-32.459 -47.779 -115.475 3
-781.513 -965.335 -797.451 10
-32.470 929.327 66.174 7
-598.711 986.181 -514.869 6
-93.015 -562.740 281.476 1
162.530 733.832 -401.856 7
-572.587 227.998 201.607 9
-250.298 -707.586 917.681 5
-917.791 279.584 496.676 4
-563.597 -972.373 757.762 1
322.020 -213.200 624.543 3
32.205 9.901 460.024 2
-350.289 866.630 -246.347 5
-595.045 631.498 -517.284 9
100.491 -461.603 696.466 1
-566.910 793.674 961.836 8
794.051 361.781 982.482 6
192.109 551.594 -642.758 3
-578.049 -851.854 -853.774 1
-815.256 -553.794 -998.547 3
937.482 -315.105 -387.557 2
-678.014 491.657 -500.019 8
306.330 360.542 804.388 1
-686.917 -909.313 -776.728 7
836.708 441.130 -854.890 6
-899.430 -919.004 -375.759 4
-47.801 -417.047 -330.207 2
-199.220 -446.619 -66.826 6
-101.746 -75.881 635.995 9
454.712 -826.889 589.259 9
574.523 -72.901 -71.760 7
-329.738 -559.001 -844.171 4
181.946 -572.513 -693.995 1
-760.705 -276.882 -637.910 9
-660.897 793.561 -925.291 9
-755.901 -258.306 870.096 7
310.338 398.629 272.695 3
662.235 399.154 -382.124 7
477.406 -778.678 -811.910 5
944.214 -53.588 -108.172 5
-346.431 435.778 -320.464 2
455.752 263.065 -26.218 8
-114.815 -768.540 -302.088 5
-402.506 189.181 453.712 3
582.301 320.252 -436.853 6
-301.054 216.349 -814.736 2
-483.370 -197.726 889.376 2
-452.729 983.966 -956.698 3
-590.574 -684.513 707.892 8
-665.204 359.429 -542.083 1
-588.617 527.753 857.474 1
493.435 -536.526 -41.907 10
-539.362 517.192 301.265 10
619.339 -17.742 -599.561 7
250.797 57.095 -346.065 7
-699.119 -728.871 859.332 3
-540.043 -925.187 -216.462 3
-979.675 -413.938 -974.116 2
522.352 883.682 -764.718 5
-843.795 604.406 -56.318 9
-725.355 902.212 -87.948 3
-900.602 572.398 14.791 7
-779.263 957.817 735.324 10
-565.627 470.641 -920.316 5
502.665 745.141 358.592 8
-669.493 783.097 591.614 5
-986.544 -907.232 467.702 9
-561.482 -53.162 -854.976 1
-358.006 435.612 551.398 8
-257.560 -106.347 -702.259 10
-644.422 -549.872 -440.970 10
-903.164 -746.779 919.435 5
596.587 47.676 -965.930 9
-951.944 356.298 -329.152 4
-474.415 -574.381 682.742 1
488.305 259.455 749.869 5
-276.510 378.962 801.040 6
-828.001 58.959 409.964 10
83.383 509.716 -113.038 2
6.678 876.160 649.464 6
-623.646 -211.547 -756.862 10
-708.473 -942.108 725.228 5
400.232 -340.190 -419.979 10
-446.190 -933.546 -455.782 1
447.365 121.605 -275.310 10
-320.305 -881.634 75.908 2
-924.256 -353.297 709.904 2
110.610 -612.512 -101.426 5
817.060 -268.611 -67.867 4
837.833 111.812 -941.235 4
315.515 -671.514 299.218 10
-395.159 118.693 595.363 9
896.049 183.712 -232.016 1
396.892 -54.647 -296.912 6
214.566 -864.413 723.456 3
188.407 -168.409 840.901 6
870.460 -286.883 -139.025 6
366.721 -225.225 458.008 6
652.421 -151.741 337.119 3
-392.454 285.270 -711.079 1
676.489 832.977 -451.360 6
509.722 83.484 -288.753 10
885.593 560.902 921.409 2
-897.257 -741.495 214.924 8
-599.144 -479.114 -742.707 8
-163.821 -439.230 -471.666 2
406.452 316.129 765.808 9
149.318 -423.880 696.403 8
790.320 726.689 -477.687 3
-51.965 830.151 299.716 1
-894.573 -704.200 -216.230 4
-266.822 -119.333 828.906 5
-261.914 108.029 122.094 2
-558.085 154.421 571.576 1
193.892 -864.821 -273.295 6
433.650 82.368 670.725 2
689.279 411.169 -660.920 3
-993.341 634.245 -783.727 3
661.968 53.591 -969.171 7
-853.542 -880.667 -874.846 3
-536.997 -578.612 -987.659 3
-218.706 216.625 618.693 3
-98.878 275.266 539.016 3
237.502 -287.757 882.533 7
340.865 -470.135 -70.274 5
-747.484 -612.705 587.215 6
447.584 -971.827 972.672 1
-858.207 683.191 -821.732 7
605.582 770.587 -758.924 6
643.888 739.834 625.411 1
899.991 130.038 607.298 9
275.077 764.666 934.741 3
539.432 687.699 325.695 7
-436.221 745.385 697.819 2
-843.449 -997.348 97.575 2
-417.330 89.844 -416.303 6
-115.833 210.581 -44.785 3
-77.321 471.590 299.952 6
-255.370 409.471 -943.371 6
-987.826 -143.631 -575.121 2
-465.866 997.635 308.304 8
-536.245 443.225 -348.408 1
-547.556 236.585 679.873 4
-316.607 143.576 550.892 3
-807.456 509.191 -845.915 6
389.096 928.187 33.320 10
748.425 -240.102 423.264 6
-51.402 -95.755 43.102 3
-297.086 -952.620 176.592 9
-259.925 -686.213 -940.311 2
-802.217 -499.870 -387.265 4
617.894 206.614 -770.895 9
-253.727 -441.198 -933.302 2
58.336 891.493 735.398 9
310.889 486.373 -261.648 7
597.887 -734.295 155.936 4
135.639 -305.609 613.116 7
414.685 864.098 348.943 3
270.443 44.911 -336.400 10
988.843 -771.789 -343.388 2
29.266 333.464 -494.837 9
137.162 848.703 -775.819 3
-946.441 -120.649 -581.215 9
960.951 -881.301 94.902 10
488.763 82.557 583.958 5
184.340 -419.728 32.612 4
452.965 -868.690 -703.567 1
927.848 173.861 958.138 5
-954.454 383.017 -238.357 4
413.385 -413.065 -922.918 5
-483.691 -573.712 871.738 8
-492.009 416.158 724.641 10
37.776 927.546 -535.139 5
-434.428 744.813 316.654 9
-825.480 -99.862 -90.276 6
-674.019 271.145 659.293 9
52.390 685.949 787.160 5
509.170 -350.720 -514.193 3
607.978 199.199 250.546 10
698.918 -411.310 -553.952 7
-939.645 585.251 -6.206 5
319.437 -155.397 582.664 3
522.623 627.797 -878.491 6
871.266 -305.827 370.486 1
495.232 -48.853 -176.517 1
-509.606 569.769 -267.480 7
-461.386 -850.632 831.164 6
127.806 176.280 -966.247 3
811.650 -984.986 91.048 8
-840.094 855.489 -650.425 6
306.082 -250.420 -396.113 4
-883.509 319.913 -923.034 6
-742.790 273.634 12.121 4
-563.666 257.386 526.078 8
646.835 723.246 -936.160 1
-116.531 -658.365 -21.211 9
649.635 380.306 170.172 6
502.440 437.497 -610.944 5
102.564 316.399 745.340 1
100.207 124.183 415.287 6
807.047 680.576 -640.292 9
467.644 425.797 35.959 10
-528.613 -425.340 557.296 5
507.380 -51.629 -937.474 3
144.911 -602.074 309.755 10
-795.302 787.635 -726.995 9
-942.832 -926.934 -750.385 2
539.670 -134.330 -525.136 6
885.736 -976.291 664.532 9
-383.998 408.215 -262.567 5
-9.442 276.587 653.064 7
823.836 934.462 -963.497 1
605.468 536.474 -238.327 2
-867.846 429.848 -101.237 9
807.001 -913.607 -526.258 5
841.857 180.506 206.598 2
-972.000 604.703 -73.836 8
488.342 -709.821 -609.574 8
284.436 -665.349 -521.205 6
-316.590 -633.238 482.408 4
-773.835 -56.537 441.015 8
-237.614 -832.648 20.059 3
273.888 362.298 -306.591 9
237.663 469.618 -454.385 10
363.214 -690.365 535.550 6
902.909 -461.079 -737.152 6
680.404 -335.724 -609.352 6
965.452 -837.619 -253.005 1
344.773 291.134 -655.706 2
-702.509 559.888 859.477 10
-786.195 -318.336 -349.566 1
-317.988 772.204 655.562 3
500.158 947.832 -725.674 7
-69.936 -412.166 248.803 6
173.910 223.386 143.439 10
-516.899 -660.783 -373.505 8
425.864 511.875 607.398 5
-531.134 528.672 -482.892 10
913.219 456.651 -59.476 1
-892.680 -469.586 -687.016 9
928.184 -283.074 -224.682 6
93.883 -67.461 769.989 9
623.884 947.320 555.117 9
710.602 -763.641 -859.545 9
230.002 -611.792 36.057 6
22.419 -0.562 -497.893 8
-734.875 756.352 -600.761 7
977.593 319.931 398.747 2
-54.584 147.546 954.649 1
-849.665 -47.608 175.467 4
-579.833 -501.566 288.538 1
478.486 701.635 719.694 6
970.392 -410.971 -818.827