4 10 10 2 3
1.5 18.7 14.6 -1.5 18.8 -9.0 -5.4 -8.8 16.6 10.2
0.8 -1.5 5.8 -9.6 8.0 2.1 -3.0 -3.5 -1.6 -4.1
0.4 10.4 -3.5 4.2 5.8 -9.9 7.2 9.3 5.0 17.4
-0.1 -5.2 13.1 15.6 -7.1 1.1 7.0 10.9 17.6 4.3
-3.2 11.4 2.8 5.1 8.1 1.0 2.3 13.5 -7.4 8.5
-4.7 1.9 -9.3 10.6 11.9 6.6 2.8 5.0 -6.6 1.6
8.4 18.4 7.7 8.5 13.1 -3.7 -4.3 -6.1 15.9 -0.8
12.4 8.0 10.6 -10.0 2.8 14.4 14.4 10.3 -3.6 9.4
3.8 11.1 12.9 2.1 -7.5 -8.6 18.3 -4.3 15.6 13.9
-1.2 7.5 19.4 11.4 -9.5 11.5 -5.5 -4.8 3.2 8.8
0.3 -4.5 -3.5 -8.1 17.0 -6.2 14.5 -1.2 2.0 14.8
-6.3 -7.6 9.0 1.8 8.3 3.4 -1.6 -5.3 15.6 12.9
4.9 4.0 -2.6 4.8 -0.4 4.9 9.3 18.4 11.8 9.7
-2.0 2.1 19.5 -5.8 6.1 -10.0 9.7 -5.0 9.5 -0.9
6.2 10.8 7.6 8.1 16.8 4.6 -7.7 13.0 6.8 16.5
19.7 9.8 -0.8 12.9 19.8 9.8 13.9 -5.8 16.0 13.2
15.4 19.6 -9.9 5.4 11.1 12.5 -4.5 9.2 -5.2 -4.3
4.3 -3.5 -0.8 8.1 -0.8 -3.0 4.1 9.5 7.3 3.5
5.8 15.6 -9.2 7.8 5.4 8.3 -9.7 15.2 -7.0 16.5
-3.9 7.2 1.8 -6.8 -6.3 18.4 -9.7 7.6 8.4 -4.0
3.8 -5.8 -7.3 2.8 7.4 15.1 -4.8 -0.1 -4.1 -2.3
7.4 0.2 -3.7 -2.8 -4.4 15.4 -9.4 16.9 -6.0 1.2
16.0 4.5 -3.8 15.3 9.0 -4.5 19.4 9.6 12.1 14.1
-6.4 2.1 2.1 6.3 -1.8 11.9 8.7 8.4 -2.7 -1.1
10.6 -1.5 11.4 1.7 9.8 10.1 5.9 6.3 -0.0 14.2
2.3 -5.3 13.2 8.1 -4.1 3.9 4.3 13.8 -3.1 -2.0
6.1 14.0 4.1 -7.4 -5.3 -2.5 8.4 -6.6 13.2 3.9
2.9 4.9 -2.4 9.1 -7.4 12.4 15.6 3.1 5.7 19.0
-4.6 10.0 8.1 -7.2 -3.2 17.0 -6.4 18.8 -0.4 11.8
4.2 2.0 13.5 -2.1 -8.0 -4.8 11.5 9.8 -8.2 -5.9
-7.1 3.7 -5.5 7.3 12.4 -1.4 19.5 -8.3 2.8 16.3
9.4 -1.5 5.7 12.1 15.4 17.7 -0.1 -4.0 2.6 -6.8
-9.9 -9.0 2.2 10.2 -4.7 12.0 -10.0 -0.4 -4.0 2.6
-6.1 -9.1 2.3 4.3 -1.2 18.9 4.9 14.3 15.1 9.7
8.2 14.5 -0.4 -3.9 7.8 2.2 13.3 1.7 2.0 -4.9
18.5 -7.8 8.6 12.1 6.7 9.0 11.7 9.4 10.9 2.7
-5.8 -3.4 6.0 19.5 12.8 18.4 5.9 15.6 10.6 19.5
19.6 6.0 -7.8 9.0 -6.1 7.5 1.3 -3.1 -9.9 4.5
0.5 -2.9 12.2 19.9 18.2 15.4 18.7 16.3 -0.3 18.1
19.4 -4.1 -1.6 12.0 3.5 -6.0 8.0 13.0 19.6 -8.2