2 16 16 4 2
7.3 -3.5 -9.5 17.4 8.8 2.8 15.5 15.3 -1.5 8.0 17.9 19.8 6.2 -1.8 2.7 -3.0
3.2 18.2 7.4 10.0 10.5 12.6 10.7 -7.0 11.0 -6.7 -8.1 -3.9 6.2 12.1 5.2 15.5
1.2 15.9 -6.4 15.2 4.5 10.8 -4.0 18.1 3.3 14.8 2.9 16.7 -1.5 -7.1 12.6 -6.7
4.1 17.3 18.6 5.5 -0.5 8.1 -7.7 -1.1 6.7 13.0 7.2 5.4 8.3 4.3 -2.4 -3.9
-0.9 -7.2 6.8 6.0 16.9 2.3 17.7 14.6 19.1 -5.5 -8.4 14.6 -1.2 12.8 7.7 19.2
0.1 18.3 -0.7 -8.0 -2.5 14.3 7.5 -0.4 12.7 6.1 8.5 14.3 17.4 -1.4 -5.1 5.0
-7.3 11.3 13.9 -2.2 9.0 4.8 -0.6 1.8 -7.8 -1.7 -4.1 17.0 -6.5 -3.6 -4.8 5.3
7.0 -0.8 13.3 7.0 -5.4 -7.0 -6.6 -6.2 -9.0 -4.6 11.5 11.3 5.6 11.5 15.4 17.5
16.5 -6.9 15.6 -9.4 5.1 4.5 4.2 1.6 12.6 -4.9 10.8 -4.4 -5.2 3.8 12.8 7.9
-0.0 6.0 19.3 0.6 3.4 7.9 7.2 2.5 -7.5 -8.1 6.4 6.6 13.2 9.4 5.5 8.4
5.5 5.5 2.8 5.8 18.4 12.6 10.2 7.4 6.4 15.5 6.0 10.5 0.5 12.8 3.5 14.3
16.2 -6.5 16.4 -7.3 18.3 17.9 3.8 -6.3 9.0 -8.3 6.9 -6.1 3.3 15.1 -7.6 9.9
0.8 16.8 4.1 -7.7 -0.2 -9.2 20.0 9.8 12.1 3.0 13.5 17.5 -3.0 10.1 15.5 12.5
-1.2 2.4 3.5 13.6 17.5 7.4 -3.2 -6.7 -7.5 10.0 10.5 17.9 7.7 9.9 0.7 10.0
5.3 8.7 0.8 0.2 8.5 -5.2 14.0 10.8 -8.0 1.5 -0.1 16.7 -0.3 6.3 -1.9 -2.7
11.9 -0.0 16.6 0.5 16.1 -9.6 -2.3 8.0 -5.5 3.9 -0.9 3.1 1.2 -4.0 -4.8 -9.7
15.4 -2.7 -0.4 -8.8 6.5 3.6 14.7 13.2 -5.5 -3.1 13.7 5.7 -9.6 4.3 -8.5 -4.9
-0.6 -3.6 10.5 -6.5 12.9 1.4 3.7 19.1 0.7 7.2 5.9 15.9 -4.3 -2.8 11.4 -6.0
-7.0 13.0 -2.3 1.6 12.4 -5.3 1.4 -2.2 9.6 -0.8 0.5 9.8 -8.7 0.9 -0.8 17.0
17.6 -1.2 -4.5 13.5 -9.9 8.8 8.4 15.3 -6.2 8.5 4.2 14.2 19.6 -9.4 8.6 9.1
-3.1 16.2 14.9 -8.0 15.9 -2.5 6.1 -9.9 11.6 -3.8 -2.6 9.3 3.2 15.2 4.8 18.1
6.8 8.9 3.0 0.8 15.1 12.2 8.6 -4.8 -5.4 -4.0 17.0 -8.2 19.4 -2.7 10.6 3.4
9.2 -1.3 18.0 -1.0 10.5 14.0 18.5 10.9 -3.5 8.6 -0.9 -4.2 11.8 8.2 3.3 11.5
1.7 0.8 15.5 8.5 1.2 15.3 -8.0 6.3 -6.4 14.3 -8.1 13.2 -5.8 -8.7 12.3 12.7
-0.9 13.3 10.8 7.1 7.5 8.1 14.9 6.4 12.5 -4.0 11.1 1.8 -4.7 13.8 -0.1 8.7
6.7 -0.7 5.7 1.6 14.8 2.5 -6.2 -7.0 18.0 -4.7 9.3 5.0 -6.3 2.9 -0.6 -1.2
-3.7 5.9 -9.7 15.7 -2.5 18.4 -7.7 7.4 11.7 0.3 -5.1 8.2 9.5 16.1 1.2 11.9
18.5 5.9 17.1 13.8 -7.0 -4.8 -0.5 12.0 14.2 14.6 16.1 -4.3 7.3 -6.6 10.1 9.4
12.4 0.5 13.6 -1.4 0.9 -2.2 -6.8 11.3 4.1 -2.9 5.3 9.6 13.9 -3.1 6.4 8.4
-6.2 3.5 8.8 17.3 -8.1 13.5 -0.9 1.4 10.5 1.4 -0.4 7.2 7.9 -0.1 -0.4 -7.6
16.8 8.9 -8.6 -3.6 15.9 5.1 0.5 19.0 -7.4 -6.9 14.7 7.1 -8.3 -7.0 13.3 7.6
15.3 -9.8 -2.0 16.0 -0.6 3.0 2.4 8.3 5.7 19.6 -2.1 -2.0 7.5 -6.7 17.4 19.7