add 53208 84 9
add 53703 34 53
add 7258 76 33
run 154
add 5066 55 206
add 10011 91 23
add 6767 99 424
add 57725 9 98
run 524
add 39657 73 199
add 27854 38 381
add 26470 87 918
add 46938 19 1036
run 272
add 38506 73 942
add 13313 48 791
add 8618 73 731
add 35347 82 95
run 883
add 15401 48 1249
add 57940 64 1030
run 1018
add 38567 49 1060
add 19001 40 583
run 2326
add 53645 49 1547
add 48457 53 2212
add 44541 74 2604
add 35015 43 1220
run 799
add 24790 4 954
add 52323 20 243
run 1176
add 47792 93 99
add 9438 17 1726
run 677
add 65412 99 378
add 23878 34 2901
run 2592
add 24705 86 1381
add 19420 20 2647
add 3401 38 727
run 2395
add 24654 26 3310
add 55156 23 383
add 16146 71 2577
run 4454
add 44722 53 3556
add 36767 73 1652
add 15720 88 4749
add 53670 84 1232
add 9366 96 521
add 21969 50 4996
run 3552
add 56280 48 2700
add 36033 51 3751
run 1749
add 35703 1 4784
add 38242 49 5641
run 1538
add 62329 47 3246
add 19967 92 1169
run 245
add 20704 81 1975
add 54327 68 739
run 4726
add 53910 23 2289
add 54827 33 3414
add 30247 96 322
add 4525 29 2528
run 1849
add 3097 2 2698
add 49790 95 3540
add 59096 44 6192
add 6564 28 4496
add 23682 16 5489
run 3075
add 38160 55 1658
add 49114 62 7651
run 2278
add 46115 63 6846
add 44937 39 265
add 50435 47 83
run 6778
add 58014 93 5933
add 47791 11 5836
run 8458
add 50160 53 715
add 23555 15 4450
add 14246 78 8898
run 8321
add 4604 30 3
add 60988 7 8398
add 55170 95 8646
run 5250
add 26986 98 5514
add 63703 84 6738
run 4213
add 55496 12 6032
add 60136 61 4099
add 41144 9 6742
run 995
add 479 35 7887
add 32840 43 2147
run 6037
add 30606 1 2509
add 55024 95 6961
run 3177
add 16615 51 4498
add 346 50 9895
run 43
add 65497 40 10724
add 23780 59 4561
add 48492 94 867
add 58215 5 11016
add 63757 22 1089
add 57779 30 11332
run 6799
add 51912 86 2469
add 7625 43 6182
run 10342
add 9562 64 6055
add 45850 87 5142
run 2793
add 29704 66 827
add 34514 31 11782
add 3214 10 2577
add 54249 28 6175
run 9477
add 60278 66 6379
add 5553 50 1136
add 2452 66 10716
add 850 45 12191
run 1690
add 42047 50 1345
add 45236 90 10093
add 38082 44 10075
add 61220 29 1066
run 6000
add 47288 2 4731
add 9124 17 4284
add 23386 42 13263
add 46855 20 3702
add 6252 42 3510
add 8666 38 1161
add 8744 36 3193
run 6597
add 32726 82 2177
add 2852 80 8472
run 4677
add 23969 89 5359
add 28961 15 14890
run 1065
add 23463 29 4982
add 45965 60 6972
add 3736 50 9076
run 1582
add 24340 84 9252
add 31304 12 12290
add 23144 39 4816
add 36659 22 10199
run 4085
add 8375 24 1814
add 49207 89 7870
add 55751 82 9381
run 11696
add 43582 57 3234
add 22606 40 4546
add 32978 8 6326
add 15125 46 358
add 63665 29 3426
run 3815
add 45695 47 5556
add 64130 55 14566
add 37318 74 2590
run 6391
add 34812 81 11829
add 19225 17 16115
run 8335
add 18644 8 5300
add 3239 73 4816
add 41663 33 6755
add 9713 89 3647
run 4221
add 9135 80 10287
add 3492 10 9246
run 8818
add 25705 19 12745
add 2312 3 5459
add 27684 50 4489
run 1408
add 56455 6 6362
add 9677 78 7850
add 4730 57 9837
run 2129
add 24620 78 9044
add 24568 40 9427
add 48014 47 16747
add 48118 48 1661
add 49894 9 12548
run 14708
add 42942 57 4651
add 14503 31 16130
add 51428 62 17428
run 6530
add 38086 97 7602
add 37037 16 3426
run 9644
add 59239 79 17657
add 44093 51 13325
run 7914
add 40091 62 14299
add 53441 36 10572
add 37752 57 17445
run 3335
add 5486 48 17715
add 62223 42 11141
run 21282
add 25777 18 1813
add 14335 15 9982
add 19582 96 15223
run 21612
add 34688 91 9783
add 32285 25 3568
add 35745 76 275
run 14125
add 52994 95 4704
add 39138 93 10995
run 3457
add 30306 4 5135
add 33432 94 22524
run 19019
add 40743 93 7553
add 39069 40 9422
run 18053
add 46179 10 19074
add 26568 68 17031
run 3827
add 44768 48 4856
add 28080 71 18967
run 22614
add 13067 65 12087
add 61165 42 22070
add 26987 14 3470
add 16733 57 7580
run 9629
add 25903 30 3826
add 61377 74 8477
add 65148 49 22935
add 53216 96 14158
run 19221
add 60485 97 9316
add 43700 25 18296
add 30232 89 16913
add 22202 61 17439
run 930
add 46760 40 6431
add 35149 57 20304
run 227
add 48660 29 692
add 41824 25 24160
add 33441 26 18965
run 4745
add 55625 39 9962
add 5131 45 14142
add 43769 22 123
add 23893 5 26547
run 22664
add 48209 24 8256
add 60198 34 25471
add 55598 84 5636
add 31111 23 13753
run 10949
add 40155 84 20430
add 12448 13 18337
add 43099 33 23814
add 62546 19 5139
add 4247 52 1196
run 6925
add 16797 49 9435
add 48774 85 7082
run 261
add 16791 84 21562
add 40925 23 2395
run 22030
add 64481 79 6753
add 3746 51 1862
add 28599 96 19976
run 26315
add 54834 10 24871
add 50565 47 16792
add 7002 91 7206
run 20727
add 5207 1 14988
add 2508 98 24427
add 15030 51 1235
run 5905
add 50944 40 15093
add 22256 21 15842
add 8653 40 10152
add 61272 84 558
run 16955
add 4325 60 19206
add 10698 63 14626
add 4349 21 22193
run 20238
add 10016 7 2035
add 55993 58 8367
run 15374
add 50909 32 27066
add 49805 43 24719
add 20383 38 19225
run 9930
add 38731 98 2027
add 64988 6 15146
run 10017
add 54280 6 12433
add 42308 59 22925
add 31400 33 16640
add 36115 61 25586
run 16334
add 17201 77 21451
add 35551 35 6299
run 14582
add 58461 89 29677
add 58567 81 29587
add 28331 76 29959
add 38337 68 29372
add 8281 11 9963
run 28454
add 31714 57 16813
add 3044 30 5622
run 11276
add 42659 40 30395
add 25155 34 8321
add 43764 37 167
run 7343
add 38344 0 32276
add 28401 33 6439
run 22056
add 34282 65 12203
add 11212 85 2338
add 22025 44 21234
run 30295
add 48120 11 28727
add 8367 86 26300
run 17440
add 56025 77 8282
add 44277 87 10957
run 29438
add 45833 80 477
add 16095 97 2934
run 10880
add 51111 80 15658
add 30524 80 26824
add 58924 98 31463
add 30558 92 2884
run 24817
add 20337 56 26982
add 41428 36 34128
add 27587 98 9344
run 5252
add 49410 61 19880
add 5639 21 34335
add 24406 81 17483
run 8256
add 547 15 404
add 27440 91 33479
run 7635
add 39533 59 20745
add 39398 59 33273
add 18593 31 587
add 59503 70 15928
add 27200 86 3275
add 43725 48 12626
run 10699
add 48254 7 33334
add 28772 61 25208
run 8982
add 27542 4 37768
add 58488 44 6825
run 3676
add 21578 96 28884
add 34075 32 25362
add 2560 70 7311
run 6421
add 12740 9 16522
add 5375 7 35493
add 57579 6 3226
add 32966 87 30798
add 46964 4 16334
add 4906 68 27906
run 23466
add 56812 33 8114
add 48199 92 31811
add 1507 28 26988
add 5082 98 16111
run 26810
add 62212 42 5122
add 60121 13 5683
add 62614 51 30531
run 12482
add 28741 87 16699
add 10581 77 38384
run 3617
add 24275 35 24587
add 39497 80 16329
add 16728 31 17603
run 15962
add 35341 29 28384
add 15338 76 33624
add 42472 87 31526
run 38494
add 12210 93 35470
add 7797 48 28903
run 40709
add 31169 68 14597
add 25805 44 25658
run 21568
add 55300 97 3838
add 37382 33 35107
run 11067
add 20451 60 35168
add 52639 10 36547
run 19407
add 23369 37 2731
add 51569 38 998
add 50575 78 19502
run 1126
add 10642 43 31484
add 11082 6 30862
run 10286
add 53884 48 2096
add 10616 54 36469
add 7632 47 6802
add 9646 9 7364
add 7283 3 23572
run 22286
add 10566 93 33049
add 5032 76 34874
add 63121 78 13744
add 55863 82 43423
run 37940
add 63558 88 43147
add 57116 11 7330
add 42125 22 41034
add 7886 51 28659
add 24483 83 18982
run 37206
add 10063 55 31910
add 27426 88 5315
run 15265
add 44577 29 10172
add 55089 23 2855
run 14765
add 23413 50 10314
add 9613 20 37508
run 12560
add 12319 43 18084
add 53031 47 43808
run 18092
add 5906 66 158
add 20759 15 29449
run 725
add 11217 4 29019
add 4246 18 35613
run 46284
add 26678 17 3823
add 24644 25 3723
run 30065
add 19682 58 2847
add 41969 65 579
run 17548
add 13883 17 28191
add 61344 43 45645
run 29824
add 57320 81 6116
add 13775 68 24938
add 43299 47 25529
run 7249
add 30067 98 22552
add 42387 72 43543
run 8363
add 26454 39 46052
add 14823 16 39358
add 45335 62 39076
run 43596
add 15373 73 13076
add 21241 62 10161
add 15164 38 5893
run 31638
add 61191 87 19829
add 18512 18 31594
run 14616
add 35141 97 48980
add 61771 96 13798
add 3820 52 33849
run 15986
add 60951 27 9082
add 18472 42 4812
add 41247 42 14090
add 61014 55 9160
add 25423 83 44649
add 36842 41 41258
run 18131
add 53731 98 46476
add 11584 90 15085
run 13746
add 26518 4 23826
add 59124 59 38259
add 48769 71 50644
add 63429 55 28719
run 8032
add 57119 33 42957
add 35769 24 10430
run 10423
add 28907 99 15220
add 12941 30 35098
run 27041
add 26738 64 7192
add 63635 0 43482
run 18339
add 24717 12 50415
add 45472 32 360
run 23156
add 5186 82 38911
add 51237 13 48309
run 47143
add 61802 98 5650
add 26664 30 4658
run 21867
add 38396 64 45230
add 40670 4 21221
run 37217
add 45430 55 38092
add 39964 27 48874
run 5119
add 42198 81 32837
add 7443 53 36730
add 32503 53 12696
add 55370 78 29341
add 5732 80 29344
add 52609 82 1474
run 18931
add 3515 42 29797
add 41628 70 43894
run 34850
add 43850 33 25288
add 42065 20 8664
run 30051
add 18019 33 34333
add 28328 61 3194
run 55170
add 44609 56 50369
add 23302 1 39094
run 46168
add 28539 13 50609
add 1442 41 31879
run 29859
add 63971 79 27605
add 7231 44 21901
run 5068
add 40674 56 55710
add 50184 77 38263
add 49620 9 37333
add 8324 62 44324
add 6261 9 4314
run 52593
add 22392 95 42534
add 32270 8 52426
run 6001
add 61293 95 12046
add 14865 1 56604
run 25076
add 43969 30 33733
add 8451 70 29810
run 26288
add 55238 96 35821
add 8635 88 7175
add 5385 25 10767
run 3704
add 6848 22 57885
add 16430 45 9424
add 58667 40 18311
add 12119 50 568
add 49639 2 26471
run 34503
add 40200 47 35273
add 15045 25 41137
add 34506 63 28225
add 11677 60 7512
run 47575
add 28381 8 733
add 52481 75 56466
run 50255
add 36768 14 15653
add 21062 66 646
add 23108 15 59325
add 54633 60 44917
add 59383 31 8877
add 19490 63 59468
add 5830 5 51884
add 46403 76 19736
add 52553 1 9748
run 3447
add 751 83 44569
add 3166 44 45867
run 8347
add 9448 0 40798
add 27291 12 50467
add 14581 60 38713
add 4904 77 16944
add 10978 96 23516
run 9489
add 39330 76 32051
add 6274 1 53006
add 43024 99 10948
add 4293 77 30533
run 26437
add 35754 69 2509
add 3211 62 8146
add 54720 65 51961
run 8317
add 54012 25 36842
add 45209 88 60999
run 54196
add 32563 11 48654
add 62746 96 55646
add 24473 89 31127
run 20374
add 23602 12 57589
add 53524 80 12287
run 12022
add 40259 47 25182
add 40605 53 38701
add 3499 24 53259
run 18372
add 58177 40 34707
add 31741 32 7682
run 5695
add 58654 26 54416
add 27144 97 35401
run 19262
add 57680 43 44030
add 52810 2 61712
add 15023 16 2977
add 30267 54 27398
run 60829
add 63661 12 38612
add 9118 10 16209
run 12867
add 315 67 38075
add 43660 66 38230
run 15779
add 15088 75 42600
add 28821 46 34533
run 16114
add 10179 62 28964
add 589 54 7847
run 63172
add 23831 43 24816
add 51120 36 8368
run 34638
add 21979 78 61735
add 55729 21 21309
add 14757 8 22317
run 8676
add 59524 47 14360
add 58417 74 56403
run 12320
add 6759 24 45149
add 14980 73 9208
run 62213
add 20591 24 26991
add 55602 87 21482
run 48380
add 26209 87 34773
add 1861 60 62308
add 54351 11 64058
add 46068 98 15071
run 62254
add 39667 89 1943
add 1199 16 11083
run 17984
add 20767 94 11113
add 49102 43 3596
run 67724
add 58373 20 43777
add 36403 32 27048
add 34796 29 35800
run 54273
add 39400 42 49336
add 19042 6 28826
add 16191 91 59070
add 17820 41 34813
add 57875 9 39265
add 17712 99 48220
run 38139
add 49655 69 25699
add 60234 18 56598
add 23211 71 20692
add 13930 47 30846
add 31246 11 52719
run 62079
add 35693 83 54173
add 24449 34 34833
run 25410
add 37356 19 62804
add 18606 2 39447
run 50352
add 40060 86 34071
add 20882 42 59108
run 64279
add 21275 20 34707
add 38947 82 20521
run 52623
add 22225 24 7827
add 22167 78 12415
run 64578
add 1140 11 9732
add 16602 33 11331
run 66436
add 62619 80 54768
add 40123 86 25753
run 3772
add 10205 59 17790
add 5449 29 887
add 27355 98 68442
add 11446 58 62930
add 46346 54 52822
run 19352
add 1120 15 44019
add 28204 78 31055
add 30327 20 35746
add 5150 68 4117
add 45317 83 15854
run 48087
add 1315 7 25311
add 18375 58 53519
run 56677
add 34410 5 19514
add 4995 21 46223
run 22837
add 5205 35 36648
add 16643 78 59597
add 50344 48 40049
add 25418 72 55781
run 55835
add 35886 51 44422
add 18659 11 773
add 55941 8 8107
add 56784 1 59083
run 43622
add 38749 8 36037
add 14003 55 1428
run 24948
add 9137 15 8001
add 22587 69 13692
add 23444 96 36341
add 50721 1 30567
add 19227 1 42832
add 45806 69 70934
add 39985 10 3682
add 36665 19 10712
add 16437 10 32800
run 32648
add 25207 13 5620
add 8256 23 18578
run 4558
add 45671 68 29172
add 22217 34 75754
add 2303 37 65344
add 49094 37 66187
add 23973 74 16358
run 61522
add 24635 76 2516
add 2635 15 31049
add 48748 30 76619
add 57705 78 60177
run 21476
add 23591 64 36170
add 3055 55 5120
add 58732 43 72994
add 38524 69 57794
add 50824 99 57890
run 67755
add 18291 43 64814
add 2994 99 51981
add 63472 50 6894
run 210
add 45113 36 50691
add 33270 20 12176
add 44933 74 68837
add 60380 29 4092
run 44533
add 65461 39 62129
add 7818 58 73173
run 53109
add 25255 76 15158
add 8938 80 51198
add 38870 87 74756
add 23755 90 34101
add 50562 56 14890
add 59067 74 42795
add 61737 60 2762
run 4732
add 18782 0 23059
add 8842 1 56685
run 15733
add 1017 4 45002
add 5961 45 11522
run 67826
add 49130 24 35202
add 49929 85 66643
run 16637
add 49634 12 81473
add 14388 22 33595
add 32331 52 81140
run 47815
add 51241 95 38017
add 58792 67 5909
add 35152 36 41548
add 9206 37 23338
add 48882 44 24432
run 9692
add 27634 22 41643
add 1243 12 70160
add 18343 27 81717
add 33404 72 29746
add 19473 44 54540
add 2881 86 48595
run 21100
add 53482 81 39322
add 1261 86 73245
run 26611
add 31691 69 4459
add 6242 66 81523
add 20111 70 59391
run 21423
add 16448 51 31710
add 59495 67 81006
run 83552
add 40816 56 33805
add 4535 13 7488
add 58700 38 6285
run 37684
add 17624 86 4701
add 36071 80 1083
run 58501
add 45398 57 54883
add 25236 76 66302
run 986
add 27914 48 64137
add 61237 5 34319
run 1748
add 14149 65 55315
add 27595 46 10299
add 53510 57 63433
add 20803 1 21413
run 75607
add 1716 17 83035
add 11807 80 844
run 75214
add 3749 93 80499
add 57143 8 27875
add 2104 24 71713
add 34543 74 80161
add 1559 30 60880
run 29417
add 44838 57 35521
add 13280 13 37672
run 21615
add 19064 59 3736
add 48479 15 1396
add 19320 4 31819
run 34408
add 12901 26 73168
add 20352 54 14680
add 42959 71 5389
run 81671
add 22959 60 9657
add 12960 89 82524
add 17548 40 17796
run 1575
add 52422 25 85283
add 54452 40 36931
run 57684
add 29427 52 42498
add 8743 24 61289
run 32626
add 56548 88 23300
add 15181 81 79899
add 19175 94 54483
run 79043
add 23668 8 40247
add 63557 47 6027
add 61144 98 52347
run 10838
add 32814 0 15732
add 5184 38 77346
run 40799
add 62322 18 42993
add 38804 54 56571
run 57415
add 64329 92 79214
add 53119 61 58077
add 18842 93 89050
add 19501 8 14182
run 74442
add 37857 76 12097
add 64244 23 15941
run 3875
add 47535 64 75327
add 33607 19 81341
add 40874 99 2869
run 27859
add 38810 64 55826
add 433 10 81995
run 67216
add 56584 26 80721
add 6750 93 49038
add 7536 82 7425
add 38760 66 63260
run 75935
add 44592 79 66351
add 50087 82 82243
run 39419
add 10814 34 41230
add 12881 10 49022
run 2392
add 19697 2 35806
add 8464 55 62974
add 30714 77 84813
run 24651
add 17552 62 68126
add 55052 85 43961
add 34043 99 28721
run 52759
add 47290 56 11089
add 63876 45 2959
run 68724
add 11013 51 52530
add 59655 82 41764
run 16216
add 65502 37 74908
add 18088 2 42845
run 81174
add 36705 51 10947
add 30921 45 60619
add 2745 4 82809
add 41316 38 86356
run 65435
add 6908 16 17258
add 16436 23 57920
run 16212
add 49315 27 27377
add 41326 59 34948
add 48818 78 85721
add 2387 91 26645
add 7333 69 84217
run 35820
add 25337 48 21825
add 58593 35 20920
run 83225
add 45798 84 94976
add 55338 53 86693
run 7598
add 62852 88 39142
add 3046 8 39042
add 30265 83 36273
add 43940 8 28247
add 11483 2 17657
add 28704 72 78586
add 22380 16 34230
add 40078 43 63470
run 30278
add 30012 48 38079
add 8538 35 43662
add 4729 76 86225
run 31090
add 15647 4 73883
add 63036 60 74025
run 84102
add 22002 59 58649
add 4618 66 69404
add 12111 56 31798
run 71353
add 35971 47 31980
add 8237 87 11994
add 48573 25 70245
add 2519 23 37534
add 26244 17 60657
run 23019
add 26729 81 93507
add 29422 14 72479
run 22964
add 37751 14 4009
add 49048 29 72094
run 80868
add 39538 78 45891
add 37554 81 86961
add 25793 51 3360
add 4274 98 1813
run 62439
add 3200 58 65601
add 62284 25 92248
add 54165 95 79643
add 37700 77 16512
add 64518 40 75079
add 60730 6 79666
add 62711 65 2542
add 22037 8 87162
run 27951
add 14088 66 35844
add 29589 91 4083
add 59838 54 4654
add 32799 14 7113
add 3548 28 136
run 23155
add 4859 24 76296
add 21606 91 95793
add 40359 95 543
run 90295
add 31963 97 20903
add 58437 77 74377
add 62965 19 27071
run 7410
add 64685 18 72342
add 13297 12 78136
add 52807 0 80477
add 35909 29 84636
run 88475
add 50307 74 78919
add 58711 55 87769
add 29830 18 15038
run 77409
add 41156 86 17116
add 43483 38 28460
add 38594 99 26555
add 60458 72 66921
add 32373 14 20708
add 64442 4 37051
add 20585 13 98078
run 18870
add 44478 85 28217
add 16877 85 84788
add 6932 35 83760
add 60904 77 57669
run 18378
add 53553 62 42623
add 63471 34 27242
add 2248 7 69448
add 9946 38 81070
run 83514
add 3770 20 43512
add 29795 52 17118
add 5983 6 64074
add 24186 58 32198
add 46011 89 81132
run 78082
add 46428 57 38444
add 9660 6 35697
run 85481
add 54061 2 3465
add 43494 31 19705
add 34235 52 61293
run 41188
add 16939 87 28149
add 25063 68 64553
run 16388
add 5483 76 80374
add 63862 16 1959
run 64267
add 44070 90 2793
add 10593 15 49485
add 28258 49 80742
add 3408 71 82712
run 93077
add 61106 7 97209
add 53434 60 76342
add 53729 30 73745
run 52152
add 38134 42 92171
add 3765 6 93432
run 86344
add 64262 63 28173
add 15516 83 40429
add 60870 91 82433
add 19019 41 25338
run 69706
add 56252 25 84768
add 25426 10 23836
add 9850 91 95041
add 13705 38 17469
run 37861
add 10091 42 88789
add 59263 44 28189
add 24289 48 46140
add 24984 86 38230
add 36588 69 11742
add 15396 33 40575
add 33205 76 42668
add 61647 95 62321
add 45457 46 20274
run 50467
add 55987 18 40575
add 4848 62 54002
add 34684 37 16261
run 67637
add 21804 80 99550
add 46228 28 12940
run 90367
add 3212 7 37994
add 11538 35 74004
run 98568
add 57583 40 18876
add 502 96 35417
run 8368
add 36601 8 6996
add 44217 23 45492
add 54706 26 46892
add 2764 3 82642
add 16184 94 81421
add 59462 79 36007
run 92230
add 10840 19 24511
add 59212 62 78280
add 18879 68 53724
run 87731
add 56663 89 44674
add 61187 21 15429
run 75885
add 37167 37 22861
add 46865 75 2786
run 52634
add 64872 74 749
add 45914 44 14407
add 1625 57 97178
add 24475 53 76140
run 33694
add 13204 80 66415
add 2085 61 56417
add 11470 41 31744
run 55612
add 62240 63 48797
add 41288 38 32483
add 42995 65 9496
add 25900 59 61243
run 89867
add 16374 64 46927
add 18626 6 89321
run 73351
add 27030 69 72078
add 8199 44 21336
add 13187 19 16804
add 9383 70 35496
add 38630 99 71557
add 64645 28 96782
add 63128 35 61794
run 12127
add 62708 40 5949
add 58108 50 10290
add 14504 26 19839
add 58289 13 81937
run 90004
add 23522 49 21574
add 43290 34 69423
add 20400 29 36397
run 89633
add 49977 6 60555
add 39032 78 37890
run 32792
add 10821 92 17698
add 9885 79 4301
run 50624
add 5289 64 73932
add 53785 21 48277
add 34490 60 64110
add 63903 77 71641
run 60343
add 44014 98 34316
add 31290 84 38763
run 56617
add 16760 83 89233
add 58963 68 6927
run 57007
add 24384 61 82255
add 29722 99 56259
add 1647 93 73974
add 49414 73 70401
add 13636 76 14236
run 91655
add 13244 94 33010
add 63806 45 83998
run 14944
add 11009 89 56989
add 24939 9 95147
add 60365 27 96387
run 88349
add 20110 85 90882
add 53145 80 19959
add 56929 42 10075
add 51995 43 57948
add 32695 77 71219
add 47728 3 2238
run 5715
add 54146 38 63870
add 42561 96 90783
add 16152 97 68612
add 62302 92 28652
run 305
add 22493 5 92517
add 65355 4 98432
run 86618
add 6185 97 17142
add 65024 50 91933
add 7421 76 63907
add 41930 15 73009
run 51850
add 64842 31 37665
add 20438 46 47143
add 54759 43 68953
run 27218
add 48927 36 46574
add 27335 43 8956
add 34438 42 8535
run 84194
add 6528 97 63412
add 7093 11 94278
add 18930 44 70924
add 59804 81 40196
add 46528 36 79119
add 11961 25 28012
run 42119
add 1457 70 29845
add 60797 41 45049
run 40049
add 18437 28 36536
add 20958 77 68986
run 30263
add 43577 0 35091
add 43500 86 28714
run 29727
add 60444 98 71605
add 4035 95 94146
run 56870
add 41843 46 40828
add 9382 58 56641
add 3723 57 31063
run 66162
add 27750 67 50803
add 64179 61 30327
run 3775
add 55836 50 27276
add 17676 3 19691
add 25179 4 46993
add 57759 41 11923
run 79560
add 64422 74 17753
add 20617 80 35105
run 58657
add 24268 22 8419
add 45556 97 42198
add 40736 55 7727
add 46478 69 87035
add 25649 85 85456
add 37607 77 21373
run 86348
add 25854 50 30025
add 42953 60 99088
add 2205 31 18598
run 57360
add 42057 97 86416
add 59784 79 41387
run 99822
add 58828 2 68025
add 2876 59 53654
run 64467
add 14846 14 62495
add 35784 1 40545
run 59451
add 12354 71 79929
add 23636 50 63282
run 63544
add 52446 89 56159
add 4537 55 80293
run 75909
add 43910 79 83346
add 45862 4 53622
run 67295
add 41785 30 29938
add 64785 9 22531
run 8556
add 34374 3 40514
add 62366 28 95000
run 47808
add 31218 44 21792
add 33536 85 44715
run 89568
add 43647 91 73428
add 39125 7 40915
run 4665
add 22193 32 21796
add 9264 88 71686
add 22960 82 12804
run 32508
add 5942 88 96636
add 64053 97 54686
run 13817
add 12601 70 84694
add 9996 84 69196
run 57475
add 3417 75 69530
add 56027 76 94998
run 55730
add 16033 11 7486
add 59731 87 63940
run 72200
add 52099 92 45019
add 13886 17 15217
add 13951 90 11315
run 7295
add 59421 22 88015
add 37803 36 20490
run 76467
add 33198 50 27018
add 29863 22 5868
add 16238 56 44277
add 25354 7 86566
run 421
add 4761 13 96023
add 4174 53 9842
add 13822 39 26372
run 34507
add 31876 54 68641
add 49092 8 45716
add 59085 50 201
add 6574 28 12592
run 98895
add 30385 10 64440
add 44867 27 67746
run 50602
add 4120 21 82587
add 4902 35 82870
add 55061 99 35590
add 64899 65 54554
add 3621 78 71185
run 26687
add 22776 85 28333
add 21408 7 62832
run 44288
add 59887 82 35821
add 29905 36 54196
run 5840
add 25208 78 64082
add 52367 38 92935
run 64607
add 42036 4 42001
add 17174 17 6756
add 39942 99 18447
add 55309 84 37562
run 22847
add 570 60 60734
add 14988 74 22510
add 61316 87 96143
run 91148
add 14862 14 35517
add 49061 98 59815
add 6635 65 18689
add 27126 50 5623
add 52520 40 69768
run 19155
add 58657 42 36708
add 47776 88 98742
add 4896 94 81949
add 44655 61 26988
run 80473
add 23760 88 22859
add 58768 66 21051
add 18166 85 88460
run 49288
add 60521 33 11101
add 13480 69 43921
add 849 86 23307
run 73233
add 480 64 92049
add 397 75 59617
run 23988
add 31004 18 12356
add 4718 39 42023
run 71921
add 20413 84 37820
add 9820 62 50483
run 43789
add 783 73 3851
add 63223 48 58380
add 28616 67 71169
add 56835 48 54515
add 7034 20 66633
run 73971
add 26705 97 14485
add 51644 75 70602
add 59678 24 9078
add 55541 34 5037
run 93789
add 29965 14 51377
add 40167 62 64018
add 17970 57 4912
add 47805 49 74999
add 44568 8 29355
add 35680 41 6855
run 75120
add 3919 33 92056
add 39804 60 62219
add 31647 97 32455
run 54062
add 5853 34 33712
add 17828 18 78827
run 33573
add 36805 62 14935
add 43379 67 92372
add 40553 59 54881
run 1826
add 9596 22 88807
add 3159 93 69380
add 30730 83 9688
run 81593
add 35307 25 56978
add 31636 14 99939
add 31050 62 57639
add 15671 43 86800
run 52991
add 22376 20 47581
add 40489 16 39542
add 28653 51 33751
add 51421 50 51346
add 63965 69 96757
add 54981 13 71958
run 49768
add 11210 99 20284
add 23079 96 62924
add 6764 57 93511
run 1939
add 58216 28 93448
add 5824 97 94879
run 86883
add 16586 18 47947
add 43674 97 27075
run 54457
add 50034 71 72422
add 16991 48 7072
run 29144
add 54282 73 20613
add 51459 15 22979
run 51311
add 6783 54 15602
add 64076 52 3260
add 18158 97 94689
run 54909
add 49641 12 7519
add 18520 32 99513
run 55161
add 65276 4 93654
add 30251 67 66617
run 49658
add 9111 95 62726
add 59370 94 15759
add 54156 43 3865
run 84709
add 31790 45 7641
add 48200 26 10506
add 19446 74 72281
run 98541
add 53283 97 78447
add 24122 82 43374
add 19192 3 99191
add 50177 23 95431
add 37905 46 51588
run 21531
add 36611 6 52561
add 35230 87 63671
add 33963 84 20348
add 63996 87 83451
add 65288 6 53482
add 60495 32 36248
run 87270
add 9323 32 43676
add 37564 17 38920
add 36881 11 93223
add 21397 5 98693
run 67153
add 1703 78 53728
add 29526 28 31722
add 12390 1 86220
run 96990
add 31576 64 30980
add 16306 30 26061
run 86939
add 26455 30 26027
add 60334 87 33281
run 74613
add 43723 68 54801
add 45182 73 82285
run 17714
add 50198 78 95407
add 26417 53 4310
add 53741 12 95444
add 23593 97 30286
run 9897
add 46601 67 17538
add 32701 4 69858
run 77650
add 28194 52 27227
add 53229 69 3779
add 62900 57 94624
run 13150
add 17012 52 68786
add 62380 40 87691
add 58496 32 59621
add 2893 94 82015
run 30653
add 34467 75 57941
add 7239 99 56268
add 39711 99 47958
add 55462 49 3224
add 18697 82 81531
run 2064
add 22936 39 90612
add 62206 93 17613
run 5633
add 5323 39 21359
add 30223 22 37576
add 950 92 11038
add 49717 71 35507
add 54881 18 99259
add 65182 77 15154
add 60134 45 75206
add 11146 43 63204
run 19872
add 12080 20 39364
add 34695 82 31731
run 40307
add 23811 81 1957
add 22050 23 5527
run 49883
add 15349 55 36507
add 37665 7 88588
run 97319
add 19799 86 81583
add 9736 59 36690
run 13944
add 65519 46 81784
add 9863 7 66846
run 19503
add 45908 30 12378
add 37725 90 46762
run 8223
add 53794 6 64811
add 20428 54 95614
add 10517 10 39064
run 96713
add 17937 45 55130
add 32107 32 58268
add 58986 21 57518
run 96876
add 47617 0 70368
add 4286 36 15183
run 6513
add 22100 15 49535
add 24143 3 36568
add 5320 89 82017
run 90654
add 49072 47 128
add 22678 95 1727
run 98845
add 3367 13 89455
add 52562 41 81056
add 18956 45 11226
run 5673
add 28510 86 78
add 59919 37 84582
add 58678 86 51754
add 57007 61 16833
add 61214 97 64905
add 30924 13 1086
add 41795 71 78186
run 23000
add 10601 61 6011
add 40004 25 90483
add 8302 62 30478
run 84166
add 57105 54 20419
add 13436 87 68978
run 61262
add 51308 16 22285
add 56183 12 78187
run 53790
add 44286 12 68596
add 35619 46 79313
add 60253 10 68524
add 18998 37 17225
run 34929
add 56964 55 22704
add 10983 29 8987
run 9321
add 57049 75 49237
add 2293 60 41652
add 20903 33 35605
run 25912
add 27286 83 87208
add 45885 80 77642
run 33666
add 50464 73 73106
add 38438 68 47277
run 91512
add 12749 11 47389
add 56670 23 61063
add 30120 22 72482
run 77865
add 49476 36 1989
add 45925 58 36313
add 34104 89 63681
run 89784
add 7784 1 26730
add 32378 56 6895
add 33109 80 83580
add 47824 5 98728
add 18194 29 11734
run 95733
add 63700 36 92798
add 8798 40 78092
add 59690 90 93377
add 19636 1 99957
add 62505 76 34711
run 16236
add 54284 64 77200
add 12581 94 76288
run 56809
add 28456 38 6275
add 20024 66 23619
run 50795
add 51147 9 64923
add 22348 92 67855
run 75891
add 13348 74 46847
add 56880 66 39287
add 26557 6 99219
run 13899
add 60266 88 92637
add 15670 14 58751
run 88672
add 18403 96 81263
add 32835 98 77633
add 45583 10 84554
run 94084
add 25046 54 5382
add 49251 63 71715
add 22368 11 43206
add 47025 30 95053
run 20436
add 37394 58 90084
add 658 42 90972
add 61329 8 12683
run 72331
add 56245 64 44524
add 64100 21 27
add 6608 61 53367
run 81146
add 31825 78 18868
add 22070 28 22498
run 48715
add 38951 43 17556
add 34885 8 22737
add 7726 36 51193
add 38829 34 40440
add 54928 39 77322
run 77602
add 29623 1 13040
add 36057 36 3112
add 19775 88 89500
add 16460 50 97346
run 56443
add 6960 10 66281
add 41811 42 16788
add 64538 1 73420
add 39356 65 11896
run 58721
add 41684 59 54033
add 10939 3 81
add 7379 80 70692
run 26573
add 46897 15 62837
add 8393 33 39676
run 59787
add 19514 56 16684
add 20185 96 93020
run 20591
add 16170 66 33718
add 663 26 42940
run 57971
add 21427 32 46243
add 11647 88 85443
run 65204
add 47864 53 19209
add 2195 64 62758
run 24933
add 30016 2 26055
add 65416 13 50767
run 70831
add 49698 12 15919
add 28726 41 63522
add 43768 61 88333
run 21776
add 3918 96 28865
add 29451 80 80940
run 57401
add 23520 63 61572
add 21973 85 48106
add 28559 11 86398
add 47922 29 9743
add 13525 25 86153
add 60966 23 31523
run 28359
add 11353 46 84879
add 4435 70 12708
add 1389 84 66201
add 57884 27 34066
run 47078
add 30764 2 83783
add 38540 46 58549
run 39294
add 64319 73 37857
add 39683 98 96180
run 51079
add 57546 54 99682
add 32666 12 76076
add 44360 80 30573
run 29913
add 2487 4 58903
add 39290 29 98296
run 89754
add 34310 92 11617
add 42296 56 70974
run 6054
add 5989 14 55146
add 37677 33 34418
add 23400 90 91168
add 47347 78 22782
add 10756 56 12579
run 81067
add 43891 57 87245
add 50412 79 34755
add 51319 77 53646
run 43443
add 25375 31 62006
add 4888 11 47667
add 40957 21 50490
run 7267
add 3092 19 12044
add 6844 68 18377
add 36378 4 78725
run 26827
add 25089 62 9623
add 9786 74 91014
add 19159 64 79588
add 64919 78 92247
add 12859 17 34063
run 40185
add 57782 2 40817
add 31746 16 14637
run 93197
add 47766 83 62296
add 43175 13 30061
add 43701 35 10522
run 47485
add 45227 18 20780
add 19288 14 41248
run 18696
add 909 96 34616
add 44569 87 20668
run 92093
add 30260 85 88578
add 22795 35 63144
add 12646 28 11205
add 49916 75 27022
run 77106
add 36699 28 50832
add 917 56 78432
run 38748
add 48448 29 99344
add 29973 71 59225
run 51631
add 42291 76 47002
add 53144 61 2701
add 35159 46 16380
add 15573 38 49395
add 13984 69 70707
add 35860 89 76633
run 80375
add 21001 25 94584
add 31603 61 832
add 7817 0 75709
run 26289
add 48976 20 66157
add 42729 83 92945
run 63155
add 28267 9 86777
add 17444 2 76549
add 25177 25 57515
run 75155
add 37481 90 21986
add 9259 51 27217
run 7668
add 1773 0 7848
add 39835 42 52708
add 14984 4 25215
add 4966 10 37315
add 43749 69 20341
add 5739 88 58593
run 80775
add 57737 22 2111
add 8864 43 12431
run 59467
add 1479 17 6772
add 40314 7 91880
run 44335
add 45117 19 6543
add 29166 58 99505
run 12974
add 43417 82 42603
add 35628 55 8985
run 16257
add 46516 72 8191
add 8781 31 26716
run 44695
add 1134 60 47409
add 64158 86 53581
add 35118 12 47192
run 82256
add 25891 25 5058
add 56648 85 51774
run 95700
add 53324 5 35334
add 8904 70 41586
add 36687 51 94100
add 49325 19 29948
run 11995
add 63548 11 26056
add 20813 81 80882
run 96945
add 29257 75 28094
add 43292 41 24206
run 21887
add 60352 90 19670
add 50603 7 43321
run 72848
add 45173 3 48571
add 22853 35 71682
add 26334 99 41003
run 94310
add 5348 46 9021
add 58138 18 29163
add 52477 77 23003
run 25592
add 27133 19 79665
add 56182 85 15592
run 91635
add 65531 42 37607
add 60664 85 42494
run 14319
add 44614 54 86266
add 58442 92 74372
add 41783 53 23690
run 67841
add 16912 45 27120
add 17119 92 79281
add 15410 0 29253
run 82380
add 53938 72 52390
add 54596 9 58192
run 94952
add 32144 0 89523
add 37430 37 43035
run 50197
add 28960 69 40486
add 37387 71 81286
run 89633
add 35456 70 34897
add 64485 63 27242
run 53664
add 41831 82 8539
add 12904 88 22951
add 62811 93 12509
add 6018 67 97645
add 6660 62 50735
run 73788
add 33855 73 50658
add 59496 85 61077
add 52016 28 78621
add 25145 61 50989
add 30844 64 76312
add 51704 24 77315
run 9710
add 32521 36 79571
add 5531 68 60694
run 36379
add 62879 25 73297
add 61194 68 25322
run 86029
add 58896 44 96720
add 12219 32 30180
add 8931 66 29793
run 74604
add 4838 96 78002
add 16274 70 37889
add 10506 76 66055
add 7246 44 16332
run 38842
add 61334 88 68947
add 28906 42 23456
add 29318 9 24935
add 24324 20 21506
run 30154
add 6451 31 65631
add 32131 29 90133
add 5229 13 55272
add 12919 50 56849
run 56965
add 55558 64 9671
add 6875 13 89167
add 4994 80 17447
add 48704 23 17862
run 81286
add 52498 83 38802
add 4637 46 12398
run 82357
add 31468 91 17645
add 40174 84 11880
run 86134
add 30922 62 75585
add 45421 73 49745
add 60475 40 30718
add 15541 67 72781
run 84958
add 61287 90 49310
add 12195 67 11056
add 6942 64 25154
run 8322
add 63056 89 86314
add 34513 33 5737
add 60964 16 47237
run 18801
add 1771 83 2207
add 39716 99 84999
run 48757
add 62608 80 30247
add 4107 94 48683
run 88595
add 43602 97 45916
add 24086 43 87582
run 42298
add 61343 46 62107
add 7770 46 71658
run 39897
add 44030 22 79786
add 25830 64 96828
add 16103 84 70089
run 65813
add 13914 18 23237
add 5640 64 82318
add 15076 63 29592
add 8110 0 78560
run 55035
add 28430 16 77162
add 16046 44 98969
add 37729 30 49105
run 85206
add 51991 84 10280
add 40069 74 5802
add 44618 22 83222
run 5951
add 33464 95 74308
add 52593 62 3294
run 53970
add 47266 85 71907
add 62294 2 41551
run 95548
add 26569 79 76343
add 54108 38 15008
run 41455
add 59197 86 97300
add 44899 99 63571
run 31451
add 57739 37 91254
add 24379 18 84425
add 13633 96 70911
add 51922 27 38092
run 21992
add 53970 27 84710
add 46741 82 80983
run 87809
add 38962 46 26504
add 45352 98 48659
add 53153 33 98555
run 51082
add 56650 64 71440
add 63465 82 7650
run 36159
add 65312 1 15636
add 6355 18 65522
add 14748 17 95751
run 14100
add 3336 98 70704
add 25563 12 31073
run 80177
add 54958 78 85371
add 18371 53 32221
run 18080
add 7942 5 81251
add 51519 25 87545
run 72118
add 20442 51 99956
add 55268 74 91506
add 36901 34 60719
run 72204
add 46652 39 65795
add 37185 41 25882
run 7234
add 33615 89 5751
add 25582 70 57622
run 16006
add 29038 46 69488
add 20378 14 24400
add 42629 65 85125
run 73505
add 63435 85 35000
add 32235 55 67090
add 60425 97 16042
add 34209 32 76663
run 48278
add 9724 6 55084
add 23015 72 57700
run 69507
add 25402 36 89306
add 55334 70 34230
run 62527
add 5680 12 41164
add 63156 3 12032
add 57678 6 86651
run 3852
add 11087 85 38309
add 40651 87 27678
add 11293 24 41477
run 72933
add 61681 20 98648
add 42408 98 22978
run 45678
add 31327 26 96229
add 42414 1 2480
run 21139
add 9237 22 43901
add 52076 67 47312
run 16970
add 263 56 22220
add 59577 73 65947
run 77117
add 38369 27 39589
add 34638 60 6241
add 61474 3 76563
run 89784
add 41226 40 91929
add 43653 39 88388
run 39977
add 58498 34 50445
add 50064 98 72400
run 90344
add 53652 38 60430
add 49189 40 33487
run 1291
add 29066 47 33297
add 23884 70 72477
run 73529
add 5482 32 75709
add 45241 45 73196
add 9703 45 82209
run 40547
add 31223 33 49746
add 33534 66 53360
add 10459 37 23958
add 23649 69 48392
add 63377 81 69639
add 64452 60 92310
add 56942 72 64219
run 14859
add 32127 52 69525
add 33602 52 73968
run 96928
add 57924 22 39058
add 18281 56 80732
add 1408 6 56490
run 98939
add 2757 51 56078
add 10317 78 29383
add 64995 98 84849
run 93927
add 46957 17 77494
add 52549 34 58910
run 82848
add 25153 70 93086
add 31508 90 18069
run 88176
add 24052 58 14491
add 22484 80 59190
run 10713
add 37006 64 53970
add 4701 54 89504
add 42085 46 15936
run 11801
add 19437 54 18748
add 28899 83 72313
run 82807
add 17369 35 81559
add 60913 84 81169
add 50392 22 19342
run 48716
add 21661 44 29195
add 25086 70 29541
add 57214 75 29380
add 22094 7 32213
run 82029
add 10067 53 40770
add 6742 96 723
run 19690
add 39923 42 366
add 16954 89 23813
run 44132
add 57292 98 25173
add 62573 41 58715
add 60309 60 84204
run 49173
add 46672 20 70682
add 29783 65 42712
add 30787 61 85274
add 8475 13 78247
run 31983
add 23126 33 69551
add 27709 72 99485
add 3298 94 94135
run 79160
add 45132 0 67793
add 59673 23 60944
add 20570 99 29474
add 47079 10 5
add 63947 69 63195
add 51066 78 66526
add 10118 31 33932
add 34441 8 31854
run 35329
add 49793 72 60347
add 214 15 33568
add 20387 76 81904
add 45803 12 38228
add 57574 21 52499
run 14287
add 29570 33 60212
add 23767 7 87178
run 10037
add 6705 54 6413
add 14963 97 13545
add 47596 49 34688
run 51904
add 55693 12 92314
add 18952 52 79612
run 75303
add 10639 50 97057
add 35737 88 84159
add 3756 36 60120
run 97956
add 60807 16 31881
add 12393 88 50902
add 16874 36 45749
add 16296 78 87606
add 63136 61 34629
run 35532
add 1468 56 48189
add 15974 92 99462
run 3056
add 44684 47 97998
add 50121 88 45686
add 4317 66 91852
run 76304
add 53585 4 34385
add 16906 32 9339
add 21630 25 67846
run 74649
add 38365 60 99798
add 39527 88 34176
run 60910
add 10921 35 58094
add 32457 81 37281
run 45943
add 33346 77 83883
add 62644 94 60480
run 57669
add 50386 61 24080
add 56734 52 44044
add 37372 9 82989
add 56155 20 18781
run 59396
add 54949 82 68073
add 4575 85 55002
run 33528
add 13205 37 91976
add 62469 10 75197
add 62044 41 75920
run 21900
add 15678 30 94796
add 62054 75 11958
add 30693 83 69816
run 80368
add 42420 99 26848
add 16881 48 24729
run 80586
add 33076 37 23052
add 36469 78 77233
add 53971 65 62863
run 18237
add 25607 47 76414
add 36099 87 86561
run 98228
add 64264 49 5845
add 57225 28 87103
add 29319 3 2829
add 12076 0 39458
run 77163
add 3009 27 68046
add 40103 77 12188
add 58868 28 75459
add 61488 60 70642
run 39782
add 29573 9 54922
add 55332 52 3326
run 8034
add 12674 96 47678
add 43320 48 55454
add 33048 78 91008
add 43138 79 50673
add 36196 85 16383
run 16646
add 63354 52 91158
add 64139 44 93846
run 19171
add 58297 78 25872
add 43291 91 37918
add 38139 5 22260
run 29433
add 22521 6 92569
add 54783 42 8435
add 53608 8 60671
add 38453 73 22755
add 3859 73 86670
add 50083 1 67315
add 60724 74 46052
run 41780
add 60064 30 86678
add 35772 80 73121
add 5296 54 12534
run 54558
add 47579 76 21235
add 2216 56 29555
run 44180
add 38832 87 95500
add 61309 22 78287
run 40369
add 3603 51 98953
add 18543 14 46284
run 23462
add 1927 45 50377
add 54556 7 61842
run 58520
add 12631 83 12041
add 40676 37 36458
add 21461 10 85108
run 20628
add 24725 54 50219
add 45528 78 79045
add 13218 37 86123
run 77268
add 64084 62 18339
add 26152 93 90974
add 40992 64 51235
add 7150 42 74853
add 45890 36 60682
run 86650
add 63578 7 70691
add 49056 10 95
add 38218 93 80875
add 7623 83 99193
add 46893 80 97889
run 52395
add 62692 12 33299
add 39369 31 17101
run 23131
add 18470 93 95971
add 26336 76 4415
run 74829
add 20702 18 14819
add 40761 89 64458
run 68709
add 48529 84 59716
add 10838 27 920
run 24294
add 62510 29 98301
add 42165 87 81429
run 80719
add 6015 97 29754
add 62171 30 73440
run 57723
add 26645 24 95276
add 14450 32 82603
add 22531 92 20572
add 51815 84 70772
run 39990
add 41201 1 75538
add 17504 53 81404
run 9765
add 33515 21 72764
add 26948 48 4016
run 74718
add 4366 76 35984
add 53493 65 29676
run 16356
add 57073 41 88726
add 41925 79 16667
run 93507
add 42678 82 18759
add 36798 44 17757
run 60652
add 5079 58 52804
add 3623 14 58179
run 83359
add 26166 94 37025
add 38284 71 79930
run 41477
add 18937 66 25856
add 34992 79 67456
add 40001 33 74886
run 93806
add 53624 16 60882
add 13420 77 62049
add 22525 29 97385
add 48747 70 38434
run 44854
add 63962 74 26145
add 56988 70 37491
add 6913 45 27641
add 25459 44 62907
add 38814 63 7686
run 19735
add 31157 74 10017
add 11116 33 57380
run 50595
add 8153 71 37733
add 44889 73 82061
add 610 59 52450
add 1292 51 8077
add 32118 86 67685
run 73739
add 59994 34 37944
add 21053 58 82851
add 61804 16 63844
run 7030
add 15844 12 17098
add 47746 55 40282
run 59545
add 5355 96 63151
add 38616 27 15802
add 35453 82 9510
add 19896 17 61384
run 95704
add 43558 76 42596
add 12545 67 22813
run 72523
add 24541 74 18223
add 53087 2 67204
add 62843 41 76394
add 5712 17 83389
add 49127 92 72571
run 56333
add 1337 17 37170
add 27420 9 61966
add 27449 61 66519
run 58853
add 42779 90 73422
add 44392 66 96914
add 17377 52 59736
add 44831 68 30848
add 29218 97 82069
run 77509
add 10654 42 38992
add 63365 21 73678
add 47221 74 36788
run 419
add 9065 62 55486
add 28469 39 5132
run 68435
add 26655 51 42972
add 29599 58 93427
add 55984 88 66711
add 62200 32 65686
run 19989
add 29340 19 44018
add 39710 48 62264
add 21356 11 51024
run 75501
add 14915 20 25080
add 33299 61 16305
add 30439 18 14558
add 10195 45 77035
run 46615
add 37843 1 93519
add 62432 7 76211
add 40151 53 93245
add 15460 24 87891
add 47683 29 36524
add 33175 9 98157
run 16712
add 57026 43 3891
add 44220 6 14089
add 1342 34 80903
add 25368 70 40194
add 59767 26 81215
add 41771 35 64484
run 4596
add 61178 32 66279
add 43757 30 35023
add 61685 84 11660
run 47161
add 45582 12 46213
add 13840 63 50324
add 53914 4 16928
run 71844
add 30703 68 48989
add 9403 85 92578
run 1083
add 64235 17 1261
add 59831 41 7383
add 13772 87 90027
run 86914
add 40097 81 66252
add 38912 9 10805
run 13446
add 18221 48 96488
add 63164 57 87513
add 36964 13 52291
add 5479 4 70376
run 82689
add 51010 28 79690
add 27059 13 53471
add 55395 25 5938
run 61517
add 29754 24 72178
add 12370 21 75725
add 25890 29 38453
add 45624 50 28833
add 40913 17 2876
add 22327 53 71992
run 52111
add 7981 40 8340
add 21050 37 34804
add 45616 75 98955
run 15739
add 41686 29 10309
add 32991 55 55890
run 40284
add 62616 1 26276
add 6512 64 93014
run 44756
add 35493 2 41624
add 12367 94 14072
add 61526 30 81285
run 90180
add 57108 76 79822
add 5668 26 8623
add 10133 93 63658
add 60304 61 60976
run 99832
add 11380 54 29606
add 17395 63 58823
run 40564
add 58396 42 7363
add 13536 62 79426
run 34149
add 17727 9 64542
add 41979 76 5492
add 33150 65 87973
run 63174
add 12369 45 27831
add 44682 70 89180
add 34397 64 98013
run 64848
add 28500 1 34540
add 27436 56 11435
run 35176
add 54594 13 17381
add 18251 30 73872
run 71867
add 4741 50 23307
add 54216 78 9582
add 51980 42 76534
run 62575
add 466 1 82107
add 59630 96 91722
run 10059
add 12217 68 98091
add 56454 79 66459
add 29652 42 19926
add 31392 2 39125
add 53151 98 35886
run 12235
add 35935 7 66723
add 37578 64 92945
run 24388
add 34171 55 61622
add 58381 46 79629
run 84794
add 25003 37 62933
add 7161 20 84682
add 52008 13 10523
run 8292
add 59979 85 85256
add 8095 61 23506
run 85422
add 25546 38 97021
add 60754 78 90806
run 55202
add 26091 54 76531
add 46655 27 5041
run 75003
add 10903 54 88551
add 43952 36 53843
add 42346 87 66374
add 65113 34 63450
run 88012
add 9463 92 20896
add 47883 66 82677
run 3476
add 65292 55 96223
add 9390 35 58480
add 53876 62 35429
run 13759
add 23911 71 73471
add 23648 88 16418
run 4969
add 61837 93 697
add 49812 9 52272
add 25982 19 2780
add 11821 38 92042
add 21646 4 34353
run 52679
add 4566 91 65501
add 11645 14 74714
add 24395 87 7168
run 61008
add 1447 40 15614
add 39480 78 36811
run 47980
add 36987 22 86165
add 573 32 79026
run 40272
add 11773 76 54644
add 20313 16 54807
add 57614 30 42161
run 16380
add 31316 26 89529
add 6060 85 61442
add 24325 46 76722
add 16692 48 15679
add 22955 3 48538
add 31139 54 15611
add 24741 46 49439
add 36123 4 96684
run 2124
add 30836 38 27143
add 64463 92 23662
run 30369
add 32175 40 88877
add 6057 26 98809
run 38483
add 17453 51 31304
add 32085 0 25418
run 74684
add 64414 72 85070
add 59883 28 63125
add 54027 51 90201
add 44133 60 70206
add 29481 13 94346
run 22918
add 47395 44 75232
add 44214 68 72752
add 29161 79 54823
add 45393 37 43900
run 36711
add 58760 4 30520
add 60613 24 39927
run 57784
add 35913 12 75195
add 38196 45 48086
run 11305
add 37008 2 6512
add 49214 66 61619
run 49566
add 2505 88 3358
add 46001 84 81124
add 38263 75 50906
add 6599 5 42089
add 49774 36 65795
run 96479
add 4104 0 20068
add 303 17 1417
run 44406
add 26696 84 92550
add 54935 30 93937
add 62978 36 84292
add 12989 52 15230
add 54970 1 78026
run 47369
add 43875 94 67472
add 17857 60 20555
add 27024 16 5025
run 59912
add 55454 30 63605
add 30571 56 84965
run 22175
add 63024 56 59706
add 25170 47 42947
run 19187
add 3085 49 30885
add 48330 32 26553
add 44517 57 15973
add 15421 80 96942
run 21668
add 2681 13 81610
add 27594 93 15752
add 64556 82 96558
run 21652
add 51807 70 58948
add 21000 50 94205
run 89820
add 15491 45 9972
add 12245 86 38637
run 43525
add 53823 25 9165
add 43231 52 80353
run 31275
add 42457 53 86572
add 15737 2 53511
add 48511 20 71792
run 33450
add 60892 36 90174
add 35736 97 63181
add 51429 62 61311
run 43063
add 58608 86 45305
add 22943 57 79185
run 13044
add 35204 9 51449
add 7230 49 84234
add 10555 27 74290
run 96886
add 25920 55 70986
add 53160 99 80042
add 17786 66 22623
run 14793
add 44941 68 59152
add 17430 50 39419
run 11325
add 49514 56 1042
add 32227 63 39257
run 2980
add 44197 32 46922
add 32 33 75715
run 73769
add 20754 3 4387
add 22719 1 52131
run 60606
add 3238 1 92378
add 38129 29 75352
add 14267 30 90718
run 31981
add 57207 34 96277
add 29917 63 93494
add 37863 24 67103
run 79198
add 7394 15 39809
add 31440 98 15174
add 64135 6 48462
run 42206
add 7077 21 87871
add 21134 19 97066
run 26473
add 8182 69 73526
add 27681 88 81184
add 6392 93 94657
add 55033 24 79914
add 32326 88 77266
run 17964
add 30418 28 3008
add 33052 91 57863
run 90046
add 48096 80 8877
add 15221 0 79661
run 9836
add 62034 37 71909
add 35012 50 53251
run 9885
add 48083 13 17552
add 54369 57 68175
run 47985
add 45088 80 94946
add 3868 6 54690
add 60083 49 11803
run 51091
add 43262 78 9183
add 25128 2 96833
add 34645 10 16969
run 19000
add 63367 95 88662
add 7610 90 6162
add 50692 43 17864
run 74428
add 15582 64 11104
add 15927 37 73661
run 90596
add 30121 25 71582
add 64097 60 78730
add 40183 95 20169
add 39214 17 24409
run 46413
add 2526 31 86859
add 223 42 98420
run 27223
add 30240 79 46788
add 21628 42 26250
run 50311
add 31996 57 18020
add 24388 35 81732
run 58630
add 31377 4 27959
add 19198 23 74174
add 55489 28 15243
add 8838 53 40599
run 86149
add 9706 11 21566
add 12110 62 96411
run 50491
add 12533 83 29906
add 39941 78 29008
run 49766
add 30093 73 16517
add 48283 59 65031
run 21332
add 42723 7 91036
add 30738 78 95066
add 16411 24 81663
run 84496
add 17206 57 15063
add 34537 20 20623
run 48458
add 41882 64 56914
add 26108 89 81017
run 20405
add 58895 19 82035
add 57576 42 12221
run 85812
add 30005 41 54763
add 28732 98 7846
run 14898
add 63226 33 18515
add 57638 89 97231
add 13602 68 38961
run 64838
add 54472 83 62108
add 1191 69 22905
run 77081
add 1682 14 32986
add 44058 98 12904
add 6591 52 13415
add 33698 43 95338
add 7803 30 77328
add 20467 87 66276
run 96067
add 64367 73 65722
add 8711 80 68390
run 59170
add 47019 46 70630
add 63977 85 54777
add 2044 77 83120
run 79490
add 34478 58 46269
add 23799 53 11308
add 41736 18 99956
add 6858 13 13084
add 27078 28 6276
add 5194 86 50053
run 61866
add 40196 85 66539
add 227 19 94760
run 24265
add 24506 28 59105
add 26507 99 15502
run 81344
add 62907 79 613
add 43716 44 9940
run 35592
add 27377 92 59662
add 15392 12 64358
run 90557
add 56990 4 16270
add 28112 74 64000
run 59369
add 17823 9 8102
add 50251 4 20155
add 16309 81 8302
add 18833 48 66803
add 45276 11 82944
add 33113 8 15332
add 13346 13 62576
run 22130
add 32706 94 79517
add 16922 20 62675
add 37211 30 30716
add 49007 58 92056
add 10482 18 2345
add 37552 58 73940
add 51188 58 44918
run 89662
add 43542 71 14443
add 57115 99 71292
add 49679 50 97545
add 46050 44 24258
add 36138 74 46718
add 20861 19 4534
add 46029 48 64168
run 9463
add 43241 42 37598
add 60332 2 77762
add 27339 30 78928
run 21903
add 39611 7 40656
add 40799 79 56464
add 46159 67 55152
run 878
add 17069 55 64093
add 5224 71 30605
add 50676 81 50485
add 8719 11 98333
add 18170 66 53194
run 73443
add 20672 60 12720
add 63968 89 47881
run 21963
add 40448 91 53864
add 54600 84 60303
run 54313
add 14269 44 11021
add 25746 54 61700
run 55851
add 7837 9 82657
add 47257 60 21748
add 62504 68 58446
add 53091 61 91764
run 28048
add 37503 5 43829
add 55103 16 69625
run 10511
add 36918 86 20512
add 28089 35 85724
run 97064
add 12371 48 64233
add 23010 55 4197
add 20530 0 79527
add 31095 80 35119
run 66422
add 7912 36 4050
add 24090 12 75743
add 60756 0 86507
add 50738 21 35498
run 30019
add 49708 12 20859
add 59868 87 66664
add 9389 92 10348
run 69781
add 25275 54 34709
add 43360 44 61232
run 24696
add 25077 24 40289
add 46199 0 49529
run 32002
add 43887 94 57349
add 5358 38 8290
run 74196
add 43821 49 44755
add 65281 44 32584
run 32811
add 9075 56 88807
add 61217 18 57270
run 30476
add 55829 73 40587
add 62142 57 48638
add 861 18 5645
run 68761
add 50931 82 99913
add 38376 16 11004
add 47811 9 11314
run 16438
add 26675 68 72487
add 43197 79 44822
run 78765
add 52838 0 57088
add 1060 61 31299
run 67474
add 31616 5 49217
add 63844 19 29492
add 38952 20 21415
run 61393
add 14891 56 77134
add 45590 15 76222
add 61093 44 88657
run 73753
add 56413 87 42639
add 26088 88 83454
add 65059 29 36054
run 27425
add 34744 42 9833
add 26383 37 93690
add 32052 65 40842
add 11500 79 8411
add 4496 82 70774
run 54766
add 7791 2 62520
add 9886 53 98142
add 24764 98 34209
add 20603 70 41208
run 82642
add 45406 79 35361
add 28277 92 36200
add 13963 57 15655
add 32559 54 99796
run 24822
add 21142 32 91494
add 6573 47 57380
run 18271
add 53522 77 41974
add 4080 18 5998
add 30846 79 52525
run 96118
add 30449 32 26358
add 58311 30 23184
run 59739
add 16297 14 22194
add 9230 71 62741
add 65086 71 89744
add 29513 29 829
run 70702
add 21555 65 79551
add 57894 94 6538
run 80549
add 45687 10 3247
add 31866 18 69502
add 55215 95 69723
run 98013
add 44733 81 86433
add 42997 86 56747
run 22371
add 3177 55 61649
add 7601 96 83062
run 15268
add 59203 93 36532
add 763 33 69344
run 2362
add 8697 88 40285
add 48988 84 90679
run 79355
add 42822 16 47747
add 46647 76 5886
add 59344 25 98298
add 30199 49 25112
run 76637
add 37044 70 53293
add 43673 70 48838
add 35302 26 65192
run 15564
add 43967 80 21993
add 28034 68 86008
run 468
add 52706 42 39078
add 58427 21 24184
add 17978 59 73137
run 35554
add 5226 18 50445
add 37016 41 36441
add 12244 49 18302
add 62316 93 90419
add 22495 5 54908
add 36999 95 4037
add 9586 55 95134
add 30059 55 30220
add 3658 60 20923
add 58688 39 24282
run 24613
add 42161 48 54772
add 15520 97 59215
add 27405 62 76077
run 18487
add 2267 84 79922
add 35452 15 80322
run 75460
add 22973 58 88152
add 16336 69 92929
add 22695 76 99864
add 11198 29 52487
add 50607 90 61757
run 83658
add 21843 3 54153
add 35667 20 14316
add 32414 62 45565
add 47607 84 81004
add 50156 54 92975
run 92360
add 29821 6 29418
add 21105 35 62685
add 60402 27 14785
run 57741
add 61121 19 80865
add 14232 75 17036
run 98308
add 22153 42 16636
add 46669 98 49120
run 13743
add 9427 59 36614
add 8055 79 31913
run 38349
add 60280 60 27938
add 58546 47 21413
add 30774 87 96833
run 5927
add 42069 38 3316
add 327 5 65348
run 17656
add 13580 19 53778
add 5299 52 74547
run 55
add 44029 78 45945
add 24704 33 31335
add 18016 28 86768
run 3184
add 64138 26 78224
add 60645 77 40000
add 40329 65 24753
add 51118 7 67528
run 4518
add 36984 7 70775
add 28532 15 15331
run 36764
add 1246 77 61537
add 47498 68 56210
run 20055
add 11460 73 11165
add 31973 87 11900
run 3212
add 45196 97 72673
add 37506 22 41302
run 8331
add 41814 79 43217
add 63221 0 31252
run 79027
add 57644 38 62940
add 33024 27 39588
run 58482
add 9101 6 21305
add 9246 23 64862
add 50364 0 92600
add 22567 29 30734
add 52019 89 66103
run 40224
add 6325 37 33718
add 2573 27 99143
run 62094
add 23434 34 95170
add 49001 27 90011
add 62276 48 20477
run 10310
add 914 43 40847
add 38255 26 45558
run 30776
add 39663 92 85315
add 58965 34 22601
add 49986 11 86534
add 24050 68 21366
add 45019 26 77764
run 51059
add 27303 28 89603
add 22251 68 94478
run 23563
add 8090 24 7459
add 16634 67 79048
add 46766 23 79887
run 50184
add 28838 4 75155
add 26053 4 28032
run 53166
add 59675 77 99078
add 48332 82 32443
run 44521
add 28088 88 12779
add 23487 11 74122
run 61025
add 36010 34 75025
add 8542 15 23831
add 17589 67 76887
add 21285 55 90595
run 3242
add 13016 90 57323
add 43117 78 71889
add 39969 66 13102
run 7388
add 55152 67 65858
add 50281 8 1738
run 68468
add 14496 96 44124
add 22914 16 99993
add 31512 15 19727
add 13875 40 97640
run 69332
add 12152 6 46875
add 791 66 94582
run 23965
add 47012 54 42497
add 48475 55 77386
add 48972 0 82761
run 44928
add 15841 16 96686
add 39990 85 82624
add 5968 21 82494
run 87966
add 54641 94 10817
add 48663 79 31704
add 54500 41 24385
add 45333 11 27564
run 36795
add 22844 15 21540
add 7121 83 19963
add 41292 57 64385
run 9327
add 44347 74 97699
add 41147 11 41963
add 34065 39 85732
run 70015
add 53194 6 69184
add 11933 15 38843
add 24832 63 55544
run 13670
add 39599 60 57092
add 52977 96 37306
add 12384 84 51550
run 76016
add 43276 67 48885
add 48407 18 21198
run 96648
add 52802 5 59844
add 32617 59 63266
run 75547
add 6555 31 94780
add 51223 39 33804
run 32845
add 11275 61 17365
add 10299 65 45147
run 95277
add 57963 45 39829
add 24247 79 30544
add 33843 70 8367
add 59971 29 46938
add 49275 93 32436
run 80313
add 28777 81 12797
add 43169 63 30739
add 51152 99 36104
run 83338
add 18308 48 34808
add 27396 0 3275
run 5896
add 27932 93 19440
add 62664 69 29320
add 16530 44 36569
run 19673
add 60101 74 89770
add 32604 59 10698
run 49298
add 32813 85 27180
add 13439 1 16456
run 85936
add 47940 73 12067
add 62653 43 28727
add 42418 89 9156
add 50580 76 37688
run 57809
add 56604 26 49733
add 30892 69 23462
run 14353
add 56041 71 62670
add 28955 62 52533
add 2240 36 83355
add 25956 37 36387
add 50932 41 35613
add 1690 43 89093
add 32542 2 4247
run 90587
add 34503 55 37
add 21709 95 25067
run 84711
add 33275 2 88758
add 25984 38 90800
add 7030 36 83031
run 45261
add 65225 18 16906
add 63541 50 5840
run 73146
add 8757 88 45820
add 57465 77 78831
add 54273 44 2119
run 74096
add 12252 23 89901
add 49262 50 70730
run 9685
add 41529 66 76812
add 13771 0 70824
add 50665 30 46599
add 10668 89 26903
add 668 5 78211
add 38515 79 6767
run 72413
add 13699 58 77329
add 3529 13 66494
add 21385 86 96402
run 49176
add 47606 80 18252
add 21884 59 35002
add 37441 18 69505
add 20812 38 77789
add 49263 80 77827
add 8985 31 1437
add 7186 3 87374
run 48932
add 15839 82 13254
add 9585 36 4397
add 20787 75 65461
run 13541
add 38088 4 37552
add 34148 17 28715
add 694 70 41140
add 55474 63 83938
add 35678 27 56513
add 16262 63 25351
add 59209 44 19872
run 18992
add 62122 5 3084
add 25823 1 64658
add 4936 32 19661
run 57633
add 57266 90 62980
add 47175 68 34026
add 64918 34 75828
add 24959 50 22344
run 17010
add 20650 29 91027
add 54354 93 36366
run 85777
add 38707 37 92623
add 35864 70 8236
add 33069 59 58745
run 82336
add 42051 5 79971
add 60059 27 7857
add 22221 48 8952
add 54743 59 25836
add 592 89 10564
add 55171 63 24074
add 44489 68 17740
add 50070 24 37748
run 54421
add 48045 52 91408
add 9401 69 14355
run 13006
add 23820 13 75073
add 28795 51 53601
run 15586
add 49250 74 40056
add 15716 95 9717
run 95110
add 15517 67 49123
add 65379 75 18443
add 42914 26 15009
run 51546
add 65351 89 68260
add 4454 69 85859
run 39059
add 59797 75 6608
add 7877 31 517
run 47401
add 32145 78 46319
add 26314 34 24056
run 10789
add 21266 27 83792
add 27170 57 94531
add 52204 5 51359
add 53788 84 16915
add 11332 30 5086
add 41274 52 67123
add 22895 22 46313
add 25024 55 97898
run 99640
add 26394 4 150
add 48379 7 81534
add 31697 12 46629
run 48456
add 53364 80 37470
add 12414 67 95773
run 59306
add 38258 7 13147
add 17234 76 73136
run 36688
add 58270 40 75622
add 16442 17 50370
run 50590
add 21933 60 72162
add 39155 94 75355
add 42123 45 87591
run 45805
add 21896 26 57976
add 5651 47 27194
run 22885
add 62743 98 6829
add 36302 77 49335
run 87316
add 33025 56 34721
add 43762 96 82756
add 9621 51 95735
add 12067 94 21922
add 7127 1 86737
run 82
add 30280 19 82137
add 19477 82 19469
run 68150
add 61533 99 24988
add 4382 75 84117
add 10248 14 38804
add 51677 40 70109
run 81576
add 27813 19 7202
add 9595 29 1396
add 13219 6 13494
add 10327 4 95170
run 81248
add 13814 34 56107
add 11185 57 94911
run 86782
add 19119 52 58940
add 41893 98 22286
run 75785
add 42947 21 37566
add 32430 9 98855
add 33491 16 84972
add 11397 53 3641
add 1873 59 73251
add 57768 96 72572
add 37553 34 25259
run 69693
add 65532 48 33654
add 46283 50 88665
run 28356
add 864 40 25047
add 64684 20 22497
run 68126
add 44987 84 97819
add 9601 46 97116
run 74187
add 25443 17 88287
add 14986 85 3564
add 58590 78 8807
run 19477
add 47051 96 24361
add 18316 88 91018
add 23445 37 99347
run 52147
add 53241 24 79472
add 55619 54 27073
add 35774 95 54539
add 1718 46 92258
run 54131
add 42049 90 29839
add 14536 38 47801
add 57803 12 55333
add 38603 16 2241
add 55736 62 41034
add 46500 19 38
run 1516
add 39645 30 41586
add 30739 33 20532
add 20541 0 66557
add 17277 81 19152
run 84380
add 3335 90 4809
add 10311 87 11244
run 71717
add 23102 67 94358
add 31166 81 24938
run 67754
add 16933 55 25493
add 45501 11 30849
add 23556 31 90758
run 79323
add 7805 92 81975
add 22893 91 8346
add 30296 68 70832
run 27243
add 58152 66 59957
add 59923 83 15546
run 59049
add 8429 41 29426
add 10055 85 39188
add 22869 50 94562
add 7218 27 66744
add 16401 25 93427
add 5956 31 71638
add 47018 30 18979
run 52180
add 29016 11 74996
add 52050 56 51244
run 57723
add 522 80 53419
add 37342 2 12003
add 39650 77 70721
add 55039 9 39645
run 33862
add 11166 66 68431
add 15637 91 78919
run 70952
add 20738 54 46047
add 35768 48 12044
add 8970 0 34858
add 16252 4 2654
add 26758 95 31642
run 68209
add 57496 54 49004
add 30828 66 82143
run 39316
add 19751 88 38486
add 4239 98 38467
add 64334 90 33096
add 44651 59 26168
run 31109
add 506 92 79319
add 13553 94 86319
run 69265
add 23541 58 78213
add 34806 6 88896
add 20891 0 48031
run 61496
add 1622 45 47015
add 54499 89 85783
add 48742 92 29791
run 23727
add 46126 37 4216
add 52115 74 10529
add 2574 62 32073
add 41014 51 68232
run 78055
add 14207 72 24449
add 20959 7 3550
add 625 86 90398
run 27508
add 17758 7 22647
add 6066 75 27396
run 61511
add 12695 95 20531
add 19966 16 67798
add 47659 77 80795
add 1463 52 87058
run 29000
add 25204 46 23460
add 8459 4 60159
run 28588
add 6597 7 84398
add 6978 46 7050
run 93313
add 31935 20 47993
add 42559 20 41884
run 4801
add 11899 22 77779
add 60947 84 98627
run 18932
add 38796 58 86543
add 46888 91 24796
add 31748 12 19641
add 43369 73 37716
run 98228
add 49571 53 9993
add 41094 65 92355
run 8739
add 55241 91 83406
add 24256 88 59706
add 31612 88 94777
run 72247
add 24702 43 21651
add 54157 9 19925
add 21114 81 19860
run 85925
add 20291 27 51109
add 29972 66 32107
run 57570
add 62150 81 84706
add 30636 38 74492
run 90310
add 35355 68 74839
add 27279 61 16331
add 38604 34 64057
run 93872
add 6887 59 69890
add 1052 89 20537
add 25913 30 53842
add 17475 5 89667
add 17628 66 9707
run 55863
add 24347 56 81704
add 31305 74 86910
run 30055
add 1958 12 86930
add 16349 12 67065
add 13945 22 46419
run 76414
add 5290 73 77636
add 19429 79 51038
run 34323
add 22785 90 31664
add 17514 19 38344
add 28738 48 71536
run 4067
add 29678 17 11631
add 38484 78 76207
run 76219
add 44166 23 39828
add 33670 7 38886
add 40300 84 40434
add 31269 88 80754
add 15775 89 25923
add 50483 48 1715
add 9524 45 51541
run 57751
add 14713 23 66488
add 47511 71 96378
run 31134
add 61304 87 35935
add 11909 42 22133
add 15374 53 23512
add 62509 19 25340
run 88585
add 28812 28 29470
add 21627 38 35038
run 44705
add 60770 15 3432
add 26076 16 28872
add 10273 11 67365
run 81904
add 21496 98 47619
add 45281 85 53161
add 26978 38 85175
add 59794 62 34717
run 14133
add 23447 91 79215
add 62018 82 11589
run 806
add 11712 72 46076
add 7265 10 71016
add 41121 11 4814
run 7918
add 24241 14 27911
add 8782 87 34583
run 38371
add 2173 84 38996
add 52262 24 18514
add 34847 68 21890
add 25314 96 71437
add 33877 94 35507
add 58089 99 57301
run 1335
add 1079 54 73247
add 19890 89 37950
add 17324 66 40223
run 27721
add 11097 19 6747
add 58318 91 58374
add 3404 3 27715
run 79117
add 10176 46 91810
add 31195 61 78991
run 41139
add 54463 90 35620
add 50365 17 97939
run 90214
add 64416 77 86120
add 2991 10 56302
run 62052
add 15904 59 19155
add 32932 77 80530
add 15834 8 52880
run 5750
add 46381 5 15430
add 46484 87 57046
add 32680 30 99824
run 60186
add 5658 68 73334
add 17879 54 79434
run 38323
add 47760 56 25535
add 58746 78 14454
run 62735
add 16327 64 56249
add 10462 35 72823
run 93636
add 9337 31 58321
add 25907 55 22224
run 52923
add 23182 43 22057
add 57051 62 75162
run 91933
add 48167 70 69274
add 15383 85 55932
run 41677
add 10513 51 23478
add 36966 26 35178
run 33165
add 1963 60 40528
add 56166 20 146
add 944 84 85423
run 71501
add 22258 62 44042
add 5050 53 33297
run 3966
add 22362 63 72936
add 8296 16 9330
run 24719
add 59646 65 61877
add 20434 37 71416
run 84250
add 23376 14 11451
add 43972 81 41594
run 29522
add 51740 85 65843
add 6867 71 77927
add 37380 92 64509
add 5012 98 58625
add 12660 74 70603
run 9337
add 36752 73 50322
add 64896 69 85025
run 82741
add 41175 91 76880
add 11176 27 89515
run 43418
add 25431 91 24791
add 25164 2 92881
run 27319
add 19988 50 92411
add 23601 4 16723
add 54516 96 23841
run 83186
add 6701 26 51896
add 26974 21 92298
add 32960 45 68132
run 23446
add 64467 90 59693
add 6161 10 35154
add 10537 89 43436
run 97694
add 28707 11 36176
add 27239 76 76239
add 25152 90 63874
add 34653 12 18557
add 62920 70 70244
add 46844 25 41200
add 31637 81 68497
add 22075 28 27991
run 22441
add 58435 54 16569
add 23523 82 28028
run 29207
add 60358 74 59629
add 42370 42 8305
run 47197
add 21190 69 62536
add 39316 73 11
add 12442 92 2289
add 12197 25 55028
add 22170 3 8532
run 73444
add 15580 42 62195
add 53313 55 88509
run 12946
add 41430 82 93539
add 59340 89 59080
add 46266 66 76825
add 16626 22 66552
run 40797
add 2218 71 52072
add 20466 5 89124
run 17959
add 8511 74 7497
add 41627 72 46870
run 79576
add 55717 29 21901
add 9912 72 82446
add 19287 90 91735
run 97291
add 8240 97 31880
add 47960 13 18
add 32987 86 66568
run 66002
add 13726 40 60868
add 26936 92 16314
run 56941
add 27678 8 49469
add 40120 18 54960
add 56509 48 30806
add 62158 36 52509
add 41655 55 55254
run 34140
add 11197 82 70783
add 2965 72 25811
add 44585 46 75531
add 19998 80 89577
run 27238
add 45252 43 81608
add 28663 7 7631
add 12499 28 4477
add 58702 81 72410
add 57592 81 46102
run 32605
add 60385 13 90596
add 33680 88 93252
run 4346
add 24022 15 8067
add 27777 59 89016
add 47150 3 35176
add 47729 97 34287
add 49367 65 43289
run 77325
add 9013 0 31887
add 17335 20 64728
run 91379
add 59052 23 30035
add 26308 71 53167
add 8175 38 54129
add 12585 17 2539
add 20679 97 21829
run 20965
add 30323 80 24971
add 39347 5 44103
run 77285
add 4720 84 4328
add 4654 58 82094
add 48619 64 94897
add 11193 25 47627
add 40534 32 98992
run 99150
add 58712 98 50164
add 31391 37 68705
add 31441 35 46839
run 31143
add 7382 11 84128
add 3316 42 72608
run 11602
add 28956 9 48010
add 30078 93 71748
add 12105 52 3700
add 30080 85 78301
add 29878 94 90300
add 45009 43 62175
run 89182
add 65149 14 16998
add 36608 64 97083
run 70163
add 8702 21 1060
add 48773 64 13924
add 59235 25 37325
add 15673 33 47245
add 51886 85 49965
run 41886
add 37447 89 91225
add 7659 27 12236
run 35688
add 62105 3 49528
add 64239 97 18549
run 61460
add 59750 84 23268
add 22864 37 27193
run 99735
add 21454 33 31764
add 17932 78 72559
add 31005 1 5053
run 10806
add 60519 69 7560
add 4254 50 21869
add 53504 37 4969
add 4612 94 27580
add 31208 47 77718
add 14901 88 48139
run 80040
add 2214 67 41722
add 61037 9 32887
run 58480
add 56115 61 89361
add 64708 53 72436
add 41541 98 75113
run 85778
add 16485 12 86167
add 15169 45 93634
run 49977
add 55789 88 86099
add 27457 88 6935
add 61922 56 5469
run 61448
add 63586 37 81081
add 1585 22 65204
add 31235 24 5012
run 97146
add 54839 32 69908
add 54854 75 46532
add 38282 8 55726
run 59429
add 59131 94 65517
add 25728 44 90474
add 15367 22 22271
run 545
add 8017 83 36080
add 44703 65 57197
add 54968 99 36520
run 82276
add 31530 46 49663
add 32438 58 75621
run 55349
add 27341 25 22601
add 57968 9 4439
add 10446 58 66777
run 14116
add 19072 86 60328
add 2018 32 20630
run 74074
add 55255 0 35674
add 5484 79 88705
run 41881
add 5201 72 45071
add 27729 64 93143
add 8501 74 99656
run 98166
add 30649 84 93128
add 51320 17 36214
run 68376
add 54274 61 43013
add 29928 60 97351
run 99741
add 45753 77 70227
add 7160 99 13317
run 36246
add 23389 7 9243
add 45678 91 4357
run 92442
add 40828 12 43497
add 65248 64 50774
run 94666
add 49369 67 38230
add 51058 28 48425
add 35956 17 66353
add 40783 16 61637
add 57686 84 19447
run 63840
add 63366 87 34289
add 43064 0 40744
add 34984 90 48284
add 32565 5 52391
add 14186 66 67885
run 83719
add 14922 89 67329
add 13895 15 78069
run 75882
add 56474 33 46341
add 36170 61 93488
add 57860 43 72985
run 56684
add 65491 91 79325
add 61890 35 32686
run 71980
add 34682 9 72000
add 2728 64 81469
run 11482
add 63602 15 44897
add 61142 49 17433
run 48671
add 26016 50 761
add 57153 44 86951
run 70171
add 50310 65 28822
add 7418 8 17988
add 40216 47 93844
run 39223
add 1768 68 50738
add 17807 52 55824
run 52958
add 50884 51 56790
add 20305 11 98376
run 79047
add 17505 59 11447
add 40986 1 12157
run 30394
add 35588 87 89711
add 37667 36 87173
run 77711
add 41983 63 7904
add 54875 21 971
run 82692
add 32125 88 6292
add 35945 41 48358
run 91987
add 15201 86 60819
add 21672 14 4752
add 20251 87 2680
add 17001 62 61476
run 61925
add 34041 37 83034
add 56293 10 75731
add 35058 56 22130
run 27238
add 257 40 19317
add 14081 27 61551
add 38212 15 55057
add 14105 84 65771
add 65081 25 47786
add 55455 25 73106
run 52386
add 51921 8 73473
add 29844 57 99412
add 351 65 41016
run 57765
add 20992 47 30611
add 33887 43 87915
run 88986
add 41055 37 26987
add 15956 68 79854
run 31340
add 2703 11 61764
add 42082 54 3691
run 14851
add 20613 79 19254
add 43375 64 59000
run 69373
add 37593 49 63852
add 1636 3 59111
add 13281 67 32793
run 46821
add 50381 82 6497
add 14099 14 52682
run 26242
add 60818 56 52169
add 19591 87 20083
run 73654
add 21815 13 63438
add 45040 14 64677
run 52963
add 25085 41 54247
add 19688 45 53557
add 16409 0 87700
run 74959
add 27802 70 67816
add 8449 0 55618
run 17789
add 56935 95 87859
add 46075 98 55702
add 40412 99 45730
run 26443
add 31613 67 15011
add 61988 85 73983
run 89796
add 28641 2 26283
add 29557 53 22081
run 68521
add 39000 91 1560
add 34281 77 82164
add 20330 44 40025
add 28425 43 40978
run 81322
add 39416 19 93805
add 35705 12 97740
add 28609 30 28743
add 22291 25 50274
add 16228 16 14002
run 78406
add 16770 67 89823
add 63760 7 97116
run 24832
add 35374 79 27751
add 28217 46 66447
run 66052
add 17189 80 44090
add 23551 85 56241
run 43951
add 3676 75 29642
add 46534 3 58017
run 81675
add 7799 71 76591
add 29964 81 70999
add 53459 92 97298
add 16083 32 98927
add 53527 58 67179
run 73653
add 1093 96 72814
add 43243 54 71827
add 51373 78 74660
run 892
add 56223 30 51330
add 43827 37 43092
add 47914 36 4315
add 42158 63 40576
add 34516 76 10433
add 42562 30 57886
run 76910
add 4569 69 90290
add 34341 11 26266
run 52473
add 63186 16 77394
add 39024 76 99955
add 16956 21 85903
add 56896 11 32702
run 20261
add 50138 39 57558
add 49950 14 57885
run 40704
add 60250 69 7542
add 46905 39 50205
run 10648
add 63281 42 52894
add 32988 72 34056
run 4844
add 15266 68 39682
add 44341 46 98216
add 21441 65 10791
run 85691
add 64517 62 12197
add 65205 49 33379
add 53425 28 39702
add 54815 5 32426
add 42313 66 75142
add 48946 13 10207
add 54852 32 15139
add 12561 49 46103
run 85614
add 57718 72 89369
add 9258 61 43214
add 17720 80 11969
run 25987
add 17703 15 17182
add 15649 20 27170
run 36614
add 26276 54 92768
add 45721 11 21119
add 54588 62 75432
run 42036
add 38464 49 13124
add 62293 92 81641
run 45630
add 15717 46 81156
add 52665 10 18429
run 94180
add 8662 35 99323
add 58848 50 40782
run 23623
add 47820 82 40934
add 7136 12 52179
add 13953 38 2265
run 138
add 64690 85 4722
add 36065 96 64110
add 1955 76 76518
add 22987 76 18388
add 55106 91 16222
run 18919
add 55758 2 13675
add 45039 83 24298
run 90873
add 24482 20 29688
add 41037 61 57358
add 29480 81 50930
run 49080
add 57050 98 68616
add 42737 26 30398
run 89305
add 37840 6 16649
add 14515 90 70873
add 50830 83 27949
add 39282 29 13700
run 40197
add 42657 89 91923
add 16229 68 67724
run 70925
add 29794 32 87940
add 1289 20 64001
add 40683 91 27317
run 88510
add 59053 2 39955
add 54998 19 40778
add 35782 76 48321
run 74517
add 29127 39 50883
add 4601 55 5448
add 34646 75 62574
run 90061
add 35372 92 73794
add 62180 92 43674
add 1490 18 41488
add 61192 20 21738
run 73914
add 48159 91 27479
add 60594 34 78580
run 86361
add 32142 24 59103
add 3058 53 16483
add 62306 23 22750
add 64735 66 64947
run 35686
add 37674 5 37418
add 56661 85 85450
run 84124
add 29566 85 13807
add 26389 50 76477
add 64057 45 86226
add 30987 30 79840
run 11027
add 51847 49 91874
add 13862 74 11346
run 6812
add 49886 58 71153
add 442 53 62108
add 4534 87 94184
add 28044 53 40081
run 60038
add 2008 37 4713
add 7849 60 87931
run 24291
add 65197 73 65768
add 45504 35 8599
run 69943
add 18780 40 65316
add 30294 72 339
add 1650 70 71007
run 2371
add 18775 8 51780
add 18724 33 69603
run 4139
add 50006 67 95483
add 28064 89 37606
run 59344
add 12483 72 41612
add 48501 94 86968
add 16686 65 36828
run 24158
add 53646 84 628
add 15918 14 79209
run 35033
add 43662 15 5842
add 11001 66 72865
run 3586
add 58627 94 94208
add 14284 91 13932
run 53527
add 50101 43 69527
add 60742 43 76832
run 96896
add 1924 7 45906
add 51962 99 97438
add 64038 20 79610
run 86467
add 52450 38 44999
add 39593 4 48342
run 17095
add 64917 32 87503
add 62351 24 45235
add 59720 31 80545
run 44251
add 57831 58 62484
add 1131 8 94731
add 31221 75 43063
run 6867
add 52828 63 30465
add 53248 21 60377
run 44074
add 29787 1 26949
add 17360 17 14312
add 35471 88 44884
run 35043
add 45651 85 86298
add 5140 59 55759
add 23528 16 8590
run 87015
add 47718 34 7808
add 9913 76 40093
run 50436
add 9979 49 96677
add 32590 77 96563
add 51240 74 37293
add 35345 16 25786
add 8310 98 25285
run 20977
add 37153 30 7366
add 22240 85 5899
add 13649 88 20830
run 80683
add 2298 8 89107
add 22302 44 32124
run 58773
add 28053 34 55030
add 15817 98 2912
add 37248 13 90228
run 81617
add 48540 15 636
add 64247 1 38031
run 58812
add 57931 19 21396
add 5769 27 75511
run 67717
add 37497 52 10547
add 12020 62 50090
add 19811 1 52947
add 51979 94 41751
add 62456 45 16543
add 52018 30 94672
run 32091
add 62037 98 38472
add 38679 30 27464
add 52363 98 50952
run 51760
add 44500 70 26817
add 18468 35 88030
run 64893
add 43296 30 98801
add 8277 41 42370
run 1111
add 7341 95 7194
add 13010 83 91948
run 91090
add 40220 41 64562
add 3483 92 58992
add 53529 58 84286
add 29144 31 89176
run 16992
add 53034 40 76616
add 10519 45 1666
add 53158 76 63806
add 1766 72 67561
run 79136
add 62213 93 37378
add 49151 21 41668
run 77769
add 37206 43 56854
add 62516 59 50889
add 29196 41 36107
run 25820
add 36967 35 28431
add 5586 37 62920
run 7772
add 7965 39 28939
add 3136 53 24736
run 38957
add 4159 44 12799
add 8044 47 53505
add 1312 56 774
run 88104
add 15674 96 9087
add 13656 81 57926
add 4081 65 69407
run 57927
add 22852 98 73058
add 14421 79 71032
run 82936
add 44427 22 14019
add 51037 82 76211
add 9278 89 77768
run 66452
add 9119 13 87049
add 51411 52 9390
add 45523 70 64780
add 35995 72 61456
add 45035 44 2029
add 29190 61 53536
run 38098
add 49181 97 57581
add 35409 3 81545
add 2794 93 24083
add 42920 21 7223
add 27205 62 85611
run 2539
add 44828 23 47759
add 60034 87 87812
run 44106
add 31263 61 75142
add 6295 82 47092
add 57511 70 76631
add 9752 33 10359
run 70202
add 23271 13 38395
add 36217 3 24589
run 46578
add 13138 61 88783
add 18165 8 78584
run 73277
add 4375 39 49178
add 25785 89 9829
add 27423 80 19934
run 9115
add 2557 12 11152
add 19973 3 91778
run 7562
add 51735 90 47772
add 56188 83 28623
run 8164
add 21331 36 26642
add 5311 70 29623
add 49418 90 35065
add 7900 75 47541
run 77
add 39816 31 96072
add 51289 92 46684
add 10244 90 20323
add 44377 32 44720
add 2156 84 35061
add 32811 18 29731
add 12467 50 11605
add 5347 82 51060
run 2660
add 64108 76 53675
add 60743 84 92626
add 42756 16 36346
add 26256 11 51228
run 32060
add 27060 60 56533
add 52499 60 93152
run 70945
add 43061 8 39495
add 4441 0 55379
run 17505
add 21137 66 3693
add 29094 11 6497
add 50423 97 38983
add 26141 34 57608
run 7512
add 13248 22 29927
add 56405 9 24906
add 63454 3 51165
add 44805 81 22735
run 68508
add 9273 14 23545
add 14991 35 33785
add 43826 6 74474
add 59791 40 50489
run 12439
add 59743 26 71981
add 7292 59 45823
add 40894 67 50367
add 57343 36 65790
run 2253
add 53231 66 73348
add 26268 72 71475
add 44111 0 20819
run 26834
add 51947 58 19919
add 8952 79 50456
run 76065
add 39472 53 63495
add 14913 63 6535
add 38358 83 87714
add 41259 21 37114
run 83244
add 62740 45 55343
add 62087 1 37845
run 16327
add 22472 13 95219
add 32843 37 62107
add 57492 50 92846
add 37576 96 99411
run 82396
add 21121 42 96042
add 39022 43 80159
add 8350 50 40186
add 35388 63 28606
run 69637
add 27697 23 26779
add 55934 86 64770
add 5183 50 46336
run 38339
add 38164 97 6612
add 5474 26 67228
run 62748
add 39752 90 82940
add 30281 90 36959
run 11444
add 9797 82 33656
add 47414 31 54219
add 5943 78 61547
add 58452 67 96334
add 19510 87 46649
run 46958
add 46273 76 76038
add 26395 13 4573
run 4878
add 36991 93 4983
add 2928 82 92252
run 57785
add 7008 38 73532
add 10837 60 37827
add 23720 85 58258
add 61418 77 51263
run 78705
add 47307 82 53799
add 5493 74 26608
add 32106 64 71897
run 64707
add 52377 23 16786
add 7132 27 37633
run 25103
add 64488 85 39176
add 10930 50 57439
run 57354
add 21118 10 63680
add 40600 67 54175
run 8026
add 54957 21 15964
add 34973 58 27425
run 95199
add 14849 28 10403
add 59824 12 51405
run 84530
add 5467 87 92551
add 45387 49 79488
run 12099
add 39332 93 46654
add 32163 79 90474
run 78666
add 7543 47 47653
add 5776 74 75097
run 96238
add 21716 66 72495
add 54679 83 74205
run 21686
add 19328 20 27226
add 54307 83 95281
run 18451
add 41438 4 22723
add 517 28 44745
run 4277
add 54331 97 1847
add 57879 29 94554
add 63242 69 17558
add 18501 93 45496
run 79971
add 33203 66 30934
add 32032 24 93576
run 23332
add 18885 8 7961
add 43283 95 30940
add 48912 8 80566
run 92770
add 40009 96 18567
add 26775 14 34596
add 4913 82 12453
add 31672 46 12660
add 39991 67 31309
add 59460 50 83565
run 3862
add 3987 9 86599
add 5787 37 90830
add 21729 10 68790
run 5971
add 37697 54 74006
add 32589 77 59507
run 48601
add 2904 15 70077
add 50169 31 78614
run 9266
add 40538 51 29001
add 5239 9 28477
add 7860 87 84594
add 23881 3 57740
run 5741
add 3940 36 11621
add 17573 68 10259
run 22192
add 21042 53 29148
add 54340 52 2166
add 39164 8 41884
run 31635
add 12118 95 13090
add 61321 32 58410
add 8721 96 86133
add 52428 88 24598
add 36248 95 42452
run 37571
add 51218 85 20457
add 34978 85 70700
add 12454 86 21649
run 76475
add 29159 80 89947
add 50946 2 64773
run 52426
add 2066 70 56303
add 64491 17 25776
add 59610 9 20420
run 1364
add 33342 75 50063
add 42900 63 5375
add 45280 77 64961
run 20212
add 9386 3 17134
add 31921 62 1768
run 396
add 11437 87 14297
add 49582 66 34800
run 14472
add 3900 51 14115
add 57158 35 20757
add 13607 64 21270
add 12362 60 55420
add 22067 40 67806
add 4925 50 74091
add 25897 31 5091
run 34690
add 57701 68 13176
add 28748 86 78901
add 46742 85 7884
add 46574 74 41507
add 38860 17 57600
add 61637 52 49925
add 3381 81 41331
run 14829
add 26487 44 81760
add 4103 41 64306
run 64996
add 54797 94 24989
add 18460 78 17545
run 17786
add 2943 67 74557
add 18023 14 24679
add 58036 18 68447
run 62450
add 19398 21 64262
add 52472 36 74381
add 61275 26 91116
add 20049 61 51777
add 42690 82 45166
run 19476
add 13019 43 85708
add 22031 7 88882
run 95238
add 4892 84 68243
add 31738 16 70494
run 67015
add 25246 51 80977
add 10982 32 53897
add 55131 54 15990
add 2513 52 80411
run 90610
add 16497 92 41483
add 26163 9 32604
add 25471 15 50106
run 65177
add 50377 91 2310
add 54571 92 21018
add 50162 54 75700
run 45114
add 18341 58 61571
add 39546 84 46137
add 3001 64 68377
run 95686
add 8830 92 39439
add 4333 91 54274
run 61504
add 36028 65 60084
add 5869 16 54045
add 64687 91 82568
run 26160
add 23610 69 4158
add 18484 81 71582
add 59770 19 2172
add 13081 74 47156
run 91296
add 58628 91 24988
add 35268 8 67994
run 35040
add 47861 50 92887
add 28959 11 80052
add 48248 49 94022
run 93422
add 11912 79 9651
add 32214 92 63549
run 4980
add 63928 31 95147
add 5909 40 48251
run 18577
add 8048 64 281
add 61690 93 29648
add 3257 59 14055
add 50825 83 32253
run 62584
add 55346 2 13407
add 12551 95 83298
add 26030 25 5977
add 62454 55 5637
run 87948
add 58869 94 43749
add 33032 48 75825
run 66011
add 8892 6 49095
add 50270 5 70898
run 82117
add 10550 22 47362
add 40546 37 79819
add 32449 52 67430
run 40843
add 30097 17 30159
add 568 14 58515
run 96755
add 57817 8 50422
add 56365 42 18728
add 28977 55 42721
run 95851
add 8898 54 30975
add 59187 59 54354
run 99794
add 40429 77 31111
add 29123 89 2716
add 37109 67 58883
add 1640 25 67926
run 96533
add 5228 95 42860
add 54107 32 7151
run 4708
add 45540 66 57869
add 61243 58 78195
add 50448 70 9443
run 45034
add 34222 10 8267
add 36376 53 90708
run 69443
add 62311 78 24424
add 16388 3 87554
add 27913 53 39850
run 49538
add 62529 67 37566
add 47804 64 2329
run 14472
add 4829 37 74927
add 54765 25 19738
add 61925 20 74997
add 42345 39 87168
add 60903 50 90417
add 59702 93 19825
add 29742 62 20104
add 14004 66 94008
add 30776 44 78447
run 82614
add 50901 36 12792
add 20276 97 63414
run 82367
add 11364 87 71826
add 7629 2 58592
run 16435
add 18030 35 18919
add 43529 14 16721
add 15542 37 96815
run 74237
add 9768 23 64700
add 41423 44 44546
add 25110 71 81624
run 70352
add 16118 14 57758
add 38281 78 51819
add 24735 38 7798
add 54002 75 53676
add 1081 14 26597
run 22377
add 32699 30 44526
add 42056 93 78269
add 63742 6 90206
add 10987 62 4755
add 42236 85 21195
add 50013 50 57596
add 35649 12 1303
run 82390
add 25282 35 11792
add 61783 90 50861
run 7164
add 29242 62 85797
add 57446 52 13485
run 20072
add 1285 51 88664
add 12084 42 81918
run 5153
add 35530 37 28751
add 49132 96 5198
add 56701 13 85695
run 77584
add 30035 42 91305
add 17144 62 63656
add 21885 83 26038
add 18318 63 94302
run 94563
add 50127 32 17211
add 33784 17 75542
add 52984 81 80877
run 14037
add 31953 5 29149
add 17259 88 66340
add 59540 94 75967
run 61469
add 51692 2 12509
add 64823 82 19877
run 51788
add 43623 16 86795
add 53770 24 12003
add 40657 60 73932
add 27321 71 73504
add 16366 38 60573
add 48077 4 59806
run 31158
add 49853 8 54540
add 21387 7 69606
add 28727 60 77486
run 34518
add 22505 38 27246
add 21175 93 81644
add 16781 92 16210
add 62371 31 22851
run 94154
add 23374 5 2884
add 8672 86 83267
run 94626
add 19261 5 67015
add 56134 1 46863
add 36014 54 39490
add 8801 97 25880
add 13644 21 26484
add 19894 43 36377
run 19283
add 1329 86 60071
add 28708 29 87926
add 64325 84 1351
run 51378
add 32631 84 95443
add 15787 52 87863
run 11086
add 60592 41 56146
add 13813 89 81161
run 87409
add 52379 77 26710
add 36250 69 72401
add 47278 2 79601
run 74715
add 15493 90 30449
add 44730 78 95676
run 56340
add 65529 12 92822
add 60344 82 70680
run 81286
add 33453 89 29918
add 59901 92 16644
add 29332 44 86157
add 32392 54 70286
run 94793
add 17659 49 13078
add 60080 91 95110
run 1955
add 50587 89 51355
add 30369 0 35561
run 36321
add 51142 81 11719
add 44653 85 76466
add 21054 93 18088
run 2051
add 18355 85 40545
add 58002 77 86144
add 61862 48 85005
run 3870
add 43023 29 6949
add 41641 12 89478
add 23344 18 41949
add 21295 53 54627
add 60222 52 26747
add 58551 39 14079
run 39137
add 46936 51 50339
add 2489 35 21148
run 59151
add 3649 79 16780
add 64874 35 58829
add 46290 52 20134
run 81574
add 60 25 62646
add 37934 19 35694
run 79516
add 32439 42 65031
add 10460 97 43167
add 7504 61 72702
run 58289
add 5288 23 45685
add 14924 85 7921
run 51713
add 23056 34 33504
add 41861 69 12092
run 89070
add 44901 52 81295
add 30292 98 33061
add 9311 17 29425
add 54047 69 32329
add 53659 40 87490
run 57654
add 54462 74 81871
add 40833 31 34970
add 5555 84 80283
run 53554
add 36749 6 81879
add 54382 46 50519
add 67 41 48800
add 40948 68 70193
run 80383
add 56804 19 29042
add 3122 82 11928
add 64150 49 65815
add 48919 63 90123
run 39650
add 28569 44 75743
add 24805 57 77635
run 1546
add 46698 91 98587
add 33603 51 48379
run 47923
add 3956 48 17436
add 61821 72 17202
add 6966 1 54324
add 39104 82 34072
run 58217
add 6378 61 9073
add 938 90 17356
add 36222 46 78243
run 53402
add 60135 3 40581
add 41747 90 91089
add 41467 64 8627
add 15790 42 59243
add 20106 87 52534
run 1622
add 31332 49 99572
add 57714 7 57831
add 29399 51 5042
add 43111 64 56428
run 36157
add 4944 18 70623
add 26381 17 35911
run 41988
add 18339 30 17698
add 30368 85 6494
run 63408
add 38117 7 930
add 55002 41 80759
run 26502
add 32155 55 15599
add 30628 22 62516
add 50943 20 4043
run 36088
add 63729 66 34973
add 34373 63 43313
add 35888 18 19840
add 57429 31 69610
add 13719 37 63981
run 57002
add 61658 35 46734
add 62097 2 32565
run 50521
add 39557 61 32710
add 19685 99 32391
run 49752
add 31183 21 26530
add 7732 29 36101
add 13545 65 29098
add 10869 46 78082
add 9561 13 81847
run 29174
add 36761 42 82275
add 63275 89 71317
add 38698 2 45128
add 27653 72 29759
add 43475 17 54438
add 40115 22 65317
add 61656 12 82301
add 35232 74 83540
add 508 78 12239
run 90726
add 7319 15 26167
add 13051 83 87124
run 98921
add 2923 97 85113
add 45493 13 82253
add 34616 33 88445
add 19168 56 92050
add 21717 94 47669
add 1078 27 59890
run 38147
add 50614 88 50661
add 29764 44 97636
add 49807 23 83373
add 52299 12 49938
run 27501
add 36543 78 79215
add 49959 48 12485
add 51926 7 19102
run 1542
add 11018 50 56404
add 53316 82 66107
run 51320
add 10621 17 18682
add 65051 94 25590
add 52608 88 26503
run 28008
add 33700 6 52418
add 59366 27 66730
add 43518 70 44622
run 90636
add 8329 84 70544
add 13576 16 15567
add 39435 81 66809
run 40813
add 26119 70 58044
add 26572 91 84485
add 48349 96 54497
add 16829 18 62520
run 57792
add 18979 83 75286
add 37759 89 99501
run 1274
add 42301 34 25802
add 62531 26 80734
run 68598
add 1441 96 48507
add 46088 75 61043
add 56956 24 13000
add 13647 12 57398
run 98146
add 7461 65 73240
add 52097 27 13763
run 71785
add 9564 72 97068
add 49104 11 5899
add 44881 89 3247
run 64464
add 60412 68 48125
add 7976 24 75789
add 9976 87 63734
add 9138 92 72731
run 37112
add 25480 57 11268
add 10885 22 73155
run 56053
add 5105 91 89204
add 2939 80 89033
add 29006 66 18303
run 84386
add 27513 69 65644
add 44281 58 61245
add 60536 15 55029
add 43760 42 56795
add 3129 56 23257
run 78309
add 35299 29 2016
add 8078 76 45768
add 62828 51 49914
add 20141 58 70683
add 37704 18 89990
add 56439 46 17619
run 7367
add 52108 30 9974
add 14175 20 86499
run 55119
add 37876 12 89090
add 8596 75 88950
run 22053
add 20354 16 47546
add 39385 62 7341
run 81004
add 1689 0 94909
add 2768 96 15699
run 50486
add 36201 62 28038
add 7000 87 37593
run 33965
add 19266 30 67543
add 52622 3 94679
add 40065 86 5300
run 53467
add 46709 82 66546
add 51164 10 88147
run 2481
add 20616 80 31129
add 38385 75 65831
add 65110 68 64312
run 67558
add 34838 88 31374
add 61040 85 49786
run 19136
add 33518 2 16975
add 62373 42 52275
add 15608 53 9951
run 38360
add 57892 30 48393
add 62528 63 15806
add 8163 10 47973
add 19209 72 85876
add 14499 78 22218
run 77560
add 19503 35 83671
add 24451 41 84895
run 17613
add 1257 38 43341
add 56941 93 16132
run 11829
add 64928 66 77330
add 17546 7 3613
run 30264
add 40613 43 21832
add 57309 66 59094
run 37486
add 19299 38 20978
add 8558 18 44662
run 88374
add 64180 85 84009
add 37428 32 53091
run 40638
add 40765 74 44810
add 13279 40 71632
add 23162 68 37493
add 4649 39 85168
add 29007 8 98237
run 41689
add 32849 76 40309
add 2696 48 76878
run 29781
add 10452 32 4964
add 48467 84 94212
add 61670 59 52626
run 33134
add 6560 36 71863
add 47364 92 62362
add 48128 12 16677
run 14620
add 36146 97 46066
add 511 35 15040
run 41844
add 34937 42 51180
add 37574 25 73600
run 6962
add 4294 47 89779
add 56558 58 84828
add 10740 0 92295
run 46962
add 28252 55 88887
add 6198 49 33584
run 27346
add 59032 15 88151
add 48862 73 24248
run 96489
add 27055 74 4549
add 64725 13 90162
run 23857
add 58393 80 94814
add 23784 50 98532
run 43234
add 51743 39 99643
add 61564 95 84576
run 25828
add 3198 8 44936
add 32499 57 7632
add 26756 76 89915
add 4461 61 81501
add 25645 63 4078
run 63730
add 16574 1 66548
add 33775 41 60403
run 32289
add 12432 64 87720
add 42178 83 98217
run 61188
add 19992 39 27488
add 31354 43 33235
run 59059
add 33157 70 32215
add 4421 17 15895
add 1642 98 83070
add 45087 39 1499
add 8982 96 99081
run 9734
add 61585 15 22619
add 33116 98 76083
add 35621 59 91462
add 23918 46 5330
add 60894 6 55160
add 1663 18 42289
run 28369
add 27083 68 29036
add 13139 40 2767
add 1147 52 42543
add 37964 35 70373
run 35174
add 11512 31 87778
add 55505 63 41728
run 27275
add 52716 15 77298
add 5652 16 64651
run 84932
add 41701 2 93147
add 43270 77 74856
run 47957
add 16916 71 47080
add 47958 18 8437
run 78763
add 40350 27 51374
add 30465 55 14806
run 56148
add 21721 62 98802
add 60774 92 45309
run 89102
add 162 44 13975
add 30468 55 43450
add 21007 81 22827
run 20193
add 6505 95 95145
add 61615 91 82371
run 51006
add 24293 44 74762
add 49557 8 97957
add 16572 33 3263
run 51070
add 27185 20 83295
add 28115 34 38473
run 7500
add 43831 86 82106
add 3816 90 49042
run 65433
add 41066 39 25897
add 41370 97 56208
add 16575 7 85273
run 70188
add 30534 58 84901
add 32800 46 26010
run 93786
add 42460 40 96974
add 52885 37 16715
add 52617 91 37078
add 28852 9 52273
add 3253 43 32937
run 47675
add 27693 35 98036
add 4198 84 40281
run 85339
add 62338 11 34764
add 40272 7 50534
run 29380
add 39240 12 68471
add 13900 95 90253
run 99871
add 46689 62 32768
add 23558 28 1443
add 14456 75 3036
run 64250
add 57917 94 13789
add 16614 90 88306
add 14419 43 47201
add 43792 20 60174
add 34907 8 73189
run 77745
add 32334 34 77685
add 64707 57 28243
run 57159
add 24614 67 15110
add 47827 8 9710
add 31466 1 87308
add 34840 81 24410
run 85857
add 18796 23 87439
add 27739 55 97656
add 43101 18 37052
run 63533
add 13956 99 55135
add 30196 97 33228
add 24191 90 43793
add 16766 62 85767
run 85885
add 63701 2 82369
add 43057 65 23873
run 12902
add 28013 49 85328
add 43993 52 16592
run 47036
add 59636 16 98370
add 8171 82 69685
run 85402
add 28941 70 20951
add 56424 8 35504
run 17407
add 12982 84 4049
add 7483 54 94734
run 72535
add 51451 47 31097
add 46356 36 503
run 30741
add 18958 70 60460
add 29644 22 22532
run 57081
add 16115 58 84808
add 3981 20 58382
run 80481
add 19628 90 93316
add 7742 13 17409
run 78916
add 44820 10 56379
add 17486 42 94840
run 8923
add 64494 93 74932
add 53751 93 83823
add 26328 32 35568
add 65157 20 774
add 23930 43 65383
run 42235
add 5735 63 12872
add 51246 21 62149
add 55982 63 47406
add 61721 67 52126
run 22117
add 8896 99 38098
add 57304 42 69107
run 94492
add 13811 90 69891
add 38403 19 77531
add 36736 87 22273
add 18083 86 21166
add 11114 88 72534
add 50814 15 19619
run 26644
add 64188 55 72712
add 26104 1 17714
run 86979
add 5372 4 10855
add 55419 9 22179
add 21665 58 15656
add 11739 61 67916
run 36284
add 8852 54 34806
add 16119 29 72349
add 27584 57 91784
run 46704
add 65016 3 17347
add 3620 3 58972
add 12231 50 75033
add 35617 50 99805
add 41681 28 35265
add 8832 72 11276
run 25890
add 65435 94 86706
add 30222 53 1526
add 39806 3 81232
run 50399
add 2627 41 97761
add 25390 86 4035
add 15430 30 51694
add 38246 79 88208
add 3396 10 14269
add 5124 21 89389
add 51343 13 83346
run 88623
add 45730 40 30606
add 4281 88 3424
run 21132
add 1950 84 62642
add 35777 60 16557
run 12372
add 53472 5 38945
add 20977 88 19520
add 64298 2 11886
run 86857
add 16469 24 3946
add 3038 28 45681
add 20782 54 23690
run 43783
add 16872 9 3600
add 39116 41 3568
add 19907 34 92352
add 62392 87 47854
run 10276
add 60045 95 61451
add 38609 52 93836
run 54184
add 47325 5 60844
add 39110 47 49076
add 9328 48 26043
run 80124
add 10367 92 87062
add 60801 32 16385
add 15346 8 10889
run 98166
add 44075 6 13688
add 62618 64 13848
run 72939
add 46556 73 91070
add 50305 56 22214
run 5096
add 45424 2 49095
add 2356 82 99209
run 15964
add 47228 86 13681
add 53888 27 20876
run 1831
add 53786 21 49098
add 10464 46 23116
add 28216 32 66754
add 40951 5 20561
add 23664 46 7926
run 90722
add 1018 64 71222
add 5165 11 31223
add 57786 27 86317
run 94678
add 31555 40 44207
add 50552 97 44698
add 45451 43 48063
add 17077 14 58709
add 64152 54 43218
add 64258 29 27087
add 62364 75 52374
run 97764
add 33030 53 9936
add 34637 32 27672
run 44026
add 35156 63 9379
add 13825 2 96796
add 8710 5 62023
add 31491 94 24832
run 97177
add 26183 67 77376
add 32031 0 56591
add 26576 11 13704
run 64223
add 61761 42 81717
add 14141 59 14267
run 67714
add 53803 51 30280
add 39944 0 76722
add 24509 37 46241
add 45623 27 3957
run 81228
add 17833 78 66885
add 32001 6 13621
run 60615
add 39099 12 33021
add 9327 74 28007
run 36607
add 58454 0 78473
add 39267 91 22414
run 2394
add 33179 82 79268
add 29412 43 55792
run 66817
add 12281 57 81278
add 28594 47 13877
run 45264
add 14572 41 89575
add 63855 12 3158
run 9929
add 62937 62 72560
add 57628 0 21208
run 42626
add 44033 94 32241
add 24765 87 81460
add 9127 39 66686
add 41077 27 18936
run 34703
add 56347 4 33671
add 3655 80 89936
add 13145 1 63716
run 71165
add 45918 13 14913
add 58026 50 22565
run 30200
add 45884 58 23987
add 33912 99 66754
add 25631 82 59399
add 3718 17 78173
add 23 3 33715
run 72878
add 2150 57 89188
add 38812 31 58458
add 6005 55 83627
add 13263 19 62939
run 40050
add 47981 54 64810
add 11079 71 47959
add 58553 55 75321
run 98256
add 43486 15 46088
add 60409 7 60976
run 72539
add 44365 66 28449
add 21807 48 99613
add 65221 98 24586
run 89930
add 58339 63 42098
add 7687 27 96904
add 60882 7 74533
run 52709
add 33669 10 96431
add 12262 61 33391
run 2562
add 56487 45 66260
add 24369 93 75232
add 61668 56 49213
add 41171 68 24510
run 72358
add 23264 51 58046
add 11966 29 7251
run 54447
add 20706 38 52124
add 61053 51 88945
run 64339
add 7298 6 24096
add 9906 86 4511
run 64437
add 8552 14 14456
add 5845 24 50041
add 47182 95 23658
add 54126 35 33112
add 42619 17 77859
add 820 40 88233
run 53862
add 23492 21 25832
add 51515 76 30796
add 51264 37 61548
add 42275 19 21368
run 50403
add 62957 5 68532
add 37204 16 69895
add 9600 33 2710
run 17662
add 47226 41 86552
add 3118 83 87108
run 6600
add 35189 81 27832
add 26090 43 26373
add 44878 14 17141
add 27097 67 83335
add 16216 48 54900
add 25416 14 80434
run 21985
add 9776 20 88578
add 18096 51 41305
add 18354 64 2235
add 58865 68 40515
run 27003
add 49907 4 58564
add 9973 87 14707
add 53798 38 66094
run 31814
add 45110 26 68393
add 28841 67 71209
run 26413
add 26504 44 43323
add 9506 99 54782
add 17957 52 70342
run 61057
add 33073 32 66557
add 34745 37 79953
add 49105 64 31423
run 79843
add 28644 2 9228
