43 12 516
238
281
132
313
349
12
379
195
146
230
36
300
461
362
92
490
317
313
458
351
323
442
49
195
330
514
18
270
432
374
207
320
85
164
91
329
205
240
427
39
52
178
370
158
344
242
160
411
89
305
89
461
515
433
105
234
169
249
488
315
147
27
208
97
187
10
21
28
242
135
161
395
87
27
378
220
95
290
508
188
415
19
372
392
514
425
148
5
500
20
175
103
382
166
101
297
89
503
76
56
295
125
99
42
429
89
415
65
152
443
199
268
327
266
11
332
495
15
40
445
387
425
334
73
288
421
91
2
304
438
307
199
161
344
462
245
360
40
226
377
469
493
308
179
292
249
320
57
329
253
388
252
8
221
404
169
278
161
426
225
227
164
149
194
320
456
474
13
106
116
458
144
298
95
100
82
369
224
227
492
217
301
110
476
479
196
40
154
113
58
290
293
332
117
413
10
260
2
147
231
295
441
404
288
277
91
339
423
296
338
62
39
168
251
379
369
93
346
124
350
158
76
494
507
40
244
218
155
380
231
124
124
423
81
142
411
276
335
501
85
181
267
14
39
0
23
178
386
23
301
55
204
487
132
47
396
215
421
54
143
114
45
172
360
515
108
101
215
225
431
465
182
259
132
39
99
120
229
488
216
149
246
49
473
184
379
323
24
236
292
220
169
40
7
45
381
142
250
299
359
108
416
482
346
246
502
421
437
101
87
481
337
351
189
35
72
383
181
237
242
485
127
290
360
9
130
78
51
173
141
80
245
428
323
5
126
385
278
92
231
36
222
423
121
354
91
108
453
74
379
275
363
291
414
63
6
347
140
467
363
107
453
172
400
443
388
128
463
145
300
443
265
425
399
510
113
169
257
197
396
113
383
494
254
306
252
489
422
298
386
167
301
505
119
145
104
440
436
21
310
167
366
18
39
37
324
264
455
412
459
118
21
417
143
407
384
494
126
432
472
343
71
393
276
250
222
5
373
250
426
514
346
64
247
125
155
150
335
342
382
105
21
431
212
238
385
109
357
0
166
274
156
371
453
377
439
354
402
463
45
124
302
311
398
224
223
502
356
268
387
8
425
336
490
233
9
198
385
22
505
222
356
338
223
104
64
456
39
450
434
320
401
272
383
414
272
158
43
415
117
29
403
13
85
99
15
316
347
478
424
450
172
197
89
101
206
