97 3333 29
13 385
57 622
53 318
47 173
25 710
18 599
9 679
18 892
52 624
55 965
28 514
59 474
27 821
11 217
56 764
51 112
32 280
1 541
24 439
54 704
55 195
17 379
33 884
21 666
43 684
2 604
14 194
46 978
10 898
25 309
47 238
15 807
26 869
57 993
54 699
3 851
2 277
58 803
35 332
38 437
37 666
6 253
16 885
13 764
34 512
25 759
11 754
32 902
49 191
7 712
50 750
39 314
37 351
31 775
1 855
11 849
39 578
4 664
8 557
35 784
17 629
45 819
59 551
59 215
47 966
57 753
58 849
41 379
26 930
15 158
52 130
44 874
27 232
59 232
30 397
16 319
40 321
60 554
42 299
18 690
47 829
48 735
8 766
7 873
13 204
21 397
16 349
17 346
51 685
8 724
52 774
50 833
17 445
45 732
42 320
32 290
16 994