851 416 419
2 133 509
3 791 133 696
5 232 772 641 416 133
3 850 133 40
3 133 259 479
4 387 469 749 133
2 681 133
2 832 133
4 133 669 508 489
5 211 222 187 133 796
4 133 11 676 89
6 626 797 133 160 76 342
6 133 303 83 360 243 372
6 528 840 834 133 787 681
5 242 133 606 71 666
4 255 133 452 388
5 635 133 313 809 464
6 374 158 557 275 320 133
3 522 589 133
4 634 423 171 133
5 133 742 672 329 17
6 630 583 0 228 566 133
3 701 133 132
4 281 133 214 338
7 127 734 83 747 68 133 21
5 133 578 674 648 544
2 582 133
5 33 523 23 747 133
3 156 133 492
3 216 133 625
3 711 599 133
4 495 133 526 804
5 399 99 133 238 687
4 633 668 133 830
2 133 590
6 133 790 177 634 811 671
2 649 133
6 723 491 618 85 480 133
6 461 199 183 146 133 59
2 850 133
5 133 476 387 220 337
3 133 515 815
3 133 282 62
3 133 418 307
2 800 133
4 339 274 57 133
2 133 186
5 393 615 133 762 490
4 472 623 352 133
4 133 78 268 516
4 510 306 133 325
6 569 676 811 133 505 246
2 425 133
5 127 613 133 557 804
6 707 330 576 12 355 133
2 133 648
2 133 343
6 242 154 748 133 271 513
4 249 558 133 47
7 478 796 133 103 693 782 52
5 462 133 784 460 228
6 133 681 660 551 539 717
3 158 133 127
4 426 367 525 133
3 175 104 133
6 130 491 163 730 133 551
4 660 710 133 623
4 677 99 47 133
3 67 180 133
5 494 235 661 696 133
5 133 590 71 147 448
7 734 127 788 447 689 133 829
6 87 723 133 360 266 167
4 411 232 264 133
6 759 297 156 514 604 133
3 133 709 80
4 220 133 255 792
4 187 761 829 133
5 181 117 586 133 331
7 133 555 685 308 367 794 706
4 133 151 23 138
4 317 626 133 307
5 736 743 46 133 325
3 553 402 133
3 768 197 133
6 133 655 505 542 343 843
2 611 133
5 502 133 749 641 357
4 398 676 133 148
4 530 133 330 187
4 718 19 472 133
2 412 133
6 133 315 50 272 332 831
4 480 64 368 133
4 84 133 1 496
2 222 133
6 133 610 331 588 547 711
5 67 780 24 133 328
3 367 558 133
6 523 642 764 133 593 486
2 708 133
5 341 43 133 819 335
2 133 788
2 231 133
3 397 341 133
3 258 731 133
5 831 719 157 133 680
5 476 412 133 793 706
2 133 390
4 477 133 595 183
2 133 840
5 133 600 12 786 568
7 138 769 189 133 835 496 55
5 688 663 133 322 743
5 433 133 86 666 804
3 133 311 405
5 166 72 349 676 133
6 362 133 626 63 619 198
2 133 537
5 10 167 310 133 387
7 215 184 320 133 694 101 513
6 549 109 64 490 133 804
5 89 133 517 203 287
3 560 613 133
2 58 133
2 133 412
2 290 133
2 459 133
5 133 401 197 376 758
3 195 133 441
4 548 133 759 78
2 133 811
6 401 631 342 188 133 53
6 348 792 133 450 600 764
3 595 155 133
4 586 458 438 133
4 349 133 425 320
2 133 148
2 557 133
5 416 510 806 747 133
7 840 806 39 133 659 745 295
6 252 836 133 514 827 655
5 360 499 579 133 749
2 171 133
2 133 341
6 760 133 751 834 335 584
6 133 192 36 324 171 806
2 807 133
4 133 194 483 128
2 829 133
4 848 133 100 139
2 133 352
5 133 845 107 529 761
6 133 449 214 120 682 374
7 744 389 620 469 133 60 20
3 133 119 66
5 61 133 380 549 311
5 766 848 569 133 518
2 509 133
2 739 133
4 512 238 840 133
7 701 424 438 765 133 826 685
3 392 428 133
4 749 133 471 169
5 365 753 407 39 133
3 133 589 205
6 341 133 173 671 700 749
3 133 476 687
5 801 424 757 133 248
5 440 133 407 414 818
5 121 133 593 328 43
5 133 307 461 430 230
5 515 421 355 133 486
3 133 744 242
5 507 16 539 682 133
2 8 133
4 59 424 133 200
3 393 133 53
5 144 432 133 568 15
3 254 133 599
5 383 133 823 615 393
2 133 93
2 130 133
7 657 80 136 161 441 465 133
5 849 133 50 596 601
2 133 798
5 740 800 506 677 133
4 133 30 250 690
4 590 262 206 133
3 133 180 480
4 370 133 556 237
3 133 128 761
3 523 631 133
2 744 133
2 539 133
4 607 235 198 133
2 565 133
3 719 21 133
4 497 673 133 518
2 133 5
3 10 474 133
6 173 133 779 32 688 603
4 601 726 834 133
4 79 148 614 133
6 133 734 265 431 76 732
2 133 268
5 850 383 133 812 550
5 667 300 74 133 483
6 349 572 766 275 786 710
6 573 291 819 768 242 298
3 128 562 167
6 440 765 305 543 531 42
3 73 9 30
3 531 751 133
6 201 782 568 266 102 133
3 133 524 128
4 147 545 254 797
5 310 672 353 133 526
4 42 262 577 845
7 28 680 133 382 62 92 655
3 658 496 133
2 578 133
4 831 803 133 771
3 133 159 329
5 133 679 404 215 575
4 156 712 175 626
7 818 133 584 354 275 466 643
2 223 133
4 215 805 490 360
2 258 133
3 320 101 572
4 581 656 697 654
5 606 599 133 587 822
5 58 343 745 393 546
5 387 133 403 707 834
5 606 404 532 225 453
5 262 133 318 666 846
4 114 34 222 133
4 324 421 400 133
4 699 789 817 133
2 822 799
5 349 135 419 668 520
5 370 265 536 504 670
2 133 7
7 168 497 615 0 276 260 620
6 824 133 376 56 130 382
3 420 847 366
4 409 326 605 133
2 89 571
5 770 219 177 741 133
6 420 211 532 355 227 393
3 659 391 133
2 133 56
3 75 159 647
6 113 429 133 693 831 667
6 685 9 24 4 524 604
4 222 804 314 482
3 133 308 391
5 835 506 546 423 373
4 64 172 185 20
2 551 133
3 717 133 524
4 724 363 378 778
4 133 793 86 324
2 443 125
2 659 133
3 642 133 566
2 298 133
5 132 653 133 185 527
5 256 170 219 7 174
2 419 295
5 643 694 762 436 569
6 846 618 156 70 813 739
4 328 652 133 836
5 684 315 133 319 607
2 133 146
5 656 133 313 399 104
6 133 695 479 396 602 782
5 133 690 57 39 414
3 133 830 73
6 297 587 133 224 513 782
2 728 752
3 133 495 457
2 133 496
3 447 147 560
5 133 486 140 5 589
3 484 133 39
3 273 715 281
2 580 509
4 796 442 456 603
5 817 133 261 319 149
5 133 85 456 717 636
2 728 133
6 843 133 699 113 559 322
3 447 133 727
5 292 133 631 217 678
7 686 674 325 299 196 636 610
4 522 120 178 635
6 133 687 164 680 629 263
2 647 794
4 133 86 372 610
2 81 328
3 707 402 133
3 133 840 657
2 362 69
3 817 813 133
3 741 93 133
3 530 625 517
2 216 456
5 405 63 632 624 133
4 818 181 377 133
5 721 616 182 276 175
2 835 133
6 640 33 490 116 349 776
3 593 133 789
6 520 594 603 364 567 616
7 554 433 192 762 456 584 784
4 831 571 730 779
6 390 36 166 262 133 455
4 448 503 223 133
5 68 648 133 576 392
7 38 271 667 530 6 320 836
3 133 147 404
6 496 396 375 133 386 374
2 237 627
5 94 510 133 207 173
4 658 133 764 193
5 162 52 463 371 239
5 392 388 133 709 183
6 125 300 379 769 133 206
6 688 569 801 207 248 757
2 133 674
4 133 698 490 634
3 382 133 325
4 624 618 157 417
5 786 133 225 333 747
5 490 607 111 118 133
4 743 48 731 735
5 367 133 633 73 395
6 133 275 72 111 636 534
6 126 315 642 277 477 20
3 476 355 141
6 850 594 73 535 536 388
3 756 571 118
2 133 823
3 133 402 449
5 569 687 515 597 210
5 233 602 133 214 67
5 450 609 241 133 116
5 748 478 808 754 15
7 439 353 547 849 824 411 445
4 802 529 332 133
6 355 60 13 758 615 601
3 850 155 133
4 92 294 519 133
7 467 219 657 149 160 750 125
7 280 553 768 479 200 687 708
3 133 597 486
2 133 544
6 437 621 739 511 345 133
5 712 133 672 537 519
3 789 133 222
5 715 453 479 133 564
3 774 647 356
6 250 548 601 177 659 155
7 647 133 688 733 534 504 238
2 133 75
4 388 412 133 12
3 191 2 133
3 508 205 445
3 52 773 376
3 289 630 362
3 190 133 108
2 512 133
4 317 276 208 642
2 544 133
3 100 376 216
2 133 436
6 57 133 532 140 46 456
5 665 133 41 75 751
5 246 686 519 423 385
7 438 580 236 432 786 135 12
4 190 839 626 41
3 133 426 686
2 133 367
2 56 766
2 298 133
4 738 558 122 157
5 44 512 635 578 278
5 84 609 233 133 222
5 500 482 557 675 27
3 356 133 73
3 298 133 764
3 371 133 12
4 613 475 704 334
2 128 232
4 133 331 664 450
3 392 115 159
3 199 850 288
2 632 397
4 625 373 530 79
4 133 714 7 585
5 218 534 426 133 489
5 133 789 505 688 371
3 281 766 355
2 624 133
5 291 503 533 187 615
2 621 266
4 417 592 532 252
6 133 566 212 100 198 822
5 656 133 425 560 176
6 10 563 317 231 96 656
2 721 85
4 560 133 447 257
2 418 133
5 116 133 523 759 632
552 200
64 739
651 444
151 160
240 744
115 513
194 133
841 571
11 676
659 597
109 734
576 330
824 426
811 572
133 436
790 35
133 436
355 486
100 817
386 696
502 424
128 247
314 386
510 295
53 133
452 440
463 519
133 290
182 112
516 724
728 101
155 308
325 13
466 16
684 358
745 665
413 71
647 794
323 128
430 133
742 266
307 626
649 133
311 455
276 642
724 726
726 720
570 15
420 211
190 557
412 409
664 144
199 426
228 133
91 585
558 426
339 282
847 114
811 790
489 553
72 133
709 65
46 133
174 183
365 698
639 295
322 300
402 134
231 133
50 292
782 598
633 830
492 846
839 714
804 314
699 644
133 736
799 359
486 642
740 318
763 801
236 133
145 7
625 133
41 626
798 133
775 409
571 103
823 133
828 829
162 463
310 456
312 514
290 266
187 133
790 394
485 801
52 463
644 446
133 80
87 642
800 133
491 552
305 509
401 416
573 53
71 56
163 422
484 77
243 230
133 687
823 133
65 255
133 183
308 794
835 112
827 365
755 540
674 567
456 216
133 290
398 550
784 628
341 235
305 201
341 133
189 637
633 830
783 152
383 549
524 93
440 80
278 44
105 243
133 388
239 513
838 104
252 196
133 249
654 581
349 740
321 218
355 486
560 735
511 182
834 221
359 529
133 167
624 615
333 534
133 146
133 7
490 432
72 234
237 627
42 351
133 548
850 133
805 44
564 815
347 788
416 36
782 109
459 163
318 167
386 763
691 569
140 173
730 71
311 285
530 517
278 411
9 581
70 759
213 116
394 568
105 24
298 787
496 658
133 850
41 795
702 774
499 558
133 457
86 324
537 130
620 130
159 647
618 635
463 157
33 234
237 627
133 156
374 557
579 513
759 548
456 133
226 157
399 763
381 427
203 685
499 525
835 678
72 351
255 388
292 564
307 133
632 802
4 524
727 133
493 346
676 133
279 101
390 468
416 258
317 115
817 330
766 56
640 536
578 133
326 405
785 250
611 243
528 695
133 751
47 217
719 292
161 701
238 512
93 221
731 52
300 74
90 800
412 133
442 171
265 726
89 571
480 180
359 319
341 133
95 609
744 133
453 195
116 539
203 133
599 332
503 390
39 407
689 745
255 452
210 710
495 89
220 8
212 615
66 29
28 49
361 731
66 246
265 734
133 593
742 154
454 762
686 575
133 352
609 778
79 530
823 133
376 100
133 680
843 628
307 133
685 755
324 39
730 115
367 220
720 369
526 133
184 808
398 148
802 701
133 92
4 379
725 539
129 460
365 481
711 390
815 133
530 79
730 831
769 172
36 814
358 192
411 616
131 563
519 294
133 708
635 313
426 686
816 412
296 86
344 650
59 134
804 496
754 244
138 391
613 475
714 70
572 101
142 412
677 542
207 812
425 230
689 127
530 625
441 163
237 143
726 601
446 484
35 689
478 405
708 553
610 294
480 434
497 706
294 479
621 577
73 9
72 789
492 840
694 355
133 238
71 225
708 402
636 775
800 638
606 84
64 133
784 133
593 764
775 182
197 768
465 330
483 739
267 455
156 618
418 761
156 470
389 201
252 307
319 795
362 394
614 150
741 133
680 784
521 475
437 113
385 486
659 501
709 191
322 417
674 417
215 388
54 520
182 370
836 328
551 539
189 417
241 649
743 133
733 550
807 133
689 568
208 691
436 133
596 721
133 611
847 806
133 761
171 67
590 415
133 357
383 639
317 115
366 847
515 355
726 142
658 727
186 133
798 765
108 130
788 133
38 320
832 133
53 133
159 550
659 196
376 401
596 44
565 133
509 133
133 759
73 830
133 402
142 800
133 611
45 645
169 811
138 23
773 376
133 426
413 767
637 218
220 133
271 154
640 776
254 749
664 268
199 487
192 339