1000
0
1 1
1 1
1 1
1 2
1 2
1 1
1 6
1 2
1 4
1 1
1 8
1 7
1 8
1 14
1 6
1 10
1 9
1 11
1 1
1 5
1 10
1 17
1 6
1 2
1 10
1 16
1 1
1 13
1 18
1 27
1 24
2 10 30
1 33
1 15
1 25
1 13
1 1
1 26
1 9
1 11
1 22
3 3 10 25
1 12
1 5
1 15
1 6
1 12
1 35
2 33 49
1 43
1 4
1 3
1 32
1 10
1 9
1 5
1 32
1 46
2 7 22
1 36
1 24
1 25
1 6
1 62
1 8
1 1
1 21
1 14
1 27
1 8
1 69
1 69
1 35
1 5
1 12
1 61
2 31 45
1 72
1 1
1 29
1 73
2 32 81
1 21
1 84
1 53
1 52
1 41
1 49
1 62
1 69
2 29 35
1 73
1 41
2 50 90
1 50
1 90
1 32
2 26 86
2 79 92
1 89
1 39
1 7
1 63
1 36
1 26
1 16
2 24 66
1 42
1 108
1 58
1 8
1 112
1 74
1 112
1 107
1 29
1 85
1 31
1 93
1 59
1 31
1 67
1 86
1 18
1 116
2 27 63
1 22
1 83
1 119
2 98 107
1 122
1 65
1 111
1 24
1 127
1 66
1 57
2 113 116
2 16 112
1 55
1 71
1 20
1 143
2 42 92
1 120
3 128 134 139
1 113
1 120
1 128
1 115
1 51
1 22
1 151
1 115
2 140 154
1 59
1 152
1 26
1 90
1 99
1 45
1 89
2 19 20
1 39
1 91
1 161
1 69
1 47
1 105
1 103
1 163
1 154
1 157
2 60 161
1 74
2 24 148
2 31 36
1 78
1 161
3 28 43 133
1 128
2 48 147
3 20 77 81
1 16
1 106
1 116
1 162
4 41 99 163 174
2 44 168
2 9 186
1 76
1 159
1 68
1 125
1 117
1 159
1 41
1 54
2 172 182
1 141
2 48 77
1 49
1 141
1 104
2 111 144
1 21
2 28 78
2 3 36
1 107
2 62 94
1 82
1 24
1 177
1 179
1 147
3 9 180 184
1 77
1 193
1 35
1 203
3 10 173 185
2 58 81
1 209
1 73
1 13
1 165
1 101
1 10
1 130
1 106
1 176
1 168
1 7
1 40
1 95
2 113 120
1 1
1 141
1 197
2 52 178
1 47
1 100
1 3
2 23 106
1 1
3 47 49 63
1 247
2 5 124
1 148
2 52 228
2 12 80
2 127 135
2 48 171
1 62
2 1 40
1 148
1 117
2 244 255
1 67
1 107
2 111 127
1 242
1 65
1 29
1 213
1 94
1 224
2 20 42
2 127 137
1 224
1 187
1 115
1 162
2 150 182
2 244 247
2 40 135
2 51 190
1 190
1 139
1 163
3 86 95 120
2 138 246
1 182
2 28 123
1 94
1 71
1 247
2 59 189
2 142 281
2 43 254
2 202 231
1 63
1 197
1 222
1 160
1 268
1 215
1 251
1 51
1 283
1 137
1 54
2 139 278
1 239
2 61 252
2 8 237
2 10 213
1 109
1 137
1 74
1 12
1 71
2 178 205
1 268
1 237
1 184
2 124 279
1 123
2 246 312
1 224
2 48 271
1 85
3 70 124 256
1 9
2 62 169
1 246
1 157
1 258
1 327
1 238
1 9
1 102
4 49 260 268 294
1 107
2 115 120
1 204
1 156
2 81 221
1 164
1 210
1 214
1 313
2 33 195
1 246
1 95
1 75
2 176 235
1 151
2 109 317
1 299
3 11 82 271
1 236
1 150
1 137
1 243
2 31 164
2 207 241
1 8
2 269 293
1 259
2 144 266
2 246 345
1 144
2 91 129
1 16
3 85 92 202
1 264
2 157 356
1 26
1 98
2 11 25
1 109
2 194 208
1 175
1 288
1 330
1 99
1 221
2 333 342
3 175 181 325
2 138 347
1 341
2 99 105
1 4
1 157
3 283 300 310
1 66
2 129 352
1 74
1 361
1 56
1 103
2 232 265
2 193 198
1 184
2 2 164
1 384
1 189
2 200 276
1 200
2 99 368
1 348
4 220 240 352 377
1 388
2 127 336
4 22 65 155 320
1 199
3 83 108 187
2 32 308
2 22 266
3 227 259 311
1 125
1 230
1 168
1 275
1 240
1 2
1 48
1 107
2 16 390
2 47 246
1 46
1 41
1 69
1 54
1 205
1 421
1 326
1 402
1 230
1 208
1 20
1 19
1 220
2 112 299
2 134 225
3 31 48 216
2 135 374
3 10 192 201
1 181
2 226 229
1 312
3 221 278 300
1 280
2 76 289
1 422
1 293
2 300 390
2 249 431
1 38
1 421
3 49 329 386
1 153
1 338
1 369
4 131 224 246 269
1 399
1 309
1 431
1 404
1 85
1 258
3 263 289 326
2 34 306
2 71 106
2 49 293
1 382
1 245
1 131
2 167 404
2 43 306
3 150 228 351
1 467
2 130 310
1 366
1 45
1 93
2 37 83
3 40 295 380
2 303 414
2 176 233
1 16
2 227 293
2 386 409
3 42 377 484
1 239
2 70 236
1 409
2 178 449
2 385 480
1 375
2 117 208
1 348
2 120 153
1 155
2 130 243
2 94 276
2 240 485
1 326
1 398
1 19
4 272 310 319 335
2 60 450
1 207
1 59
1 150
1 471
2 380 394
2 58 336
2 13 279
2 212 332
2 71 319
1 353
1 508
1 291
3 158 318 512
1 218
4 14 216 388 462
4 274 298 351 367
1 106
2 135 356
1 307
1 511
1 65
2 160 400
2 131 143
1 392
3 115 137 244
2 11 195
1 249
2 383 489
2 140 329
2 213 337
2 27 516
3 383 434 453
3 100 169 481
3 211 502 525
1 104
2 95 335
1 521
4 82 336 451 504
2 24 409
2 299 463
3 75 238 480
1 421
2 362 530
1 387
2 1 413
1 341
2 124 344
1 152
2 47 432
1 336
1 80
1 470
1 473
1 167
1 294
3 117 151 247
1 234
3 39 144 501
2 127 131
1 150
3 235 419 515
2 42 257
1 26
1 400
1 504
3 337 391 529
2 39 454
2 441 532
2 121 270
3 218 239 566
1 135
1 424
3 8 364 552
1 314
1 434
1 251
2 250 406
2 36 312
2 369 531
2 566 583
3 205 331 345
1 139
2 192 326
4 275 319 335 402
1 21
2 228 526
3 16 169 425
2 193 296
1 262
2 54 98
3 14 345 471
2 7 282
3 84 209 429
1 212
2 19 229
1 74
1 9
4 17 235 430 592
1 372
2 132 430
1 138
2 166 367
4 80 274 565 582
2 92 185
2 171 498
1 373
3 455 580 591
2 303 424
2 227 334
1 604
1 311
3 98 194 245
2 142 363
1 386
1 348
3 72 217 240
1 157
1 84
2 42 105
1 68
3 115 156 561
2 294 613
3 201 465 528
2 119 581
1 83
1 599
1 1
2 269 309
1 186
2 203 622
2 119 166
1 446
3 220 405 457
3 171 186 349
2 446 618
2 365 638
1 554
1 146
2 141 511
1 68
2 202 249
1 625
2 49 261
4 41 137 303 469
1 477
3 212 393 546
2 436 519
1 516
1 426
1 384
2 43 139
2 479 653
1 211
2 64 615
2 566 596
2 348 512
2 518 626
3 474 492 542
2 25 155
2 110 347
3 49 188 504
2 455 593
1 665
1 209
1 334
1 286
2 464 537
1 272
1 407
1 21
2 294 655
1 536
4 201 271 341 386
3 45 262 494
1 242
2 456 481
3 323 562 596
3 174 365 432
1 259
2 2 328
1 667
1 187
2 412 553
1 601
2 151 310
2 355 686
2 49 216
1 83
2 26 351
2 37 315
2 1 27
4 238 264 543 590
2 331 334
3 78 146 251
2 339 357
1 624
3 319 412 482
1 510
1 398
3 239 429 695
1 155
3 191 243 585
2 48 112
1 90
2 198 471
2 6 108
2 181 708
2 589 659
1 467
2 466 606
2 357 516
2 196 428
3 20 195 451
4 325 441 553 656
3 34 267 646
2 282 637
3 361 398 595
1 307
2 93 360
3 120 281 597
2 327 680
3 490 584 628
3 136 318 716
1 60
1 514
1 619
1 582
2 227 530
1 297
1 262
2 87 325
2 148 362
1 683
1 349
4 35 188 641 717
1 712
1 315
1 512
2 172 235
2 157 376
2 600 704
1 508
2 479 641
3 40 550 660
1 274
2 156 181
1 507
2 175 293
3 336 577 651
2 355 394
2 254 568
2 247 308
1 475
3 185 406 560
1 237
1 639
1 45
3 57 157 289
2 170 674
1 486
2 163 174
2 455 548
3 95 720 747
3 156 668 736
1 78
2 330 519
1 764
2 194 484
1 316
1 64
1 138
1 173
4 464 481 547 737
3 155 231 302
1 238
1 376
2 296 487
2 422 480
2 325 378
1 733
2 188 613
2 504 571
1 351
4 93 499 546 786
3 104 500 781
3 58 574 611
3 399 603 778
1 291
2 344 725
3 14 72 366
3 219 683 693
1 692
1 711
1 231
1 553
1 85
3 46 265 375
1 590
1 335
2 272 341
1 487
3 350 480 641
1 736
3 30 401 540
1 169
1 222
2 139 466
2 98 413
3 90 201 513
2 30 697
1 358
2 209 232
1 498
1 472
2 456 801
2 388 422
2 103 256
1 817
2 124 375
1 566
1 326
6 86 258 514 686 755 760
1 636
2 193 721
2 19 365
2 160 459
1 135
1 697
2 219 486
2 315 508
1 187
1 232
1 136
2 69 424
2 357 448
1 811
3 186 482 520
3 458 720 755
2 90 659
3 29 70 239
2 45 698
3 113 262 320
1 491
1 97
4 121 144 405 686
3 378 755 810
2 209 559
2 297 403
1 139
1 749
2 70 440
1 460
1 255
4 122 368 619 736
1 23
3 24 485 689
4 28 81 441 736
4 45 300 472 505
4 1 51 757 787
1 423
2 223 462
2 165 202
2 1 461
1 112
1 128
1 816
6 81 223 266 419 432 855
2 9 377
1 377
4 116 554 616 707
1 482
2 181 561
2 425 798
2 326 627
2 727 797
1 870
1 415
1 613
1 333
2 96 583
4 120 519 532 558
4 46 378 412 751
5 5 240 615 749 854
2 731 883
2 42 862
2 557 849
1 236
1 722
4 19 384 771 875
4 119 205 629 766
1 282
1 183
3 164 685 827
4 157 323 330 699
4 279 395 441 564
1 148
2 255 470
3 450 600 678
2 226 790
3 308 398 774
4 107 112 431 882
2 404 452
1 22
2 236 455
2 822 890
2 256 464
4 471 585 652 722
2 407 720
1 795
1 219
3 66 264 812
1 109
3 93 783 862
1 726
2 252 832
3 162 587 859
1 63
1 21
3 207 477 810
2 157 799
3 46 411 580
2 609 755
4 234 280 412 518
1 429
2 239 575
3 52 406 812
1 914
2 417 580
1 205
1 536
3 255 662 825
1 450
1 320
5 59 382 449 673 838
2 368 596
2 517 622
3 161 311 731
2 616 677
1 362
2 234 636
2 339 931
2 475 617
1 523
2 885 903
3 334 376 914
2 118 820
2 211 301
3 109 579 884
1 927
3 337 471 778
3 405 817 867
1 405
1 256
4 357 442 755 816
2 559 661
3 176 373 921
1 444
1 912
3 464 504 695
1 938
2 150 680
3 58 291 473
3 223 356 385
2 715 781
2 364 813
3 193 368 756
2 421 428
3 120 531 881
4 61 171 499 627
4 86 231 948 970
2 64 897
3 28 790 940
1 115
2 188 666
3 241 463 771
3 495 589 636
2 133 971
5 86 98 190 854 882
1 320
2 427 842
2 269 939
2 560 598
1 70
2 143 845
3 230 757 893
4 277 367 497 699
3 572 800 957
2 858 872
3 162 508 568
1 647
3 517 668 891
3 121 803 991
1 376
2 452 474
2 57 929
1 832
