```json
{
  "samples": [
    {
      "input": "{\"train\":[[0.0,0],[0.0,0],[0.0,0],[0.0,0],[0.0,0],[0.0,0],[0.0,0],[0.0,0],[2.0,1],[2.0,1],[2.0,1],[2.0,1],[2.0,1],[2.0,1],[2.0,1],[2.0,1]],\"val\":[[0.0,0],[0.0,0],[0.0,0],[0.0,0],[0.0,0],[0.0,0],[0.0,0],[0.0,0],[2.0,1],[2.0,1],[2.0,1],[2.0,1],[2.0,1],[2.0,1],[2.0,1],[2.0,1]],\"test\":[[0.0],[0.0],[0.0],[0.0],[0.0],[0.0],[0.0],[0.0],[2.0],[2.0],[2.0],[2.0],[2.0],[2.0],[2.0],[2.0]]}",
      "output": "[0, 0, 0, 0, 0, 0, 0, 0, 1, 1, 1, 1, 1, 1, 1, 1]",
      "explanation": "本样例展示了最简单的一维特征二分类情形。训练集与验证集均包含 `16` 个样本，前 `8` 个特征值为 `0.0` 且标签为 `0`，后 `8` 个特征值为 `2.0` 且标签为 `1`。标准化后两类特征被明显分开，逻辑回归模型可以轻松学习到权重 $w > 0$ 及合适的偏置 $b$，从而在测试集上对前 `8` 个 `0.0` 输出 `0`，后 `8` 个 `2.0` 输出 `1`，全部预测正确。"
    },
    {
      "input": "{\"train\":[[0.0,1],[0.0,1],[0.0,1],[0.0,1],[0.0,1],[0.0,1],[0.0,1],[0.0,1],[0.0,1],[0.0,1],[0.0,1],[0.0,1],[0.0,1],[0.0,1],[0.0,1],[0.0,1]],\"val\":[[0.0,1],[0.0,1],[0.0,1],[0.0,1],[0.0,1],[0.0,1],[0.0,1],[0.0,1],[0.0,1],[0.0,1],[0.0,1],[0.0,1],[0.0,1],[0.0,1],[0.0,1],[0.0,1]],\"test\":[[0.0],[0.0],[0.0],[0.0],[0.0],[0.0],[0.0],[0.0],[0.0],[0.0],[0.0],[0.0],[0.0],[0.0],[0.0],[0.0]]}",
      "output": "[1, 1, 1, 1, 1, 1, 1, 1, 1, 1, 1, 1, 1, 1, 1, 1]",
      "explanation": "该样例测试了边界情况：所有样本的唯一特征取值恒为 `0.0`，标签恒为 `1`。由于训练集特征的标准差 $\\sigma = 0$，按题目要求将 $\\sigma$ 置为 `1`，标准化后特征全部变为 `0`。此时权重 $w$ 的梯度始终为 `0`，只有偏置 $b$ 参与更新。优化器会逐渐增大 $b$，使预测概率 $\\hat{y} = \\frac{1}{1+e^{-b}}$ 趋近于 `1`。最终模型对测试集全部 `16` 个特征为 `0.0` 的样本均输出 `1`。"
    },
    {
      "input": "{\"train\":[[0.0,0.0,0],[0.0,1.0,0],[1.0,0.0,0],[1.0,1.0,1],[0.0,0.0,0],[0.0,1.0,0],[1.0,0.0,0],[1.0,1.0,1],[0.0,0.0,0],[0.0,1.0,0],[1.0,0.0,0],[1.0,1.0,1],[0.0,0.0,0],[0.0,1.0,0],[1.0,0.0,0],[1.0,1.0,1]],\"val\":[[0.0,0.0,0],[0.0,1.0,0],[1.0,0.0,0],[1.0,1.0,1],[0.0,0.0,0],[0.0,1.0,0],[1.0,0.0,0],[1.0,1.0,1],[0.0,0.0,0],[0.0,1.0,0],[1.0,0.0,0],[1.0,1.0,1],[0.0,0.0,0],[0.0,1.0,0],[1.0,0.0,0],[1.0,1.0,1]],\"test\":[[0.0,0.0],[0.0,1.0],[1.0,0.0],[1.0,1.0],[0.0,0.0],[0.0,1.0],[1.0,0.0],[1.0,1.0],[0.0,0.0],[0.0,1.0],[1.0,0.0],[1.0,1.0],[0.0,0.0],[0.0,1.0],[1.0,0.0],[1.0,1.0]]}",
      "output": "[0, 0, 0, 1, 0, 0, 0, 1, 0, 0, 0, 1, 0, 0, 0, 1]",
      "explanation": "本样例使用二维特征演示线性可分的数据。训练集和验证集均由 `4` 种特征组合各重复 `4` 次构成，共 `16` 个样本：\n- $(0.0,0.0)$、$(0.0,1.0)$、$(1.0,0.0)$ 对应的标签为 `0`；\n- $(1.0,1.0)$ 对应的标签为 `1`。\n测试集也是同样的 `4` 种组合重复 `4` 次。特征经过标准化后，线性分类器会学习到合适的决策边界（例如 $x_1 + x_2 > 0.5$ 判为 `1`）。由于数据完全可分且训练集/验证集分布一致，模型在测试集上准确复现了真实的标签序列：每 `4` 个样本输出 `[0, 0, 0, 1]`，共计 `16` 个预测值。"
    }
  ]
}
```