2000 1098
8195 2
8196 8194 272
8203 4 177
13 8197 1495
15 6 1078
8222 8198 1083
33 9 1863
37 10 1646
38 8203 412
8229 8202 499
8230 15 1281
8233 16 676
8236 8209 1164
8238 18 1565
8240 8213 1158
48 22 1785
52 27 1502
8245 29 1333
54 30 1173
57 39 620
59 8234 67
8252 42 503
60 8238 369
63 47 562
70 51 1620
8262 8245 1142
72 53 1008
74 8247 751
75 57 1407
8270 8254 128
8271 63 674
86 8259 1106
8281 71 326
89 73 1554
8283 8266 486
8287 8265 1547
99 81 195
100 82 765
102 85 1199
107 8279 1254
109 8280 15
111 99 1394
8307 8292 208
116 103 822
8309 8296 130
123 110 1039
124 8304 1949
128 115 1052
8323 8308 835
133 8321 1525
134 130 1889
140 132 613
8334 8328 1926
8337 8332 671
8341 8333 343
149 142 885
150 143 1115
8345 8336 105
8346 8337 1822
156 8338 1823
8349 147 1834
8350 148 1573
8351 8345 1683
158 8348 464
8353 160 1373
8354 8357 882
163 8361 760
164 171 526
8358 172 1710
170 8366 762
8363 174 1144
172 179 313
173 8373 1707
176 184 1962
8370 185 1787
179 187 70
180 188 94
181 189 706
8381 8384 473
8383 192 1715
194 193 502
195 201 1671
8388 8393 1757
196 203 1527
197 207 1450
198 209 82
8391 214 1480
8395 215 724
8398 8409 1877
8403 8414 1748
212 8416 1187
8405 232 1559
211 233 81
8404 236 999
216 8428 1747
8409 8435 868
8410 248 1105
8414 8442 322
8415 251 340
8418 8449 846
8420 8451 1020
229 264 9
232 265 45
8425 8458 1308
233 268 1828
235 269 1906
8429 8460 721
8431 271 1412
8433 272 1051
245 8467 1938
8438 8470 1344
247 283 1910
8441 284 1472
250 8475 1292
252 8480 1074
8444 8481 55
258 8488 1179
8452 297 922
268 300 698
8469 8493 1102
280 8495 1895
8487 8500 543
296 8502 759
297 8503 1532
309 8505 1746
8502 314 425
8503 8507 253
312 8511 319
8509 323 1312
8511 8516 1168
8514 325 1545
323 332 397
8515 333 1765
325 8529 71
8518 339 1295
8522 347 1838
8523 351 1379
335 8544 8
8533 353 289
8535 354 1288
346 356 809
8539 8555 367
348 366 1971
354 367 1111
355 8558 928
359 8559 1253
8552 8565 865
8555 375 1159
369 382 1316
8565 8574 1675
8566 384 1327
375 386 123
374 8584 1215
376 394 1960
378 8590 436
8571 400 443
8574 8601 1992
384 8602 1259
8577 412 840
8578 8607 1653
386 415 136
388 417 722
389 8611 938
390 8615 114
8581 8616 482
8584 427 575
395 8620 1708
396 8621 1940
8593 8623 1918
8597 431 723
406 434 1297
408 8628 1027
410 437 1564
8603 443 1055
8607 8636 584
8609 8637 926
418 8638 871
8611 8643 97
421 457 891
8614 8657 600
8620 472 1193
436 8665 406
444 473 1611
8636 480 1109
8641 8673 1326
8643 483 1461
8648 8678 796
457 493 1994
8652 8686 365
8653 497 1038
8656 8692 1416
465 504 1505
8657 508 1711
8664 516 1376
8667 520 1188
480 521 884
8672 8717 1270
481 8722 211
8677 531 1433
8678 533 297
8685 535 1359
8694 8728 1751
8695 8731 1763
504 542 819
505 545 520
507 546 1533
8701 549 907
8702 550 154
8705 8743 1868
8709 552 1
518 8745 995
519 556 548
8711 558 558
8713 559 1580
8714 8752 1320
523 8754 1047
8716 563 167
525 564 60
524 8760 1152
527 8763 1883
8720 574 626
528 8767 57
8723 8768 739
8725 578 1057
8728 582 1506
537 8779 700
8732 591 855
8734 592 1956
543 8786 1100
8737 8790 1380
545 8793 19
550 8794 203
8749 8800 510
560 8801 98
8752 8803 1004
565 8804 1411
8761 615 226
573 8807 1309
8770 8809 1239
8771 8810 1028
8772 8811 235
8773 625 599
583 628 1088
584 630 570
8779 8823 924
587 632 1238
8782 633 1030
8783 8826 948
597 8827 315
598 636 1909
8791 8828 291
8793 635 1089
601 639 1804
8798 8832 1791
8799 8833 1162
617 643 975
623 8836 1232
8816 645 1930
8819 649 1756
628 8842 446
8822 8841 929
634 653 1640
637 8850 1370
639 8851 1605
8837 8855 1850
646 664 525
8845 663 395
8848 666 754
8850 8859 85
660 8864 1248
8853 673 1410
8856 674 10
670 676 489
8865 8869 298
8866 8872 1332
8871 681 1478
8873 8874 1147
681 8873 1044
8877 687 1430
691 692 62
8884 695 1488
695 698 1927
8887 8895 79
698 704 1660
8890 8897 233
699 8900 1471
703 711 1140
704 712 1659
8898 8904 96
706 713 1995
8910 8908 1824
718 8911 306
721 723 262
723 8919 1127
725 8920 247
8920 8921 1616
8921 733 567
730 739 580
8924 8932 1129
8925 8931 1750
8929 741 1536
740 8937 1601
742 748 1121
746 751 766
8938 8943 578
8943 762 730
754 765 150
8947 766 985
759 768 1113
8953 8968 1944
762 780 492
763 8974 1557
8956 8975 252
8954 783 1606
765 785 1881
764 8978 876
769 8982 1448
770 795 930
8963 798 547
8966 8995 401
776 8996 1485
782 805 1423
784 806 534
8977 8998 37
786 808 1967
8978 9000 1561
794 9004 1603
8991 813 1169
802 9006 1629
8995 9008 1943
804 818 99
8997 819 1628
806 9013 1221
8998 9014 1443
9001 9018 274
9007 9021 595
9010 9024 444
819 9029 1737
822 9035 1631
9014 9036 662
9018 845 504
9020 844 217
830 848 459
9023 9044 1090
833 9045 1335
9029 856 639
9030 9049 1146
9031 9050 905
9032 9051 331
9037 860 1440
9039 9053 1692
855 859 1419
856 866 134
857 9063 976
9051 871 1969
861 9066 350
862 9071 1372
9056 880 1896
866 882 29
868 9078 111
9063 9081 1148
9069 9088 1211
9070 9090 528
9072 916 126
9080 9108 872
9081 917 1479
9082 919 844
895 922 1061
898 9115 1299
899 926 934
9093 928 1806
902 930 110
9096 931 80
913 941 1644
9106 9134 66
916 943 1444
9109 9135 1892
917 951 1497
9111 9147 112
9117 958 733
9119 9157 435
930 9160 978
933 9163 1080
937 9164 1210
938 974 462
9143 9168 1613
952 979 221
9145 9177 225
963 993 1874
964 994 83
9157 9188 693
9161 1002 392
9166 9195 204
9172 9197 1798
9173 9204 186
9177 1014 753
9179 1015 72
987 9208 1513
9183 9214 571
992 1023 727
9185 9218 1771
9188 1026 330
997 1031 1572
9190 9229 1979
999 1038 1829
9193 9234 1120
9195 9236 1302
9196 1045 643
9200 1046 1678
1009 9241 1124
1010 1053 193
9204 1064 786
1015 1065 354
1016 1070 1223
9209 9267 1469
1029 1078 656
1030 9271 402
1035 1084 911
1047 9277 1786
9245 9282 437
9247 9283 789
1056 1092 1558
1058 1094 260
9252 9286 431
1062 1100 1563
9255 1102 160
9254 1104 806
1065 9299 196
1066 9300 811
9259 1116 1575
1068 9312 216
1069 1120 1337
1075 1125 35
9268 9318 1800
9269 1127 373
9272 1131 1587
1082 9324 121
1085 1133 1688
9278 9327 615
1087 1136 91
9280 9332 1586
1092 1140 1126
1097 1141 259
1098 1144 1642
9292 9341 1161
1106 9342 264
9300 1149 1114
1110 1151 568
1115 9344 1331
1118 1157 1240
1119 9352 577
1124 9355 1612
9316 1166 779
9318 9359 1999
1129 1170 329
9328 9363 1408
1140 9364 1534
1143 1171 657
1144 9366 1741
9337 1175 1529
9339 1177 714
9341 9380 1217
1154 9382 1844
1157 9389 756
9350 9390 485
1163 1199 1919
1165 9394 460
1168 1202 41
9363 1204 243
1172 1206 3
1178 1208 919
1179 9402 393
9371 1211 524
1181 9404 1103
9374 9406 422
9373 1215 22
9376 9408 579
9379 1217 1216
9383 9409 1438
1192 1220 910
1200 9414 237
9396 1222 1317
9397 1225 1393
1206 1230 1705
9399 9424 707
1212 1233 42
9406 1238 878
1218 1240 890
1219 1241 963
9413 9436 1013
1224 1245 362
9419 1247 1067
1231 9444 631
1233 9450 26
9426 1261 452
9427 1266 215
9429 1267 1280
1247 9460 1257
9440 9461 234
9442 1269 1353
1254 1273 1647
1258 1275 1262
9455 9469 1553
9457 1277 1936
9461 9472 54
9462 1282 255
9466 9474 892
1276 9476 1935
1280 1285 1766
1283 9486 640
9475 9492 783
1286 1301 1277
9479 9496 338
1288 9502 1201
1290 9506 484
1295 1315 1151
1296 1317 1742
9487 1320 596
1298 1330 104
1299 1331 1220
9492 9523 880
1301 1333 623
9494 9529 1974
1305 9530 1991
9500 9535 120
1310 9547 1298
9503 1358 1524
9504 1359 1014
9507 1364 158
9511 9558 619
9513 1366 1579
9517 1368 164
1325 1367 1414
9521 9563 546
9526 9564 1809
1335 1374 143
9531 9569 1597
9540 9573 284
9544 1385 1205
1356 9579 1189
9550 9581 87
9552 1398 75
1361 9595 1590
1367 1404 1627
9559 1407 877
1369 1413 1070
1372 1414 325
1373 1416 908
9567 1417 914
9572 1418 1135
1381 1421 1866
1385 9616 156
9579 9617 863
9580 1428 1041
9581 1430 151
9583 9623 1369
1391 1432 1633
1399 9624 1016
1400 9630 813
9605 1440 1781
9606 1442 949
9607 1443 1415
1416 9641 68
9608 1452 201
9610 9650 1514
9609 1460 837
1422 9653 780
1427 9652 1265
9622 1463 391
1433 1464 1831
1434 9657 163
9629 1466 508
9630 1470 1982
9632 9663 207
1441 9664 1459
9633 9665 1543
9638 1474 986
9639 1471 1236
9641 9674 1153
1450 1483 980
9648 9675 602
9650 9679 1864
9651 9680 719
1461 1489 1778
1462 1487 1422
9654 9685 1591
1471 1500 849
1472 9696 479
1473 1507 1541
1482 9701 1815
9676 9709 1059
9677 9711 1958
1485 1522 1432
9680 1526 622
9683 1527 249
1492 9724 1907
1493 1538 932
1495 9730 843
1501 1540 701
1502 9735 616
9695 9738 470
9693 1547 1125
9704 1548 1207
9706 9742 940
1517 9745 295
1519 9747 624
9713 9748 746
9714 1561 971
9715 9754 1010
9716 1568 943
1525 9762 187
1522 1575 36
9719 1577 889
1529 9772 679
1535 1583 1503
9728 9776 1054
9729 9778 870
1538 9779 1069
9732 9781 1339
1543 9785 1045
1545 1599 445
1551 1604 1680
9743 9799 728
9745 1613 769
1554 1619 1912
9749 9813 1345
9750 9814 649
9758 1623 212
1567 9818 1136
9759 9819 1519
9761 1628 1905
9772 1630 1157
9773 9824 830
9774 1633 132
1582 1635 1377
1586 9827 1865
1595 9829 1274
9789 9831 802
9790 1641 777
9791 9841 718
9797 1653 356
9804 9847 1808
9812 1664 1442
9816 1666 735
1630 1667 1614
1631 9859 447
9828 9862 267
9829 1671 850
1640 9863 1986
9833 9866 74
1641 9867 1984
9848 9868 220
9854 9871 1486
1670 1680 670
1683 9876 665
1686 1690 1198
9884 1694 135
1693 9888 564
1696 1699 1263
1699 1700 1300
9891 1706 415
1702 9899 324
1703 9898 537
1707 9902 1324
9902 9904 1138
9904 1717 790
1712 1719 646
1715 9913 565
9907 9916 1745
1717 1728 25
9913 1730 611
9914 9922 744
1729 1734 254
9921 9928 228
9922 1739 1833
1735 9933 1323
9934 1746 1886
1746 9939 1740
1749 1750 1219
9941 9943 800
1750 1753 1549
9944 9948 467
9946 9952 612
1755 1762 1531
1758 9956 697
9951 9958 311
1761 1766 421
1762 1768 161
1764 9961 916
9959 1782 147
1768 9979 490
9964 9980 11
1774 1789 1357
9967 9985 1166
1776 9986 342
1781 1795 1347
1782 9989 300
9975 9990 346
9976 1800 465
1785 9996 1978
9979 9997 1313
9980 1807 341
1794 1810 1928
1800 1818 205
1802 1822 5
9997 1827 13
1806 1829 832
9999 1836 989
1809 1841 59
1810 1844 968
1811 1851 109
1814 1859 145
1816 1868 1894
1817 1870 106
1830 1872 414
1853 1879 480
1856 1885 1593
1859 1892 1666
1868 1893 95
1869 1900 375
1875 1907 1676
1879 1908 1768
1885 1915 409
1900 1931 276
1905 1932 420
1906 1937 1626
1907 1938 834
1914 1939 64
1922 1942 1714
1925 1954 1091
1926 1968 1003
1928 1972 927
1929 1983 194
1933 1985 915
1938 1987 1170
1940 2017 1464
1942 2018 821
1947 2020 551
1952 2021 344
1966 2023 686
1972 2026 903
1974 2030 1413
1978 2039 1908
1982 2042 413
1984 2044 683
1987 2052 1964
1994 2054 1589
1997 2068 239
1998 2070 1682
2006 2073 1163
2012 2076 1814
2015 2087 1186
2025 2088 1933
2029 2089 1467
2051 2090 90
2057 2097 1679
2064 2102 1002
2071 2108 1034
2072 2109 681
2082 2114 312
2084 2115 200
2086 2121 607
2095 2133 24
2099 2134 555
2109 2138 1530
2115 2139 44
2120 2144 1731
2123 2145 937
2128 2157 1023
2129 2159 244
2135 2162 1336
2147 2163 1735
2148 2164 1988
2154 2172 1192
2159 2173 149
2163 2176 345
2172 2177 1243
2175 2182 1000
2179 2188 799
2187 2189 1706
2188 2195 1007
2202 2200 14
2206 2202 1098
2211 2203 648
2212 2208 1636
2215 2227 1454
2220 2228 1915
2222 2232 535
2227 2235 511
2229 2236 1200
2231 2239 245
2237 2240 388
2238 2246 1515
2244 2250 439
2245 2256 1476
2261 2257 977
2267 2258 895
2268 2261 1966
2275 2263 1922
2276 2270 634
2285 2279 1455
2286 2282 63
2289 2283 1056
2301 2302 1351
2306 2310 349
2310 2316 517
2311 2322 1656
2315 2323 116
2331 2324 301
2333 2326 711
2337 2334 1244
2339 2335 1084
2343 2336 859
2345 2339 888
2350 2341 1594
2353 2356 1807
2354 2358 997
2361 2369 1720
2363 2372 1773
2368 2385 1571
2370 2390 1183
2374 2393 1784
2383 2399 448
2384 2402 1721
2387 2406 1698
2392 2408 1276
2394 2420 1540
2398 2425 966
2399 2427 1764
2421 2442 974
2423 2445 860
2426 2448 1403
2438 2454 1493
2441 2457 1364
2443 2460 426
2452 2464 1022
2453 2470 1296
2457 2476 710
2458 2478 1252
2462 2481 1755
2466 2484 1851
2468 2486 1753
2470 2497 1108
2482 2503 1643
2489 2523 1025
2496 2531 1289
2502 2539 1141
2509 2540 1576
2513 2543 434
2519 2544 660
2529 2552 1801
2532 2553 1718
2533 2555 1190
2540 2563 858
2542 2570 46
2545 2578 690
2549 2579 468
2558 2601 1749
2562 2602 923
2569 2604 2
2572 2605 146
2578 2607 153
2594 2608 1789
2596 2613 818
2599 2636 1975
2604 2637 644
2607 2638 118
2611 2640 845
2614 2641 1879
2619 2643 1672
2621 2645 321
2622 2648 251
2624 2651 1325
2628 2653 993
2629 2661 768
2633 2665 1128
2634 2668 1468
2650 2671 1931
2653 2674 33
2654 2676 1980
2656 2678 1033
2660 2680 174
2661 2683 814
2663 2689 199
2671 2697 1570
2674 2698 984
2676 2701 1260
2677 2703 1197
2683 2705 1340
2684 2706 396
2687 2708 1131
2694 2711 52
2710 2712 1955
2733 2714 1341
2737 2729 1053
2741 2731 1624
2746 2733 165
2752 2735 1799
2757 2736 608
2764 2738 1011
2766 2752 605
2771 2758 1062
2773 2769 1390
2780 2779 1923
2783 2783 933
2788 2785 1209
2801 2787 637
2809 2790 1869
2814 2805 442
2816 2812 183
2821 2814 148
2822 2818 430
2826 2821 1780
2827 2829 741
2828 2833 1961
2836 2834 1037
2837 2843 1449
2839 2847 1818
2842 2848 532
2846 2850 1709
2853 2851 107
2859 2853 1617
2860 2855 1290
2865 2857 1839
2866 2861 1702
2869 2863 682
2870 2866 669
2872 2891 1870
8712 2893 1242
2877 2902 677
2879 2903 1899
2883 2913 1658
2884 2915 1821
2888 2916 1569
2889 2917 1797
2896 2918 625
2901 2920 1623
2906 2927 1099
2909 2929 1085
2914 2932 1859
2915 2937 1009
2918 2949 7
2935 2950 336
2936 2951 408
2938 2958 1267
2940 2959 1511
2945 2982 500
2951 2988 429
2956 2991 614
2957 2997 1191
2959 3001 51
2961 3007 466
2967 3015 717
2975 3017 1424
2980 3020 1695
2985 3026 1024
2988 3027 1101
2989 3030 1452
2990 3038 1094
2996 3039 791
2998 3044 515
3010 3047 1649
3015 3056 113
3019 3061 772
3028 3066 941
3035 3082 763
3051 3096 283
3065 3109 494
3074 3110 1574
3080 3118 630
3082 3122 713
3085 3124 256
3088 3131 303
3097 3132 1690
3100 3133 788
3116 3136 1827
3120 3137 1723
3121 3141 407
3124 3152 1184
3130 3154 792
3136 3155 1916
3137 3157 495
3138 3160 521
3141 3162 1508
3149 3168 638
3159 3175 1477
3162 3178 539
3176 3179 745
3181 3183 218
3182 3185 477
3190 3189 352
3191 3190 1788
3194 3192 457
3195 3195 1214
3198 3206 182
3202 3210 874
3203 3221 588
3204 3232 103
3207 3237 1304
3210 3239 1970
3215 3241 172
3217 3242 828
3225 3243 1972
3229 3267 31
3233 3275 433
3237 3276 1609
3238 3277 1362
3243 3285 308
3249 3291 1143
3252 3294 1285
3254 3295 1481
3263 3303 1900
3264 3305 1358
3273 3314 1890
3280 3317 585
3286 3318 1436
3302 3320 273
3303 3326 987
3304 3327 755
3307 3330 202
3311 3333 1941
3316 3337 16
3317 3342 1212
3321 3346 827
3329 3347 1817
3339 3357 936
3343 3362 1284
3344 3370 655
3359 3373 1400
3398 3375 805
3400 3391 1509
3402 3395 617
3403 3399 1275
3407 3411 1826
3412 3417 1096
3417 3419 1437
3431 3429 1250
3442 3437 917
3446 3443 831
3453 3444 668
3455 3459 782
3467 3460 1385
3472 3461 1645
3473 3463 1398
3474 3468 170
3479 3471 522
3489 3473 598
3499 3483 1119
3500 3489 1650
3501 3505 897
3508 3507 854
3516 3508 853
3523 3510 371
3529 3516 501
3532 3527 1802
3537 3531 1441
3543 3533 294
3546 3540 549
3549 3565 1585
3556 3573 418
3558 3577 1399
3569 3578 1029
3582 3582 455
3584 3587 1251
3587 3589 804
3597 3593 1630
3598 3603 836
3604 3612 569
3607 3622 955
3609 3631 115
3610 3637 475
3625 3638 1544
3626 3641 1902
3630 3642 592
3632 3644 1389
3633 3645 1793
3641 3647 716
3643 3648 1058
3647 3649 1387
3669 3650 1137
3675 3656 129
3677 3660 582
3684 3669 1382
3693 3685 1673
3698 3690 1181
3701 3694 379
3706 3695 1453
3707 3706 1305
3708 3709 663
3718 3711 1150
3719 3712 509
3724 3715 1739
3730 3723 1567
3731 3724 1123
3734 3737 1517
3745 3740 589
3760 3742 1208
3763 3743 1001
3764 3753 738
3765 3757 197
3766 3763 463
3768 3765 1772
3771 3773 1255
3776 3775 1921
3782 3779 574
3791 3781 1291
3794 3783 84
3799 3786 185
3801 3796 650
3802 3798 1473
3810 3809 411
3817 3810 178
3818 3823 1655
3820 3825 1060
3826 3829 540
3840 3832 1165
3845 3836 957
3848 3840 757
3851 3843 1744
3864 3855 1366
3868 3862 1582
3869 3863 842
3870 3866 518
3874 3873 236
3875 3874 1160
3881 3880 138
3884 3889 378
3890 3893 1307
3904 3897 1794
3905 3900 1040
3915 3903 124
3961 3904 1694
3964 3909 852
3970 3913 1592
3974 3914 1952
3980 3917 904
3982 3918 1318
3984 3919 424
3993 3925 1657
3994 3935 685
3997 3940 1426
3998 3941 296
4003 3942 864
4004 3955 785
4011 3960 1118
4022 3962 309
4024 3963 1825
4025 3966 1247
4026 3970 1858
4027 3972 1929
4031 3973 1712
4037 3975 1689
4041 3990 1963
4044 3991 1939
4050 3992 140
4057 3993 678
4072 3994 732
4075 4000 1872
4079 4014 1095
4083 4016 366
4093 4022 240
4094 4029 275
4104 4031 688
4105 4033 1998
4116 4037 1249
4120 4038 896
4123 4044 672
4128 4059 1520
4129 4060 661
4130 4064 1854
4131 4075 122
4134 4080 1005
4140 4094 1512
4141 4100 389
4144 4102 1847
4151 4104 1172
4152 4110 921
4155 4111 49
4157 4118 604
4158 4119 1068
4169 4122 1700
4172 4129 720
4175 4136 394
4179 4138 939
4184 4144 353
4186 4147 1738
4195 4150 299
4201 4154 879
4203 4162 450
4207 4167 1268
4209 4170 423
4211 4173 743
4212 4177 867
4213 4183 157
4215 4188 773
4216 4189 1046
4220 4191 1987
4227 4201 1065
4228 4205 1374
4231 4208 292
4236 4209 1837
4239 4211 998
4240 4212 750
4254 4220 1451
4266 4221 1498
4286 4222 141
4290 4240 1615
4293 4242 1846
4294 4244 1888
4299 4250 416
4302 4260 894
4308 4261 34
4312 4278 248
4323 4280 1830
4324 4289 1283
4341 4296 1651
4342 4302 902
4345 4303 376
4351 4314 1171
4355 4320 829
4359 4322 327
4363 4323 1622
4381 4324 1043
4384 4331 1790
4385 4342 1104
4391 4346 873
4399 4347 1241
4401 4353 1206
4403 4358 332
4406 4359 795
4413 4365 1110
4421 4370 1989
4425 4372 381
4426 4376 1175
4427 4388 964
4428 4391 305
4439 4404 119
4441 4408 945
4446 4409 1770
4451 4410 1835
4456 4411 1634
4457 4415 1729
4463 4416 279
4464 4419 155
4465 4421 1457
4466 4422 967
4470 4434 12
4471 4435 912
4474 4436 1743
4480 4447 1779
4495 4449 1482
4496 4453 1602
4505 4468 1384
4508 4471 1665
4512 4480 404
4518 4491 1774
4527 4494 1087
4531 4495 566
4535 4506 507
4536 4512 1107
4539 4524 778
4548 4527 497
4551 4528 748
4557 4534 382
4559 4535 39
4567 4539 1860
4568 4543 680
4573 4546 417
4574 4551 441
4578 4553 1484
4587 4554 380
4590 4558 1228
4592 4560 137
4604 4562 1842
4618 4568 1194
4624 4569 1064
4626 4572 658
4631 4578 1845
4635 4581 1348
4643 4604 1796
4648 4606 374
4656 4609 946
4662 4617 1782
4665 4619 1360
4667 4626 451
4669 4627 982
4681 4632 1490
4685 4646 1584
4693 4660 961
4697 4663 1246
4701 4668 28
4704 4670 1776
4710 4674 17
4713 4680 1697
4716 4689 1805
4718 4690 1945
4722 4697 372
4733 4704 1783
4749 4707 18
4758 4718 1568
4762 4720 736
4764 4721 956
4767 4722 1521
4769 4730 23
4776 4739 184
4790 4747 399
4796 4748 1431
4803 4756 348
4804 4757 541
4808 4759 563
4816 4763 1314
4817 4779 1871
4827 4780 1463
4828 4782 962
4830 4787 1887
4833 4789 1811
4835 4796 1732
4837 4797 410
4840 4798 323
4842 4803 1699
4843 4804 797
4846 4807 1231
4854 4809 715
4860 4810 1562
4863 4813 1227
4864 4814 633
4865 4815 20
4875 4816 1542
4876 4824 383
4883 4831 453
4887 4832 1596
4890 4835 1279
4892 4837 1537
4897 4844 1237
4899 4858 238
4901 4866 1852
4903 4874 1684
4907 4875 1272
4915 4880 513
4917 4882 1418
4919 4886 179
4923 4894 1401
4928 4895 166
4937 4897 108
4941 4901 635
4942 4903 30
4948 4909 280
4954 4910 1428
4958 4916 1507
4960 4925 27
4965 4928 1330
4969 4930 278
4972 4939 1948
4978 4946 1925
4986 4947 1177
4987 4961 1225
4994 4968 841
5004 4970 960
5010 4971 1202
5022 4978 1282
5032 4982 969
5039 4991 386
5042 4996 632
5054 5000 1112
5057 5001 1500
5059 5007 1222
5066 5010 1619
5068 5013 994
5084 5014 302
5091 5015 944
5092 5020 92
5094 5030 317
5102 5033 1383
5103 5039 227
5104 5042 1042
5107 5046 1425
5108 5048 747
5136 5050 1349
5138 5052 920
5149 5054 1287
5151 5059 1470
5154 5060 1581
5155 5062 847
5156 5065 1670
5157 5078 970
5158 5079 384
5159 5083 1230
5161 5087 820
5164 5088 117
5166 5094 1233
5167 5097 360
5170 5100 1278
5173 5102 1097
5175 5105 1687
5176 5107 684
5179 5109 815
5181 5111 1504
5184 5115 363
5193 5116 1968
5194 5117 1880
5198 5119 1286
5204 5125 230
5208 5128 618
5209 5129 1932
5219 5134 1226
5226 5139 1012
5227 5142 1648
5229 5143 1951
5237 5145 958
5254 5160 282
5261 5168 729
5263 5174 458
5266 5179 224
5267 5197 310
5269 5204 1491
5271 5205 527
5282 5209 69
5288 5211 351
5289 5218 285
5290 5230 1820
5306 5231 281
5310 5235 900
5318 5245 1116
5321 5246 1429
5322 5249 851
5325 5251 1218
5332 5253 1985
5345 5257 428
5349 5266 749
5350 5276 250
5357 5278 647
5361 5281 478
5370 5284 1607
5371 5287 839
5373 5298 1456
5383 5301 440
5386 5313 581
5389 5314 1445
5400 5317 498
5401 5320 1174
5402 5324 823
5405 5325 1853
5408 5336 1397
5410 5337 47
5411 5340 758
5412 5342 1213
5423 5348 476
5428 5349 1669
5429 5354 398
5434 5363 1155
5436 5364 471
5441 5365 189
5446 5367 925
5449 5370 505
5451 5371 1391
5457 5372 1775
5459 5374 699
5460 5379 857
5477 5389 1893
5479 5390 419
5480 5409 43
5485 5413 636
5490 5414 491
5494 5424 954
5507 5427 1006
5509 5436 347
5510 5442 774
5528 5445 1510
5532 5446 1946
5547 5448 1301
5552 5450 544
5555 5480 1816
5557 5481 1813
5564 5485 246
5573 5486 794
5583 5488 542
5586 5489 1049
5588 5491 1917
5601 5499 1560
5603 5503 523
5604 5521 1072
5605 5525 1792
5607 5531 1878
5622 5533 776
5624 5537 1924
5625 5544 1203
5630 5546 496
5632 5550 1343
5633 5553 1235
5638 5555 139
5639 5557 1914
5647 5560 101
5657 5568 56
5665 5573 48
5667 5578 1990
5668 5592 848
5675 5602 559
5677 5608 176
5686 5615 318
5696 5619 1371
5698 5623 1182
5701 5627 935
5703 5630 1076
5706 5633 861
5707 5635 725
5717 5638 726
5720 5640 1548
5722 5647 1417
5727 5648 1306
5743 5652 709
5744 5655 162
5746 5656 1583
5754 5662 1754
5759 5664 1728
5764 5665 293
5769 5668 1726
5773 5675 1409
5775 5679 1496
5783 5683 1836
5787 5689 666
5788 5697 1483
5790 5706 899
5792 5714 1552
5797 5715 1662
5803 5716 988
5807 5728 740
5808 5753 432
5809 5755 1546
5811 5761 286
5812 5763 1350
5816 5764 1759
5818 5770 1812
5826 5776 377
5829 5780 1178
5830 5782 691
5840 5783 996
5841 5784 816
5843 5788 427
5849 5793 1595
5851 5798 887
5858 5800 1598
5862 5802 909
5868 5806 1077
5869 5807 127
5877 5810 901
5884 5811 531
5890 5817 687
5895 5821 1884
5896 5826 603
5904 5827 335
5910 5831 206
5913 5840 1079
5919 5842 1439
5920 5847 1501
5928 5848 102
5931 5850 1196
5934 5851 1154
5936 5852 61
5940 5861 1036
5942 5870 1258
5944 5874 1256
5948 5891 213
5950 5892 1867
5952 5896 906
5955 5897 781
5967 5902 89
5968 5903 1342
5972 5904 705
5975 5910 1717
5977 5913 88
5980 5924 337
5986 5929 587
5990 5932 1071
6006 5938 1117
6012 5939 812
6014 5950 1891
6018 5952 339
6028 5954 488
6030 5957 361
6031 5971 1875
6035 5974 886
6038 5981 469
6041 5988 1421
6042 5990 1965
6045 5995 1882
6047 5998 1654
6048 6004 268
6051 6009 1551
6052 6023 269
6057 6024 76
6068 6037 642
6073 6038 1518
6074 6042 222
6077 6053 1703
6089 6059 1937
6095 6064 1862
6098 6065 609
6103 6071 370
6104 6076 214
6105 6080 1599
6114 6091 1625
6122 6094 591
6129 6098 1639
6130 6099 1758
6132 6104 1855
6142 6105 1474
6148 6116 368
6177 6118 1953
6184 6121 1293
6186 6122 1934
6189 6130 807
6197 6132 1668
6199 6133 191
6208 6135 594
6213 6170 875
6223 6172 1132
6230 6173 2000
6242 6177 817
6246 6181 4
6247 6185 1600
6248 6189 1638
6250 6194 947
6251 6195 1063
6255 6202 991
6268 6203 826
6272 6204 965
6287 6208 801
6292 6209 493
6305 6214 1122
6307 6215 1526
6317 6217 992
6339 6218 742
6340 6230 1734
6343 6236 1269
6349 6245 652
6357 6246 583
6365 6252 1435
6368 6258 560
6369 6260 696
6375 6266 597
6377 6269 1857
6379 6273 1367
6380 6274 1588
6386 6275 1031
6388 6277 159
6390 6295 990
6391 6296 1724
6397 6298 1447
6400 6305 257
6403 6306 793
6410 6312 979
6414 6313 787
6427 6314 1145
6429 6318 942
6430 6320 554
6435 6323 405
6437 6324 1321
6438 6325 931
6443 6332 358
6449 6335 1856
6472 6345 694
6482 6347 881
6484 6350 1664
6489 6353 385
6490 6354 1156
6506 6358 258
6507 6368 1017
6513 6371 1086
6522 6387 1904
6527 6390 1535
6532 6396 664
6534 6398 1685
6543 6405 357
6546 6406 1652
6550 6437 1911
6552 6440 449
6561 6449 1621
6566 6461 771
6567 6469 764
6568 6473 1310
6579 6474 951
6593 6478 590
6603 6482 266
6604 6483 545
6607 6486 1696
6613 6493 152
6620 6500 533
6624 6503 913
6627 6508 712
6631 6509 1328
6641 6514 1405
6642 6529 838
6643 6540 983
6644 6541 918
6649 6545 1167
6658 6548 180
6660 6550 1315
6666 6553 1204
6669 6554 1819
6673 6555 798
6676 6559 576
6682 6572 188
6692 6575 21
6699 6585 1983
6700 6601 1539
6701 6607 1538
6704 6614 142
6706 6617 529
6712 6639 1133
6715 6642 641
6724 6647 572
6741 6652 50
6748 6654 538
6750 6662 175
6762 6667 659
6765 6669 1139
6773 6672 1674
6780 6675 767
6782 6678 856
6794 6681 1810
6802 6686 952
6803 6691 606
6804 6694 675
6809 6697 242
6811 6702 171
6814 6711 1346
6817 6717 210
6819 6720 770
6825 6729 1458
6826 6731 38
6827 6733 1704
6831 6734 593
6833 6742 1363
6834 6745 1334
6839 6755 704
6845 6763 1722
6848 6764 1395
6852 6775 1795
6858 6788 277
6859 6793 752
6863 6798 610
6869 6800 1997
6871 6805 403
6876 6811 862
6877 6815 556
6880 6817 1492
6883 6820 58
6887 6822 695
6888 6824 77
6894 6830 530
6903 6834 553
6913 6836 734
6914 6840 304
6917 6842 1073
6924 6852 1093
6929 6857 100
6932 6864 1528
6933 6870 1466
6934 6871 290
6937 6875 307
6938 6879 438
6939 6889 1693
6942 6892 1976
6960 6894 1475
6965 6899 1981
6967 6904 1920
6969 6905 144
6977 6912 472
6986 6917 536
6997 6919 621
7001 6920 959
7003 6930 1610
7006 6936 93
7011 6940 456
7017 6945 557
7019 6950 229
7020 6957 1015
7026 6963 1434
7027 6965 703
7028 6968 898
7032 6970 1736
7033 6971 223
7054 6974 1977
7056 6977 53
7069 6980 1354
7079 6988 1446
7080 6992 1803
7081 7018 1134
7089 7025 1752
7092 7038 1993
7102 7046 1516
7103 7051 1180
7105 7054 629
7106 7058 893
7120 7059 514
7134 7067 1081
7137 7071 1727
7139 7078 261
7143 7088 241
7148 7094 190
7149 7113 454
7152 7116 1378
7154 7118 869
7160 7121 1637
7164 7123 1769
7166 7124 209
7170 7127 586
7171 7139 1465
7180 7146 1701
7186 7150 689
7193 7156 1404
7195 7157 1767
7198 7158 1234
7201 7169 1050
7202 7176 833
7204 7178 825
7207 7182 692
7210 7183 32
7219 7184 981
7224 7189 1035
7236 7203 1266
7237 7208 808
7248 7214 1777
7249 7215 334
7254 7221 481
7256 7249 1489
7259 7256 950
7264 7261 1048
7275 7262 1355
7281 7263 1577
7288 7267 550
7289 7268 1352
7293 7270 775
7303 7277 1843
7306 7279 1303
7307 7280 1840
7312 7282 1195
7317 7283 288
7321 7289 1176
7324 7297 1901
7330 7299 400
7331 7306 1522
7333 7309 316
7341 7317 1885
7345 7320 1959
7347 7328 1329
7356 7329 1942
7358 7338 1550
7362 7356 133
7374 7363 627
7384 7368 645
7386 7373 6
7388 7390 1264
7389 7391 1733
7391 7396 1294
7392 7399 125
7400 7404 1356
7403 7406 483
7406 7417 519
7420 7419 737
7426 7424 1725
7430 7427 40
7439 7429 628
7447 7432 359
7467 7434 1075
7469 7437 1381
7470 7449 1832
7479 7455 232
7483 7461 516
7487 7462 1229
7501 7463 231
7504 7467 708
7506 7473 1761
7507 7479 1420
7508 7487 1273
7510 7489 1368
7517 7493 1861
7518 7499 1841
7519 7503 198
7526 7504 552
7528 7506 173
7533 7522 601
7534 7524 364
7538 7526 131
7540 7530 883
7546 7533 1973
7550 7534 1849
7553 7535 1667
7566 7545 461
7569 7551 1848
7573 7555 1271
7580 7557 1719
7581 7559 506
7583 7564 761
7586 7574 270
7587 7577 824
7599 7587 271
7601 7592 731
7618 7601 1713
7619 7604 1018
7625 7611 387
7626 7632 1361
7630 7634 169
7631 7639 1604
7637 7652 1402
7638 7659 1375
7654 7665 1950
7655 7667 1130
7664 7668 1392
7678 7675 287
7687 7677 219
7691 7678 320
7693 7681 263
7694 7684 1523
7695 7687 1618
7702 7695 328
7703 7699 333
7705 7703 1245
7723 7710 1032
7730 7734 168
7731 7738 1873
7744 7756 1311
7747 7759 810
7755 7764 487
7756 7767 192
7763 7769 314
7765 7775 1578
7766 7777 561
7767 7779 1406
7768 7786 1947
7772 7787 1608
7774 7791 784
7776 7794 1185
7785 7801 1066
7789 7807 866
7793 7809 673
7799 7810 1338
7803 7814 1661
7806 7817 181
7812 7818 803
7814 7820 1681
7815 7841 1897
7824 7844 1396
7829 7846 265
7835 7852 65
7836 7855 1021
7851 7856 1487
7853 7858 1386
7857 7867 1082
7874 7870 1954
7876 7884 1566
7884 7885 1149
7886 7891 390
7891 7897 1913
7892 7899 474
7893 7907 653
7894 7911 1092
7910 7916 651
7911 7917 1494
7920 7918 702
7922 7929 972
7924 7933 1876
7933 7934 1427
7941 7950 78
7948 7957 1996
7953 7958 1224
7954 7959 73
7955 7976 953
7956 7981 1957
7967 7985 1730
7976 7987 1632
7984 7989 1760
7994 7995 1388
7996 8014 1663
8000 8028 1686
8004 8035 1019
8006 8037 1898
8012 8041 1460
8019 8045 1365
8021 8053 86
8025 8054 1462
8044 8058 1556
8049 8062 1026
8052 8064 1641
8061 8065 667
8077 8071 1903
8080 8072 1322
8089 8077 654
8097 8078 1762
8110 8079 1635
8116 8084 1555
8117 8087 1319
8126 8106 355
8127 8111 1261
8128 8115 1691
8130 8133 512
8137 8140 1677
8167 8150 973
8181 8162 1499
8188 8168 1716
8191 8177 573