50 5
4.6632 0.3780 2.2382
60.6275 1.9794 34.1358
42.3000 20.4095 20.3195
83.2850 41.6573 42.1936
83.5818 43.7642 40.3481
20.5286 40.3785 12.1810
42.2963 22.9650 21.9356
3.4774 4.4847 2.1632
0.6965 3.7369 0.8658
21.4328 40.8934 11.3512
60.4387 2.4613 32.8165
83.0652 44.7118 40.9046
84.3600 41.5159 44.3723
63.4563 2.1717 34.2743
81.1606 43.9983 40.2827
83.2526 40.3529 40.3477
81.1939 42.4896 41.6047
44.5168 23.7124 22.0669
20.6072 40.1460 14.9452
61.3556 1.9476 34.7224
83.3304 44.2287 42.6987
22.1706 43.7198 13.2827
23.3750 40.3863 14.2457
41.1350 20.1924 23.4771
80.2494 41.8083 43.8176
64.4779 2.7708 31.8933
23.2223 43.7085 13.2938
23.1123 40.8779 13.9757
1.1124 2.0143 2.2279
43.2199 20.3660 21.5071
1.4939 3.3369 2.9288
21.7440 41.3137 10.7202
41.4115 22.8166 21.4800
41.1163 20.6580 21.8212
1.0062 4.5493 4.4665
23.3249 43.7219 13.8510
41.4247 20.8479 20.1758
2.8978 0.9888 4.6403
43.8132 22.7740 21.5340
84.6649 42.0523 42.8997
81.9388 40.9186 44.6236
1.4109 1.1507 1.4860
23.2017 40.9873 11.6358
64.7257 4.2432 32.7419
82.2108 43.2374 41.7573
40.8814 22.9490 20.4472
40.8133 24.8292 22.7374
82.1287 44.4231 41.5847
2.2176 0.0470 1.5339
4.4084 2.8793 2.1274