100 10
183.2557 3.9691 94.7223
60.9678 4.6257 31.7647
102.4837 21.0662 52.5955
180.8639 4.1428 92.5253
3.8892 1.7327 1.5884
163.4982 22.7391 82.6925
104.5059 20.5877 53.6357
81.3140 40.1545 42.4999
120.9671 0.1820 60.5843
63.6748 2.4134 34.8841
1.3944 2.0410 1.9207
62.0583 2.9322 33.9980
100.5003 20.6715 50.8913
61.4557 2.9239 32.4222
120.6509 4.2457 61.3156
141.8615 42.7550 72.6744
120.3958 2.4271 63.3250
182.7600 1.7088 92.6922
24.7691 42.6548 10.7181
123.0778 0.2849 63.0936
180.8140 3.3722 93.9241
164.2376 23.0278 84.2054
140.6604 44.0584 73.9301
184.4819 1.1534 93.9038
100.1326 24.9625 51.9711
23.8083 43.0646 14.2275
121.9716 4.1572 61.3995
184.9008 2.3351 91.7440
104.8382 20.7730 52.6789
161.1868 20.2417 84.3335
102.1554 20.3722 51.6821
121.5949 3.2716 61.4978
24.2407 42.2087 12.7350
162.3873 24.6150 83.8940
3.2509 3.4073 1.8114
40.8231 24.7740 20.1850
61.3334 4.9182 32.8091
181.9051 0.4617 92.0550
121.4555 4.8160 64.2750
44.9362 20.1914 22.9120
21.8798 40.8179 13.7509
60.9550 1.7822 33.2479
20.7257 40.1001 10.3838
43.1588 24.9196 20.1504
143.1495 41.5542 73.7103
42.6479 21.3456 24.7175
40.5820 23.6696 20.4501
101.0936 24.5992 53.2645
62.0471 3.0952 31.9506
62.1903 2.9495 30.1355
124.9026 0.4359 61.8970
81.6673 40.3159 41.3401
144.2910 40.7932 72.5455
120.5258 4.1294 61.6708
3.7114 2.9417 3.9630
124.2200 1.4057 60.2371
1.9289 4.7944 2.6002
22.3174 44.7602 11.7312
143.6805 41.9009 74.9642
160.1566 20.3070 84.2963
183.2892 3.4186 90.3912
63.5773 1.3018 30.3178
163.8652 21.7514 82.3936
120.6305 0.7399 60.1439
142.1560 44.9740 72.0199
20.1254 43.8114 10.5984
83.3962 43.6886 44.5777
22.2378 40.3104 13.2423
4.9656 2.0467 0.2077
82.2649 41.9863 41.4219
122.8633 4.6061 60.9199
124.8254 1.8910 63.3848
162.5079 20.9618 84.9413
61.0391 1.1218 33.5208
41.0265 21.1639 21.0697
83.2487 41.5008 43.1835
181.5816 4.9810 92.4068
83.8789 43.3681 40.2299
182.9345 4.8249 91.0503
181.4754 0.8393 91.7805
83.6631 42.2865 44.3604
123.4530 1.0745 62.3235
44.2011 24.0059 24.8343
164.8925 20.5995 81.3533
20.9921 44.5655 10.0278
103.9081 23.9887 50.6755
2.0935 0.4412 4.1811
24.2677 40.0929 13.5539
161.5338 20.6140 80.4115
22.7989 42.9419 10.2604
0.8790 0.7733 1.2777
102.8070 24.1508 53.6572
180.5153 2.7548 93.9412
120.9874 2.1462 62.2230
84.9850 43.6127 40.6177
144.3778 42.7032 73.1770
20.5818 42.9678 11.4051
123.3993 1.4437 61.7392
162.6003 20.3842 80.2457
24.4298 43.0245 12.2742