34 50
10001001000000000010100000000000010000100001110110
00000010000101000101010011101000001010001000000100
01000010101001010101000000100001000110000100000010
10000010000100010100000010100001000001000100010000
00010100101000001110001001000000000111011100002010
01000101000001011100010000111010000000000001001001
000010010E1000010000000000000100000001000000000000
00000000010000000100100001111000000100001000001100
01000000010000001000000000000000001000011000010000
00100000000010100010000000100000100000110000000010
10000001000000101001000101000100100000000000000000
11000100000001000000000000010111200000001010000100
00000010010100110000100000100100010001000001101001
10001010100011000100000000000000100000000000000010
00000000000001010010000010100000011000000100000001
11111101000100010000010101000110001100001011010011
00011001000100100001000000011000000010010001001000
10000111000000001000101000000010100101001000000001
10000001001010000101010100000000001000000000000000
011001010100001000000000001010110000S0000101001101
10001000001010101001010010000001000011000001001110
01000100001110001101000010000000000001000000000000
00000000001100000000100000100010000000010001000010
11000100000000000000010100001001001000100010100001
10011100101000000001010100000010000100001000001000
01001000101000001010110101100101000011010000000010
00100001100000111000100000100001001000000001001100
01000101000011000001000000100000000010001010000000
00000010000110101110010010000000000010100010011001
00010000000001101101001001100100010000110000000100
01000000000001110110010010100001000000111000001000
10010000000000000100000000010000000001000000000011
01010000000000000000101000010001000000000100000100
00001101000000011101001100001011000100101000101100