10000 101 345
1 2
1 6
1 20
1 67
1 73
1 92
1 378
1 797
1 724
1 426
1 887
1 589
1 483
1 479
1 15
1 857
1 845
1 540
1 262
1 454
1 440
1 301
1 66
1 450
1 568
1 92
2 3
2 10
2 19
2 284
2 879
2 954
2 454
2 315
2 399
2 690
2 26
2 666
2 954
2 976
2 181
2 279
2 72
2 199
2 539
2 463
2 700
2 8
3 4
3 7
3 11
3 14
3 43
3 51
3 62
3 85
3 922
3 514
3 443
3 829
3 803
3 944
3 81
3 724
3 182
3 160
3 255
3 143
3 164
3 585
3 904
3 94
3 789
4 5
4 47
4 87
4 283
4 864
4 932
4 774
4 528
4 355
4 746
4 913
4 333
4 764
4 928
4 778
4 271
4 525
4 415
4 955
4 410
4 303
4 775
4 118
4 174
5 13
5 17
5 18
5 995
5 882
5 74
5 117
5 243
5 315
5 240
5 904
5 60
5 216
5 961
5 712
5 621
5 243
6 8
6 197
6 443
6 36
6 238
6 464
6 192
6 48
6 22
6 541
6 105
6 495
6 887
6 13
6 288
6 187
6 331
6 219
6 240
6 50
6 824
6 178
6 128
6 229
6 213
7 22
7 77
7 117
7 191
7 292
7 446
7 75
7 104
7 338
7 182
7 223
7 960
7 887
7 289
7 630
7 745
7 257
7 899
7 65
7 809
7 72
7 664
7 819
7 874
7 481
7 280
7 721
8 9
8 12
8 33
8 60
8 274
8 619
8 306
8 716
8 304
8 197
8 188
8 750
8 26
8 301
8 296
8 557
8 959
8 764
8 113
8 279
8 204
8 258
8 426
8 275
8 455
8 313
8 654
8 924
8 446
9 52
9 54
9 75
9 143
9 245
9 716
9 915
9 51
9 698
9 238
9 932
9 599
9 61
9 11
9 141
9 855
9 11
9 587
9 935
9 589
9 23
10 41
10 228
10 716
10 192
10 251
10 624
10 351
10 549
10 709
10 86
10 545
10 187
10 806
10 838
10 359
10 602
10 415
10 876
11 16
11 24
11 39
11 168
11 179
11 501
11 761
11 134
11 804
11 800
11 795
11 469
11 504
11 761
11 283
11 99
11 214
11 640
11 502
11 330
11 339
11 603
11 460
12 40
12 63
12 100
12 230
12 259
12 473
12 102
12 41
12 846
12 647
12 885
12 725
12 871
12 921
12 332
12 99
12 178
12 733
12 279
12 349
12 782
12 662
13 15
13 30
13 38
13 56
13 84
13 288
13 364
13 415
13 798
13 978
13 271
13 343
13 528
13 453
13 375
13 507
13 865
13 702
13 658
13 513
13 945
14 172
14 382
14 546
14 896
14 691
14 502
14 984
14 152
14 90
14 718
14 363
14 987
14 420
14 220
14 700
14 871
14 279
14 778
14 941
14 426
14 311
14 59
15 23
15 28
15 74
15 436
15 642
15 249
15 414
15 194
15 372
15 642
15 705
15 306
15 991
15 110
15 337
15 760
15 440
15 413
15 155
16 21
16 32
16 42
16 296
16 299
16 981
16 212
16 515
16 887
16 658
16 329
16 444
16 614
16 645
16 923
16 97
16 700
16 246
17 59
17 927
17 539
17 646
17 50
17 774
17 518
17 78
17 181
17 655
17 182
17 154
17 898
17 212
17 189
18 25
18 277
18 516
18 720
18 159
18 631
18 41
18 820
18 123
18 733
18 847
18 251
18 836
18 75
18 975
18 631
18 760
18 781
18 165
18 268
18 706
18 784
18 509
19 34
19 323
19 738
19 762
19 332
19 854
19 178
19 298
19 557
19 593
19 998
19 466
19 391
19 831
19 184
19 970
19 962
19 431
19 596
20 26
20 29
20 53
20 115
20 131
20 416
20 103
20 98
20 205
20 318
20 169
20 55
20 872
20 215
20 544
20 953
20 645
20 822
20 176
20 593
20 845
20 870
20 923
20 28
20 804
20 103
20 842
20 851
20 447
20 480
21 383
21 647
21 466
21 517
21 82
21 584
21 588
21 361
21 496
21 149
21 712
21 838
21 877
21 958
21 422
21 767
21 415
21 610
21 213
21 975
22 110
22 136
22 159
22 984
22 690
22 504
22 922
22 377
22 974
22 120
22 239
22 395
22 838
22 149
22 538
22 130
22 76
22 573
23 27
23 46
23 72
23 113
23 731
23 464
23 904
23 667
23 579
23 392
23 596
23 479
23 856
23 220
23 426
23 409
23 522
23 520
23 85
23 163
24 99
24 119
24 125
24 144
24 150
24 503
24 551
24 839
24 307
24 927
24 566
24 86
24 492
24 846
24 932
24 573
24 416
24 25
25 35
25 45
25 70
25 106
25 116
25 370
25 684
25 105
25 142
25 966
25 73
25 766
25 612
25 282
25 196
25 495
25 544
25 165
25 941
25 670
25 173
25 81
25 634
26 96
26 275
26 841
26 508
26 673
26 603
26 866
26 138
26 747
26 632
26 975
26 350
26 588
26 970
26 587
26 197
26 983
26 515
26 90
26 934
26 442
26 143
27 130
27 315
27 550
27 88
27 259
27 195
27 901
27 197
27 917
27 480
27 736
27 66
27 725
27 945
27 688
27 850
27 775
27 914
27 333
27 470
27 547
27 898
27 202
27 744
27 267
28 88
28 225
28 208
28 274
28 360
28 598
28 843
28 144
28 587
28 586
28 332
28 60
28 869
28 565
28 363
28 182
28 599
28 824
29 141
29 210
29 821
29 808
29 295
29 702
29 221
29 718
29 504
29 35
29 641
29 197
30 31
30 105
30 876
30 815
30 652
30 904
30 68
30 106
30 246
30 978
30 808
30 842
30 296
30 91
30 228
30 313
30 295
30 474
31 37
31 98
31 218
31 329
31 374
31 976
31 36
31 41
31 185
31 117
31 129
31 319
31 507
31 431
31 504
31 835
31 424
32 189
32 402
32 406
32 480
32 499
32 730
32 641
32 967
32 658
32 94
32 321
32 502
32 394
32 933
32 424
32 528
32 670
32 818
32 210
32 987
32 351
32 584
32 109
32 593
33 44
33 49
33 258
33 264
33 528
33 809
33 562
33 180
33 889
33 251
33 421
33 488
33 706
33 167
33 433
33 824
33 540
33 974
33 637
33 593
33 527
33 333
33 431
33 422
33 696
33 680
34 69
34 101
34 181
34 405
34 58
34 557
34 742
34 489
34 837
34 831
34 688
34 429
34 808
34 844
34 600
34 937
34 58
34 175
34 931
35 36
35 221
35 387
35 755
35 252
35 806
35 263
35 639
35 670
35 622
36 107
36 269
36 989
36 445
36 624
36 930
36 679
36 50
36 286
36 149
36 529
36 831
36 467
36 581
36 452
36 307
36 645
36 630
36 687
36 335
36 245
36 46
37 135
37 332
37 777
37 321
37 73
37 380
37 898
37 319
37 489
37 515
37 215
37 565
37 726
37 335
37 418
37 601
37 261
37 361
37 218
37 593
38 65
38 80
38 301
38 979
38 849
38 965
38 505
38 978
38 761
38 264
38 809
38 788
38 951
38 312
38 500
38 757
39 445
39 567
39 109
39 336
39 453
39 378
39 799
39 452
39 465
39 558
39 643
39 714
39 962
39 148
39 172
39 156
39 942
39 703
40 151
40 211
40 778
40 488
40 326
40 202
40 826
40 292
40 190
40 854
40 743
40 565
40 416
40 802
40 189
40 539
40 143
40 351
41 76
41 690
41 141
41 543
41 684
41 921
41 578
41 721
41 726
41 258
41 801
41 139
41 895
41 669
41 857
41 262
41 883
41 738
41 579
41 339
41 690
41 109
41 436
42 55
42 66
42 145
42 160
42 241
42 773
42 229
42 577
42 262
42 670
42 782
42 436
42 826
42 375
42 525
42 935
42 941
42 356
42 958
42 90
42 457
42 196
43 82
43 347
43 573
43 643
43 306
43 471
43 138
43 360
43 293
43 383
43 290
43 198
43 580
43 895
43 492
43 541
43 636
43 440
44 48
44 891
44 306
44 706
44 344
44 133
44 210
44 421
44 364
44 441
44 52
44 69
44 75
44 596
45 64
45 104
45 108
45 222
45 969
45 293
45 663
45 913
45 654
45 905
45 713
45 473
45 927
45 529
45 457
45 181
45 814
45 260
45 563
45 481
45 848
45 243
45 836
45 856
46 50
46 203
46 340
46 349
46 417
46 983
46 665
46 225
46 101
46 139
46 487
46 320
46 489
46 732
46 92
46 884
46 134
46 583
46 591
47 71
47 102
47 212
47 779
47 58
47 533
47 405
47 568
47 554
47 540
47 408
47 722
47 102
47 473
47 402
47 587
47 892
47 549
47 337
47 329
47 923
48 57
48 336
48 563
48 626
48 696
48 801
48 322
48 558
48 402
48 111
48 850
48 770
48 682
48 779
48 153
48 65
49 68
49 354
49 451
49 126
49 785
49 495
49 252
49 234
49 521
49 992
49 323
49 96
49 717
49 604
49 461
49 500
49 444
49 169
49 265
49 910
50 112
50 148
50 552
50 571
50 648
50 494
50 811
50 824
50 871
50 81
50 360
50 336
50 767
50 270
50 415
50 295
50 886
50 764
50 435
50 173
50 857
50 399
50 835
50 492
50 100
50 629
50 1000
51 133
51 244
51 394
51 515
51 338
51 196
51 243
51 415
51 377
51 144
51 283
51 463
51 949
51 683
51 470
51 346
51 962
51 608
51 903
52 165
52 171
52 464
52 402
52 642
52 609
52 856
52 621
52 814
52 306
52 351
52 889
52 876
52 443
52 198
52 881
52 136
52 159
53 61
53 341
53 529
53 113
53 919
53 217
53 754
53 397
53 757
53 958
53 468
53 745
53 204
53 481
53 615
53 385
53 415
53 297
53 257
53 432
53 358
53 808
53 711
53 543
53 88
54 442
54 764
54 458
54 337
54 586
54 531
54 246
54 102
54 579
54 291
54 110
54 353
54 463
54 812
54 121
54 749
54 893
54 275
54 171
55 97
55 118
55 235
55 510
55 418
55 87
55 68
55 803
55 182
55 510
55 258
55 953
55 832
55 511
55 658
55 184
55 154
56 58
56 90
56 103
56 611
56 475
56 671
56 936
56 65
56 222
56 948
56 772
56 514
56 510
56 851
56 509
56 831
56 344
56 750
56 128
56 167
56 307
56 787
56 774
56 83
56 304
57 86
57 681
57 192
57 909
57 100
57 827
57 227
57 487
57 176
57 603
57 273
57 167
57 124
57 84
57 268
57 646
57 143
58 180
58 852
58 478
58 639
58 199
58 215
58 695
58 599
58 882
58 969
58 575
58 117
58 118
58 690
58 681
58 280
58 202
58 114
58 190
58 161
59 444
59 603
59 793
59 484
59 550
59 255
59 853
59 166
59 411
59 149
59 236
59 137
59 141
59 810
59 432
59 779
59 858
60 91
60 138
60 305
60 486
60 661
60 206
60 774
60 971
60 683
60 560
60 149
60 797
60 907
60 290
60 174
60 707
60 471
60 147
60 392
61 81
61 120
61 263
61 706
61 735
61 889
61 430
61 714
61 506
61 549
61 866
61 650
61 533
61 347
61 724
61 534
61 526
61 643
62 174
62 216
62 617
62 540
62 532
62 667
62 656
62 877
62 969
62 637
62 817
62 826
62 855
62 214
62 857
62 815
62 711
62 753
62 201
62 977
63 111
63 128
63 154
63 279
63 605
63 919
63 889
63 636
63 809
63 540
63 190
63 628
63 416
63 511
63 811
63 642
63 656
63 113
64 194
64 462
64 952
64 849
64 655
64 406
64 259
64 278
64 263
64 722
64 361
64 227
64 503
64 111
64 617
64 441
65 83
65 636
65 875
65 759
65 162
65 310
65 601
65 391
65 268
65 137
65 436
65 130
65 600
65 341
65 935
65 698
65 934
65 685
65 257
65 837
65 639
66 439
66 540
66 323
66 426
66 69
66 230
66 312
66 682
66 227
66 745
66 843
66 802
66 730
66 257
66 364
66 250
66 606
66 817
66 970
66 702
66 205
66 436
66 338
66 85
66 124
67 591
67 676
67 330
67 958
67 899
67 218
67 237
67 306
67 434
67 742
67 330
67 339
67 83
67 388
67 137
67 821
67 896
67 143
68 89
68 124
68 267
68 1000
68 238
68 370
68 444
68 513
68 123
68 924
68 908
68 582
68 863
68 401
68 911
68 879
68 150
68 801
68 392
68 95
68 593
68 79
68 995
68 941
68 275
68 423
68 131
69 78
69 257
69 658
69 633
69 836
69 813
69 933
69 551
69 590
69 924
69 84
69 206
69 614
69 394
69 735
69 553
69 420
69 839
69 783
69 754
69 334
69 129
70 122
70 774
70 680
70 281
70 259
70 179
70 998
70 177
70 912
70 693
70 701
70 599
70 98
70 132
70 401
70 316
70 282
70 455
70 323
70 272
70 568
70 605
70 270
71 213
71 78
71 402
71 450
71 501
71 720
71 899
71 219
71 512
71 554
71 113
71 165
71 504
71 509
71 401
71 368
71 975
71 618
71 928
71 256
71 543
71 950
72 114
72 379
72 396
72 822
72 998
72 562
72 181
72 689
72 625
72 528
72 874
72 418
72 495
72 795
72 775
72 227
72 475
72 192
72 679
72 363
72 384
72 370
72 769
72 276
72 542
72 945
72 432
72 162
72 844
73 79
73 161
73 188
73 224
73 243
73 659
73 428
73 336
73 214
73 642
73 320
73 746
73 587
73 749
73 856
73 652
73 288
73 522
73 969
73 121
73 915
73 576
73 466
73 383
73 474
74 800
74 275
74 835
74 731
74 356
74 915
74 519
74 246
74 537
74 876
74 299
74 118
74 972
74 233
74 297
74 171
74 862
74 738
75 93
75 94
75 164
75 797
75 541
75 849
75 923
75 401
75 525
75 875
75 548
75 522
75 811
75 455
75 662
75 401
75 344
76 322
76 521
76 180
76 944
76 484
76 281
76 286
76 154
76 850
76 395
76 529
76 674
76 469
76 627
76 331
76 783
76 834
77 350
77 478
77 513
77 953
77 282
77 689
77 828
77 986
77 288
77 575
77 690
77 734
77 118
77 720
77 994
77 117
77 985
77 763
77 497
77 996
77 480
77 966
77 782
77 251
78 149
78 217
78 454
78 696
78 879
78 650
78 614
78 368
78 702
78 442
78 111
78 977
78 552
78 88
78 612
78 764
78 109
79 974
79 239
79 554
79 957
79 574
79 862
79 501
79 229
79 201
79 442
79 121
79 696
79 411
79 672
79 299
80 177
80 265
80 866
80 912
80 249
80 433
80 174
80 101
80 449
80 295
80 767
80 488
80 439
80 427
80 955
80 512
80 296
80 824
81 765
81 236
81 334
81 323
81 358
81 115
81 980
81 884
81 458
81 207
81 557
81 744
81 775
81 773
81 494
81 945
81 292
81 871
82 123
82 140
82 146
82 900
82 374
82 821
82 588
82 532
82 659
82 748
82 640
82 299
82 83
82 421
82 990
82 377
82 539
82 614
82 540
83 139
83 895
83 982
83 364
83 859
83 921
83 381
83 632
83 930
83 584
83 303
83 332
83 530
83 306
83 538
83 908
84 206
84 578
84 236
84 628
84 443
84 92
84 444
84 514
84 958
84 565
84 779
84 573
84 425
84 626
85 156
85 407
85 543
85 553
85 726
85 936
85 860
85 412
85 101
85 923
85 99
85 491
85 192
85 409
85 181
85 986
85 275
85 417
85 799
85 445
85 785
85 861
86 307
86 368
86 87
86 374
86 880
86 655
86 215
86 302
86 253
86 630
86 866
86 824
86 89
86 991
86 854
86 295
86 950
86 350
86 91
86 802
86 591
86 793
87 521
87 925
87 445
87 189
87 488
87 900
87 551
87 885
87 123
87 127
87 490
87 359
87 862
87 144
87 141
87 718
87 718
88 180
88 192
88 247
88 158
88 129
88 828
88 829
88 980
88 227
88 633
88 560
88 743
88 377
88 479
88 799
88 356
88 819
88 549
88 282
88 127
88 490
88 268
88 909
88 89
88 761
88 475
88 901
88 271
88 896
89 132
89 155
89 579
89 887
89 484
89 154
89 320
89 100
89 793
89 293
89 577
89 976
89 409
89 555
89 448
89 164
89 279
89 309
89 568
89 353
89 494
89 219
89 716
89 590
89 837
90 95
90 429
90 642
90 879
90 267
90 993
90 819
90 375
90 147
90 302
90 421
90 745
90 760
90 281
90 726
90 249
90 824
90 534
90 572
90 904
91 342
91 514
91 859
91 487
91 620
91 576
91 667
91 349
91 385
91 897
91 563
91 305
91 805
91 839
91 541
91 99
91 625
91 838
91 832
92 248
92 298
92 940
92 993
92 598
92 346
92 976
92 373
92 343
92 464
92 946
92 584
92 429
92 479
92 159
92 506
92 339
92 789
92 389
92 272
92 767
92 528
92 553
92 835
93 637
93 127
93 598
93 408
93 854
93 342
93 782
93 275
93 175
93 328
94 147
94 152
94 555
94 934
94 960
94 725
94 685
94 253
94 429
94 396
94 986
94 587
94 995
94 938
94 293
94 595
94 449
94 170
95 308
95 781
95 837
95 599
95 597
95 900
95 264
95 799
95 167
95 506
95 104
95 684
95 141
95 793
95 781
95 940
95 732
95 807
95 387
95 702
95 417
96 153
96 186
96 551
96 573
96 580
96 135
96 111
96 777
96 317
96 310
96 585
96 759
96 943
96 574
96 812
96 642
96 827
96 394
96 337
96 815
96 774
96 577
96 286
96 494
96 700
97 883
97 873
97 945
97 481
97 831
97 903
97 453
97 912
97 867
97 912
97 958
97 904
97 391
97 207
97 965
97 986
97 277
97 660
98 198
98 318
98 199
98 280
98 709
98 246
98 474
98 284
98 854
98 253
98 636
98 411
98 331
98 916
98 193
98 675
98 339
98 547
98 385
98 590
98 457
99 109
99 337
99 477
99 607
99 579
99 794
99 393
99 269
99 283
99 369
99 522
99 757
99 233
99 253
99 887
99 244
99 433
99 328
99 383
99 791
99 863
100 134
100 157
100 208
100 223
100 778
100 422
100 444
100 739
100 513
100 606
100 257
100 801
100 393
100 928
100 402
100 982
100 125
100 819
100 893
100 762
101 620
101 705
101 140
101 524
101 285
101 696
101 650
101 574
101 658
101 997
102 597
102 885
102 341
102 131
102 984
102 168
102 979
102 529
102 274
102 567
102 967
102 509
102 924
102 683
102 218
103 201
103 328
103 639
103 672
103 768
103 393
103 896
103 865
103 875
103 821
103 997
103 221
103 839
103 531
103 917
103 442
103 775
103 488
103 136
103 329
103 373
103 464
103 111
103 896
104 127
104 453
104 868
104 986
104 401
104 152
104 912
104 460
104 391
104 350
104 863
104 376
104 300
104 588
104 205
104 112
104 939
104 183
104 820
104 169
105 121
105 288
105 513
105 209
105 269
105 556
105 239
105 247
105 429
105 882
105 486
105 172
105 897
105 875
105 648
105 357
105 184
105 116
105 944
105 340
105 354
105 116
105 416
105 374
105 224
106 163
106 990
106 490
106 571
106 819
106 974
106 408
106 772
106 144
106 343
106 648
106 954
106 978
107 246
107 250
107 276
107 638
107 808
107 816
107 803
107 234
107 509
107 143
107 457
107 758
107 900
107 625
107 543
107 110
107 286
107 773
107 730
107 502
107 318
107 501
108 661
108 934
108 286
108 277
108 788
108 297
108 975
108 722
108 443
108 731
108 678
108 414
108 127
108 123
108 788
108 183
108 641
108 313
108 734
108 731
108 293
108 752
108 116
108 932
109 187
109 911
109 156
109 476
109 891
109 244
109 544
109 130
109 277
109 162
109 871
109 500
109 385
109 427
109 549
109 716
109 256
109 414
110 142
110 183
110 839
110 952
110 854
110 595
110 834
110 652
110 549
110 185
110 876
110 522
110 177
110 764
111 129
111 256
111 791
111 937
111 425
111 330
111 882
111 288
111 648
111 487
111 884
111 598
111 506
111 179
111 689
111 795
111 353
111 314
111 756
111 176
111 943
111 397
111 540
111 425
111 112
111 497
111 672
111 637
111 181
112 226
112 255
112 162
112 507
112 355
112 426
112 425
112 232
112 451
112 932
112 989
112 557
112 878
112 608
112 611
112 232
112 790
112 463
112 631
112 499
112 614
112 490
113 386
113 651
113 219
113 632
113 551
113 226
113 987
113 726
113 213
113 825
113 908
113 869
113 625
113 933
113 917
113 566
113 937
113 209
114 126
114 679
114 637
114 903
114 306
114 443
114 990
114 329
114 856
114 426
114 151
114 132
114 679
114 264
114 376
114 452
114 307
114 627
114 156
114 274
115 219
115 397
115 675
115 654
115 624
115 354
115 549
115 496
115 693
115 157
115 310
115 505
115 612
115 143
115 302
116 380
116 806
116 731
116 343
116 623
116 594
116 288
116 692
116 714
116 603
116 976
116 480
116 842
116 518
116 272
117 431
117 615
117 210
117 485
117 432
117 680
117 825
117 211
117 855
117 906
117 243
117 472
117 370
118 852
118 283
118 378
118 281
118 464
118 245
118 479
118 328
118 518
118 921
118 526
119 848
119 841
119 617
119 588
119 225
119 491
119 431
119 671
119 149
119 744
119 197
119 526
119 190
119 600
119 991
119 411
119 961
119 758
119 325
119 897
120 193
120 312
120 994
120 425
120 584
120 563
120 667
120 294
120 920
120 307
120 223
120 845
120 357
120 592
120 422
120 307
121 357
121 532
121 851
121 832
121 824
121 277
121 483
121 759
121 288
121 187
121 773
121 994
121 776
121 719
121 401
121 396
122 158
122 601
122 239
122 441
122 406
122 408
122 383
122 156
122 437
122 567
122 292
122 950
122 559
122 488
122 901
122 156
122 663
122 501
123 137
123 796
123 347
123 480
123 139
123 474
123 208
123 479
123 543
123 535
123 867
123 342
123 906
123 947
123 187
123 746
124 289
124 986
124 985
124 339
124 759
124 800
124 943
124 311
124 461
124 423
124 968
124 519
124 764
124 521
124 618
124 483
124 731
124 604
124 943
124 518
125 530
125 633
125 930
125 606
125 681
125 478
125 875
125 340
125 918
125 224
125 897
125 474
125 184
125 258
125 881
126 878
126 407
126 580
126 129
126 359
126 267
126 134
126 709
126 996
126 260
126 995
126 134
126 166
126 525
126 385
126 948
126 771
127 175
127 393
127 400
127 208
127 857
127 614
127 161
127 329
127 347
127 536
127 913
127 845
127 491
127 292
127 687
127 290
127 605
127 137
127 241
127 241
127 638
127 880
127 364
127 535
127 763
127 269
127 700
127 616
128 339
128 784
128 625
128 966
128 626
128 292
128 804
128 961
128 985
128 134
128 775
128 600
128 149
128 862
128 546
128 508
129 744
129 662
129 666
129 679
129 424
129 391
129 269
129 545
129 178
129 182
129 560
129 629
129 737
129 973
129 710
129 218
129 441
130 262
130 435
130 161
130 413
130 812
130 261
130 766
130 963
130 499
130 570
130 336
130 809
130 686
130 756
130 363
130 407
130 673
130 472
130 369
130 294
130 481
130 361
130 966
130 778
130 132
131 363
131 671
131 812
131 929
131 661
131 451
131 445
131 836
131 301
131 159
131 990
131 762
131 492
131 623
131 756
131 960
131 841
131 465
132 320
132 561
132 435
132 339
132 786
132 822
132 540
132 689
132 869
132 362
132 818
132 827
132 332
133 204
133 918
133 404
133 566
133 675
133 539
133 909
133 378
133 542
133 701
133 717
133 512
133 880
133 414
134 642
134 387
134 560
134 150
134 308
134 854
134 842
134 746
134 440
134 239
135 988
135 136
135 675
135 935
135 860
135 158
135 959
135 515
135 557
135 672
135 499
135 554
135 666
135 338
135 251
135 451
135 902
136 561
136 152
136 722
136 785
136 591
136 934
136 484
136 177
136 402
136 197
136 885
136 257
136 428
136 519
136 299
136 416
137 297
137 527
137 674
137 427
137 286
137 674
137 231
137 505
137 874
137 254
137 717
137 484
137 289
137 462
137 817
137 318
137 726
137 412
137 490
137 271
137 878
137 387
138 619
138 640
138 390
138 867
138 884
138 552
138 256
138 610
138 253
138 452
138 337
138 267
138 706
138 766
138 942
138 658
138 610
138 929
138 846
138 165
138 984
138 170
138 537
138 639
138 650
138 753
138 988
139 280
139 309
139 404
139 481
139 570
139 170
139 825
139 465
139 379
139 469
139 473
139 445
139 306
139 741
139 540
139 175
139 407
139 773
139 339
139 655
139 389
140 249
140 313
140 695
140 821
140 872
140 745
140 358
140 344
140 567
140 482
140 773
140 148
140 387
140 290
140 711
140 175
140 529
140 257
140 658
140 291
140 617
140 653
141 572
141 654
141 707
141 892
141 429
141 504
141 820
141 391
141 465
141 516
141 764
141 782
141 244
141 956
141 154
141 619
141 173
141 484
141 153
141 210
141 241
141 201
141 474
141 635
141 554
142 286
142 529
142 670
142 949
142 914
142 800
142 601
142 980
142 873
142 395
142 462
142 921
142 828
142 190
142 356
142 308
142 736
143 184
143 618
143 158
143 759
143 400
143 862
143 838
143 404
143 811
143 431
143 154
143 583
143 240
143 207
144 215
144 348
144 359
144 212
144 978
144 448
144 273
144 625
144 223
144 426
144 581
144 246
144 999
144 492
144 296
144 555
144 497
144 853
144 867
144 368
145 266
145 165
145 486
145 494
145 553
145 750
145 614
145 744
145 902
145 518
145 536
145 584
145 166
145 955
145 662
145 327
145 359
145 728
145 244
145 362
146 306
146 677
146 663
146 964
146 477
146 472
146 980
146 831
146 571
146 706
146 377
146 444
146 937
146 374
146 399
146 479
146 150
146 316
146 746
146 299
146 796
147 234
147 346
147 630
147 756
147 762
147 876
147 657
147 877
147 765
147 548
147 698
147 833
147 843
147 424
147 960
148 741
148 709
148 622
148 786
148 588
148 476
148 839
148 195
148 919
148 810
148 566
148 479
149 173
149 196
149 839
149 935
149 940
149 512
149 486
149 485
149 250
149 926
149 589
149 1000
149 178
149 920
149 335
149 448
149 375
149 695
149 807
149 735
150 676
150 469
150 901
150 184
150 335
150 906
150 486
150 293
151 205
151 670
151 951
151 846
151 160
151 929
151 585
151 531
151 527
151 807
151 762
151 204
151 172
151 164
151 468
151 369
151 645
152 293
152 415
152 314
152 587
152 640
152 678
152 940
152 339
152 671
152 704
152 484
152 888
152 372
152 380
152 453
153 162
153 233
153 804
153 336
153 490
153 987
153 161
153 294
153 577
153 613
153 815
153 876
153 379
153 877
153 209
153 364
153 999
154 185
154 253
154 282
154 604
154 746
154 673
154 747
154 575
154 572
154 838
154 365
154 892
154 463
154 299
154 486
154 627
154 341
155 322
155 523
155 309
155 854
155 657
155 248
155 562
155 558
155 627
155 566
155 505
156 511
156 889
156 232
156 758
156 749
156 847
156 199
156 258
156 622
156 720
156 909
156 807
156 311
156 165
156 791
157 291
157 612
157 663
157 967
157 549
157 874
157 544
157 697
157 620
157 724
157 327
157 730
157 585
158 167
158 254
158 440
158 373
158 772
158 732
158 617
158 413
158 342
158 834
158 338
158 705
158 401
158 698
158 466
158 644
158 316
159 170
159 178
159 232
159 455
159 715
159 169
159 279
159 298
159 876
159 825
159 876
159 191
159 938
159 347
159 206
159 163
159 656
159 291
159 257
159 645
159 797
159 742
160 169
160 752
160 977
160 671
160 622
160 307
160 168
160 882
160 632
160 935
160 173
160 498
160 909
160 220
160 474
160 582
161 360
161 745
161 770
161 858
161 347
161 896
161 714
161 249
161 877
161 496
161 452
161 298
161 679
161 323
161 583
161 907
161 489
161 964
161 756
161 250
161 802
162 199
162 896
162 563
162 415
162 730
162 736
162 442
162 586
162 281
162 859
162 173
162 429
162 687
162 469
162 868
162 654
162 910
162 535
162 977
163 338
163 441
163 628
163 799
163 935
163 684
163 954
163 547
163 927
163 982
163 957
163 284
163 599
163 916
163 486
163 762
163 522
163 705
163 175
163 516
163 705
163 566
163 681
163 652
164 227
164 890
164 472
164 896
164 275
164 646
164 205
164 351
164 636
164 828
164 796
164 992
164 498
164 471
164 494
164 195
165 166
165 176
165 584
165 357
165 868
165 678
165 803
165 840
165 830
165 375
165 591
165 255
165 395
165 988
165 763
165 761
165 911
165 817
165 336
165 751
165 845
165 277
166 182
166 438
166 757
166 789
166 666
166 667
166 848
166 256
166 795
166 363
166 415
166 230
166 481
166 254
166 772
166 992
166 579
166 964
166 750
167 190
167 281
167 914
167 441
167 459
167 211
167 617
167 587
167 471
167 414
167 460
167 467
167 864
167 453
167 465
167 923
167 498
167 889
167 372
168 802
168 602
168 689
168 672
168 693
168 773
168 309
168 390
168 989
168 503
168 935
168 693
168 558
168 893
168 517
168 491
168 239
168 206
169 484
169 713
169 394
169 742
169 464
169 883
169 689
169 388
169 919
169 473
169 726
170 506
170 559
170 690
170 748
170 810
170 965
170 556
170 434
170 686
170 554
170 484
170 634
170 606
170 269
170 616
170 477
170 181
170 269
170 694
170 331
170 963
170 600
171 358
171 919
171 327
171 917
171 525
171 293
171 253
171 918
171 603
172 791
172 262
172 201
172 676
172 229
172 470
172 688
172 454
172 380
172 420
172 592
172 445
172 970
172 251
172 404
172 379
173 395
173 525
173 536
173 420
173 283
173 462
173 676
173 323
173 663
173 635
173 670
173 491
173 721
173 850
173 818
174 328
174 961
174 323
174 947
174 355
174 734
174 385
174 563
174 996
174 587
174 690
174 793
174 735
175 239
175 361
175 478
175 317
175 554
175 564
175 355
175 962
175 779
175 593
175 530
176 294
176 334
176 593
176 829
176 954
176 951
176 229
176 284
176 775
176 933
176 901
176 259
176 269
176 602
176 178
177 836
177 480
177 574
177 998
177 925
178 531
178 408
178 604
178 512
178 686
178 982
178 556
178 888
178 200
178 565
178 877
178 399
178 701
178 739
178 843
179 409
179 413
179 494
179 934
179 473
179 499
179 218
179 956
179 664
179 428
179 569
179 683
179 383
179 348
179 683
179 748
180 330
180 388
180 491
180 590
180 818
180 957
180 524
180 213
180 212
180 617
180 758
180 181
180 376
180 261
180 649
180 460
180 385
180 762
181 760
181 314
181 663
181 551
181 585
181 267
181 723
181 776
181 817
181 706
181 944
181 478
181 258
181 617
181 967
181 262
181 859
181 264
181 376
181 297
181 435
181 796
181 738
181 735
182 251
182 554
182 700
182 787
182 764
182 805
182 580
182 603
182 882
182 429
182 916
182 925
182 603
182 640
182 868
182 548
182 251
183 421
183 475
183 393
183 531
183 544
183 524
183 341
183 692
183 409
183 972
183 297
183 731
183 336
183 240
183 185
183 750
183 706
183 245
183 496
183 975
183 980
183 728
183 572
183 806
184 496
184 917
184 871
184 348
184 307
184 251
184 475
184 396
184 826
185 188
185 695
185 718
185 764
185 209
185 956
185 535
185 445
185 489
185 414
185 199
185 486
185 640
185 866
185 783
185 635
185 816
185 731
185 993
185 626
185 897
185 705
185 889
186 304
186 649
186 231
186 894
186 658
186 350
186 832
186 605
186 588
186 296
186 464
186 853
186 531
186 685
187 261
187 375
187 428
187 970
187 372
187 690
187 869
187 600
187 331
187 637
187 832
187 748
187 855
188 195
188 488
188 549
188 735
188 789
188 898
188 852
188 440
188 799
188 346
188 938
188 308
188 777
188 453
188 376
188 334
188 580
188 790
188 404
188 843
188 227
189 209
189 408
189 528
189 922
189 572
189 921
189 404
189 397
189 992
189 392
189 633
189 207
189 206
189 582
190 220
190 743
190 248
190 801
190 728
190 430
190 640
190 629
190 369
190 934
190 572
190 580
190 208
190 887
190 267
190 519
190 282
190 818
190 964
190 906
190 311
190 614
191 539
191 712
191 461
191 950
191 299
191 969
191 717
191 352
191 853
191 502
191 206
191 528
191 533
191 619
191 829
191 921
192 271
192 692
192 721
192 997
192 282
192 546
192 716
192 721
192 712
192 815
192 239
192 479
192 459
192 920
192 492
192 552
192 470
192 819
192 281
192 457
192 265
192 859
192 660
192 760
192 503
192 331
193 556
193 221
193 658
193 440
193 235
193 472
193 753
193 958
193 633
193 624
193 414
193 383
193 447
193 210
193 898
194 518
194 533
194 659
194 777
194 291
194 828
194 996
194 831
194 279
194 222
194 597
194 956
194 207
194 894
194 209
194 260
194 948
195 207
195 972
195 702
195 664
195 583
195 647
195 462
195 443
195 258
195 667
195 347
195 632
195 777
195 508
195 858
195 279
195 907
196 200
196 236
196 238
196 663
196 757
196 408
196 971
196 328
196 715
196 352
196 388
196 979
196 602
196 529
196 814
196 951
196 753
196 633
196 934
196 198
197 237
197 353
197 839
197 770
197 310
197 739
197 364
197 761
197 906
197 297
197 574
197 913
197 610
197 584
197 692
197 525
197 879
198 240
198 566
198 217
198 772
198 827
198 624
198 599
198 831
198 832
198 208
198 537
198 273
198 217
198 543
198 480
199 365
199 702
199 954
199 382
199 606
199 990
199 438
199 430
199 643
199 490
199 713
199 860
199 462
199 291
199 753
199 569
199 737
199 208
199 839
199 752
199 835
199 366
199 517
199 972
199 670
200 202
200 545
200 548
200 614
200 924
200 531
200 301
200 404
200 922
200 234
200 332
200 271
200 599
200 509
200 394
201 214
201 717
201 617
201 846
201 369
201 558
201 763
201 282
201 878
201 857
201 845
201 872
201 575
201 958
201 971
201 854
201 634
201 299
201 418
201 847
202 268
202 468
202 966
202 966
202 344
202 570
202 977
202 621
202 373
202 672
202 890
202 696
202 538
202 690
203 420
203 620
203 213
203 365
203 619
203 390
203 546
203 293
203 500
203 824
203 719
203 632
203 656
203 939
203 671
203 519
203 209
203 809
204 335
204 903
204 722
204 414
204 528
204 347
204 567
204 584
204 710
204 375
204 617
204 389
204 575
204 616
204 555
204 660
204 403
204 349
204 556
204 404
205 331
205 403
205 599
205 360
205 411
205 983
205 872
205 797
205 778
205 216
205 419
205 554
205 554
205 906
205 311
205 419
205 413
205 420
205 649
205 319
206 300
206 472
206 274
206 582
206 898
206 590
206 622
206 268
206 305
206 462
206 582
206 948
206 813
207 748
207 733
207 245
207 760
207 816
207 890
207 942
207 565
207 696
207 648
207 738
207 962
207 693
207 495
207 248
207 356
207 788
208 316
208 418
208 632
208 793
208 757
208 290
208 719
208 348
208 933
208 966
208 390
208 271
208 466
208 552
208 227
208 889
208 266
208 414
209 846
209 348
209 416
209 658
209 315
209 481
209 805
209 393
209 894
209 386
209 766
209 743
209 944
209 924
209 234
209 980
209 587
210 314
210 333
210 737
210 219
210 715
210 530
210 615
210 274
210 393
210 587
210 797
210 704
210 481
210 830
211 927
211 736
211 659
211 925
211 556
211 785
211 633
211 807
211 669
211 436
211 221
211 925
212 381
212 719
212 772
212 394
212 222
212 982
212 351
212 527
212 367
212 242
212 316
212 586
212 1000
212 985
212 881
212 306
213 703
213 514
213 852
213 432
213 405
213 923
213 922
213 527
213 229
213 233
213 603
213 693
213 851
213 398
213 311
213 446
214 345
214 393
214 260
214 762
215 355
215 384
215 469
215 370
215 715
215 724
215 763
215 493
215 575
215 546
215 276
215 996
215 998
215 758
215 659
215 438
215 814
215 322
216 410
216 680
216 711
216 589
216 381
216 610
216 554
216 332
216 932
216 305
216 711
216 617
216 350
216 443
216 500
216 661
216 910
216 447
216 922
216 764
216 891
217 925
217 665
217 714
217 749
217 441
217 279
217 667
217 821
217 756
217 305
217 639
217 676
218 404
218 952
218 957
218 890
218 546
218 354
218 737
218 867
218 765
218 676
218 334
218 882
218 547
218 642
218 879
218 662
218 422
218 522
218 359
219 402
219 572
219 828
219 363
219 964
219 589
219 953
219 380
219 250
219 551
219 724
219 711
219 662
219 962
219 317
220 242
220 452
220 456
220 473
220 694
220 231
220 382
220 953
220 811
220 282
220 875
220 429
220 499
220 1000
220 562
220 515
220 725
220 475
220 337
220 590
220 241
220 539
220 617
220 902
220 407
220 822
221 977
221 753
221 858
221 540
221 236
221 306
221 529
221 569
221 689
221 925
221 366
221 649
221 689
221 272
222 553
222 965
222 955
222 573
222 467
222 450
222 251
222 274
222 549
222 492
222 800
222 455
222 538
222 865
222 364
223 419
223 595
223 749
223 307
223 529
223 502
223 318
223 945
223 887
223 984
223 860
223 713
223 471
223 294
224 231
224 278
224 433
224 775
224 514
224 645
224 793
224 243
224 816
224 862
224 555
224 878
224 533
224 363
224 395
224 590
224 625
224 891
224 237
224 843
224 620
224 670
224 303
225 641
225 943
225 281
225 741
225 582
225 618
225 438
225 541
225 403
225 527
225 661
225 308
225 560
225 643
225 424
225 243
225 513
225 904
225 880
226 780
226 968
226 299
226 917
226 964
226 805
226 773
226 232
226 867
226 967
226 556
226 752
226 909
226 485
226 795
227 968
227 619
227 600
227 824
227 348
227 713
227 780
227 447
227 772
227 660
227 269
227 811
227 626
228 229
228 794
228 345
228 731
228 827
228 606
228 624
228 710
228 386
228 386
228 456
228 545
228 291
228 912
228 600
228 451
228 310
229 803
229 866
229 727
229 776
229 926
229 773
229 958
229 846
229 915
229 768
229 631
229 451
229 999
230 392
230 947
230 930
230 938
230 396
230 372
230 997
230 931
230 412
230 981
230 813
230 558
230 375
230 366
230 978
231 618
231 680
231 574
231 971
231 563
231 299
231 765
231 408
231 901
231 760
231 518
231 799
231 368
231 561
231 305
231 793
232 377
232 450
232 656
232 404
232 374
232 630
232 731
232 741
232 403
232 837
232 457
232 347
232 346
232 966
232 729
232 365
232 311
233 265
233 344
233 352
233 718
233 499
233 302
233 923
233 560
233 423
233 902
233 870
233 294
233 934
233 327
233 323
233 742
233 916
234 246
234 857
234 887
234 767
234 880
234 977
234 313
234 513
234 268
234 679
234 560
234 906
235 302
235 779
235 650
235 313
235 906
235 937
235 666
235 844
235 827
235 394
235 833
235 596
235 971
235 432
235 794
235 492
235 961
235 491
235 892
235 331
235 345
236 390
236 660
236 871
236 668
236 993
236 631
236 406
236 803
236 883
236 543
236 340
236 863
236 437
236 883
236 280
236 284
236 690
236 650
236 973
236 492
236 623
237 272
237 667
237 935
237 323
237 328
237 970
237 792
237 331
237 489
237 480
237 964
237 712
237 374
237 486
237 702
237 302
237 333
237 786
237 690
238 391
238 432
238 645
238 971
238 714
238 734
238 807
238 673
238 774
238 403
238 734
238 381
238 268
239 660
239 602
239 456
239 578
239 828
239 458
239 326
239 947
239 867
239 390
239 615
239 364
239 494
239 478
239 721
239 860
240 425
240 797
240 316
240 457
240 893
240 455
240 939
240 783
240 537
240 486
240 338
240 885
240 392
240 531
240 836
240 719
240 543
240 526
241 373
241 461
241 804
241 518
241 890
241 382
241 355
241 366
241 615
241 659
241 614
241 286
241 453
242 550
242 509
242 428
242 589
242 713
242 962
242 604
242 916
242 450
242 291
242 440
242 356
242 618
243 578
243 956
243 744
243 855
243 290
243 518
243 298
243 576
243 793
243 519
243 290
243 604
243 419
243 846
243 706
243 736
243 972
243 475
244 711
244 267
244 711
244 552
244 392
244 891
244 902
244 313
244 396
244 255
244 320
244 401
244 783
244 398
244 426
244 566
244 633
245 290
245 309
245 438
245 770
245 920
245 330
245 805
245 744
245 549
245 689
245 729
245 748
245 412
245 452
245 952
245 778
245 500
245 896
245 279
245 536
245 354
246 285
246 600
246 827
246 622
246 826
246 927
246 529
246 363
246 304
246 998
246 762
246 322
247 310
247 640
247 998
247 911
247 474
247 485
247 322
247 743
247 307
247 576
247 492
247 420
247 803
247 893
247 794
248 252
248 989
248 877
248 303
248 891
248 944
248 905
248 658
248 539
248 951
248 365
248 857
248 419
248 260
248 313
248 775
248 559
249 958
249 441
249 783
249 855
249 414
249 785
249 312
249 612
249 344
249 861
249 380
250 334
250 613
250 838
250 349
250 820
250 717
250 782
250 576
250 603
250 860
250 814
250 322
250 896
250 990
250 695
250 399
250 691
250 365
250 634
250 564
251 319
251 434
251 583
251 622
251 271
251 862
251 963
251 383
251 679
251 561
251 833
251 892
251 646
251 740
251 528
251 839
251 852
251 267
252 449
252 903
252 647
252 345
252 924
252 939
252 896
252 591
252 529
252 638
252 551
252 368
252 960
252 276
252 487
252 676
252 627
253 295
253 504
253 594
253 735
253 918
253 289
253 281
253 479
253 901
253 403
253 640
253 490
253 632
253 653
254 401
254 416
254 736
254 317
254 872
254 284
254 697
254 331
254 848
254 358
254 901
254 921
254 962
254 263
254 685
254 916
254 932
254 317
255 278
255 297
255 476
255 495
255 494
255 972
255 620
255 542
255 815
256 260
256 657
256 985
256 337
256 306
256 461
256 457
256 297
256 379
256 856
256 483
256 694
256 302
256 775
256 358
256 778
256 458
256 299
256 632
256 708
257 959
257 966
257 672
257 828
257 706
257 934
257 556
257 307
257 849
257 511
257 681
257 674
257 272
257 288
258 646
258 461
258 539
258 978
258 435
258 478
258 488
258 331
258 438
258 649
258 762
258 718
258 977
258 857
258 921
258 948
259 362
259 447
259 541
259 916
259 794
259 871
259 282
259 521
259 761
259 350
259 363
259 571
259 585
259 607
259 790
259 850
259 455
260 472
260 624
260 967
260 853
260 655
260 707
260 535
260 490
260 762
260 978
260 919
260 660
260 948
260 993
260 630
261 270
261 273
261 609
261 658
261 737
261 822
261 888
261 709
261 749
261 699
261 495
261 498
261 474
261 312
261 315
261 910
261 856
261 578
261 888
261 412
262 622
262 634
262 879
262 310
262 536
262 778
262 835
262 888
262 843
262 732
262 671
262 844
262 853
262 807
262 616
262 455
262 525
263 303
263 775
263 788
263 400
263 789
263 642
263 392
263 571
263 298
264 535
264 733
264 518
264 907
264 628
264 500
264 732
264 632
264 942
264 514
264 436
264 816
264 878
264 887
265 321
265 713
265 995
265 830
265 292
265 375
265 693
265 331
265 362
265 792
265 719
265 382
265 730
265 507
265 386
265 697
265 615
265 808
265 394
265 463
265 531
265 673
266 687
266 545
266 588
266 426
266 924
266 627
266 882
266 908
266 317
266 801
266 359
266 535
266 306
267 287
267 444
267 753
267 754
267 730
267 756
267 521
267 314
267 345
267 328
267 978
268 966
268 676
268 397
268 407
268 633
268 513
268 410
268 441
268 376
268 513
269 595
269 498
269 688
269 684
269 599
269 711
269 353
269 544
269 804
269 409
269 777
269 888
269 697
269 514
269 670
269 882
269 879
270 422
270 334
270 693
270 276
270 356
270 455
270 539
270 700
270 689
270 990
270 619
270 964
270 958
270 717
270 483
270 618
270 351
270 564
270 907
270 491
270 694
270 859
270 745
270 691
271 445
271 542
271 603
271 984
271 712
271 943
271 828
271 552
272 424
272 691
272 867
272 992
272 495
272 663
272 544
272 949
272 384
272 433
272 337
272 501
272 874
272 481
273 484
273 921
273 555
273 704
273 341
273 991
273 648
273 957
273 574
273 945
273 791
273 762
273 309
273 609
273 909
273 933
273 311
273 308
273 525
274 365
274 526
274 936
274 288
274 578
274 898
274 980
274 620
274 717
274 848
275 825
275 341
275 589
275 339
275 488
275 389
275 932
275 873
275 586
275 944
275 729
275 807
275 869
276 423
276 430
276 643
276 869
276 475
276 299
276 441
276 497
276 558
276 829
276 849
276 875
276 967
276 535
276 366
276 717
276 538
276 569
276 723
276 721
276 978
277 790
277 890
277 976
277 481
277 399
277 924
277 686
277 764
277 838
277 803
277 616
277 838
277 968
277 397
277 762
277 959
278 343
278 690
278 618
278 314
278 989
278 751
278 322
278 633
278 317
278 302
278 767
278 956
278 344
278 707
278 782
278 738
279 686
279 974
279 443
279 343
279 956
279 415
279 880
279 496
279 666
279 930
279 615
279 401
279 410
280 478
280 642
280 398
280 807
280 526
280 339
280 662
280 292
280 324
280 403
280 504
280 686
280 390
280 523
280 288
280 455
281 317
281 828
281 625
281 998
281 720
281 766
281 924
281 555
281 733
281 337
281 795
281 459
281 961
281 618
281 920
281 826
282 376
282 466
282 540
282 551
282 947
282 963
282 697
282 997
282 598
282 483
282 707
282 540
282 478
282 893
282 657
283 367
283 959
283 754
283 693
283 646
283 503
283 440
283 374
283 787
283 844
283 855
283 581
283 866
283 487
284 673
284 981
284 618
284 313
284 865
284 616
284 917
284 811
284 812
284 820
284 662
284 843
284 444
284 726
285 628
285 479
285 708
285 800
285 659
285 391
285 381
285 492
285 839
285 954
285 618
286 682
286 315
286 555
286 678
286 341
286 570
286 790
286 650
286 479
286 394
286 668
286 636
286 298
287 465
287 551
287 475
287 903
287 566
287 793
287 570
287 955
287 1000
287 725
287 953
287 410
287 410
287 577
287 374
287 344
288 662
288 709
288 877
288 413
288 477
288 822
288 976
288 692
288 448
288 938
288 743
288 957
288 660
288 779
288 922
288 486
289 412
289 634
289 361
289 992
289 367
289 731
289 834
289 307
290 538
290 554
290 564
290 340
290 500
290 315
290 793
290 888
290 400
290 463
290 482
290 850
290 341
290 862
290 586
290 822
290 514
290 882
291 605
291 960
291 332
291 419
291 638
291 675
291 426
291 937
291 672
291 786
291 853
291 458
291 775
291 981
291 479
292 668
292 597
292 763
292 584
292 710
292 742
292 301
292 591
292 678
292 387
292 917
292 901
292 605
292 503
293 312
293 325
293 644
293 926
293 771
293 591
293 699
293 961
293 444
293 569
293 910
293 785
293 687
293 417
293 557
293 906
293 830
293 629
293 448
293 700
294 624
294 921
294 947
294 434
294 675
294 373
294 420
294 953
294 940
294 655
294 745
294 534
294 905
295 345
295 372
295 775
295 739
295 987
295 348
295 322
295 579
295 539
295 598
295 378
295 343
295 726
295 909
295 944
295 691
295 387
295 886
295 908
295 385
296 356
296 806
296 731
296 433
296 748
296 793
296 746
296 338
296 984
296 775
297 725
297 475
297 990
297 794
297 313
297 939
297 474
297 577
297 300
297 946
297 874
297 983
297 845
297 745
297 702
297 550
297 426
297 448
297 324
297 407
297 828
297 675
298 667
298 459
298 777
298 826
298 794
298 320
298 880
298 369
298 678
298 351
298 512
299 901
299 917
299 520
299 637
299 480
299 677
299 567
299 537
299 324
299 455
299 383
300 474
300 828
300 985
300 392
300 644
300 486
300 694
300 842
300 418
300 339
300 773
300 591
300 549
300 708
300 422
301 747
301 986
301 869
301 654
301 949
301 935
301 659
301 640
301 345
301 449
301 512
301 496
301 782
301 712
301 488
301 590
301 825
301 465
302 991
302 921
302 482
302 768
302 559
302 749
302 361
302 730
302 687
302 910
302 324
302 864
302 445
302 953
302 526
303 980
303 671
303 876
303 491
303 954
303 811
303 518
303 433
303 708
303 955
303 594
303 965
303 958
304 405
304 427
304 483
304 726
304 909
304 965
304 654
304 311
304 945
304 871
304 884
304 750
304 894
304 408
304 603
305 892
305 984
305 580
305 788
305 313
305 568
305 539
305 545
305 490
306 311
306 968
306 987
306 650
306 331
306 601
306 417
306 526
306 454
306 667
306 886
306 713
307 411
307 992
307 528
307 610
307 654
307 598
307 689
307 783
307 871
307 974
307 853
307 672
307 876
307 548
307 882
308 840
308 961
308 966
308 737
308 469
308 815
308 541
308 814
308 846
308 429
308 710
308 495
308 811
309 484
309 811
309 453
309 358
309 528
309 622
309 994
309 634
310 487
310 759
310 811
310 619
310 483
310 774
310 836
310 461
310 928
311 776
311 607
311 558
311 462
311 869
311 532
311 726
311 365
311 861
311 706
311 843
311 703
311 525
311 424
311 506
311 471
312 351
312 556
312 847
312 367
312 688
312 534
312 910
312 679
312 322
312 339
312 588
312 628
312 979
312 540
312 665
312 648
312 842
312 816
312 542
313 537
313 561
313 612
313 827
313 373
313 545
313 783
313 930
313 533
313 510
313 838
313 714
313 359
313 765
314 490
314 627
314 714
314 861
314 430
314 994
314 859
314 647
314 490
314 816
314 842
314 526
314 468
314 735
314 976
314 533
315 401
315 814
315 390
315 413
315 595
315 728
315 801
315 465
315 418
315 397
316 327
316 458
316 860
316 879
316 502
316 508
316 821
316 901
316 594
316 430
317 557
317 764
317 677
317 820
317 698
317 898
317 917
317 621
317 679
317 416
317 737
317 344
317 330
317 767
317 931
317 592
317 422
318 536
318 959
318 930
318 358
318 782
318 993
318 552
318 757
318 517
318 988
318 388
318 452
318 539
319 324
319 481
319 426
319 958
319 540
319 893
319 604
319 791
319 733
319 928
320 471
320 985
320 527
320 990
320 593
320 560
320 445
320 623
320 526
320 552
320 570
320 734
320 463
320 835
320 543
320 492
320 402
321 591
321 830
321 877
321 885
321 922
321 881
321 420
321 891
321 554
321 836
322 496
322 631
322 901
322 438
322 380
322 493
322 350
322 809
322 660
322 646
322 402
322 618
323 893
323 949
323 735
323 834
323 935
323 370
323 381
323 562
323 714
323 880
323 618
323 666
324 624
324 547
324 336
324 744
324 680
324 337
324 709
324 755
324 779
324 433
324 768
324 772
324 481
324 709
324 367
324 396
324 713
324 968
325 326
325 498
325 582
325 983
325 634
325 771
325 980
325 791
325 374
325 535
325 823
325 823
325 619
325 768
325 904
325 718
325 442
325 881
326 520
326 795
326 938
326 938
326 871
326 789
326 438
326 984
326 583
326 917
326 432
326 768
326 742
326 789
326 755
326 392
326 802
327 602
327 352
327 655
327 862
327 517
327 832
327 896
327 542
327 686
327 493
327 330
328 996
328 903
328 814
328 814
328 875
328 748
328 895
328 492
328 953
328 584
328 652
328 540
328 835
328 471
328 380
328 428
328 543
328 653
328 605
328 723
328 448
329 813
329 639
329 554
329 658
329 978
329 438
329 389
329 634
329 702
329 632
329 968
329 961
329 978
329 478
330 366
330 570
330 787
330 693
330 697
330 775
330 863
330 619
330 983
330 788
330 489
330 559
331 685
331 580
331 740
331 456
331 696
331 825
331 455
331 767
331 583
331 958
332 771
332 788
332 726
332 767
332 974
332 594
332 797
332 552
332 524
332 736
332 419
332 650
333 575
333 576
333 523
333 913
333 335
333 408
333 646
333 946
333 634
333 352
333 958
333 797
333 565
334 338
334 615
334 470
334 947
334 999
334 652
335 833
335 584
335 572
335 649
335 778
335 681
335 991
335 903
335 711
335 612
335 564
335 595
335 926
336 385
336 945
336 990
336 995
336 672
336 806
336 607
336 476
336 670
336 507
336 580
336 774
336 607
336 468
337 1000
337 670
337 704
337 341
337 991
337 477
337 449
337 880
337 939
337 955
337 457
337 927
337 348
337 931
337 562
337 413
337 616
337 847
337 932
338 689
338 930
338 775
338 821
338 601
338 777
338 546
338 529
338 592
339 398
339 670
339 628
339 488
339 968
339 638
339 756
339 961
340 482
340 669
340 571
340 888
340 895
340 599
340 594
340 784
340 893
340 349
340 721
340 767
340 411
340 995
340 407
341 369
341 460
341 522
341 428
341 377
341 453
341 536
341 486
341 562
342 592
342 725
342 975
342 795
342 377
342 877
342 892
342 879
342 674
342 408
342 588
342 949
342 964
342 480
342 451
342 897
342 357
342 640
342 738
342 637
343 457
343 914
343 892
343 855
343 429
343 839
343 518
343 964
343 932
343 819
343 500
343 649
343 838
343 514
343 674
343 526
343 797
343 523
343 682
343 832
343 388
344 682
344 403
344 412
344 393
344 876
344 540
344 750
345 788
345 489
345 675
345 828
345 581
345 613
345 605
345 650
345 984
345 999
346 371
346 670
346 659
346 688
346 593
346 873
346 597
346 965
346 770
346 743
346 779
347 618
347 666
347 980
347 652
347 860
347 686
347 883
347 867
347 501
347 595
347 806
348 631
348 505
348 754
348 853
348 916
348 654
348 825
348 390
348 957
348 810
348 595
349 485
349 967
349 817
349 999
349 851
349 752
349 584
349 379
349 476
349 371
350 951
350 652
350 514
350 364
350 678
350 877
350 925
350 577
350 856
350 510
351 741
351 425
351 524
351 736
351 858
351 451
351 362
351 502
352 622
352 835
352 754
352 496
352 598
352 551
352 451
352 387
352 531
352 490
352 686
352 846
352 770
352 797
352 965
353 407
353 640
353 501
353 899
353 421
353 732
353 501
353 636
353 407
353 554
353 818
353 949
353 922
353 526
353 683
353 693
354 674
354 630
354 813
354 496
354 925
354 448
355 416
355 424
355 628
355 629
355 635
355 363
355 905
355 412
355 899
355 893
355 712
355 414
355 913
356 581
356 497
356 441
356 663
356 634
356 528
356 904
356 826
356 502
356 666
356 978
356 703
356 655
356 829
356 620
357 584
357 977
357 608
357 960
357 816
357 408
357 452
358 399
358 470
358 903
358 659
358 640
358 963
358 495
358 416
358 777
358 368
359 476
359 550
359 735
359 741
359 428
359 411
359 993
359 586
359 610
359 459
359 848
359 928
359 545
359 398
359 564
359 464
359 642
359 656
360 426
360 690
360 951
360 543
360 362
360 809
360 444
360 828
360 580
360 403
360 657
360 963
360 467
361 500
361 967
361 685
361 462
361 971
361 960
361 908
361 869
361 584
361 661
361 633
361 999
361 592
361 649
362 509
362 564
362 795
362 634
362 991
362 870
362 931
362 993
362 704
362 716
362 836
362 788
362 891
362 533
362 625
363 687
363 436
363 393
363 567
363 967
363 502
363 545
363 469
363 947
363 808
363 370
363 434
364 876
364 703
364 873
364 781
364 995
364 505
364 993
364 738
364 507
364 979
364 477
364 938
364 562
364 741
364 509
365 617
365 426
365 799
365 458
365 562
365 625
365 948
365 638
366 720
366 453
366 573
366 628
366 716
366 534
366 874
366 713
366 680
366 536
366 845
366 432
366 423
366 628
366 745
367 823
367 730
367 669
367 760
367 966
368 927
368 609
368 558
368 859
368 815
368 764
368 727
368 935
368 637
368 875
368 934
369 840
369 849
369 731
369 454
369 445
369 851
369 526
369 690
369 861
369 777
369 989
369 463
369 937
370 389
370 393
370 820
370 751
370 850
370 380
370 924
371 508
371 799
371 902
371 943
371 758
371 858
371 860
371 905
371 959
371 451
371 610
371 374
371 709
371 619
372 648
372 967
372 413
372 796
372 519
372 805
372 765
372 464
372 802
373 534
373 444
373 402
373 469
373 893
373 802
373 720
373 904
373 814
373 925
374 652
374 566
374 698
374 954
374 396
374 667
374 843
374 632
374 564
374 485
374 824
374 648
374 582
375 560
375 833
375 571
375 431
375 777
375 669
375 539
375 849
375 394
375 640
376 503
376 857
376 640
376 418
376 952
376 502
376 869
376 481
376 918
376 799
376 585
376 848
376 975
376 749
377 417
377 459
377 879
377 429
377 754
377 393
377 972
377 471
377 854
377 553
377 609
377 936
378 606
378 383
378 690
378 961
378 871
378 919
378 456
378 917
378 439
379 697
379 388
379 869
379 520
379 621
379 674
379 763
379 461
379 845
379 688
379 707
379 898
380 598
380 866
380 901
380 668
380 585
380 996
380 538
380 654
380 520
380 918
380 425
380 919
380 739
381 526
381 796
381 405
381 999
381 697
381 826
381 793
381 633
381 778
381 506
381 980
381 402
381 534
381 382
382 659
382 882
382 885
382 895
382 897
382 469
382 753
382 460
382 639
382 385
382 968
382 692
382 766
382 936
382 617
383 660
383 727
383 629
383 898
383 738
383 576
383 720
383 521
384 785
384 404
384 842
384 564
384 655
384 551
384 590
384 937
384 537
384 470
384 477
384 798
384 915
384 627
384 616
384 843
384 737
384 843
384 441
384 659
384 413
384 628
385 507
385 426
385 738
385 932
385 462
385 588
385 662
385 505
385 823
386 618
386 993
386 525
386 572
386 778
386 635
386 897
386 719
386 990
386 715
386 619
386 551
386 972
386 967
386 575
387 894
387 440
387 824
387 988
387 452
387 851
387 548
387 874
387 507
387 470
387 826
388 925
388 536
388 960
388 817
388 815
388 721
388 562
388 758
388 880
388 998
388 539
388 772
388 882
388 891
388 764
388 651
388 790
388 995
388 528
389 698
389 685
389 393
389 868
389 443
389 535
389 711
389 762
389 422
389 798
389 663
389 916
389 549
389 405
390 640
390 688
390 802
390 859
390 814
390 995
390 987
390 606
390 697
390 612
390 583
390 776
390 516
390 604
390 540
390 414
391 515
391 905
391 522
391 676
391 879
391 716
391 448
391 538
391 725
391 536
391 909
391 549
392 998
392 692
392 804
392 609
392 679
392 950
392 710
392 667
392 468
393 606
393 847
393 449
393 853
393 762
393 632
393 724
393 645
393 702
393 498
393 645
394 635
394 742
394 835
394 897
394 999
394 910
394 854
394 822
394 849
394 914
394 673
394 722
394 977
394 638
395 775
395 619
395 991
395 794
395 625
395 987
395 720
395 582
395 548
395 644
395 898
396 816
396 819
396 862
396 731
396 541
396 579
396 500
396 932
396 557
396 679
396 636
396 919
397 505
397 524
397 601
397 608
397 672
397 550
397 514
397 888
397 967
397 502
397 605
397 710
398 500
398 605
398 713
398 565
398 429
398 924
398 990
398 682
398 486
398 481
398 584
398 836
399 574
399 933
399 863
399 416
399 564
399 943
400 492
400 422
400 412
400 481
400 535
400 914
400 990
400 532
400 516
400 832
400 851
400 643
400 961
401 497
401 699
401 804
401 675
401 510
401 524
401 481
401 887
402 832
402 691
402 404
402 722
402 671
402 767
402 873
403 912
403 694
403 468
403 800
403 797
403 849
403 508
403 606
403 414
403 650
403 609
403 993
403 404
404 544
404 853
404 948
404 949
404 424
404 733
404 895
404 476
404 425
404 844
404 702
404 631
404 824
404 921
404 830
404 464
404 767
404 924
405 858
405 873
405 661
405 951
405 721
405 955
405 698
405 539
406 774
406 514
406 487
406 644
406 436
406 666
406 633
406 729
406 660
407 944
407 570
407 627
407 822
407 955
407 534
407 523
407 517
407 732
407 559
407 559
407 433
407 908
407 898
408 655
408 828
408 888
408 500
408 469
408 869
408 997
408 440
408 933
408 597
408 699
408 771
408 603
408 632
409 502
409 859
409 871
409 923
409 773
409 493
409 709
409 546
409 510
409 788
409 430
410 414
410 860
410 894
410 933
410 897
410 637
410 941
410 588
410 722
410 702
410 560
410 760
410 554
411 789
411 920
411 620
411 938
411 579
411 849
411 886
411 882
411 897
411 812
411 621
411 930
411 875
412 847
412 813
412 465
412 742
412 602
412 755
412 878
412 507
412 603
412 857
412 893
413 437
413 892
413 844
413 482
413 458
413 573
413 768
413 893
413 763
413 466
413 666
413 763
413 730
413 858
413 452
413 514
413 526
413 537
414 558
414 628
414 947
414 484
414 600
414 546
414 513
414 612
415 895
415 791
415 672
415 835
415 809
415 807
415 715
415 644
415 458
415 864
415 889
416 661
416 649
416 602
416 640
416 932
416 927
416 580
416 744
416 489
416 805
417 688
417 871
417 621
417 841
417 555
417 935
417 743
417 420
417 447
417 434
417 628
417 860
417 577
417 557
418 769
418 810
418 751
418 539
418 665
418 787
418 610
418 782
418 597
418 912
418 542
418 523
419 789
419 456
419 897
419 474
419 946
419 691
419 620
419 911
419 910
419 444
419 435
419 942
419 707
419 584
419 575
420 610
420 783
420 983
420 995
420 885
420 562
420 620
420 962
421 723
421 537
421 640
421 798
421 989
421 665
421 980
421 997
421 888
421 663
421 460
421 725
421 884
422 479
422 867
422 465
422 486
422 947
422 991
422 615
422 880
422 484
423 467
423 469
423 588
423 737
423 880
423 782
423 823
423 914
423 660
423 664
423 525
423 760
423 661
423 469
424 608
424 716
424 596
424 704
424 930
424 460
424 754
424 802
424 624
425 569
425 751
425 857
425 737
425 502
425 854
425 935
425 564
425 770
426 884
426 771
426 546
426 663
426 493
426 606
426 924
426 919
426 805
426 659
426 945
426 515
426 826
426 701
426 708
426 943
426 471
426 572
427 537
427 831
427 988
427 469
427 824
427 717
427 800
427 634
427 739
427 927
428 431
428 467
428 493
428 655
428 489
428 693
428 647
428 614
428 722
429 902
429 638
429 503
429 848
429 934
429 931
429 938
429 454
429 734
429 707
429 715
429 1000
429 794
429 993
430 463
430 543
430 526
430 606
430 442
430 519
430 483
430 550
431 584
431 490
431 620
431 635
431 553
431 882
431 965
431 867
431 911
432 781
432 814
432 750
432 982
432 774
432 966
432 549
432 444
432 723
432 603
432 648
432 441
432 441
433 766
433 728
433 989
433 621
433 999
433 808
433 897
433 873
433 774
433 584
433 771
433 876
433 849
434 495
434 547
434 834
434 627
434 937
434 517
434 556
434 825
434 688
434 875
434 695
435 694
435 587
435 740
435 933
435 820
436 517
436 678
436 556
436 571
436 589
436 938
436 619
436 484
436 647
436 846
436 873
436 814
436 577
436 720
436 516
436 700
436 877
436 645
436 900
437 666
437 898
437 827
437 872
437 841
437 609
437 551
437 644
437 995
437 987
437 837
437 942
437 497
437 444
437 948
437 516
437 725
438 649
438 928
438 612
438 889
438 772
438 810
438 499
438 981
438 672
438 823
438 463
438 750
438 601
438 978
438 651
438 774
438 691
439 560
439 712
439 631
439 796
439 600
439 905
439 729
439 755
439 521
439 564
439 833
439 483
439 732
439 590
439 651
440 913
440 840
440 696
440 859
440 928
440 857
440 847
440 584
440 576
440 828
440 629
441 613
441 823
441 633
441 747
441 694
441 518
441 812
441 787
441 606
441 802
441 702
441 638
441 665
442 448
442 629
442 636
442 994
442 523
442 760
442 701
442 730
442 853
442 762
442 727
442 524
442 824
443 859
443 947
443 969
443 823
443 572
443 933
443 804
443 444
443 628
443 704
443 702
443 471
443 470
443 475
443 769
443 896
443 703
444 621
444 757
444 830
444 670
444 955
444 888
444 832
444 823
444 612
444 958
444 578
444 489
444 756
444 781
444 744
444 697
444 828
445 542
445 696
445 720
445 663
445 741
445 725
445 687
445 489
445 837
445 694
445 935
445 455
445 798
446 471
446 561
446 783
446 682
446 800
446 969
446 568
446 900
446 622
446 514
447 496
447 775
447 881
447 570
447 533
447 684
447 678
447 577
447 525
447 681
448 577
448 908
448 694
448 707
448 685
448 896
448 529
448 631
449 916
449 999
449 584
449 678
449 613
449 612
449 822
449 761
450 665
450 452
450 846
450 561
450 961
450 677
450 651
450 614
450 712
450 701
450 632
450 816
450 982
450 921
450 814
450 918
450 981
450 965
450 568
450 667
451 473
451 717
451 882
451 931
451 572
451 971
451 638
451 889
452 539
452 531
452 926
452 474
452 679
452 483
452 761
453 493
453 851
453 565
453 482
453 843
453 652
453 908
453 483
453 467
453 802
453 860
453 522
453 618
454 721
454 714
454 693
454 557
454 657
454 586
454 848
454 495
454 721
454 876
454 696
454 925
454 875
455 601
455 576
455 853
455 984
455 654
455 490
455 869
456 967
456 625
456 896
456 786
456 803
456 676
456 951
456 785
456 617
456 919
456 637
457 512
457 732
457 883
457 556
457 964
457 725
457 473
457 473
457 748
457 599
457 493
457 953
457 860
457 645
458 459
458 531
458 683
458 736
458 739
458 801
458 858
458 755
458 525
458 612
458 925
458 701
458 588
458 793
458 556
458 548
458 677
459 905
459 900
459 823
459 536
459 952
459 956
459 658
459 931
459 654
459 798
459 503
459 810
459 997
459 933
459 953
459 939
459 488
460 980
460 975
460 904
460 618
460 472
460 665
460 759
460 511
460 874
460 547
460 592
460 906
460 982
460 658
460 852
461 923
461 896
461 816
461 743
461 637
461 883
461 553
461 631
461 836
461 682
461 604
461 788
462 473
462 927
462 664
462 693
462 904
462 608
462 897
462 796
462 513
463 624
463 743
463 604
463 594
463 923
463 866
463 911
463 845
463 579
464 604
464 993
464 633
464 958
464 943
464 524
465 540
465 471
465 627
465 980
465 930
465 816
465 667
465 704
465 712
465 472
465 975
466 600
466 661
466 912
466 505
466 925
466 618
466 985
466 993
466 637
466 817
466 633
466 856
466 530
466 932
466 985
467 574
467 909
467 830
467 747
467 757
467 742
467 711
467 678
467 983
467 917
467 679
467 966
468 565
468 895
468 646
468 957
468 682
468 787
468 732
469 990
469 1000
469 956
469 735
469 998
469 821
469 799
469 816
469 522
469 618
469 754
469 763
469 768
469 831
470 694
470 788
470 846
470 877
470 929
470 926
470 984
470 579
470 778
470 771
470 596
471 489
471 710
471 754
471 698
472 722
472 669
472 777
472 544
472 601
472 515
472 873
472 575
472 928
472 541
473 522
473 966
473 507
473 566
473 632
473 534
473 1000
473 986
473 623
474 525
474 617
474 704
474 963
474 635
474 889
474 754
474 824
474 582
474 899
475 806
475 653
475 843
475 688
475 971
475 512
475 829
475 571
475 825
476 564
476 924
476 991
476 787
476 767
476 575
476 772
476 651
476 702
476 524
476 677
476 494
477 664
477 663
477 602
477 970
477 938
477 702
477 520
477 951
477 622
477 840
478 620
478 845
478 543
478 809
478 779
478 597
478 686
478 982
478 546
478 875
478 849
478 565
478 647
479 922
479 836
479 935
479 653
479 779
479 911
479 920
479 608
479 759
479 845
480 631
480 858
480 594
480 730
480 681
480 519
480 742
480 616
480 771
480 857
480 699
480 767
480 787
481 675
481 694
481 683
481 642
481 697
481 897
481 679
481 912
482 734
482 655
482 508
482 642
482 985
482 572
482 775
482 655
483 637
483 619
483 634
483 716
483 930
483 627
483 866
483 862
484 789
484 778
484 900
484 966
484 653
484 626
484 707
484 819
484 591
484 504
484 872
484 619
484 587
484 765
485 526
485 684
485 646
486 563
486 711
486 624
486 593
486 531
487 570
487 840
487 791
487 814
487 917
487 547
487 829
488 858
488 576
488 500
488 588
488 514
488 606
488 992
488 548
488 993
488 507
488 507
489 690
489 869
489 781
489 756
489 682
489 619
489 625
489 887
489 639
490 873
490 741
490 921
490 575
490 947
490 524
491 653
491 765
491 951
491 827
492 792
492 519
492 827
492 771
492 493
492 711
492 927
492 646
492 504
492 624
492 543
492 854
492 518
492 511
492 677
493 732
493 809
493 596
493 553
493 839
493 549
494 587
494 833
494 989
494 598
494 661
494 598
494 688
494 576
494 718
494 636
495 701
495 858
495 525
495 972
495 769
496 826
496 643
496 871
496 679
496 947
496 861
496 972
496 754
496 890
496 674
496 585
496 593
496 666
496 824
496 928
497 738
497 677
497 928
497 745
497 810
497 992
497 790
497 649
497 682
497 965
497 679
497 886
497 895
497 539
497 679
497 622
498 519
498 783
498 526
498 630
498 756
498 509
498 668
498 890
498 861
498 847
498 628
498 654
499 840
499 962
499 568
499 806
499 817
499 898
499 731
499 755
499 595
499 814
499 748
500 581
500 827
500 598
500 624
500 731
500 708
500 668
500 874
500 979
500 896
501 977
501 948
501 965
501 605
501 782
501 651
501 912
501 725
502 697
502 709
502 720
502 928
502 885
502 991
502 533
502 876
502 780
502 572
503 930
503 786
503 680
503 976
503 552
503 717
503 588
503 551
503 656
503 806
503 645
503 545
504 824
504 786
504 816
504 981
504 798
504 896
505 650
505 715
505 892
505 945
506 979
506 798
506 819
506 801
506 627
506 874
506 548
506 690
506 760
506 757
506 938
506 625
506 712
506 529
506 535
507 623
507 870
507 530
507 684
507 539
508 655
508 559
508 901
508 693
508 762
508 719
508 760
508 663
508 514
508 949
508 688
508 790
509 808
509 987
509 511
509 857
509 971
509 559
509 601
509 979
509 890
509 802
510 726
510 577
510 677
510 578
510 762
511 568
511 902
511 961
511 529
511 659
511 698
511 588
511 903
512 604
512 565
512 616
512 548
512 839
512 723
512 776
512 831
512 747
513 854
513 955
513 688
513 925
513 639
513 685
513 790
514 589
514 655
514 516
514 998
514 667
514 877
514 833
514 821
514 951
515 851
515 905
515 553
515 716
515 765
515 964
515 554
516 523
516 527
516 634
517 572
517 868
517 619
517 570
517 643
517 766
517 717
517 604
517 797
517 843
517 536
517 593
518 643
518 950
518 582
518 965
518 841
518 896
518 1000
518 519
518 641
518 539
519 789
519 810
519 833
519 950
519 917
519 949
519 732
520 688
520 565
520 992
520 631
520 803
520 645
520 899
520 598
520 791
520 840
520 837
521 898
521 996
521 759
521 969
521 582
521 532
521 678
521 854
522 845
522 720
522 743
522 544
522 757
522 525
522 833
522 568
522 901
522 796
522 995
522 728
522 686
523 590
523 906
523 829
523 953
523 557
524 566
524 612
524 802
524 946
524 532
524 592
524 916
524 686
524 654
525 716
525 527
525 717
525 572
526 683
526 708
526 938
526 942
526 943
526 905
526 884
526 883
526 725
526 758
526 830
526 912
527 627
527 877
527 794
527 977
527 655
527 720
527 544
527 665
527 941
527 687
527 841
527 705
527 966
528 820
528 971
528 773
528 895
528 626
528 758
528 932
528 602
528 678
528 655
528 611
529 534
529 623
529 690
529 748
529 983
529 983
530 769
530 881
530 990
530 786
530 567
530 714
530 863
531 962
531 752
531 928
531 942
531 533
532 739
532 826
532 711
532 562
532 679
532 917
532 540
533 950
533 971
533 739
533 746
533 903
533 842
533 868
534 613
534 999
534 746
534 672
534 556
534 864
534 948
535 645
535 933
535 836
535 909
535 625
535 540
535 712
535 733
536 842
536 867
536 839
536 990
536 641
536 866
536 568
536 843
536 666
536 562
537 612
537 661
537 969
538 742
538 987
538 572
538 769
538 701
538 677
539 576
539 585
539 568
539 707
539 805
539 599
539 693
539 835
539 625
540 586
540 730
540 632
540 827
540 739
540 965
541 910
541 646
541 862
541 844
541 779
541 801
541 636
542 939
542 639
542 839
542 956
542 638
542 584
542 558
542 636
542 776
543 807
543 704
543 754
543 637
543 946
543 802
543 947
543 960
543 970
543 562
544 780
544 925
544 929
544 785
544 656
544 946
544 765
544 963
544 873
544 789
544 642
544 860
545 755
545 554
545 666
545 998
545 915
546 896
546 854
546 936
546 580
546 620
546 925
546 647
546 594
546 821
546 658
546 993
546 760
546 919
546 684
546 1000
546 892
547 642
547 983
547 828
547 817
547 628
548 856
548 627
548 747
548 799
548 706
548 717
548 682
548 868
548 830
548 949
548 684
549 840
549 968
549 969
549 792
549 969
549 717
549 780
550 688
550 952
550 934
550 713
550 890
550 628
550 939
550 738
551 637
551 964
551 917
551 763
551 552
552 886
552 662
552 573
552 796
553 602
553 928
553 910
553 923
553 626
553 795
553 615
553 991
554 909
554 587
554 663
554 987
554 784
554 628
554 950
554 690
554 734
555 787
555 755
555 694
555 970
556 845
556 985
556 902
556 760
556 815
556 834
556 646
556 573
556 892
557 693
557 748
557 576
557 586
557 579
557 778
557 586
557 793
558 727
558 909
558 979
558 658
558 968
558 821
558 731
558 589
558 900
558 965
558 601
558 640
558 591
559 562
559 827
559 687
559 614
559 968
559 580
559 789
560 772
560 605
560 958
560 700
560 662
560 932
561 878
561 604
561 677
561 755
561 593
561 726
562 631
562 872
562 771
562 625
562 566
562 583
562 975
562 611
563 729
563 950
563 877
563 864
564 995
564 685
564 733
564 633
564 919
564 935
564 677
564 747
564 996
564 1000
564 922
564 816
565 883
565 836
565 888
565 685
566 793
566 782
566 663
566 939
566 673
566 983
567 871
567 700
567 898
567 794
567 758
567 985
568 814
568 722
568 931
568 848
568 607
569 609
569 813
569 787
569 953
569 735
569 999
569 958
569 985
569 711
569 635
569 572
570 832
570 899
570 737
570 956
570 688
570 609
570 853
570 874
570 617
570 694
570 675
570 753
571 844
571 677
571 987
571 927
571 852
571 768
571 831
571 675
572 792
572 929
572 907
572 703
572 963
572 675
572 810
573 605
573 779
573 859
573 769
573 654
573 760
574 798
574 695
574 977
574 968
574 966
574 838
574 577
575 734
575 639
575 711
575 771
575 776
575 895
575 712
576 983
576 676
576 937
576 936
577 616
577 987
577 908
577 832
577 581
577 865
577 768
577 741
578 621
578 981
578 921
578 596
578 987
578 813
578 756
579 753
579 994
579 765
579 648
579 769
579 837
579 797
579 640
579 722
579 761
579 785
579 796
579 969
579 759
580 682
580 616
580 634
580 926
580 606
580 933
580 918
580 995
581 629
581 605
581 764
581 766
581 719
581 778
581 823
581 739
581 876
582 758
582 879
582 802
582 666
582 848
582 780
582 992
582 994
583 727
583 664
583 804
583 742
584 943
584 589
584 707
584 786
584 639
584 726
584 677
584 712
584 926
584 940
584 739
584 809
585 601
585 972
585 921
585 965
585 838
585 880
586 698
586 722
586 987
586 889
587 625
587 635
587 914
587 784
587 984
587 724
587 835
587 688
588 596
588 916
588 714
588 977
588 847
588 778
588 884
588 742
588 753
588 785
588 697
588 688
588 902
588 949
589 785
589 842
589 884
589 640
589 864
589 647
590 718
590 591
590 793
591 814
591 731
591 727
591 995
591 667
591 791
592 614
592 825
592 829
592 809
592 658
592 722
593 906
593 788
593 683
593 964
593 922
593 777
593 643
593 913
593 987
593 850
593 665
593 991
593 719
593 803
594 923
594 724
594 872
594 908
594 759
594 922
594 917
594 739
595 815
595 832
595 670
595 745
595 930
595 670
595 643
595 766
595 919
595 993
595 781
595 924
595 855
595 994
595 858
595 859
595 953
596 886
596 955
596 781
596 673
596 657
596 973
596 611
597 946
597 973
597 598
597 949
597 941
597 628
597 919
597 656
597 987
597 746
598 966
598 837
598 761
598 677
598 868
598 762
598 731
598 964
598 705
598 884
598 989
598 684
598 849
598 611
599 819
599 686
599 786
599 947
599 776
599 974
599 901
599 643
599 778
599 652
600 665
600 860
600 922
600 660
600 724
600 620
600 675
601 923
601 683
601 988
601 839
601 904
601 729
601 764
601 804
601 602
601 721
602 748
602 878
602 814
602 830
602 618
602 740
603 852
603 836
603 707
603 958
604 977
604 623
604 864
604 903
604 956
605 988
605 785
605 996
605 667
605 850
605 648
606 786
606 934
606 999
606 614
606 829
606 966
606 992
607 746
607 778
607 784
607 707
607 732
607 667
607 759
607 674
608 648
608 881
608 835
608 674
609 856
609 923
609 963
609 853
609 962
609 763
609 728
609 823
609 962
610 944
610 855
610 711
610 993
610 960
610 702
610 884
610 651
611 966
611 684
611 670
611 878
612 938
612 815
612 840
612 679
612 808
612 740
613 729
613 759
613 776
613 938
613 653
613 895
613 646
613 629
613 965
614 991
614 710
614 706
614 922
614 795
614 972
614 906
614 740
614 843
615 841
615 865
616 758
616 976
616 701
616 840
616 637
617 799
617 988
617 758
617 638
617 733
617 811
618 677
618 952
618 633
618 883
618 910
618 976
618 674
618 784
618 645
618 748
619 670
619 655
619 879
619 961
619 846
620 750
620 625
620 660
620 813
620 936
620 645
620 748
621 684
621 819
621 992
621 845
621 949
621 949
621 743
621 861
622 834
622 786
622 911
622 844
622 878
622 918
623 767
623 664
623 638
623 922
623 664
623 689
624 766
624 718
624 897
624 860
624 635
624 655
624 926
624 848
625 865
625 829
625 775
625 986
625 961
626 754
626 898
626 758
626 899
626 994
626 775
626 830
627 647
627 681
627 807
627 839
627 919
627 795
628 810
628 904
628 913
628 845
628 768
628 823
628 904
629 978
629 793
629 969
629 919
629 943
629 650
629 883
630 794
630 684
630 876
630 769
631 900
631 993
631 970
631 709
631 828
632 724
632 770
632 756
632 791
632 969
632 780
632 763
632 900
632 761
632 660
632 981
633 640
633 951
633 869
634 768
634 717
634 647
634 827
634 976
634 660
634 826
634 897
635 785
635 976
635 790
635 855
635 665
635 869
635 897
635 872
636 876
636 708
636 761
636 645
636 703
636 696
636 875
636 910
637 806
637 819
637 875
637 776
637 757
637 713
637 901
638 794
638 872
638 994
638 783
638 837
638 678
638 709
638 975
638 962
639 763
639 850
639 802
639 905
639 960
639 982
639 921
639 995
639 973
639 905
639 704
640 928
640 948
640 686
640 740
640 936
640 761
641 758
641 949
641 956
642 794
642 978
642 746
642 971
643 656
643 758
643 660
643 948
643 996
643 652
643 915
643 897
644 705
644 862
644 905
644 984
644 823
644 997
644 845
644 825
644 690
644 857
644 779
644 675
644 706
645 865
645 791
645 805
645 816
645 704
645 865
646 937
646 928
646 872
646 997
646 824
646 754
646 985
646 712
646 759
647 982
647 727
647 892
647 996
647 691
647 751
647 804
648 909
648 725
648 913
648 892
648 973
648 679
649 696
649 707
649 682
649 982
649 835
649 870
649 986
649 967
649 780
650 846
650 935
650 772
650 994
650 726
651 831
651 837
651 793
651 982
651 822
651 699
651 701
651 919
651 655
652 939
652 820
652 997
652 798
652 952
652 883
653 882
653 804
653 758
653 888
653 670
653 852
653 880
654 848
654 841
654 838
654 990
654 961
654 811
654 876
654 740
655 914
655 815
655 830
655 830
655 956
655 669
655 869
655 823
655 790
656 808
656 668
656 886
656 733
656 659
656 861
656 772
656 713
656 772
657 866
657 855
657 891
657 940
658 813
658 863
658 966
658 738
658 680
658 852
658 879
659 786
659 779
659 734
659 908
659 935
659 865
660 732
660 944
660 867
660 675
661 910
661 857
661 987
661 750
661 767
661 937
661 993
661 846
661 786
661 769
661 676
661 778
662 888
662 925
662 853
662 778
662 991
662 931
662 941
663 993
663 749
663 744
663 800
664 1000
664 783
664 896
664 727
665 997
665 723
665 809
665 992
665 820
665 979
665 718
665 959
665 976
665 851
666 905
666 843
666 693
666 977
666 801
666 695
666 925
666 896
666 986
666 812
667 852
667 977
667 846
667 856
668 864
669 818
669 976
669 776
669 922
669 817
669 825
669 896
669 954
670 689
670 695
670 998
670 749
670 713
671 931
672 814
672 960
672 754
672 781
673 879
673 714
673 841
673 946
673 788
673 703
673 847
674 945
674 805
674 702
674 682
674 871
674 701
674 851
674 801
675 710
675 952
675 773
675 811
675 994
676 952
676 764
676 945
677 732
677 737
677 967
677 683
677 972
677 831
677 680
677 995
678 932
678 843
678 886
678 815
678 902
679 834
679 793
679 852
679 754
679 795
679 787
679 933
679 800
680 789
680 979
680 836
680 998
680 800
680 985
680 806
680 831
680 945
681 900
681 812
681 920
681 848
682 1000
682 712
682 791
682 704
682 969
682 851
682 910
682 924
682 784
682 972
682 985
683 829
683 915
683 909
683 955
683 880
683 751
683 809
684 728
684 940
684 743
684 916
684 791
684 875
684 920
685 897
685 799
685 814
685 771
685 816
685 821
685 719
685 826
685 758
685 752
685 817
686 912
686 707
686 723
686 834
686 787
686 819
686 999
687 874
687 779
687 933
687 697
687 944
687 821
687 879
688 809
688 709
688 805
688 993
689 963
689 882
689 808
689 776
689 790
689 975
689 946
689 730
690 977
690 707
690 933
690 900
690 883
690 792
690 720
691 756
691 947
691 731
691 790
692 791
692 833
692 830
692 848
692 725
693 758
693 763
693 901
693 930
693 805
693 694
693 908
693 797
693 829
693 726
694 837
694 707
694 873
694 780
694 833
694 915
695 777
695 768
695 840
695 762
695 902
696 908
696 964
697 870
697 965
697 963
698 933
698 992
698 826
698 968
698 771
698 777
698 985
699 955
699 984
700 907
700 831
700 817
700 998
700 928
700 891
700 898
700 856
701 880
701 773
701 756
702 866
702 819
702 937
702 995
702 882
703 954
703 873
703 820
703 928
703 946
703 932
704 941
704 1000
704 984
704 863
704 926
704 783
704 1000
704 729
704 844
704 789
704 956
704 971
704 897
704 896
704 743
705 994
705 905
705 909
705 782
706 967
706 976
706 834
706 844
706 845
706 917
706 748
707 783
707 895
707 983
707 796
707 896
708 844
708 792
708 882
708 998
708 856
708 881
708 720
709 801
709 948
709 872
709 924
710 805
710 936
710 920
710 965
711 834
711 982
711 757
711 991
711 907
711 976
711 854
712 749
712 721
712 971
713 883
713 921
713 822
713 780
713 772
714 949
714 812
714 803
714 937
714 982
715 733
715 739
715 903
716 980
716 747
716 898
716 808
717 766
717 963
717 927
717 720
717 748
717 748
718 888
718 979
718 871
718 867
718 732
718 960
718 891
718 977
719 740
719 962
719 853
719 730
719 792
720 949
720 800
720 908
721 983
721 762
722 880
722 939
722 872
722 974
722 818
722 794
723 998
723 778
723 900
723 991
723 837
723 772
723 922
723 929
723 841
724 734
724 983
724 895
724 954
724 819
725 770
725 931
725 741
725 980
725 967
726 836
726 870
726 840
727 849
727 950
727 728
727 960
727 808
727 778
728 866
728 783
728 736
728 797
728 911
729 782
729 817
729 884
729 760
729 758
729 978
729 792
730 987
730 886
731 836
731 864
731 742
731 817
731 901
731 972
731 977
731 775
732 958
732 984
732 947
733 826
733 903
733 897
733 805
733 919
733 973
734 965
734 808
734 939
734 780
734 877
734 737
734 919
734 784
735 927
735 790
735 857
735 951
736 897
736 938
736 913
736 851
736 824
736 843
737 898
737 819
737 912
738 993
738 845
738 834
738 961
738 758
738 916
738 844
738 760
739 962
739 788
740 841
740 863
740 885
740 933
740 823
741 906
742 767
742 855
742 768
742 785
742 921
743 848
743 894
743 907
744 916
744 958
744 864
744 893
745 908
745 824
745 776
745 856
745 855
745 877
745 783
746 897
746 862
746 932
746 769
746 781
746 914
746 932
747 805
747 946
747 902
748 843
748 997
748 811
748 897
748 917
748 909
748 836
749 861
749 754
750 838
750 941
750 882
751 756
751 849
751 776
751 852
752 826
752 881
752 987
752 864
753 786
753 794
753 994
753 805
753 932
754 923
754 961
755 941
755 847
755 758
755 807
756 855
756 854
756 914
757 787
757 897
757 873
757 911
757 916
757 954
757 954
757 925
757 988
757 966
758 802
758 847
758 780
758 920
758 890
758 818
759 788
759 771
759 883
759 917
759 778
759 924
760 922
760 858
761 850
761 788
761 970
761 934
761 816
761 978
762 871
762 900
762 920
762 797
762 779
762 899
763 869
763 973
763 909
763 814
763 852
763 849
764 799
764 924
764 793
765 872
765 998
765 841
766 825
766 836
766 845
767 785
767 920
767 895
767 994
767 848
767 806
767 799
768 809
769 917
769 814
770 806
770 985
770 855
770 948
771 937
771 973
771 888
771 793
771 797
772 930
772 984
772 902
772 792
772 874
772 873
772 944
773 928
773 836
773 825
773 796
773 946
774 817
774 874
774 925
774 991
774 795
774 868
775 801
775 976
775 863
776 906
776 954
776 860
776 974
776 946
777 998
777 839
777 805
777 842
778 920
778 964
778 984
779 993
779 856
779 860
779 910
779 885
780 899
780 942
781 984
781 973
781 949
781 921
781 952
781 952
781 960
782 791
783 897
783 860
783 901
784 884
784 968
784 903
784 806
784 792
785 850
785 816
785 945
786 993
786 825
786 919
786 816
787 886
787 915
787 943
788 891
788 957
789 843
789 941
789 794
789 848
789 871
790 840
791 795
791 872
791 916
791 961
791 937
791 862
792 883
792 972
792 924
792 895
792 902
793 952
793 866
793 902
794 854
795 973
795 868
796 991
796 843
796 915
796 843
797 799
797 849
797 972
797 835
798 817
799 945
799 880
799 869
800 989
800 958
800 947
800 871
801 988
801 922
802 999
802 989
803 907
803 978
803 850
804 939
804 874
804 831
805 811
805 848
805 881
805 925
806 925
806 975
807 891
807 902
807 865
807 874
808 853
808 816
808 981
809 907
810 893
810 931
811 876
811 931
811 882
811 978
812 891
812 827
812 924
812 958
812 996
812 989
813 939
813 859
813 953
813 821
813 904
814 875
814 930
815 874
815 955
815 864
815 830
816 830
816 847
817 940
817 980
817 840
817 842
817 991
818 884
819 979
820 965
821 929
821 907
821 935
821 865
821 849
822 961
822 862
822 915
823 919
823 857
824 945
825 967
825 892
825 860
825 856
825 829
827 955
827 998
827 949
828 958
828 838
828 960
828 837
829 928
829 938
829 975
829 833
829 872
830 938
830 863
830 979
831 914
831 852
831 863
832 946
832 974
832 890
833 870
833 907
833 936
833 841
833 990
833 841
833 875
834 895
834 937
834 987
834 976
836 845
837 954
837 907
837 865
837 993
839 841
839 841
839 963
840 947
840 870
840 943
840 916
840 960
840 872
840 964
840 987
842 886
842 896
842 956
842 955
842 981
842 977
843 854
844 913
844 924
844 928
844 999
845 910
845 971
845 931
845 977
845 973
846 911
846 853
846 962
847 924
847 883
847 879
847 927
847 879
848 923
848 873
849 942
849 862
850 886
851 995
851 869
851 951
851 857
851 853
851 908
852 928
852 878
853 884
854 902
855 940
855 922
855 867
856 868
856 915
857 911
857 921
857 996
857 990
858 886
859 949
859 953
859 965
860 919
860 901
860 996
861 870
861 887
862 966
862 925
863 906
865 969
866 900
867 974
868 921
869 945
869 923
869 965
869 907
870 988
871 963
872 985
873 891
873 945
874 902
875 997
876 923
877 929
878 914
878 996
879 906
880 889
880 978
880 947
881 941
882 944
883 969
883 988
884 966
884 977
884 916
885 904
885 915
885 968
886 907
886 969
887 921
887 918
888 952
889 929
889 904
889 897
890 968
890 917
892 953
892 956
892 938
893 985
894 956
894 907
895 944
895 925
896 946
896 916
897 922
897 939
898 946
898 975
899 983
899 945
900 955
901 918
901 954
901 931
901 932
901 974
902 951
905 913
905 998
906 913
906 983
906 922
906 990
907 943
909 935
909 913
909 997
910 990
910 958
912 977
914 967
914 948
914 983
914 944
914 976
915 971
915 965
915 937
916 969
917 926
917 941
918 986
919 971
919 980
920 995
920 933
921 934
921 973
921 990
921 953
922 935
922 946
923 976
924 928
926 956
926 994
927 942
927 996
928 975
928 978
928 968
928 970
928 954
929 1000
929 981
929 979
929 956
929 969
930 938
930 1000
932 983
932 962
933 945
935 977
936 943
936 974
938 996
939 954
939 949
939 947
940 986
940 993
940 969
941 966
941 987
945 996
948 976
949 997
950 957
952 978
953 978
954 966
954 972
958 961
958 982
959 988
960 998
963 999
963 995
963 972
964 995
966 981
968 978
969 990
970 987
970 995
971 986
972 994
974 989
982 994
994 996