10000 1 550
1 2
1 3
1 100
1 113
1 150
1 468
1 557
1 615
1 704
1 854
1 319
1 666
1 18
1 438
1 608
1 528
1 112
1 70
1 845
1 745
1 22
1 300
1 19
1 504
2 4
2 5
2 8
2 23
2 42
2 890
2 701
2 460
2 34
2 832
2 742
2 740
2 916
2 570
2 516
2 828
2 714
2 964
2 430
2 219
2 876
3 7
3 9
3 14
3 16
3 91
3 817
3 954
3 405
3 541
3 739
3 742
3 389
3 783
3 943
3 785
3 280
3 274
3 874
3 696
3 206
3 318
3 220
3 654
3 511
3 796
3 270
3 663
3 371
4 20
4 26
4 127
4 162
4 430
4 617
4 139
4 215
4 303
4 641
4 552
4 806
4 874
4 887
4 613
4 407
4 350
4 701
4 853
4 343
4 16
4 843
4 719
4 845
4 335
4 513
4 73
4 565
5 6
5 10
5 32
5 224
5 395
5 570
5 976
5 805
5 284
5 71
5 926
5 834
5 858
5 215
5 836
5 709
5 955
5 118
5 195
5 56
5 726
5 636
5 801
5 786
5 193
5 296
5 297
5 332
5 202
5 980
6 177
6 968
6 791
6 892
6 194
6 215
6 673
6 224
6 930
6 763
6 961
6 453
6 268
6 463
6 851
6 748
7 15
7 25
7 82
7 109
7 111
7 503
7 307
7 800
7 166
7 265
7 882
7 77
7 204
7 626
7 11
7 883
7 179
7 715
7 162
7 824
7 727
7 29
7 169
7 402
7 145
7 413
7 273
7 183
7 414
7 539
7 449
8 12
8 357
8 305
8 496
8 458
8 801
8 912
8 541
8 777
8 453
8 924
8 482
8 730
8 635
8 110
8 422
8 773
8 108
9 11
9 76
9 275
9 608
9 802
9 286
9 710
9 643
9 590
9 584
9 826
9 605
9 107
9 490
9 95
9 784
9 804
9 729
9 53
10 52
10 124
10 305
10 446
10 109
10 260
10 782
10 537
10 58
10 112
10 840
10 128
10 132
10 502
10 237
10 460
10 515
10 115
11 18
11 19
11 38
11 44
11 141
11 363
11 393
11 573
11 663
11 831
11 209
11 300
11 562
11 755
11 930
11 610
11 644
11 506
11 831
11 944
11 724
11 309
11 728
11 605
11 457
11 939
11 868
11 792
11 584
11 139
11 523
11 872
12 13
12 21
12 53
12 57
12 329
12 712
12 633
12 744
12 175
12 66
12 228
12 487
12 298
12 778
12 399
12 259
12 915
12 844
12 496
12 277
12 313
12 259
12 501
12 169
12 589
13 22
13 28
13 522
13 84
13 317
13 886
13 678
13 204
13 773
13 927
13 945
13 778
13 595
13 424
13 115
13 649
13 16
13 340
13 664
13 53
14 31
14 37
14 40
14 217
14 945
14 582
14 586
14 717
14 18
14 816
14 525
14 937
14 495
14 462
15 17
15 208
15 778
15 290
15 19
15 265
15 713
15 581
15 241
15 492
15 145
15 241
15 994
15 405
15 849
15 909
15 34
15 374
15 249
15 785
16 93
16 105
16 487
16 558
16 569
16 799
16 700
16 154
16 954
16 120
16 707
16 895
16 419
16 556
16 367
16 58
16 491
16 38
16 910
16 550
17 68
17 69
17 74
17 243
17 306
17 922
17 708
17 968
17 884
17 107
17 806
17 608
17 685
17 322
17 763
17 247
17 481
17 95
17 234
18 24
18 34
18 95
18 307
18 986
18 895
18 89
18 235
18 814
18 811
18 457
18 112
18 413
18 27
18 360
18 448
19 39
19 63
19 249
19 455
19 313
19 331
19 836
19 894
19 909
19 842
19 623
19 483
19 548
19 530
19 82
19 301
19 359
19 486
19 211
19 29
19 751
19 856
20 45
20 46
20 59
20 103
20 353
20 432
20 38
20 695
20 175
20 103
20 811
20 705
20 29
20 226
20 756
20 970
20 289
21 35
21 43
21 311
21 392
21 368
21 753
21 404
21 440
21 532
21 437
21 345
21 963
21 733
21 310
21 918
21 561
21 757
21 58
22 33
22 157
22 336
22 390
22 659
22 781
22 388
22 367
22 957
22 979
22 661
22 692
22 175
22 570
22 367
22 909
22 923
22 651
22 301
22 915
22 831
22 162
22 286
22 148
22 427
22 615
22 279
22 851
22 690
22 593
23 30
23 51
23 70
23 454
23 563
23 235
23 363
23 319
23 367
23 29
23 768
23 337
23 191
23 85
23 344
23 504
23 358
23 337
23 417
23 32
23 437
24 49
24 106
24 205
24 694
24 757
24 294
24 403
24 683
24 885
24 959
24 348
24 647
24 130
24 923
24 222
24 755
25 27
25 193
25 178
25 122
25 195
25 467
25 702
25 939
25 653
25 680
25 720
25 736
25 183
25 200
25 452
25 964
25 873
25 517
25 665
26 119
26 199
26 244
26 971
26 754
26 930
26 373
26 688
26 998
26 305
26 169
26 223
26 47
26 284
26 346
26 197
26 108
26 257
26 669
26 476
27 29
27 61
27 67
27 72
27 578
27 549
27 57
27 72
27 479
27 876
27 647
27 228
27 276
27 158
27 703
27 987
27 457
27 877
27 343
27 928
27 397
28 62
28 122
28 349
28 967
28 719
28 447
28 252
28 63
28 918
28 291
28 139
28 971
28 138
28 925
28 206
28 977
28 426
28 758
28 877
28 664
28 772
28 853
29 65
29 142
29 371
29 966
29 930
29 956
29 189
29 64
29 520
29 937
29 329
29 762
29 376
29 786
29 152
29 870
29 207
29 806
29 736
29 212
30 78
30 133
30 145
30 289
30 339
30 479
30 777
30 841
30 314
30 958
30 996
30 415
30 175
30 275
30 749
30 286
30 438
30 864
30 376
30 260
30 794
30 477
30 92
30 677
30 96
31 47
31 79
31 92
31 497
31 814
31 536
31 230
31 83
31 481
31 245
31 75
31 90
31 169
31 841
31 636
31 392
31 313
31 168
31 923
31 436
31 437
31 337
31 807
31 671
31 171
32 171
32 173
32 397
32 462
32 730
32 106
32 936
32 187
32 804
32 210
32 291
32 907
32 363
32 74
32 223
32 197
32 811
32 93
32 33
32 80
32 769
33 48
33 112
33 235
33 908
33 188
33 242
33 137
33 618
33 177
33 574
33 713
33 731
33 975
33 119
33 64
33 489
33 80
33 195
33 756
33 669
33 165
33 910
33 693
33 371
33 186
33 373
34 160
34 386
34 548
34 64
34 872
34 85
34 362
34 735
34 688
34 235
34 824
34 832
34 455
34 679
34 584
34 43
35 36
35 159
35 506
35 534
35 959
35 494
35 723
35 207
35 960
35 635
35 268
35 650
35 185
35 436
35 749
35 67
35 386
35 241
35 337
36 41
36 54
36 383
36 78
36 891
36 361
36 751
36 640
36 524
36 933
36 898
36 901
36 326
36 288
36 483
36 390
36 46
36 812
36 49
36 173
36 629
36 332
36 381
37 55
37 146
37 156
37 480
37 158
37 93
37 581
37 990
37 213
37 624
37 660
37 762
37 680
37 214
37 657
37 271
37 769
37 768
37 107
37 46
37 840
37 203
37 770
37 862
37 814
37 757
38 96
38 312
38 385
38 452
38 302
38 324
38 94
38 450
38 610
38 132
38 623
38 886
38 457
38 89
38 556
38 411
39 84
39 701
39 95
39 949
39 150
39 532
39 795
39 561
39 663
39 545
39 524
39 179
39 472
39 605
39 447
39 736
39 861
39 198
39 631
39 120
39 898
39 671
39 523
39 886
39 398
39 323
39 639
40 60
40 871
40 612
40 657
40 387
40 121
40 977
40 868
40 126
40 70
40 539
40 791
40 652
40 708
40 797
41 256
41 308
41 955
41 365
41 749
41 505
41 756
41 203
41 723
41 793
41 718
41 60
41 127
41 292
41 262
41 327
41 594
41 54
41 857
41 368
41 761
41 146
41 977
41 931
42 121
42 155
42 568
42 611
42 922
42 228
42 734
42 217
42 821
42 991
42 989
42 125
42 466
42 93
42 78
42 419
42 267
42 854
42 168
42 266
42 564
42 631
43 85
43 373
43 948
43 580
43 165
43 248
43 616
43 785
43 662
43 452
43 726
43 604
43 474
43 857
43 434
43 230
43 602
43 197
43 124
43 921
43 279
43 340
43 569
44 115
44 371
44 451
44 664
44 378
44 455
44 690
44 79
44 246
44 480
44 596
44 728
44 199
44 985
44 541
44 448
44 833
44 714
44 628
44 257
44 976
44 505
44 919
44 336
44 365
44 131
44 67
44 396
45 83
45 226
45 234
45 677
45 418
45 400
45 111
45 662
45 243
45 147
45 412
45 973
45 568
45 961
45 816
45 632
45 94
45 339
45 260
46 56
46 252
46 410
46 603
46 962
46 953
46 542
46 95
46 220
46 857
46 978
46 653
46 125
46 54
46 217
46 207
46 637
47 185
47 187
47 768
47 559
47 352
47 398
47 249
47 531
47 535
47 848
47 827
47 864
47 564
47 987
47 975
47 589
47 493
47 387
47 664
47 360
47 477
48 90
48 474
48 109
48 58
48 452
48 559
48 676
48 397
48 355
48 552
48 965
48 732
48 201
48 310
48 686
48 429
49 50
49 64
49 66
49 77
49 247
49 473
49 98
49 280
49 708
49 459
49 796
49 334
49 300
49 439
49 595
49 810
49 664
49 670
49 774
49 370
49 296
49 565
49 538
49 569
50 366
50 993
50 669
50 515
50 840
50 710
50 376
50 912
50 174
50 514
50 591
50 162
50 259
50 173
50 559
50 422
50 172
51 97
51 161
51 287
51 449
51 560
51 870
51 877
51 754
51 608
51 117
51 842
51 675
51 515
51 355
51 302
51 502
51 856
51 651
51 641
52 58
52 73
52 241
52 948
52 129
52 727
52 994
52 482
52 112
52 334
52 439
52 590
52 913
52 394
52 639
52 61
52 446
52 458
52 386
52 989
53 87
53 178
53 957
53 666
53 232
53 686
53 234
53 545
53 187
53 131
53 157
53 559
53 834
53 83
53 838
53 606
53 249
53 221
53 709
53 638
53 407
53 610
53 340
53 100
53 750
53 899
54 222
54 238
54 80
54 701
54 378
54 490
54 105
54 780
54 843
54 372
54 977
55 201
55 651
55 680
55 210
55 556
55 64
55 187
55 791
55 983
55 504
55 883
55 373
55 882
55 915
55 378
55 220
55 178
55 686
55 201
56 315
56 378
56 489
56 697
56 998
56 349
56 133
56 229
56 274
56 663
56 288
56 398
56 492
56 909
56 431
56 74
56 628
56 386
56 474
56 104
57 350
57 382
57 728
57 296
57 901
57 165
57 412
57 59
57 94
57 814
57 918
57 924
57 560
57 725
57 260
57 683
58 231
58 983
58 869
58 197
58 766
58 156
58 543
58 507
58 688
58 771
58 154
58 669
58 449
58 441
58 712
58 475
58 537
58 817
58 703
58 222
58 617
59 191
59 255
59 355
59 516
59 296
59 603
59 576
59 651
59 230
59 408
59 913
59 105
59 658
59 596
59 846
59 913
59 423
59 909
59 331
60 359
60 941
60 734
60 335
60 440
60 230
60 378
60 72
60 402
60 678
60 319
60 418
60 275
60 800
60 531
61 71
61 143
61 194
61 935
61 233
61 420
61 217
61 788
61 680
61 111
61 837
61 883
61 376
61 494
61 353
61 276
61 667
61 279
61 228
61 526
61 399
61 926
61 723
61 538
61 338
61 243
61 203
62 158
62 488
62 693
62 171
62 128
62 213
62 964
62 847
62 609
62 817
62 89
62 447
62 508
62 551
62 622
62 862
62 748
62 738
62 449
62 303
63 172
63 583
63 217
63 863
63 942
63 716
63 460
63 335
63 407
63 846
63 548
63 477
63 331
63 719
63 138
63 916
63 639
63 941
64 86
64 114
64 769
64 285
64 879
64 464
64 819
64 65
64 623
64 778
64 351
64 221
64 402
64 822
64 696
64 285
65 463
65 208
65 921
65 722
65 320
65 574
65 712
65 969
65 310
65 956
65 140
65 362
65 302
65 405
65 657
65 788
65 770
65 994
65 783
65 927
65 495
65 529
65 126
66 80
66 132
66 181
66 251
66 273
66 599
66 528
66 211
66 595
66 883
66 838
66 912
66 878
66 257
66 642
66 71
66 576
66 293
66 152
66 139
67 169
67 696
67 397
67 828
67 538
67 124
67 477
67 965
67 188
67 208
67 723
67 836
68 108
68 123
68 447
68 200
68 534
68 415
68 499
68 679
68 616
68 522
68 910
68 939
68 272
68 173
68 748
68 891
68 684
68 367
68 445
68 71
68 524
68 272
68 443
68 314
69 130
69 407
69 978
69 654
69 551
69 100
69 954
69 865
69 422
69 782
69 682
69 251
69 816
69 858
69 593
69 822
69 840
70 675
70 121
70 501
70 981
70 939
70 898
70 501
70 531
70 127
70 267
70 871
70 654
70 518
70 144
70 337
70 313
71 75
71 107
71 874
71 939
71 835
71 723
71 503
71 338
71 338
71 482
71 521
71 684
71 934
71 125
71 973
71 713
71 861
71 618
71 597
71 858
71 736
71 129
71 918
71 595
71 310
72 844
72 521
72 488
72 719
72 617
72 233
72 778
72 623
72 308
72 644
72 395
72 460
72 719
72 200
72 706
72 836
72 793
72 823
72 660
72 884
72 763
72 148
72 195
72 209
72 629
73 99
73 591
73 873
73 81
73 650
73 221
73 355
73 131
73 464
73 815
73 916
73 936
73 866
73 604
73 970
73 556
73 352
73 267
74 94
74 166
74 498
74 919
74 652
74 688
74 89
74 592
74 843
74 910
74 795
74 849
74 516
74 434
74 941
74 714
74 967
74 164
74 305
74 669
74 725
74 338
74 323
74 161
75 81
75 887
75 667
75 942
75 477
75 744
75 731
75 613
75 419
75 791
75 906
75 355
75 481
75 767
75 404
75 218
75 218
75 714
75 856
75 515
75 994
75 840
75 128
75 590
75 80
75 311
76 125
76 399
76 271
76 854
76 487
76 846
76 930
76 897
76 778
76 798
76 920
76 974
76 713
76 279
76 252
76 982
77 135
77 776
77 966
77 141
77 894
77 456
77 340
77 673
77 106
77 321
77 647
77 482
77 605
77 586
77 871
77 970
77 125
77 781
77 806
77 460
77 457
77 719
77 879
78 240
78 342
78 499
78 91
78 256
78 196
78 325
78 986
78 785
78 976
78 195
78 573
78 991
78 81
78 183
79 89
79 116
79 239
79 900
79 302
79 636
79 775
79 745
79 573
79 634
79 362
79 324
80 120
80 314
80 429
80 575
80 563
80 903
80 349
80 651
80 513
80 305
80 177
80 274
80 272
80 344
80 978
80 396
80 738
80 262
80 328
80 249
80 335
80 163
80 879
81 263
81 756
81 145
81 775
81 476
81 783
81 829
81 931
81 753
81 932
81 369
81 301
81 246
81 464
82 164
82 175
82 214
82 892
82 944
82 885
82 376
82 901
82 731
82 477
82 284
82 491
82 991
82 648
82 96
82 659
82 578
82 199
82 629
82 438
83 182
83 705
83 986
83 457
83 391
83 612
83 676
83 550
83 461
83 528
83 951
83 470
83 882
83 276
83 711
83 431
83 726
84 259
84 319
84 618
84 774
84 413
84 333
84 213
84 544
84 111
84 743
84 565
84 710
84 386
84 152
84 353
84 508
84 760
84 922
84 264
84 475
84 620
84 767
84 968
84 311
84 356
84 807
84 694
85 88
85 286
85 433
85 584
85 531
85 831
85 374
85 163
85 423
85 831
85 588
85 824
85 523
85 169
85 676
85 666
85 683
85 207
86 102
86 916
86 97
86 491
86 725
86 267
86 451
86 956
86 599
86 246
86 730
86 851
86 789
86 560
87 170
87 303
87 344
87 461
87 507
87 845
87 964
87 407
87 330
87 978
87 93
87 852
87 154
87 720
87 991
87 645
87 607
87 554
87 733
87 141
87 430
88 151
88 197
88 860
88 495
88 443
88 977
88 572
88 611
88 790
88 508
88 136
88 401
88 111
88 710
88 968
89 101
89 577
89 823
89 593
89 648
89 200
89 455
89 387
89 449
89 745
89 905
89 260
89 91
89 626
89 291
89 880
89 484
89 762
89 409
89 891
89 722
89 582
89 406
89 693
90 732
90 896
90 890
90 808
90 978
90 832
90 446
90 687
90 859
90 134
90 603
90 400
90 729
90 925
90 131
90 587
90 730
90 101
90 985
90 456
90 258
90 999
90 829
91 137
91 376
91 865
91 497
91 684
91 599
91 651
91 293
91 548
91 749
91 475
91 332
91 691
91 330
91 409
91 219
91 948
91 430
91 273
91 269
92 128
92 859
92 999
92 863
92 980
92 386
92 768
92 622
92 248
92 351
92 589
92 178
92 219
92 757
92 150
92 471
92 622
92 698
92 412
93 104
93 129
93 176
93 186
93 254
93 274
93 357
93 367
93 419
93 501
93 783
93 762
93 618
93 254
93 170
93 336
93 841
93 418
93 205
93 553
93 167
93 193
93 478
93 813
93 664
93 704
93 248
94 98
94 270
94 420
94 523
94 347
94 874
94 216
94 217
94 915
94 172
94 533
94 197
94 335
94 475
94 125
94 116
95 117
95 153
95 212
95 804
95 142
95 665
95 263
95 410
95 868
95 681
95 626
95 211
95 792
95 304
95 319
95 908
95 152
95 930
95 496
96 126
96 624
96 829
96 358
96 846
96 865
96 328
96 538
96 890
96 700
96 536
96 175
96 296
96 986
96 982
96 340
96 793
96 345
97 286
97 739
97 148
97 584
97 621
97 864
97 205
97 664
97 676
97 184
97 506
97 564
98 110
98 980
98 597
98 499
98 351
98 633
98 318
98 373
98 350
98 136
98 895
98 545
98 172
98 152
98 805
98 565
98 597
98 810
98 757
98 743
98 502
98 641
98 825
98 765
98 934
99 289
99 295
99 791
99 249
99 151
99 594
99 330
99 523
99 340
99 484
99 542
99 714
99 546
99 608
99 515
99 470
99 416
99 876
99 830
99 708
99 943
99 985
99 282
100 540
100 446
100 697
100 449
100 112
100 796
100 910
100 287
100 390
100 350
100 602
100 253
100 987
100 164
100 248
100 273
101 165
101 204
101 266
101 391
101 804
101 432
101 196
101 536
101 264
101 454
101 915
101 685
101 760
101 455
101 970
101 492
101 937
101 635
101 962
101 290
101 702
101 647
101 783
101 871
101 824
101 852
102 144
102 152
102 232
102 242
102 293
102 544
102 772
102 774
102 357
102 580
102 882
102 711
102 341
102 850
102 745
102 441
102 669
102 426
102 499
102 198
102 344
102 160
102 667
102 122
102 963
102 104
102 219
102 656
102 876
103 261
103 273
103 279
103 296
103 249
103 861
103 831
103 329
103 590
103 208
103 312
103 496
103 539
103 312
104 154
104 257
104 364
104 991
104 655
104 392
104 321
104 521
104 564
104 284
104 648
104 111
104 737
104 530
104 412
104 495
104 308
104 210
104 605
104 984
104 808
105 136
105 644
105 154
105 486
105 791
105 527
105 803
105 221
105 681
105 272
105 926
105 267
105 716
105 683
105 134
105 194
105 118
105 946
105 863
106 245
106 258
106 595
106 693
106 145
106 453
106 740
106 847
106 335
106 883
106 957
106 249
106 921
106 603
106 395
106 689
106 332
106 366
106 903
106 360
106 609
107 190
107 444
107 838
107 298
107 327
107 997
107 248
107 916
107 148
107 692
107 324
108 183
108 203
108 513
108 155
108 764
108 635
108 617
108 577
108 717
108 607
108 876
108 134
108 373
108 576
108 609
108 175
108 446
108 493
108 469
108 225
108 574
108 788
109 210
109 246
109 283
109 669
109 787
109 930
109 420
109 586
109 241
109 155
109 557
109 120
109 950
109 754
109 537
109 782
109 558
109 510
109 274
109 788
109 563
109 872
110 250
110 316
110 498
110 876
110 332
110 724
110 737
110 501
110 961
110 176
110 574
110 456
110 299
110 542
110 851
110 769
110 882
110 673
110 938
110 292
110 784
111 405
111 483
111 326
111 520
111 488
111 360
111 584
111 683
111 702
111 894
111 756
111 955
111 173
111 744
111 142
111 965
111 891
111 295
111 979
111 446
112 134
112 230
112 717
112 904
112 867
112 407
112 402
112 390
112 616
112 865
112 562
112 982
112 388
112 847
112 693
112 224
112 641
112 498
112 119
112 926
112 615
112 942
112 184
112 115
112 517
112 897
112 702
113 139
113 796
113 512
113 394
113 322
113 791
113 469
113 611
113 265
113 622
113 978
113 472
113 776
113 732
113 297
114 118
114 256
114 706
114 428
114 865
114 438
114 883
114 402
114 160
115 139
115 251
115 651
115 392
115 459
115 592
115 211
115 849
115 734
115 363
115 803
115 948
115 626
115 150
115 660
115 958
116 260
116 513
116 759
116 713
116 381
116 939
116 439
116 625
116 919
116 508
116 229
116 464
116 664
116 505
116 353
117 142
117 148
117 537
117 318
117 664
117 386
117 941
117 489
117 257
117 950
117 530
117 280
117 267
118 539
118 801
118 584
118 155
118 975
118 288
118 860
118 742
118 806
118 591
118 270
118 369
118 586
118 122
118 691
118 724
119 147
119 857
119 305
119 871
119 339
119 164
119 137
119 991
119 909
119 439
119 565
119 988
119 862
119 384
119 876
119 670
119 603
120 902
120 913
120 857
120 598
120 431
120 894
120 488
120 963
120 982
120 301
121 149
121 265
121 488
121 167
121 184
121 173
121 136
121 805
121 574
121 313
121 219
121 191
122 211
122 268
122 963
122 639
122 395
122 413
122 430
122 784
122 871
122 275
122 447
122 820
122 374
122 141
122 722
122 447
122 365
123 223
123 402
123 640
123 697
123 183
123 292
123 905
123 181
123 782
123 512
123 298
123 438
123 664
123 539
123 433
123 561
123 652
123 765
123 859
123 482
123 546
123 688
123 682
124 131
124 277
124 328
124 725
124 882
124 337
124 190
124 610
124 298
124 128
124 880
124 517
124 450
124 374
124 170
124 377
124 699
124 469
124 381
124 223
124 266
124 621
124 899
124 514
124 740
124 649
124 730
125 285
125 486
125 515
125 676
125 952
125 649
125 330
125 366
125 711
125 921
125 886
125 691
125 550
125 596
125 641
126 532
126 133
126 605
126 688
126 448
126 986
126 778
126 159
126 757
126 511
126 479
126 617
126 625
126 441
126 247
126 902
126 221
126 356
127 702
127 740
127 934
127 794
127 617
127 953
127 353
127 201
127 917
127 475
127 943
127 384
127 359
127 217
127 703
127 583
127 562
127 587
127 805
127 443
127 238
127 603
128 184
128 715
128 416
128 237
128 200
128 520
128 859
128 544
128 429
128 864
128 364
128 704
128 983
128 674
128 326
128 392
128 795
128 583
128 237
129 140
129 403
129 981
129 184
129 663
129 356
129 337
129 229
129 680
129 474
129 345
129 799
129 596
129 701
129 846
129 516
129 908
129 607
129 241
129 508
129 474
129 712
129 405
130 138
130 406
130 799
130 654
130 191
130 730
130 948
130 357
130 818
130 926
130 498
130 309
130 366
130 676
130 228
130 293
130 634
130 768
130 850
130 877
130 955
130 403
131 625
131 765
131 772
131 756
131 696
131 193
131 933
131 807
131 402
131 615
131 197
131 921
131 727
131 680
131 753
131 841
131 586
131 294
131 341
131 355
131 133
131 231
132 298
132 389
132 617
132 826
132 161
132 982
132 829
132 507
132 997
132 875
132 176
132 412
132 644
132 937
132 635
132 1000
132 227
132 450
132 704
132 543
133 167
133 412
133 650
133 662
133 987
133 486
133 159
133 389
133 996
133 166
133 708
133 234
133 664
133 661
133 436
133 652
133 251
133 538
133 225
133 187
133 500
134 163
134 413
134 626
134 487
134 485
134 355
134 776
134 445
134 422
134 626
134 677
134 546
134 467
134 302
134 881
134 407
134 565
134 489
134 786
134 705
134 388
134 491
134 642
135 767
135 713
135 509
135 249
135 342
135 262
135 298
135 803
135 647
135 600
135 758
135 470
135 941
135 735
135 255
135 697
136 320
136 364
136 478
136 178
136 699
136 653
136 713
136 613
136 298
136 465
136 181
136 263
136 546
136 449
136 312
136 845
136 734
137 337
137 758
137 810
137 274
137 243
137 478
137 565
137 464
137 300
137 969
137 416
137 356
137 877
137 570
137 264
137 335
138 494
138 286
138 483
138 932
138 357
138 848
138 421
138 863
138 481
138 593
138 285
138 860
138 527
138 392
138 951
139 507
139 703
139 988
139 862
139 308
139 694
139 362
140 528
140 574
140 880
140 701
140 531
140 297
140 416
140 797
140 307
140 970
140 451
140 470
140 838
141 271
141 220
141 502
141 182
141 689
141 369
141 180
141 310
141 217
141 387
141 482
141 256
141 544
141 396
141 904
141 392
141 510
141 205
141 284
141 881
141 385
142 196
142 380
142 147
142 391
142 181
142 159
142 906
142 186
142 779
142 205
142 554
142 986
142 284
143 195
143 319
143 501
143 263
143 903
143 484
143 991
143 719
143 937
143 903
144 605
144 649
144 546
144 579
144 159
144 725
144 603
144 398
144 184
145 262
145 540
145 918
145 365
145 387
145 654
145 593
145 292
145 151
145 389
145 310
145 860
145 835
145 183
146 282
146 665
146 964
146 626
146 930
146 752
146 571
146 882
146 475
146 355
146 232
146 882
146 551
146 997
146 529
146 927
146 311
146 638
146 323
147 214
147 291
147 326
147 482
147 625
147 429
147 381
147 487
147 951
147 500
147 711
147 152
147 244
147 395
147 759
147 177
148 510
148 221
148 977
148 314
148 758
148 368
148 313
148 719
148 981
148 691
148 196
148 257
148 576
148 789
148 259
148 770
148 536
148 918
148 863
148 527
148 195
148 201
148 785
148 560
148 496
148 411
148 533
149 987
149 736
149 798
149 253
149 764
149 979
149 341
149 675
149 994
149 840
149 792
149 777
149 563
149 528
149 735
149 770
149 151
150 436
150 548
150 506
150 539
150 699
150 615
150 224
150 676
150 241
150 277
150 191
150 211
150 699
150 238
150 295
150 630
150 437
151 280
151 302
151 870
151 245
151 677
151 804
151 422
151 547
151 207
151 477
151 547
151 370
151 444
151 233
151 740
151 817
152 206
152 225
152 744
152 798
152 890
152 420
152 873
152 612
152 967
152 631
152 299
152 534
152 501
152 454
152 368
152 295
152 518
152 346
152 656
152 479
152 862
152 217
152 942
153 423
153 904
153 659
153 212
153 370
153 512
153 927
153 886
153 864
153 282
153 555
153 383
153 421
153 376
153 512
153 725
153 874
153 721
153 853
153 910
153 506
153 200
154 806
154 840
154 992
154 263
154 926
154 231
154 471
154 621
154 900
154 177
154 204
154 320
154 155
154 779
154 546
154 761
154 173
154 995
154 673
154 763
155 565
155 719
155 873
155 989
155 389
155 781
155 774
155 961
155 374
155 788
155 666
155 277
155 266
155 794
156 838
156 420
156 965
156 947
156 747
157 323
157 442
157 678
157 442
157 161
157 838
157 573
157 827
157 370
157 681
157 947
157 530
157 698
157 282
157 368
157 718
157 736
157 446
157 517
157 811
157 739
158 301
158 365
158 166
158 638
158 700
158 336
158 217
158 667
158 295
158 436
158 288
158 476
158 594
158 584
158 799
158 938
158 671
159 339
159 388
159 433
159 630
159 439
159 550
159 721
159 405
159 485
159 764
159 280
159 476
159 353
160 843
160 516
160 532
160 713
160 681
160 193
160 370
160 505
160 713
160 865
160 446
160 677
160 838
160 435
160 163
160 752
160 582
160 632
160 553
161 878
161 805
161 807
161 517
161 650
161 955
161 587
161 196
161 412
161 369
161 905
161 763
161 408
162 189
162 264
162 327
162 428
162 530
162 508
162 344
162 271
162 628
162 318
162 356
162 589
162 229
162 552
162 343
162 608
162 842
162 938
162 645
162 522
162 420
162 506
163 664
163 665
163 459
163 598
163 983
163 310
163 780
163 187
163 355
163 383
163 389
163 511
163 611
164 566
164 633
164 697
164 174
164 874
164 224
164 209
164 776
164 561
164 176
164 612
164 515
164 965
164 770
164 192
164 981
164 554
164 206
165 179
165 476
165 639
165 855
165 326
165 611
165 886
165 994
165 686
165 758
165 544
165 633
165 432
165 654
165 872
165 951
165 802
165 237
165 848
166 168
166 188
166 482
166 804
166 467
166 730
166 448
166 895
166 658
166 308
166 873
166 645
166 756
166 370
166 536
166 835
166 621
166 935
166 479
166 810
166 211
166 298
166 235
166 889
166 173
166 190
166 730
166 715
167 325
167 840
167 336
167 592
167 930
167 840
167 414
167 175
167 964
167 926
168 495
168 518
168 283
168 478
168 679
168 348
168 632
168 191
168 984
168 505
168 295
168 269
168 189
168 996
168 963
169 517
169 820
169 516
169 652
169 787
169 609
169 998
169 825
169 580
169 493
169 312
169 934
169 919
169 369
169 954
170 180
170 192
170 356
170 796
170 804
170 421
170 602
170 579
170 583
170 523
170 860
170 732
170 602
170 833
170 478
170 429
170 468
170 334
170 789
170 458
171 438
171 734
171 932
171 859
171 844
171 795
171 531
171 810
171 956
171 887
171 561
171 659
171 996
171 633
171 640
171 762
171 810
171 263
171 235
171 835
171 788
171 205
171 372
172 174
172 318
172 928
172 729
172 319
172 612
172 319
172 930
172 791
172 567
172 887
172 867
172 297
172 696
172 306
173 924
173 534
173 861
173 258
173 829
173 531
173 420
173 583
173 859
173 366
173 393
173 900
173 657
173 416
173 841
173 210
173 584
173 613
173 954
174 198
174 377
174 631
174 451
174 343
174 891
174 561
174 843
174 896
174 394
174 688
174 334
174 865
174 989
175 227
175 453
175 990
175 650
175 335
175 345
175 583
175 413
175 391
175 829
175 936
175 678
175 916
175 295
175 537
175 617
175 457
175 380
175 978
176 237
176 251
176 686
176 924
176 754
176 945
176 273
176 517
176 871
176 808
176 463
176 187
176 677
176 208
176 965
176 501
176 984
177 322
177 572
177 755
177 872
177 662
177 528
177 861
177 856
177 655
177 193
177 747
177 657
177 602
177 435
177 825
178 904
178 184
178 599
178 948
178 304
178 548
178 653
178 335
178 903
178 945
178 383
178 536
178 561
178 947
178 805
178 744
178 289
179 641
179 232
179 735
179 899
179 718
179 605
179 218
179 959
179 235
179 760
180 331
180 967
180 566
180 877
180 367
180 343
180 769
180 242
180 797
180 383
180 350
180 302
180 794
180 613
180 501
180 473
180 260
180 273
180 292
180 249
181 598
181 331
181 420
181 365
181 800
181 375
181 224
181 701
181 901
181 803
181 898
181 1000
181 299
182 905
182 602
182 963
182 927
182 537
182 739
182 672
182 466
182 321
182 376
182 488
182 611
182 622
182 777
182 325
182 868
182 748
183 681
183 954
183 449
183 561
183 606
183 423
183 188
183 758
183 340
183 703
183 930
184 216
184 313
184 370
184 421
184 490
184 395
184 989
184 731
184 206
184 378
184 984
184 470
184 444
184 258
184 402
184 411
184 559
184 249
184 522
184 821
184 507
184 250
185 362
185 254
185 245
185 379
185 275
185 884
185 512
185 677
185 862
185 420
185 286
185 259
185 364
186 221
186 236
186 862
186 469
186 959
186 267
186 452
186 524
186 375
186 417
186 985
186 937
186 575
186 880
186 818
186 792
186 737
186 408
186 845
186 803
187 288
187 684
187 821
187 774
187 526
187 448
187 373
187 672
187 348
187 586
187 943
187 205
187 609
187 709
187 271
188 456
188 561
188 839
188 839
188 778
188 590
188 400
188 484
188 972
188 405
188 886
188 803
188 897
188 981
188 877
188 829
188 659
188 303
189 215
189 321
189 638
189 658
189 718
189 349
189 820
189 837
189 315
189 722
189 526
189 494
189 502
189 691
190 351
190 738
190 363
190 290
190 897
190 750
190 972
190 917
190 562
190 420
190 959
190 735
190 798
190 674
190 194
190 886
190 914
190 754
190 725
190 689
191 432
191 497
191 680
191 401
191 608
191 751
191 288
191 639
191 936
191 588
191 933
191 330
191 855
191 353
191 767
191 662
191 723
191 995
191 261
191 896
192 200
192 340
192 411
192 811
192 526
192 343
192 977
192 959
192 282
192 469
192 465
192 461
192 477
192 304
192 979
192 380
193 202
193 209
193 335
193 733
193 723
193 282
193 961
193 580
193 408
193 986
193 665
193 211
193 628
193 558
193 915
193 617
193 375
193 298
193 341
193 733
194 538
194 307
194 611
194 925
194 220
194 506
194 309
194 230
194 922
194 546
194 398
194 379
194 744
194 633
194 931
194 263
194 243
195 445
195 559
195 989
195 567
195 331
195 847
195 808
195 539
195 922
195 511
195 372
195 441
195 897
195 384
195 220
195 564
195 806
195 296
196 269
196 796
196 652
196 767
196 378
196 209
196 560
196 790
196 968
196 930
197 521
197 577
197 362
197 710
197 605
197 635
197 571
197 244
197 271
197 974
197 305
197 454
197 890
197 499
197 360
197 944
198 220
198 681
198 362
198 372
198 595
198 952
198 981
198 898
198 220
198 525
198 893
199 207
199 588
199 429
199 691
199 266
199 810
199 493
199 592
199 1000
199 865
199 626
199 505
199 457
199 878
199 470
199 862
200 290
200 475
200 616
200 273
200 546
200 782
200 349
200 980
200 593
200 872
200 448
200 442
200 862
200 890
200 629
200 536
200 367
200 903
201 396
201 842
201 365
201 272
201 910
201 931
201 454
201 360
201 610
201 487
201 780
201 382
201 454
201 719
201 585
201 631
201 517
201 292
201 915
201 218
201 980
201 992
202 549
202 646
202 755
202 612
202 494
202 217
202 348
202 850
202 616
202 312
202 744
202 728
202 894
202 461
202 234
203 754
203 340
203 512
203 656
203 742
203 847
203 866
203 840
203 378
203 695
204 229
204 276
204 294
204 239
204 451
204 931
204 484
204 592
204 908
204 790
204 571
204 229
204 454
204 501
204 765
205 218
205 338
205 781
205 616
205 382
205 948
205 337
205 542
205 400
205 347
205 718
205 367
205 361
205 839
205 726
205 392
205 602
206 310
206 767
206 555
206 768
206 657
206 524
206 696
206 429
206 721
206 614
206 738
206 609
206 310
206 865
206 724
206 272
206 695
206 365
207 793
207 306
207 558
207 939
207 299
207 958
207 731
207 787
207 314
207 941
207 217
207 542
207 743
207 224
207 542
207 734
207 661
208 219
208 433
208 576
208 451
208 560
208 986
208 878
208 557
208 695
208 781
208 843
208 594
208 530
208 870
208 213
208 339
208 468
208 654
208 756
209 388
209 610
209 689
209 481
209 986
209 497
209 860
209 473
209 854
209 934
209 630
209 794
210 213
210 678
210 435
210 394
210 512
210 872
210 857
210 612
210 448
210 683
210 466
210 419
210 261
210 767
210 723
211 467
211 942
211 919
211 670
211 523
211 828
211 713
211 434
211 570
211 550
211 272
211 926
212 233
212 523
212 631
212 324
212 762
212 849
212 695
212 416
212 459
212 627
212 499
212 560
212 789
212 793
212 445
213 985
213 246
213 336
213 430
213 999
213 788
213 982
213 587
213 560
213 341
213 274
213 819
213 271
213 553
213 547
213 944
213 445
214 690
214 232
214 304
214 582
214 987
214 658
214 566
214 662
215 228
215 831
215 876
215 602
215 445
215 376
215 523
215 420
215 632
215 777
215 399
215 788
215 804
215 989
215 580
215 419
216 508
216 509
216 598
216 546
216 408
216 429
216 550
216 275
216 842
216 498
216 917
216 862
216 843
216 825
216 472
216 936
217 649
217 711
217 882
217 682
217 949
217 354
217 758
217 588
217 893
217 477
217 710
217 260
217 699
217 489
217 715
217 629
217 516
218 724
218 886
218 402
218 323
218 229
218 371
218 981
218 344
218 771
218 672
218 538
218 696
219 596
219 894
219 915
219 743
219 261
219 294
219 725
219 796
219 759
219 965
219 223
219 980
219 452
219 819
219 788
219 231
219 647
219 300
220 627
220 958
220 818
220 462
220 234
220 455
220 417
220 425
220 894
220 410
220 963
220 867
220 926
220 999
221 374
221 784
221 348
221 348
221 422
221 627
221 959
221 775
221 556
221 916
222 295
222 634
222 782
222 439
222 408
222 465
222 719
222 668
222 248
222 801
222 972
222 362
222 571
222 223
222 969
222 835
223 231
223 772
223 617
223 872
223 899
223 374
223 981
223 843
223 228
223 420
223 257
223 239
223 849
223 303
223 725
223 975
223 650
223 971
223 1000
223 580
224 930
224 833
224 356
224 513
224 324
224 313
224 703
224 517
224 527
224 881
225 748
225 885
225 891
225 264
225 907
225 640
225 959
225 248
225 465
225 517
225 912
225 547
225 258
225 261
225 234
225 829
225 547
225 613
225 833
226 248
226 358
226 365
226 327
226 702
226 806
226 651
226 251
226 518
226 958
226 285
226 630
226 457
226 573
226 830
226 748
226 1000
227 445
227 937
227 963
227 719
227 394
227 257
227 352
227 442
228 330
228 400
228 886
228 421
228 401
228 244
228 452
228 303
228 710
228 355
228 524
228 581
228 519
228 735
228 464
228 932
228 671
228 710
228 950
229 414
229 448
229 682
229 911
229 724
229 834
229 295
229 974
229 231
229 616
229 721
229 811
230 493
230 607
230 525
230 354
230 324
230 424
230 326
230 901
230 313
230 863
230 320
230 408
230 262
230 238
230 957
231 692
231 663
231 611
231 996
231 847
231 984
231 905
231 239
231 477
231 835
231 505
231 366
231 856
231 282
232 281
232 386
232 345
232 952
232 812
232 860
232 333
232 295
232 797
232 693
232 636
232 767
232 969
232 531
232 762
232 618
233 687
233 348
233 610
233 860
233 274
233 242
233 738
233 650
233 998
233 732
233 663
233 310
233 971
233 880
233 763
233 560
233 846
234 418
234 585
234 629
234 909
234 776
234 950
234 268
234 598
234 640
234 834
234 479
234 496
234 643
234 957
234 740
234 461
234 653
235 798
235 486
235 247
235 443
235 293
235 503
235 488
235 477
235 506
235 255
235 708
235 716
235 466
236 272
236 761
236 767
236 872
236 267
236 995
236 265
236 900
236 351
236 712
236 705
236 742
237 586
237 293
237 945
237 498
237 252
237 914
237 340
237 611
237 327
237 890
237 683
237 951
237 593
237 408
238 640
238 942
238 634
238 953
238 282
238 530
238 452
238 760
238 958
238 531
238 917
238 462
238 841
238 581
238 499
239 270
239 681
239 572
239 658
239 593
239 743
239 626
239 707
239 288
239 659
239 330
239 812
239 317
239 790
240 253
240 450
240 461
240 580
240 655
240 439
240 962
240 641
240 691
240 937
240 280
240 684
240 982
240 968
240 647
240 735
240 571
240 715
240 437
240 999
240 875
240 988
240 733
240 956
240 856
240 394
240 597
240 726
241 597
241 791
241 982
241 419
241 279
241 868
241 579
241 315
241 421
241 463
241 313
241 495
241 763
241 422
241 932
241 356
241 595
241 393
242 394
242 485
242 745
242 722
242 962
242 808
242 798
242 987
242 292
242 713
242 856
242 751
242 814
242 361
242 882
242 438
243 613
243 756
243 527
243 667
243 538
243 858
243 349
243 673
243 817
243 800
243 475
243 258
243 425
243 409
243 877
243 354
244 369
244 382
244 619
244 421
244 248
244 333
244 948
244 932
244 615
244 287
244 927
244 916
244 646
245 284
245 401
245 376
245 923
245 627
245 841
245 285
245 976
245 542
245 413
245 523
245 267
245 326
245 793
245 841
245 255
245 639
245 951
245 376
245 655
246 938
246 875
246 698
246 533
246 540
246 307
246 614
246 827
246 931
246 578
246 831
246 924
246 577
247 505
247 834
247 567
247 889
247 976
247 891
247 908
247 524
247 781
247 440
247 581
247 650
247 833
247 279
247 864
247 917
247 856
248 297
248 546
248 834
248 500
248 264
248 924
248 397
248 337
248 744
248 547
248 378
248 671
248 252
248 361
248 596
248 523
248 992
248 501
248 728
249 502
249 508
249 339
249 803
249 860
249 349
249 569
249 835
249 776
249 606
249 452
249 360
249 402
249 287
249 331
249 328
249 812
249 427
249 381
249 712
249 561
249 739
250 292
250 290
250 892
250 370
250 770
250 959
250 732
250 750
250 325
250 825
250 334
250 667
250 628
250 809
250 943
250 997
251 440
251 664
251 684
251 352
251 886
251 666
251 977
251 890
251 258
251 907
251 964
251 977
251 473
251 915
252 536
252 792
252 766
252 940
252 699
252 905
252 804
252 689
252 638
252 728
252 331
252 962
252 261
252 637
252 782
252 755
253 801
253 357
253 368
253 559
253 711
253 356
253 778
253 429
253 724
253 365
253 544
253 965
253 504
253 491
254 458
254 678
254 737
254 672
254 661
254 631
254 561
254 523
254 674
254 684
254 508
254 441
254 575
254 420
254 385
254 998
254 393
254 845
254 308
254 317
254 744
255 480
255 646
255 435
255 417
255 793
255 539
255 400
255 420
255 308
255 536
255 540
255 328
255 572
256 754
256 466
256 745
256 731
256 915
256 380
256 772
256 791
256 512
256 458
257 317
257 672
257 834
257 633
257 849
257 482
257 449
257 634
257 667
257 710
257 270
257 282
257 847
257 871
257 614
257 809
257 556
257 963
258 642
258 846
258 625
258 656
258 502
258 333
258 836
258 774
258 739
258 549
258 565
259 346
259 706
259 365
259 573
259 969
259 935
259 300
259 497
259 727
259 560
259 522
259 813
259 569
259 848
259 491
260 575
260 839
260 491
260 739
260 536
260 905
260 272
260 995
260 363
260 661
260 582
260 918
260 381
261 299
261 324
261 511
261 926
261 762
261 447
261 899
261 587
261 411
261 680
261 317
261 967
261 904
261 909
261 784
262 267
262 686
262 494
262 700
262 424
262 316
262 925
262 785
262 624
262 645
262 784
262 404
262 391
262 979
262 290
262 745
263 348
263 422
263 911
263 298
263 742
263 489
263 516
263 554
263 502
263 301
263 609
263 420
263 336
263 652
263 689
263 763
263 357
263 549
263 679
263 710
264 530
264 847
264 276
264 677
264 889
264 956
264 440
264 897
264 408
264 552
264 328
264 701
264 580
264 571
264 355
265 572
265 979
265 588
265 674
265 778
265 797
265 607
265 895
265 463
265 969
265 315
265 386
265 740
265 355
266 278
266 467
266 497
266 288
266 584
266 501
266 276
266 787
266 595
266 526
266 939
266 631
266 601
266 974
266 300
267 931
267 540
267 335
267 610
267 732
267 408
267 983
267 957
267 620
267 388
267 428
267 858
268 553
268 953
268 362
268 753
268 304
268 583
268 738
268 681
268 782
268 612
268 300
269 877
269 863
269 642
269 873
269 508
269 850
269 725
269 663
269 699
269 307
269 995
270 731
270 500
270 516
270 351
270 587
270 625
270 485
270 706
270 332
270 435
270 434
270 574
270 508
270 322
270 839
270 368
271 440
271 443
271 917
271 427
271 515
271 571
271 411
271 477
271 433
271 957
271 365
271 768
271 671
271 440
272 881
272 674
272 415
272 530
272 804
272 328
272 866
272 522
272 777
272 840
272 994
272 850
273 891
273 562
273 538
273 359
273 571
273 414
273 512
273 670
273 737
273 954
274 535
274 914
274 591
274 722
274 405
274 950
274 801
274 503
274 362
274 570
274 859
274 949
274 965
274 583
274 862
275 768
275 781
275 884
275 301
275 890
275 371
275 996
275 280
275 741
275 733
275 666
275 569
275 325
275 482
275 784
275 773
275 960
276 423
276 452
276 480
276 706
276 556
276 708
276 929
276 551
276 294
276 284
276 557
276 974
276 775
276 985
276 529
277 668
277 430
277 558
277 760
277 498
277 565
277 980
277 602
277 392
277 911
277 470
277 650
277 713
277 558
277 657
278 304
278 470
278 656
278 943
278 959
278 295
278 961
278 367
278 545
278 583
278 502
278 476
278 340
278 401
278 299
278 348
278 800
278 339
278 942
279 423
279 512
279 484
279 915
279 844
279 567
279 802
279 506
279 963
279 306
279 455
279 292
279 541
279 806
279 769
279 636
279 780
279 345
280 361
280 575
280 895
280 470
280 315
280 664
280 840
280 309
280 426
280 525
280 869
280 603
280 840
280 597
280 623
280 712
280 481
280 473
281 551
281 632
281 996
281 492
281 897
281 810
281 914
281 724
281 457
281 472
281 702
281 363
281 599
281 368
282 345
282 772
282 473
282 472
282 934
282 491
282 701
282 533
282 577
282 983
283 616
283 523
283 584
283 660
283 650
283 776
283 923
283 423
283 441
283 807
283 455
283 297
283 709
284 379
284 547
284 485
284 466
284 315
284 663
284 619
284 956
284 573
284 928
285 334
285 713
285 910
285 622
285 344
285 473
285 586
285 721
285 704
285 788
286 309
286 416
286 685
286 340
286 944
286 554
286 954
286 764
286 801
286 875
286 658
286 628
286 916
286 848
286 291
287 347
287 602
287 965
287 976
287 722
287 865
287 358
287 502
287 845
287 305
287 773
287 674
287 317
287 837
287 503
287 466
287 388
287 362
287 428
287 518
287 305
287 610
287 294
287 366
287 324
288 516
288 631
288 779
288 727
288 677
288 979
288 807
288 699
288 709
288 658
288 636
288 394
288 833
288 956
288 467
288 724
288 863
288 450
288 449
288 463
288 652
289 317
289 414
289 806
289 873
289 543
289 370
289 901
289 969
289 617
289 996
290 504
290 599
290 579
290 450
290 544
290 764
290 780
290 314
290 1000
290 398
290 605
290 878
290 314
290 997
291 352
291 372
291 475
291 779
291 434
291 339
291 725
291 674
291 376
291 983
291 768
291 455
291 849
291 933
291 366
291 676
291 552
291 477
291 493
291 819
292 300
292 785
292 498
292 667
292 861
292 702
292 990
292 343
292 807
292 879
292 389
292 952
292 960
292 316
292 536
292 802
292 759
293 797
293 996
293 786
293 758
293 480
293 506
293 397
293 978
293 709
293 462
294 492
294 547
294 476
294 344
294 333
294 664
294 764
294 335
294 810
294 530
294 815
294 740
294 669
294 842
294 872
294 344
295 629
295 557
295 771
295 545
295 789
295 776
295 913
295 910
295 785
296 723
296 556
296 635
296 490
296 663
296 936
296 348
296 443
296 343
296 831
296 749
296 950
296 767
296 781
296 799
296 447
296 944
296 692
297 962
297 541
297 852
297 544
297 404
297 867
297 777
297 726
297 333
297 613
297 795
298 354
298 446
298 992
298 926
298 317
298 897
298 647
298 331
298 358
298 521
298 428
298 462
298 797
298 960
298 749
298 787
299 683
299 363
299 503
299 630
299 575
299 481
299 904
299 980
299 501
300 569
300 400
300 798
300 622
300 615
300 680
300 795
300 737
300 954
300 532
300 453
300 336
300 421
300 455
301 415
301 620
301 728
301 817
301 939
301 514
301 765
301 482
301 641
301 661
301 495
301 325
301 489
301 958
301 537
302 428
302 806
302 703
302 528
302 446
302 623
302 929
302 999
302 733
302 830
303 387
303 719
303 916
303 310
303 760
303 414
303 316
303 602
303 414
303 374
303 965
303 469
303 455
303 739
304 332
304 821
304 951
304 329
304 939
304 635
304 636
304 473
304 666
304 489
304 596
304 968
304 618
304 698
304 844
304 579
305 904
305 363
305 954
305 615
305 488
305 675
305 912
305 631
305 844
305 343
305 499
305 566
305 716
306 817
306 644
306 514
306 391
306 663
306 603
306 727
306 609
306 534
306 308
307 424
307 603
307 823
307 767
307 603
307 743
307 585
307 645
307 332
307 504
307 946
307 756
307 828
307 389
308 333
308 512
308 856
308 416
308 958
308 706
308 328
309 317
309 537
309 827
309 818
309 429
309 916
309 511
309 979
309 987
309 548
309 978
309 577
309 737
309 361
309 695
309 780
309 458
309 465
309 381
309 550
309 773
310 340
310 491
310 778
310 860
310 815
310 916
310 897
310 560
311 685
311 725
311 704
311 423
311 555
311 453
311 965
311 971
311 861
311 414
311 864
312 579
312 814
312 945
312 421
312 694
312 721
312 884
312 851
312 882
312 789
312 675
312 457
312 679
312 497
312 861
312 874
313 477
313 695
313 662
313 419
313 766
313 893
313 739
313 846
313 433
313 756
313 769
314 594
314 707
314 920
314 435
314 363
314 921
314 678
314 473
314 853
314 745
314 876
314 920
314 913
315 511
315 514
315 875
315 630
315 319
315 825
315 366
315 962
315 639
315 417
315 748
315 731
315 561
316 604
316 497
316 423
316 628
316 429
316 606
316 566
316 826
316 917
316 820
316 967
316 887
316 395
317 913
317 857
317 490
317 834
317 650
317 436
317 392
317 544
317 339
317 887
317 839
317 928
317 470
317 553
317 678
317 757
317 723
318 420
318 621
318 928
318 624
318 661
318 782
318 739
318 882
318 740
318 513
318 489
319 441
319 495
319 970
319 870
319 473
319 938
319 540
319 451
319 774
320 822
320 570
320 686
320 848
320 596
320 966
320 587
320 485
320 495
320 586
320 955
320 940
320 659
321 472
321 813
321 639
321 463
321 592
321 604
321 615
321 477
321 379
321 710
321 422
321 432
321 979
322 778
322 915
322 820
322 485
322 860
322 715
322 759
322 930
322 792
322 405
322 950
322 463
322 551
322 501
323 484
323 561
323 861
323 689
323 693
323 853
323 688
323 476
324 605
324 902
324 602
324 484
324 795
324 946
324 420
324 726
324 853
324 722
324 442
325 360
325 538
325 891
325 472
325 642
325 909
325 816
325 369
325 986
325 801
325 930
325 711
325 524
326 465
326 336
326 498
326 334
326 963
326 948
326 708
326 395
326 661
326 970
327 457
327 531
327 977
327 919
327 421
327 596
327 706
327 828
327 489
327 718
327 947
327 889
327 575
327 860
327 960
328 368
328 550
328 663
328 798
328 863
328 605
328 580
328 919
328 463
328 516
328 373
328 721
328 878
328 706
328 988
328 370
328 759
328 969
328 770
328 448
329 665
329 652
329 334
329 461
329 330
329 801
329 347
330 343
330 581
330 652
330 568
330 946
330 675
330 982
330 832
330 680
330 403
330 911
331 431
331 966
331 502
331 599
331 510
331 522
331 587
331 980
331 955
331 612
331 837
331 950
331 766
332 441
332 926
332 990
332 560
332 923
332 624
332 337
332 774
332 385
332 617
333 563
333 868
333 672
333 565
333 703
333 969
333 577
333 871
334 459
334 370
334 700
334 518
334 621
334 735
334 535
334 858
334 701
334 501
334 629
334 423
334 495
334 874
334 868
334 910
334 648
334 980
335 721
335 955
335 353
335 373
335 935
335 366
335 621
335 352
335 773
335 465
335 833
335 354
335 930
335 913
335 999
336 823
336 576
336 337
336 606
336 873
336 905
336 851
336 458
336 716
336 661
337 976
337 894
337 466
337 684
337 849
337 397
337 383
337 420
337 639
338 690
338 449
338 620
338 564
338 885
338 625
338 977
338 682
338 436
338 630
338 800
338 577
338 397
338 968
338 894
338 405
339 703
339 515
339 511
339 432
339 783
339 519
339 457
339 485
339 490
339 595
339 383
339 357
339 764
339 994
339 875
339 374
339 375
339 891
339 999
340 341
340 849
340 588
340 402
340 525
340 418
340 965
340 963
340 938
340 567
340 954
341 763
341 358
341 703
341 767
341 592
341 902
341 895
341 774
341 773
342 384
342 408
342 409
342 659
342 753
342 513
342 410
342 861
342 482
342 560
342 651
342 561
342 985
342 928
342 607
342 849
342 602
342 504
343 353
343 641
343 990
343 384
343 780
343 467
343 755
343 956
343 750
343 981
343 744
343 540
344 944
344 964
344 657
344 951
344 370
344 532
344 965
344 826
344 499
345 533
345 938
345 440
345 906
345 707
345 816
345 642
345 580
345 683
345 738
345 870
345 658
345 360
345 995
345 942
345 880
345 738
345 884
345 442
346 824
346 500
346 778
346 662
346 390
346 793
346 893
346 652
346 836
346 374
347 563
347 528
347 958
347 930
347 503
347 729
347 552
347 909
347 560
347 496
347 806
347 386
347 527
348 829
348 901
348 483
348 368
348 870
348 928
348 929
348 587
348 793
348 617
348 963
348 468
348 382
348 608
349 469
349 870
349 655
349 441
349 605
349 395
349 397
349 538
349 557
349 411
349 640
349 494
350 749
350 793
350 861
350 417
350 533
350 414
350 547
350 827
350 750
350 647
350 971
350 815
351 471
351 432
351 452
351 677
351 523
351 811
351 877
351 806
351 686
352 708
352 990
352 400
352 644
352 799
352 402
352 814
352 830
352 541
352 803
352 898
352 627
352 814
352 876
352 795
353 691
353 699
353 981
353 470
353 804
353 679
353 683
353 981
353 892
353 921
353 677
353 388
353 725
353 718
353 874
353 526
353 983
354 564
354 480
354 908
354 820
354 449
354 537
354 823
354 400
354 560
354 859
354 810
354 434
355 434
355 437
355 589
355 770
355 411
355 652
355 526
355 635
355 410
355 516
355 817
355 788
356 696
356 405
356 598
356 759
356 696
356 417
356 906
356 495
356 603
356 461
356 445
356 426
357 502
357 636
357 771
357 475
357 946
357 894
357 583
357 905
357 979
357 669
357 854
357 662
357 904
358 577
358 879
358 391
358 552
358 648
358 474
358 787
358 569
358 502
358 455
358 420
358 508
358 654
358 555
359 381
359 503
359 519
359 410
359 783
359 686
359 865
359 463
359 362
359 789
359 495
359 380
360 633
360 911
360 943
360 833
360 973
360 798
360 794
360 428
360 619
360 463
360 964
360 674
360 514
360 880
361 799
361 408
361 487
361 884
361 439
361 459
361 792
361 999
362 689
362 608
362 558
362 591
362 732
362 522
362 696
362 374
362 963
362 905
363 375
363 698
363 562
363 597
363 853
363 429
363 775
363 884
363 496
363 696
364 681
364 973
364 447
364 720
364 646
364 561
364 971
364 450
364 845
365 731
365 773
365 649
365 821
365 968
365 998
365 938
365 457
365 852
365 692
365 614
366 660
366 406
366 397
366 449
366 368
366 535
366 841
366 692
367 460
367 592
367 884
367 451
367 882
367 648
367 452
367 890
367 594
367 788
367 550
367 793
368 425
368 552
368 799
368 854
368 720
368 839
368 677
368 522
368 494
368 586
368 845
368 946
368 429
368 713
368 780
368 414
368 791
369 404
369 446
369 601
369 493
369 921
369 774
370 609
370 618
370 752
370 425
370 761
370 433
370 855
370 962
370 922
370 617
370 723
370 661
370 605
370 907
370 756
370 603
371 949
371 380
371 744
371 657
371 904
371 547
371 788
371 723
371 578
372 435
372 848
372 837
372 837
372 403
372 746
372 527
372 401
372 665
372 923
372 608
372 926
372 973
372 401
373 430
373 838
373 528
373 969
373 578
373 879
373 732
373 870
373 914
373 497
373 909
374 809
374 984
374 885
374 673
374 578
374 502
374 538
374 960
374 450
374 897
374 795
374 764
375 667
375 537
375 820
375 865
375 423
375 567
375 725
375 775
375 477
375 771
375 806
375 472
375 762
375 477
375 820
375 393
375 945
376 696
376 798
376 890
376 984
376 552
376 963
376 489
376 736
376 766
376 774
376 510
377 727
377 516
377 733
377 910
377 742
377 760
377 775
377 698
377 542
377 392
377 709
377 553
378 802
378 995
378 615
378 499
378 993
378 553
378 389
378 579
378 774
378 946
378 679
378 651
378 933
378 980
378 705
379 398
379 962
379 955
379 928
379 662
379 674
379 842
379 442
379 858
379 474
379 428
379 789
379 503
379 602
379 830
379 952
379 624
380 679
380 410
380 538
380 536
380 602
380 666
380 433
381 653
381 858
381 705
381 965
381 983
381 839
381 790
381 540
381 913
381 848
381 852
381 408
381 673
381 769
381 456
381 495
381 633
382 525
382 630
382 807
382 995
382 840
382 805
382 957
382 730
382 494
382 899
383 877
383 390
383 647
383 765
383 733
383 581
383 483
383 627
383 836
383 739
384 671
384 832
384 790
384 858
384 743
384 956
384 385
384 943
384 616
384 619
384 668
384 897
384 549
384 953
384 828
384 454
385 481
385 543
385 772
385 766
385 530
385 540
385 546
385 427
385 866
385 407
385 481
385 712
385 971
385 594
385 913
385 416
385 993
385 509
386 586
386 519
386 400
386 918
386 458
386 458
386 534
386 533
386 732
386 903
386 730
386 543
386 514
387 506
387 926
387 580
387 989
387 670
387 580
387 399
388 500
388 675
388 624
388 795
388 402
388 543
388 480
388 796
388 391
388 860
388 498
389 599
389 627
389 428
389 453
389 559
389 583
389 537
390 527
390 637
390 599
390 740
390 747
390 860
390 878
390 883
390 428
390 457
390 925
390 661
390 931
391 979
391 493
391 890
391 925
391 460
391 674
391 641
391 956
392 929
392 930
392 762
392 858
392 497
392 855
392 642
392 620
392 777
392 869
392 453
392 435
392 949
392 862
392 502
393 560
393 560
393 786
393 424
393 496
393 495
393 515
393 762
393 793
393 454
393 457
393 586
393 963
394 496
394 463
394 659
394 828
394 599
394 875
394 471
394 556
395 427
395 421
395 527
395 493
395 504
395 950
395 992
395 511
395 901
395 554
395 443
396 979
396 826
396 678
396 643
396 728
396 430
396 657
396 513
396 563
396 901
396 935
396 977
396 848
396 748
396 558
396 749
396 711
396 586
396 466
397 491
397 650
397 852
397 426
397 958
397 876
397 675
397 994
397 557
397 445
397 444
397 645
397 744
398 871
398 988
398 481
398 962
398 600
398 842
398 504
398 480
398 498
398 702
398 672
398 737
398 571
399 674
399 541
399 585
399 468
399 950
399 465
399 802
399 719
399 572
400 891
400 428
400 568
400 993
400 445
400 800
400 549
400 810
400 662
401 800
401 977
401 955
401 819
401 803
401 613
401 972
401 424
402 1000
402 938
402 556
402 426
402 777
402 461
402 860
402 635
402 811
402 818
402 838
402 923
402 979
403 554
403 661
403 855
403 637
403 637
403 533
403 558
403 776
403 508
403 743
403 462
403 598
403 869
403 477
403 423
403 572
403 669
404 578
404 528
404 942
404 741
404 468
404 923
404 901
404 675
404 588
404 488
404 743
404 987
404 669
404 535
404 997
405 460
405 578
405 849
405 835
405 590
405 857
405 458
405 942
405 451
405 635
405 734
405 409
406 998
406 708
406 1000
406 407
406 808
406 466
406 812
406 749
406 663
406 824
406 695
406 898
406 933
406 733
407 852
407 991
407 685
407 470
407 866
407 719
407 425
407 865
407 558
408 426
408 432
408 907
408 673
408 630
408 810
408 979
408 681
408 466
408 794
408 480
408 482
408 695
408 805
408 813
408 879
409 726
409 833
409 662
409 437
409 603
409 918
409 705
409 731
409 490
410 523
410 634
410 497
410 450
410 616
410 915
410 463
410 901
410 792
410 679
410 563
410 731
411 491
411 916
411 696
411 767
411 881
411 572
411 485
411 764
411 558
411 604
411 597
411 933
411 831
412 803
412 911
412 424
412 425
412 607
412 775
412 588
412 902
412 476
412 491
412 549
413 417
413 733
413 723
413 893
413 418
413 633
413 770
413 729
413 700
413 845
413 590
414 657
414 489
414 477
414 999
414 972
414 641
414 643
414 441
414 486
414 623
414 804
414 707
414 645
415 855
415 577
415 655
415 650
415 507
415 895
415 922
415 552
415 610
415 942
415 762
416 439
416 985
416 539
416 715
416 695
416 952
416 440
416 581
416 418
416 758
417 710
417 676
417 496
417 460
417 463
417 521
418 883
418 675
418 838
418 809
418 497
418 710
418 480
418 895
418 422
418 860
418 476
419 940
419 474
419 883
419 907
419 734
419 516
419 729
419 931
419 461
419 434
419 817
419 588
419 433
420 704
420 668
420 562
420 924
420 557
420 447
420 668
420 608
420 755
420 971
420 791
420 906
420 738
421 613
421 536
421 513
421 555
421 705
421 776
421 928
421 819
422 959
422 701
422 843
422 757
422 684
423 464
423 969
423 894
423 552
423 672
423 750
423 683
423 784
423 839
423 593
423 541
423 483
423 558
423 495
424 854
424 806
424 448
424 453
424 903
424 826
424 802
424 988
424 483
424 719
424 512
425 634
425 492
425 946
425 709
425 455
425 704
426 994
426 906
426 827
426 996
426 567
426 529
426 583
426 656
426 508
426 967
426 680
426 974
426 913
426 430
426 999
426 768
426 849
427 645
427 852
427 907
427 898
427 933
427 697
427 777
427 922
427 972
428 819
428 607
428 928
428 741
428 802
428 891
428 984
428 581
429 748
429 812
429 742
429 615
429 839
429 826
429 940
429 783
429 580
429 733
429 752
429 681
429 993
429 671
429 843
430 466
430 533
430 506
430 836
430 578
430 525
430 469
430 927
430 482
430 496
430 794
430 828
430 917
431 843
431 642
431 442
431 899
431 540
431 586
431 555
431 551
431 882
431 623
431 728
431 684
431 750
431 434
431 777
431 748
431 443
432 716
432 731
432 488
432 752
432 505
432 553
432 816
432 435
432 907
432 777
432 597
432 931
432 720
432 897
432 522
432 898
433 848
433 930
433 660
433 435
433 510
433 504
433 621
433 789
433 623
433 944
433 757
433 1000
433 911
433 711
434 586
434 803
434 488
434 846
434 754
434 850
434 960
434 847
435 567
435 706
435 893
435 655
435 846
435 870
435 672
435 939
435 572
435 695
435 664
435 509
435 776
435 661
435 603
436 570
436 743
436 769
436 870
436 546
436 448
436 921
436 661
437 927
437 666
437 470
437 505
437 752
437 819
437 444
437 485
437 460
437 531
437 597
437 801
437 962
437 459
437 969
437 903
437 490
438 663
438 788
438 888
438 446
438 465
438 926
438 960
439 926
439 666
439 738
439 559
439 459
439 820
439 743
439 786
439 842
439 448
439 455
439 699
440 835
440 968
440 632
440 823
440 839
440 729
440 527
440 651
440 604
440 579
440 594
440 597
441 813
441 468
441 473
441 560
441 459
441 848
441 825
442 721
442 712
442 512
442 735
442 774
442 916
442 477
442 505
442 503
442 856
442 501
442 538
442 541
443 811
443 866
443 869
443 900
443 644
443 576
443 920
443 549
443 616
443 480
443 537
443 999
443 621
443 446
443 769
444 654
444 719
444 838
444 998
444 582
444 463
444 619
444 724
444 803
444 670
444 475
444 489
444 998
444 872
444 977
444 662
444 630
444 914
444 991
444 462
445 793
445 864
445 712
445 711
445 753
445 858
445 669
445 564
445 739
445 555
445 867
445 909
445 677
446 599
446 683
446 863
446 671
446 449
446 875
446 925
446 622
447 512
447 931
447 557
447 844
447 584
447 460
447 965
447 459
447 599
448 666
448 837
448 827
448 933
448 559
448 495
448 692
448 889
448 691
448 877
448 917
448 502
448 700
448 484
448 824
448 453
449 643
449 500
449 618
449 550
449 478
449 457
449 588
449 652
449 852
449 962
450 815
450 505
450 726
450 518
450 913
450 570
450 979
450 765
450 709
450 538
451 595
451 848
451 854
451 497
451 916
451 708
451 869
452 792
452 598
452 555
452 882
452 589
452 839
452 773
452 750
452 512
452 843
452 545
452 733
452 686
452 469
452 907
452 540
452 648
453 700
453 827
453 958
453 575
453 511
453 762
454 758
454 795
454 641
454 483
454 802
454 789
454 466
454 627
454 985
454 461
454 996
454 874
455 783
455 687
455 720
455 684
455 513
455 489
455 559
455 766
455 692
455 622
455 491
456 633
456 781
456 985
456 983
456 631
456 567
457 545
457 636
457 923
457 964
457 977
457 710
457 808
457 839
457 481
457 596
457 653
457 995
457 734
458 606
458 917
458 744
458 485
458 545
458 794
458 835
458 479
458 480
458 762
458 776
458 560
458 463
458 728
459 521
459 720
459 816
459 684
459 773
459 939
459 550
459 981
459 780
459 773
459 738
460 520
460 958
460 926
460 559
460 481
460 570
460 803
460 711
460 917
460 566
460 571
461 709
461 842
461 794
461 817
461 764
461 726
461 606
461 618
461 716
462 689
462 791
462 802
462 790
462 507
462 593
463 524
463 851
463 548
463 841
463 490
463 741
463 615
463 500
463 779
463 765
463 913
463 816
464 864
464 674
464 630
464 905
464 949
464 544
464 606
465 792
465 470
465 570
465 994
465 736
465 884
465 996
465 574
465 660
466 674
466 737
466 471
466 775
466 947
466 748
466 475
466 900
466 659
466 847
467 697
467 671
467 945
467 523
467 844
467 837
467 620
468 692
468 725
468 520
468 766
468 897
468 645
468 588
468 687
468 842
469 735
469 929
469 816
469 719
469 719
469 845
469 936
469 565
469 536
469 974
469 992
470 647
470 472
470 980
470 650
470 533
470 901
470 895
470 856
470 811
470 608
471 972
471 934
471 501
471 691
471 540
471 628
471 758
471 487
471 957
471 643
471 728
471 603
471 674
471 498
471 961
472 985
472 486
472 830
472 474
472 699
472 982
472 512
472 674
472 856
472 915
472 633
472 915
472 774
473 562
473 680
473 974
473 591
473 485
473 625
473 674
473 828
473 985
473 555
474 757
474 922
474 836
474 895
474 598
475 730
475 804
475 881
475 841
475 671
475 936
476 591
476 712
476 555
476 764
476 813
476 804
476 862
476 717
476 933
476 727
477 862
477 966
477 592
477 504
477 802
477 582
477 611
477 954
477 806
478 587
478 594
478 515
478 511
478 907
478 558
478 717
479 536
479 905
479 620
479 632
479 687
479 604
479 949
479 623
479 689
479 768
479 839
479 616
479 502
479 909
479 496
479 860
479 768
479 531
480 987
480 819
480 594
480 684
480 941
480 725
480 536
480 631
480 832
480 582
480 540
480 980
481 786
481 583
481 908
481 751
481 940
481 834
481 974
481 609
481 641
481 761
482 840
482 694
482 857
482 549
482 885
482 987
482 920
482 915
482 923
482 847
482 896
482 873
483 611
483 604
483 930
483 982
483 680
483 960
483 893
483 700
483 618
484 562
484 813
484 906
484 955
484 853
484 633
484 895
484 608
484 641
484 697
485 922
485 619
485 661
485 791
485 499
485 795
485 939
485 549
485 856
486 785
486 999
486 576
486 952
486 960
486 700
486 607
487 555
487 845
487 791
487 562
487 788
487 539
487 834
487 776
487 550
487 643
487 658
487 664
487 509
487 880
487 656
488 892
488 795
488 829
488 664
488 710
488 949
488 825
488 761
488 932
489 625
489 607
489 881
489 628
489 921
489 713
489 961
489 572
489 723
489 757
489 677
490 879
490 723
490 903
490 511
490 967
490 524
490 856
491 864
491 649
491 698
491 845
491 925
491 677
491 617
491 788
491 973
492 830
492 722
492 850
492 845
492 776
492 722
492 606
492 668
493 526
493 533
493 620
493 664
493 978
493 669
493 627
493 516
493 496
494 717
494 853
494 801
494 531
494 812
494 549
494 834
495 794
495 990
495 514
495 836
495 607
495 533
495 644
495 829
495 828
495 611
495 743
495 620
496 729
496 811
496 746
496 537
496 743
496 643
496 502
496 693
496 609
496 953
496 744
496 877
496 728
496 797
497 829
497 553
497 792
497 695
497 899
497 933
497 533
497 515
497 945
497 914
498 730
498 874
498 810
498 617
499 607
499 607
499 973
499 679
499 640
499 585
499 577
499 813
499 937
499 817
499 878
499 799
499 647
499 897
500 524
500 738
500 561
500 735
500 761
500 798
500 811
500 584
500 779
500 607
500 744
501 764
501 708
501 662
501 544
501 791
501 773
501 570
501 623
501 903
502 857
502 547
502 687
502 558
502 528
502 765
503 670
503 888
503 725
503 630
503 643
503 704
503 686
503 882
504 571
504 753
504 904
504 925
504 909
504 937
504 579
504 686
505 628
505 902
505 535
505 793
505 950
505 713
505 549
505 712
505 521
505 693
506 867
506 543
506 643
506 860
506 748
506 911
506 662
507 541
507 588
507 781
507 758
507 517
507 726
507 861
507 722
508 613
508 643
508 689
508 640
508 632
508 622
508 768
508 970
508 694
508 971
508 846
509 622
509 971
509 735
509 524
509 515
509 896
509 968
509 941
509 891
509 865
509 739
510 788
510 851
511 808
511 669
511 702
511 520
511 705
511 632
511 795
512 591
512 795
512 624
512 622
512 844
512 762
512 731
512 796
512 703
513 713
513 731
513 952
513 526
513 862
513 537
513 737
513 973
513 982
513 722
513 769
513 632
513 877
513 769
513 736
513 800
514 735
514 952
514 674
514 526
514 850
514 748
514 814
514 814
514 526
514 980
515 601
515 826
515 925
515 802
515 717
515 928
515 894
515 947
515 964
515 737
515 575
515 829
515 882
516 910
516 719
516 745
516 631
516 810
516 736
516 829
516 649
517 885
517 685
517 601
517 851
517 653
517 685
517 615
517 594
517 588
517 557
518 637
518 937
518 873
518 884
518 525
518 956
518 795
518 794
518 632
518 940
518 959
519 572
519 907
519 717
519 883
520 818
520 857
520 837
520 720
520 689
520 851
520 942
520 959
520 695
520 740
520 561
521 837
521 875
521 588
521 950
521 898
521 987
521 664
521 967
521 805
521 743
521 690
521 569
521 612
522 529
522 770
522 723
522 898
522 670
522 736
522 567
522 784
522 841
523 575
523 993
523 952
523 787
523 954
524 952
524 576
524 716
524 765
524 621
524 553
524 796
524 591
524 841
524 628
524 655
524 594
525 809
525 967
525 848
525 840
525 716
526 542
526 556
526 782
526 707
526 562
526 835
526 977
526 855
526 944
527 584
527 593
527 806
527 771
527 915
527 925
527 954
527 922
527 616
528 693
528 671
528 599
528 652
528 750
528 688
528 759
528 559
528 536
528 578
528 654
529 932
529 678
529 578
529 710
529 751
529 692
529 787
529 892
529 965
529 647
530 955
530 925
530 559
530 841
530 977
530 572
530 813
530 952
530 685
530 953
531 689
531 650
531 804
531 931
531 605
531 615
531 557
531 818
531 867
531 701
532 739
532 875
532 703
532 692
532 967
532 544
532 801
532 679
532 612
532 698
533 899
533 645
533 895
533 779
533 753
533 575
533 687
533 818
533 628
534 582
534 833
534 918
534 824
534 912
534 885
534 571
534 945
534 849
534 932
534 740
534 634
535 631
535 713
535 883
535 800
535 733
535 582
535 681
535 894
535 956
535 993
536 861
536 940
536 846
536 605
536 580
536 756
536 644
537 621
537 940
537 579
537 546
537 889
537 558
537 934
537 746
537 971
537 710
537 965
537 711
537 741
537 934
537 977
538 840
538 658
538 555
538 579
538 929
538 961
538 760
539 551
539 868
539 961
540 839
540 799
540 926
540 855
540 760
540 708
540 589
540 922
540 862
540 788
541 548
541 638
541 827
541 917
541 872
541 752
542 747
542 867
542 556
542 635
542 780
542 846
542 758
543 595
543 718
543 588
543 587
543 721
543 849
544 703
544 889
544 712
544 858
544 561
544 913
545 787
545 969
545 729
545 574
545 778
545 936
545 642
545 685
545 874
545 794
545 800
545 695
546 825
546 630
546 587
546 846
546 593
546 847
546 836
547 844
547 572
547 967
547 739
547 668
547 654
547 589
548 648
548 668
548 922
548 817
548 975
548 568
549 727
549 562
549 696
549 704
549 905
549 827
550 600
550 991
550 980
550 636
550 894
550 583
550 973
550 852
550 812
550 990
550 698
550 922
551 682
551 763
551 943
551 750
551 573
551 761
551 834
551 559
551 627
551 958
552 958
552 640
552 927
553 599
553 816
553 990
553 729
553 664
553 593
553 831
553 583
553 904
553 628
553 845
553 814
553 706
554 709
554 820
554 610
554 873
554 940
554 892
554 628
554 670
554 840
554 690
554 904
554 889
555 999
555 979
555 569
555 599
555 649
555 575
555 571
555 768
555 773
556 895
556 958
556 746
556 667
556 919
556 588
556 574
556 561
557 835
557 624
557 626
557 948
557 724
557 600
558 827
558 887
558 950
558 914
558 748
558 809
558 660
558 973
558 771
559 653
559 564
559 903
559 993
559 561
559 568
559 627
559 917
559 566
559 706
559 701
560 658
560 817
560 723
560 803
560 816
560 619
560 933
560 671
560 691
561 590
561 875
561 698
561 596
561 638
561 694
561 949
561 585
561 887
561 803
561 895
561 721
561 887
562 612
562 614
562 590
562 972
562 640
562 733
562 596
563 715
563 938
563 669
563 794
563 960
563 628
563 708
563 678
564 611
564 619
564 598
564 935
564 675
564 919
564 600
564 882
564 747
564 604
564 798
564 806
564 692
565 921
565 690
565 624
565 942
565 863
566 818
566 723
566 739
566 855
566 893
566 977
566 635
566 647
566 709
567 795
567 725
567 938
567 650
567 890
567 938
567 958
567 882
567 858
568 746
568 997
568 979
568 965
568 977
569 645
569 618
569 773
569 947
570 653
570 778
570 967
570 686
570 822
570 721
570 769
570 661
571 861
571 988
571 814
571 756
571 581
571 702
572 789
572 693
572 924
572 837
572 658
572 654
572 960
572 750
573 792
573 673
573 860
573 872
573 685
573 677
573 909
573 677
573 954
574 773
574 967
574 781
574 897
574 893
574 824
574 852
574 935
575 830
575 647
575 687
575 617
575 705
575 700
575 866
575 724
575 813
575 961
576 677
576 717
576 578
576 813
576 777
576 749
576 994
576 956
576 672
577 590
577 663
577 769
577 713
578 920
578 614
578 822
578 987
578 626
578 927
578 836
578 965
579 623
579 630
579 796
579 919
579 854
579 673
579 820
580 781
580 767
580 816
580 792
581 592
581 801
581 812
581 634
581 700
581 894
581 782
581 739
582 734
582 682
582 599
582 814
582 770
582 916
582 600
582 838
582 624
583 586
583 717
583 751
583 955
583 879
583 858
583 824
583 769
583 762
583 685
584 887
584 970
584 787
584 995
584 852
584 705
584 924
584 836
584 786
584 977
584 672
585 635
585 832
585 958
585 741
585 652
585 758
585 624
585 997
586 957
586 609
586 886
586 681
586 614
586 898
586 878
586 996
586 931
587 771
587 738
587 876
587 985
587 871
587 823
587 850
587 629
588 934
588 850
588 807
588 589
588 651
588 693
588 682
589 822
589 878
589 960
590 957
590 596
590 792
590 858
590 802
590 850
591 661
591 739
591 685
591 916
591 770
591 980
591 915
591 839
591 989
592 736
592 684
592 739
592 600
592 683
592 863
592 706
592 842
592 903
592 605
593 955
593 677
593 944
593 981
593 897
594 919
594 600
594 776
594 740
595 617
595 876
595 859
595 820
595 795
596 871
596 644
596 980
596 801
596 614
596 710
596 1000
596 739
596 854
597 962
597 802
597 843
597 821
597 668
597 599
598 944
598 678
598 847
598 760
598 838
598 792
598 639
598 722
598 904
598 966
599 858
599 734
599 860
599 798
599 732
599 908
599 890
599 972
599 992
599 631
600 772
600 648
600 813
600 704
600 665
600 865
600 672
600 631
600 603
600 827
600 811
600 795
600 733
600 602
601 670
601 653
601 683
601 714
602 890
602 945
602 695
602 956
603 621
603 689
603 947
603 938
603 672
603 930
603 986
603 962
603 784
604 824
604 822
604 767
604 860
604 839
604 975
604 605
605 679
605 711
605 848
605 637
605 969
605 991
605 702
605 650
605 790
605 807
606 714
606 689
606 883
606 711
606 956
606 738
606 986
607 669
607 773
607 627
607 646
607 880
607 806
607 917
607 706
608 777
608 628
608 925
608 785
608 857
608 773
608 683
608 941
608 784
609 964
609 870
609 630
609 876
609 663
609 806
609 943
609 682
610 779
610 818
610 658
610 761
610 723
610 670
610 857
611 889
611 894
611 855
611 935
611 646
611 889
611 900
611 675
611 636
612 649
612 747
612 798
612 720
613 872
613 738
613 658
613 688
613 884
613 759
613 753
613 950
613 758
614 853
614 625
614 807
614 826
614 819
614 701
615 839
615 873
615 867
615 952
615 693
615 947
616 655
616 904
616 637
616 992
616 788
616 701
616 892
616 868
617 965
617 919
617 927
618 843
618 735
618 893
618 638
618 923
618 635
619 920
619 939
619 918
619 846
619 643
619 657
619 892
619 939
619 912
619 720
619 759
619 627
619 931
619 783
620 853
621 775
621 995
621 990
621 824
621 935
621 758
622 833
622 792
622 650
622 695
622 634
622 969
622 934
622 994
622 715
622 825
622 767
622 802
623 772
623 851
623 799
623 841
623 855
623 893
623 951
623 985
624 959
624 953
624 687
624 924
624 817
625 631
625 961
625 996
625 754
625 754
625 733
625 864
625 686
626 889
626 942
626 874
626 803
626 658
626 915
626 808
626 647
626 656
626 738
627 651
627 810
627 722
627 660
627 872
627 643
627 853
627 688
627 882
628 842
628 646
628 866
628 980
629 806
629 729
629 754
629 838
629 866
629 663
629 674
630 893
630 785
630 955
630 704
630 890
631 943
631 781
631 638
631 821
631 737
631 665
631 758
632 968
632 735
632 698
632 688
632 762
632 808
633 794
633 969
633 697
633 716
633 658
633 966
633 688
633 649
634 768
634 837
634 741
634 911
635 865
635 830
635 702
635 887
635 921
636 987
636 691
636 839
636 824
636 781
636 982
636 965
636 998
636 673
636 975
637 945
637 866
637 728
637 999
637 689
637 797
637 969
638 945
639 771
639 885
639 989
639 780
639 869
639 815
640 717
640 853
640 958
640 961
640 886
640 905
640 838
640 746
640 802
640 894
641 688
641 807
641 703
641 898
641 680
641 835
642 847
642 971
642 944
642 734
642 876
643 670
643 650
643 872
643 662
643 973
643 681
643 672
643 849
643 719
643 695
644 947
644 939
644 767
644 921
645 813
645 964
645 996
645 987
645 661
645 908
645 923
645 712
645 798
645 860
646 796
646 694
646 823
646 762
646 877
647 949
647 950
647 928
647 939
647 678
647 702
648 737
648 976
648 722
648 927
648 881
649 821
649 977
649 735
649 841
649 857
649 832
649 775
649 993
649 773
649 901
649 921
650 784
650 780
650 710
650 734
650 883
650 932
650 697
650 682
650 900
651 896
651 736
651 767
651 804
651 736
652 900
652 867
652 686
652 755
652 813
652 999
653 708
653 668
653 783
653 809
653 914
653 795
654 742
654 732
654 960
654 998
654 855
655 930
656 817
656 687
656 803
656 731
656 901
656 943
657 912
657 878
657 850
657 870
657 784
657 756
657 870
657 663
658 729
658 714
658 669
658 740
658 779
658 731
658 868
659 676
659 949
659 701
660 985
660 801
660 663
660 804
660 685
660 669
661 805
661 748
661 811
661 881
661 662
661 861
661 897
661 988
661 850
661 796
661 998
661 684
661 966
661 894
661 899
661 929
662 808
662 721
662 958
662 737
662 902
663 738
663 714
663 667
663 861
664 767
664 679
664 923
664 963
664 738
665 904
665 889
665 888
665 844
665 963
665 726
665 791
665 845
665 946
665 805
665 846
665 915
665 924
666 703
666 845
666 771
666 864
666 953
666 928
666 777
667 723
667 890
667 891
667 972
667 871
667 998
667 963
667 971
668 957
668 783
668 979
668 895
668 930
669 828
669 903
669 943
669 793
669 716
669 959
669 826
669 806
670 743
670 764
670 702
670 712
670 850
671 673
671 751
671 749
671 810
671 732
671 882
672 888
672 922
672 685
672 866
672 698
672 837
672 872
673 893
673 726
673 764
673 751
673 992
673 912
673 940
674 921
674 939
674 995
674 723
674 911
674 765
674 868
674 736
674 706
675 734
675 804
675 685
675 792
676 945
676 773
676 834
676 700
676 763
676 710
677 948
677 853
677 736
677 795
677 914
677 743
677 749
677 805
678 741
678 993
678 983
678 969
678 760
678 837
678 993
678 805
678 756
678 978
679 925
679 810
679 714
679 763
679 868
679 816
680 907
680 715
680 707
680 693
680 866
681 754
681 816
681 909
681 737
682 944
682 992
682 914
682 868
682 754
682 974
682 942
682 706
682 991
683 930
683 908
683 896
683 767
684 720
684 784
684 979
684 868
684 835
684 860
685 839
685 744
685 719
685 806
685 960
686 955
686 940
686 941
686 819
686 798
686 997
686 871
686 990
687 921
687 715
687 759
688 968
688 790
688 943
688 889
688 765
688 964
688 928
688 850
689 760
689 932
689 931
689 798
689 990
689 964
689 864
690 927
690 984
690 775
690 880
690 711
690 965
690 724
690 990
691 982
691 901
691 936
692 857
692 904
692 956
692 784
692 858
692 747
693 914
693 941
693 733
693 868
693 995
693 1000
694 965
694 748
694 807
694 965
694 821
695 762
695 783
695 900
695 986
695 781
696 878
696 745
696 764
696 993
696 931
696 874
696 820
696 931
697 781
697 728
697 794
697 963
697 752
697 789
697 886
697 915
697 993
697 879
698 866
698 728
698 838
698 726
699 766
699 763
699 793
699 866
699 966
700 816
700 731
700 934
700 918
700 907
700 910
700 986
700 745
700 948
701 987
701 872
701 952
701 960
702 776
702 937
702 836
702 833
703 722
703 960
703 825
703 882
703 856
703 961
703 725
703 720
704 816
704 843
704 832
704 830
704 840
705 901
705 775
705 993
706 927
706 944
706 908
707 921
707 724
707 802
707 802
707 812
708 710
708 885
708 778
708 787
708 877
708 854
709 769
709 735
709 935
710 737
710 761
710 969
710 823
710 810
710 776
710 895
711 852
711 917
711 977
712 771
712 999
712 768
712 760
712 871
712 860
713 790
713 805
713 930
713 988
713 938
713 883
713 962
713 867
714 747
714 834
714 899
715 979
715 919
715 852
716 991
716 984
717 988
717 940
717 831
717 876
717 804
718 859
718 724
718 900
718 913
719 860
719 956
719 822
720 851
720 913
720 773
721 741
721 842
721 766
721 899
721 796
721 945
722 968
722 758
722 855
722 771
722 962
722 911
723 863
723 875
723 743
723 879
723 946
723 813
724 922
724 812
724 842
724 799
725 726
725 991
725 795
726 728
726 960
726 987
726 923
726 770
726 996
727 987
727 780
727 918
727 817
727 739
727 783
727 974
728 750
728 825
728 895
728 912
728 979
728 831
728 991
728 980
729 950
729 893
729 892
729 815
729 874
729 758
729 1000
729 757
729 736
730 996
730 985
730 848
730 970
730 977
730 807
730 988
731 891
731 963
731 875
731 837
731 733
731 875
732 894
732 909
732 853
732 928
732 822
732 911
732 846
732 915
732 766
732 955
733 867
733 773
734 952
734 760
734 983
734 890
734 764
735 763
735 955
735 963
735 750
735 926
735 751
735 1000
736 844
736 893
736 798
736 752
736 964
736 766
736 805
737 953
737 927
738 820
738 879
738 829
738 972
738 825
738 920
738 746
738 818
738 888
738 882
739 860
739 740
739 995
739 918
740 923
740 770
740 815
740 866
740 772
741 942
741 742
741 759
741 911
741 892
741 942
742 860
742 978
742 976
742 791
742 931
742 898
742 931
742 853
743 968
743 745
743 762
743 995
743 867
743 754
743 821
743 986
743 763
744 867
744 936
745 921
745 959
745 829
745 800
745 928
745 911
745 968
745 932
746 780
746 895
746 970
746 802
746 835
746 877
746 794
746 969
746 748
747 920
748 843
748 952
748 756
748 969
748 970
749 751
749 827
749 788
749 770
749 785
750 803
750 944
750 797
750 786
750 971
750 993
750 987
751 946
751 795
752 791
752 930
752 881
752 847
753 878
753 882
753 776
753 988
754 909
754 958
754 770
754 875
754 781
754 963
755 832
755 999
755 787
755 888
755 960
755 907
755 928
756 923
756 839
756 890
756 931
756 765
756 949
756 861
756 859
756 900
756 992
757 903
757 926
757 861
757 978
758 876
758 998
758 767
758 956
758 862
759 854
759 871
759 910
759 938
760 847
760 852
760 844
760 860
761 769
761 882
761 800
762 823
762 917
762 804
763 806
763 929
764 796
765 805
765 942
766 880
766 791
766 944
767 903
767 771
768 899
768 817
768 981
768 772
768 799
768 908
768 899
768 981
768 783
769 779
769 864
769 934
769 883
770 859
770 804
770 984
770 904
771 884
771 966
771 891
771 798
771 896
772 976
772 948
773 909
773 846
774 902
774 823
774 783
774 967
775 852
775 838
775 781
775 779
775 939
775 780
776 827
776 799
776 950
776 922
776 862
776 918
777 881
777 925
777 817
777 929
778 927
778 844
778 901
778 839
778 891
779 830
779 916
779 786
779 910
780 970
780 850
780 935
780 978
782 814
782 859
782 939
782 913
783 937
783 810
783 950
783 986
784 929
784 788
785 868
785 948
786 897
786 956
786 891
786 828
786 868
786 999
787 848
788 897
788 980
788 981
789 911
789 977
789 905
789 805
790 907
790 829
790 966
790 897
790 834
791 809
791 943
791 959
792 794
792 981
792 847
792 901
793 960
793 957
793 799
793 955
793 808
793 911
793 802
793 840
794 992
794 855
794 841
795 840
795 875
795 937
795 817
796 967
796 953
796 976
796 991
796 910
797 962
797 843
798 985
798 836
798 887
798 962
798 894
798 912
799 826
799 848
799 995
799 992
800 985
800 855
800 871
800 862
801 910
801 833
801 922
801 958
802 970
802 938
802 993
803 904
803 876
803 873
803 881
803 939
803 924
804 951
804 995
804 940
804 890
804 971
804 835
805 873
805 842
806 920
806 888
806 819
807 843
807 896
807 855
807 963
807 903
807 927
807 976
808 821
808 953
809 991
809 868
810 849
810 939
810 928
810 931
810 840
811 951
811 924
811 891
811 926
811 817
811 942
811 856
812 850
812 955
812 931
812 924
812 839
812 892
813 822
813 913
813 983
813 818
814 890
814 926
814 818
814 959
814 966
815 966
815 818
816 898
816 990
816 899
817 993
817 819
818 920
819 975
819 907
819 982
819 914
820 836
820 842
820 963
820 945
821 855
821 877
821 938
821 832
822 966
822 945
822 954
822 940
823 915
823 931
823 994
823 871
823 867
824 924
824 852
824 942
824 920
825 854
825 971
825 864
825 898
825 998
826 933
827 841
827 872
827 996
827 993
828 993
829 933
829 862
829 876
829 942
830 868
830 949
830 866
830 954
830 889
830 904
830 952
831 922
831 942
831 979
832 974
832 877
833 970
833 872
833 983
833 991
833 840
833 971
834 874
834 980
835 845
835 897
835 899
835 951
835 867
836 953
836 864
836 866
836 981
837 905
837 846
838 922
839 941
839 874
839 948
839 858
840 918
840 918
840 897
840 922
841 874
841 863
841 901
841 972
842 954
842 895
843 882
844 861
844 879
844 878
844 936
845 879
846 922
846 850
847 856
847 872
847 960
847 987
847 967
848 925
848 939
848 973
848 958
848 982
849 860
849 954
849 899
849 959
850 909
851 927
851 895
851 959
851 958
851 937
851 976
852 988
853 925
854 885
854 919
855 919
855 936
855 936
856 966
857 906
857 984
857 929
857 961
857 879
858 941
858 900
859 886
859 981
859 959
860 926
860 923
861 911
861 956
861 960
861 874
862 999
862 922
863 913
864 886
865 997
865 975
865 921
865 912
865 877
866 884
866 965
866 980
866 924
867 990
867 876
867 948
867 872
867 911
868 965
868 983
868 869
868 927
868 876
868 908
868 887
868 990
869 946
869 969
869 895
869 922
870 918
870 982
870 878
870 985
871 908
871 925
871 918
872 959
873 918
873 983
873 979
874 958
874 898
874 923
875 878
876 966
876 990
877 973
878 898
878 967
878 925
879 895
879 995
879 947
879 974
879 945
880 965
880 999
881 957
881 972
882 916
883 932
884 960
885 981
885 980
885 888
886 938
886 900
886 984
888 986
888 963
888 893
888 993
889 895
890 972
890 962
890 898
890 917
890 967
890 992
890 939
891 894
891 979
891 952
892 997
892 975
892 961
893 948
893 896
893 973
893 930
895 969
895 923
895 911
896 958
896 930
897 926
897 958
897 927
897 985
898 963
898 989
901 982
901 931
901 919
901 958
903 963
903 952
903 918
904 959
905 984
905 908
909 997
910 973
911 994
911 988
912 933
915 983
916 975
916 959
917 937
918 936
918 961
918 941
918 940
919 921
920 978
920 949
921 940
921 932
922 934
922 970
922 935
923 944
924 982
925 946
925 941
925 937
926 936
927 964
927 933
927 985
927 980
928 995
928 938
930 959
934 950
935 974
935 994
935 942
935 994
935 938
936 996
938 998
938 939
939 961
939 946
939 992
943 983
944 960
944 954
945 1000
945 961
946 950
947 991
947 997
950 992
950 963
950 990
950 999
952 986
952 967
953 994
954 984
955 971
955 969
957 958
957 979
958 984
959 976
959 962
959 993
960 996
960 994
965 993
965 985
972 977
974 989
977 1000
979 987
981 996
982 987
982 987
984 993
986 999
986 987
992 999
996 999