50 800 0.15 1e-06
-0.7371 -0.5490 1.3223 0
0.7433 1.2174 -1.4834 1
-0.5116 -0.3338 1.3195 0
0.7377 0.4357 -1.2162 1
-1.1317 -1.1555 0.7850 0
1.2831 0.6908 -1.2452 1
-1.4088 -0.7609 0.6390 0
0.5509 1.2630 -1.4361 1
-1.2791 -0.8455 0.8661 0
0.9312 0.9392 -0.7627 1
-0.9394 -0.8027 1.3110 0
1.5313 1.3568 -1.4025 1
-0.8981 -1.1279 1.4761 0
0.7852 0.9498 -0.9427 1
-0.6749 -0.5985 1.3515 0
0.6183 0.3713 -0.4645 1
-1.3732 -1.1225 1.0952 0
1.4500 0.7133 -1.4111 1
-1.1514 -0.9435 0.9039 0
0.9034 0.7577 -0.7945 1
-0.9660 -0.5103 1.1802 0
0.8584 0.5220 -0.7538 1
-1.4481 -0.4595 0.9052 0
1.0747 1.1791 -0.9075 1
-1.2083 -1.0720 1.0502 0
0.8261 0.5195 -0.8228 1
-1.4880 -0.3628 0.8888 0
1.1101 0.4998 -1.0636 1
-1.2408 -0.8300 1.1778 0
1.5769 0.6252 -1.2335 1
-1.1131 -0.9759 0.7643 0
1.5929 0.5509 -1.1874 1
-1.0803 -1.0052 0.7992 0
1.3303 0.4553 -0.5104 1
-1.4514 -0.4352 0.8685 0
1.5543 0.7923 -1.0090 1
-0.8735 -0.4619 0.5940 0
1.5206 1.2178 -1.1697 1
-0.8945 -0.4056 1.1362 0
0.6174 0.8884 -0.6912 1
-1.4767 -0.3442 0.5383 0
1.4969 0.3962 -0.7238 1
-0.9554 -0.3660 0.6519 0
1.5725 0.8522 -0.5629 1
-1.0326 -0.9624 0.4279 0
1.4365 1.2982 -1.4352 1
-1.4240 -0.5319 0.5669 0
1.3047 0.6654 -0.9221 1
-0.8520 -0.4883 1.4301 0
0.6779 0.6218 -1.2676 1
10
-1.1754 -1.0198 0.7135
0.8031 0.9636 -0.6102
-0.6627 -0.8232 1.0209
1.0933 0.5346 -1.2103
-1.1000 -0.4650 0.5522
1.0339 1.0416 -0.6399
-1.1807 -0.8063 0.6216
0.8463 0.8685 -0.7718
-0.7405 -0.4687 1.0889
1.3490 1.0480 -1.1027