235 68 50
1 86
44 1
1 63
20 1
2 6
65 2
2 47
28 2
40 3
69 3
27 3
27 3
83 3
71 3
66 4
4 8
4 22
20 4
35 4
4 47
4 49
8 5
26 5
5 82
73 5
30 5
5 20
5 32
6 15
7 85
19 7
7 88
77 7
87 7
7 32
8 74
8 87
40 8
47 8
8 89
73 9
9 22
9 62
10 38
10 58
10 26
10 32
34 10
10 61
11 54
28 11
67 11
11 15
11 51
12 24
12 83
12 55
43 13
87 13
67 13
55 14
84 14
14 70
14 68
14 44
14 59
69 14
25 14
44 15
15 50
16 66
16 31
88 16
44 17
20 17
60 17
83 17
24 17
18 36
27 18
24 18
82 19
19 74
20 99
20 84
60 21
45 21
53 21
69 21
22 34
25 22
22 51
98 22
100 22
23 29
35 23
83 23
67 23
23 80
24 93
24 46
34 24
60 25
74 25
26 33
26 70
93 26
67 26
26 93
88 26
27 93
27 95
28 51
28 51
45 28
28 28
29 64
29 72
29 64
30 59
74 31
78 31
61 31
71 31
100 31
31 56
89 32
66 32
32 56
61 32
32 98
48 32
33 97
33 97
33 44
73 34
67 34
34 53
45 34
56 34
35 61
57 35
47 35
74 35
87 35
65 35
92 36
87 36
36 47
37 81
37 88
58 37
37 84
89 38
94 40
40 91
54 41
66 41
61 41
41 73
59 41
100 42
42 76
60 42
45 43
43 66
43 100
43 53
71 43
43 52
44 51
45 91
90 45
45 84
45 78
87 46
46 47
89 46
47 95
47 75
47 68
47 60
48 86
82 48
48 67
49 57
49 96
50 56
68 50
94 51
90 51
52 51
53 82
78 53
55 59
99 55
61 55
95 56
66 57
57 76
99 57
63 58
66 58
71 58
59 86
65 61
62 68
87 62
65 63
64 78
79 65
66 84
78 66
66 67
79 67
100 68
68 74
98 68
70 97
77 72
94 72
72 93
73 76
73 90
84 75
76 98
79 98
97 82
83 95
87 95
87 100
88 89
91 89
98 92
98 94