279 74 39
34 1
56 1
1 13
2 48
2 26
41 2
68 2
2 47
97 2
3 16
3 88
29 3
26 3
97 3
3 81
3 35
3 86
3 33
3 67
3 72
3 44
78 4
4 59
8 4
36 4
4 84
77 4
56 4
4 16
84 4
5 30
5 40
13 5
7 5
87 5
70 5
46 5
6 48
46 6
6 20
6 40
87 6
7 22
7 61
31 8
8 38
81 8
8 87
8 47
9 12
9 71
9 48
74 9
28 10
10 48
10 85
89 10
10 66
10 53
11 51
11 43
73 11
11 41
11 26
55 11
82 11
12 53
64 12
59 12
45 12
12 72
18 13
84 13
13 47
13 43
14 25
14 75
79 14
14 56
14 84
15 15
71 15
15 21
15 99
15 53
76 15
15 41
16 81
21 16
40 16
17 27
17 46
47 17
61 17
17 28
48 17
18 74
24 18
18 48
19 18
19 49
19 27
67 19
32 19
66 20
20 28
21 54
21 23
38 21
76 21
22 73
89 22
22 27
49 23
23 39
24 90
24 47
76 25
89 25
25 33
25 79
86 26
69 26
27 96
68 27
53 27
28 46
28 50
52 29
30 29
67 29
30 50
91 30
30 49
63 30
33 31
39 31
59 32
32 38
32 53
33 73
33 79
33 65
49 33
33 97
36 34
97 34
34 68
91 34
43 34
35 88
35 67
35 80
35 70
58 35
85 36
53 36
44 37
37 43
37 72
86 38
46 38
99 39
39 100
85 39
39 51
93 40
40 89
41 95
61 41
49 41
96 41
69 41
41 62
43 41
55 42
49 42
56 42
58 43
43 47
43 59
92 44
45 44
44 51
44 91
45 79
95 46
98 46
56 47
47 48
77 47
70 47
48 85
48 90
48 73
48 56
56 48
74 49
58 49
49 50
64 50
50 58
78 51
84 51
66 51
51 96
52 99
53 61
70 53
58 53
53 75
78 53
54 70
83 54
55 64
55 87
65 56
87 56
56 97
97 57
57 100
57 94
58 58
59 95
59 100
60 75
60 74
61 99
78 62
62 85
90 63
63 71
64 63
96 64
89 64
65 87
65 67
73 65
76 65
90 65
66 66
66 70
66 67
67 96
67 75
73 67
67 85
68 70
68 79
81 70
76 70
71 70
71 92
71 95
71 92
74 100
96 74
75 94
84 76
76 88
77 99
96 77
95 77
86 77
96 77
78 80
97 80
85 81
85 88
98 87
87 99
90 88
95 89
91 91
91 94
97 92
100 93
96 96
100 98