15
0 9577 4642 8083 2278 8683 8568 4595 3282 4584 5620 261 4376 9598 1998
141 0 2268 7381 3577 1251 4663 5913 6190 3178 3403 1238 5850 5133 6495
5272 997 0 6174 9674 1606 2617 1319 8978 7302 9278 7845 9067 2811 7192
1616 4166 7828 0 2071 2451 6616 1149 8840 8495 9357 6518 9643 635 9247
5542 473 2951 4525 0 9513 9677 4106 3431 1480 4905 4484 4042 6808 2503
7962 6211 4946 1357 3754 0 171 8497 1876 4409 3378 4103 6402 5392 2535
2887 7273 3066 4136 1757 221 0 6244 9061 6714 9173 1379 4716 1444 6051
2295 6905 5863 5693 9412 5324 495 0 8886 9276 4367 6409 8482 4838 631
7071 7384 3772 1424 7122 9063 1005 763 0 7278 72 9837 9671 4002 4697
6023 2986 6499 2177 2255 6547 363 2523 3674 0 4923 7694 5032 3820 5017
2782 523 2121 6612 4128 2165 6238 2488 1698 928 0 557 9950 4018 935
3561 6671 8916 6217 1904 2304 6650 3603 9959 3894 4634 0 7888 2568 3565
9908 1507 9419 3819 7969 2967 4482 5488 7055 9545 5169 7854 0 677 1063
9624 1660 7153 5935 3720 528 4793 6111 5988 5239 950 6705 2736 0 6334
7956 8216 507 6221 5079 7824 8192 6764 5702 3644 1899 1626 4209 2675 0