15
0 6823 2826 402 851 7235 7592 1399 3215 6501 1286 4593 6018 5666 3198
3613 0 1163 7029 7102 4296 2615 6283 3601 4101 3216 734 4621 2937 1422
9256 5517 0 842 8484 1135 9973 6967 3690 2811 8617 9884 8341 8825 1767
7215 7113 6377 0 8995 1459 6241 9190 5682 5759 6933 5886 7542 6407 2853
2634 1271 8940 3361 0 8552 8887 9780 2647 8737 9576 2125 863 2431 2289
136 623 538 1861 1625 0 562 9279 198 3607 7029 8630 7871 7285 5202
8850 1935 9254 9060 7967 8557 0 8924 4471 9161 6680 2081 4732 9061 3091
7330 5084 1423 3673 6085 519 1632 0 1455 5772 822 6764 241 5437 9192
5554 2978 3487 657 3400 1593 4024 8024 0 5741 5656 1979 7059 1700 6070
9265 3140 1611 6990 6439 8017 1456 5550 8254 0 5071 3751 3176 7489 8876
796 3007 432 4508 8355 5514 4889 7630 7593 6494 0 3355 9494 2457 9424
8319 6767 2590 7772 3533 2334 3802 5281 1573 667 4449 0 1317 5170 9146
6220 6470 3830 6006 7059 5322 8876 7584 3867 1108 2892 6791 0 898 7663
926 8112 8047 3473 4594 8629 9769 4088 1834 8980 6729 9230 5674 0 4880
3153 1537 7352 2698 5732 8100 9405 9613 7319 2860 8809 8034 5991 6835 0