15
0 6280 6361 4286 7361 399 482 1075 2208 1048 4376 9749 7197 135 8063
6676 0 3989 3446 4441 4577 682 9887 9616 3655 4848 1215 1202 7768 4346
18 5676 0 1098 4714 8552 7243 3436 691 6290 2810 9260 1514 9331 988
6432 860 2195 0 7552 119 6922 4182 6119 8096 3065 4683 7171 6862 9837
7680 3197 2657 2033 0 1444 9192 2925 8492 6534 3215 4251 6500 2421 5666
3807 6066 9910 4557 2968 0 7100 3 5323 8820 569 4461 4025 3160 2249
3253 8599 3127 1241 4651 3414 0 6713 3379 3670 1323 8726 215 6440 4326
5872 7082 3309 7281 3215 38 1276 0 4871 6918 6284 5037 5367 5875 8755
5832 5366 8499 2782 3302 500 7159 3946 0 8092 641 5210 9201 4465 4692
2271 4961 4358 7866 387 7972 831 3575 7241 0 3845 9346 3359 8800 2794
802 2901 8225 2986 5852 769 6173 9356 2970 4662 0 954 1631 2492 6436
4844 2415 4601 4184 8952 3289 9256 5183 2471 6511 7775 0 7928 5721 8043
8975 1149 9341 3169 7021 3705 8393 6183 1106 1377 337 5998 0 8385 6774
1633 241 745 3680 712 3757 8696 9372 8441 7336 478 2138 7255 0 5256
7314 5408 4163 7508 7146 934 944 4101 2430 3221 5203 5176 8869 4098 0