15
0 7239 464 6694 2423 1380 2443 7340 3223 404 8886 3037 4679 1912 2789
2473 0 7624 620 1383 5889 881 2458 291 5734 5473 1800 6593 5922 2071
3848 1694 0 4915 3342 7729 2121 4651 2556 7955 917 7500 3486 9891 9936
6428 2307 8602 0 8474 5348 5563 5648 3228 9487 836 2280 4016 9199 5398
1469 1873 5418 6235 0 8883 6546 7411 1450 3327 9649 6684 5468 3152 8595
6659 7297 8528 2507 8870 0 6289 7769 4058 3489 6590 1077 8849 3571 7380
4016 8428 1414 9004 6555 3648 0 1644 1389 4473 7201 6932 9529 5956 2257
931 4495 3785 1950 2195 4250 2526 0 3606 1854 2300 2498 8954 7938 6122
4277 7756 5376 9668 5296 7585 6309 7418 0 4028 8299 7228 3960 3804 26
4011 8550 4104 4802 3005 1236 469 9988 1702 0 6068 7096 5287 3480 9531
86 5531 4834 512 3474 1142 8537 32 6834 9053 0 2755 9964 3359 9360
149 7338 2592 2620 979 6143 8225 8899 5706 7063 8323 0 5749 1226 7275
8796 4162 5128 2989 4935 8145 7313 3903 2541 2742 9119 4243 0 2446 1588
5710 5844 1332 6296 9040 7055 2169 4033 7090 8826 2241 5298 8788 0 692
7038 2708 9406 6429 4183 3145 2022 5564 4736 8107 2122 8164 9149 2131 0