7345
5 8397
55 9105
53 1983
86 7703
50 3359
31 1421
56 5381
99 4492
40 2668
57 698
38 1147
68 7978
92 6927
23 6186
71 7558
55 6250
82 2184
3 5001
24 429
74 5472
25 2613
76 6515
57 6122
83 4014
33 4410
29 760
95 1516
70 5127
46 564
52 7755
53 7077
60 4592
18 1461
34 9001
26 1719
31 79
46 6916
23 908
55 8836
85 9166
10 336
2 4207
66 5327
87 9008
57 3037
70 6213
23 851
63 1668
7 9269
64 6608
52 1187
26 7063
55 3192
27 6811
98 8122
88 9649
24 8033
22 5020
47 2505
16 921
72 490
91 7801
14 7469
41 923
87 553
94 3561
65 7598
85 7449
2 373
29 5707
73 8650
33 6672
50 2190
94 197
81 6455
80 698
75 4551
52 2581
7 2763
13 4589
4 3178
50 8306
50 8518
46 6461
65 2684
45 7008
14 6455
86 4431
72 7495
78 5766
86 586
37 3907
36 7538
8 1361
40 1153
28 2550
83 2364
78 6282
85 9216
58 2408
7 5519
54 9069
18 9965
73 5434
62 691
26 9092
82 4719
27 7411
40 8087
52 2625
21 6697
5 3307
89 8342
88 4130
40 634
45 1011
56 8850
91 3650
85 9873
29 6486
81 6347
18 4886
1 9564
16 462
3 1822
100 46
98 8832
45 2574
68 306
29 742
38 8599
21 699
81 9062
13 942
59 3750
53 797
29 8855
99 9565
48 2319
12 7967
29 2886
79 2700
32 7214
92 7133
31 7410
87 3743
53 9024
88 2421
34 1114
1 724
97 4703
13 8764
58 4234
93 3105
17 6540
24 8443
33 2589
17 8120
12 8511
32 4282
15 9258
86 1616
12 9137
97 8128
76 2115
53 830
38 1224
45 3632
58 4169
37 1164
70 3482
24 6337
33 4085
21 5552
62 2675
73 2646
93 2313
11 9057
36 3969
23 5271
59 814
98 9085
50 5766
17 9335
100 745
45 7975
35 9676
86 6450
33 8709
71 9595
3 4982
9 7990
83 9690
32 4396
20 9231
23 9860
2 4333
100 4557
12 4196
54 1983
98 8787
1 8030
42 7535
16 7716
7 7754
16 1713
90 2178
2 9965
79 3311
32 8499
9 2135
27 7567
6 4008
14 9769
16 8985
57 6461
54 8116
78 8590
59 2337
7 2729
28 4109
78 8051
35 450
57 8280
79 2952
5 3315
18 5372
15 9889
91 7560
54 2035
48 9004
16 8209
76 6425
1 6813
12 8325
22 6383
28 6525
60 2218
76 3886
72 3034
2 5850
45 7806
61 9741
31 3112
20 6071
94 5991
36 1514
64 7281
60 7663
54 4752
32 6822
21 1108
35 9015
51 5652
29 1391
99 6316
87 8487
82 7566
89 6567
32 3750
80 6731
6 8885
41 2479
27 2207
46 6786
61 3416
58 9259
77 874
25 6543
37 1940
1 9624
16 4354
27 4163
24 4072
95 9803
30 9935
84 7387
12 7878
8 2444
13 2290
18 9360
59 9264
47 1870
54 942
49 2491
39 9448
33 1676
76 9393
67 1508
43 9898
51 8710
1 4540
55 8182
95 6261
62 89
21 1966
2 6933
46 6165
21 5363
94 8676
22 3801
72 2726
40 5777
60 7116
41 3559
51 6240
16 7621
35 8482
51 1423
87 7465
1 1610
58 8697
52 7011
54 108
53 7297
93 4570
58 782
69 2870
98 2850
22 4517
45 6324
9 8471
98 7338
19 9856
34 6979
34 5306
82 2602
1 5027
43 7590
42 329
20 5428
74 6463
74 3970
14 3821
55 7736
89 4064
63 6270
7 5087
76 8524
47 6420
94 2173
1 6967
54 1721
97 4807
82 7314
69 5916
20 3065
15 8172
48 9045
7 2914
54 8563
66 5654
29 6660
68 2334
10 6928
84 3784
78 3487
55 5233
87 155
72 9471
50 2160
63 882
1 9129
62 3421
92 8868
82 4291
1 1448
16 7006
75 474
84 3938
17 1571
83 5189
53 1282
54 6631
87 234
47 935
84 1720
19 9016
48 5220
24 1937
64 4462
51 76
14 664
4 1631
30 2635
25 4261
5 13
96 4787
77 2981
4 1861
44 203
15 5461
35 8840
76 7283
83 5025
59 6125
2 226
18 7544
23 7418
85 2402
92 4650
33 6669
33 2173
4 1598
37 601
2 5129
91 719
64 9972
66 8380
96 1324
36 8632
23 852
73 6205
40 2944
35 5123
30 280
32 989
49 1973
67 4836
86 6990
58 2704
67 1595
1 582
43 2857
24 3608
76 3207
19 4807
89 889
10 7598
25 8035
38 2714
16 294
51 2412
74 7306
70 6296
51 9739
79 5567
95 1279
59 9443
60 8568
68 8210
1 4678
100 6865
52 4935
48 4540
41 7403
29 9112
85 7656
86 8959
69 1238
65 8067
56 6353
16 6062
44 7718
45 1508
12 8992
75 6767
17 5804
12 8720
77 9657
69 4764
18 9262
1 8784
100 3586
34 8618
35 3722
38 9083
38 8283
89 7692
98 1040
100 9331
20 4686
75 4558
44 2445
1 3084
71 2997
98 6502
21 7858
36 2950
2 6557
52 1412
6 5675
58 453
71 4167
38 2569
87 3615
25 4018
47 8540
68 2070
14 5777
23 5447
43 3143
53 5924
94 594
5 9173
47 9455
39 7766
78 3522
67 6168
30 9019
26 3589
74 9242
82 1957
99 2215
25 9855
13 9263
34 3170
41 7100
23 5515
19 8040
83 848
53 5263
17 5792
59 4987
1 3796
1 4374
61 4753
90 642
38 6875
18 4736
26 2845
48 3719
41 7099
60 6540
12 1294
45 1999
28 876
73 7456
95 9710
50 8525
36 3496
29 7034
26 6622
75 5432
24 3657
94 439
25 9244
44 8307
84 3993
54 6496
91 1255
62 2142
63 3386
36 2392
62 8181
12 3034
65 6254
8 364
74 6250
61 2285
99 1216
14 1415
69 4439
69 1475
35 4291
44 5142
21 4641
61 6306
48 6976
8 7694
92 6233
63 6097
68 103
13 8867
24 3274
16 9989
61 690
61 386
7 9714
64 998
69 6944
20 9821
95 8623
60 9809
4 8561
36 9448
67 2037
2 2928
52 411
7 5562
1 7845
8 4195
59 7637
96 9734
23 8371
31 307
5 4069
36 7685
42 2907
23 8331
68 1414
73 248
62 1284
88 3141
28 4623
55 1997
88 129
88 3633
98 1266
100 7536
76 1523
78 5406
26 1714
12 6587
28 5017
84 7553
82 9660
96 1825
26 1151
11 9540
88 6467
83 3180
18 7977
10 6248
91 4590
79 890
12 3678
44 5811
48 2216
39 6625
7 6932
14 9839
26 922
97 3517
55 8670
100 6472
54 6253
48 1984
49 1445
8 7330
75 9714
71 8780
37 2202
49 4498
46 7173
10 3413
83 4490
74 5882
15 9415
66 1039
40 4733
10 3513
32 1107
61 1222
77 9608
4 7231
23 4432
39 6879
42 7038
72 5098
100 3691
97 3399
28 7019
40 6585
87 626
13 3496
90 786
80 3074
24 6292
70 3145
92 9383
64 4199
59 8540
76 9458
49 8321
82 5986
17 2303
93 780
74 7306
42 2309
22 3543
76 1762
14 8003
46 7683
97 8599
51 8053
56 3718
85 1590
64 7709
75 4815
8 2228
78 2735
88 4275
5 792
35 6063
58 988
48 1315
53 6224
32 4784
64 3391
76 2964
58 5200
36 1300
29 3092
45 3973
22 2643
43 713
78 3894
52 9684
31 2113
46 9665
61 1171
88 3488
12 957
14 8707
32 3172
61 4336
63 892
7 7802
19 9265
27 4820
85 1413
30 7914
90 7569
23 5369
15 1053
16 4448
72 5914
9 9736
71 4908
17 7744
97 9289
73 2481
18 3257
58 3347
14 801
73 2312
56 5570
44 8424
49 3288
81 7171
98 9882
48 7272
66 9517
62 1630
33 748
85 5814
43 9765
69 2562
62 982
7 2971
87 1826
77 8310
30 8905
24 6430
53 6160
66 5554
20 2970
52 7296
65 5001
85 8034
64 4834
79 679
57 2730
79 9444
100 5345
79 2903
56 1293
24 1568
75 7076
78 4085
22 3674
31 9641
90 7333
73 3480
47 650
96 5928
56 4992
92 3243
62 7830
57 9536
66 6319
64 484
55 8541
48 3101
41 6762
55 8605
19 3079
72 7925
54 9517
98 5039
91 4321
91 5837
24 2077
21 7396
69 7979
6 6242
81 9149
34 5093
8 6553
80 7938
57 5465
69 7032
22 1307
97 7584
34 6013
95 2
39 7392
53 7074
28 5320
10 9750
62 8495
51 2516
86 8570
83 4837
56 7538
92 2580
87 6667
6 4958
53 2657
10 8749
32 260
81 8756
28 5787
83 5353
5 2407
45 1411
48 9961
71 786
22 7245
17 5231
7 7534
34 6705
71 3729
98 9933
43 3301
98 1560
43 3219
20 8412
65 2489
85 3339
96 1968
41 29
31 5348
65 7132
43 5039
62 1398
43 4784
49 4149
69 9641
27 2285
82 6665
72 5963
21 5188
74 3531
89 8423
86 4847
51 3408
100 7394
10 1969
23 1276
50 9595
55 4873
92 2526
79 9661
48 4866
26 6841
70 401
40 7329
29 6640
89 3687
17 6859
99 6105
39 8373
26 7888
47 4892
90 3220
85 8556
48 7168
40 2920
11 9309
2 2648
79 6163
27 7470
92 5155
13 993
62 5413
25 1798
68 952
64 8301
66 8353
68 2663
49 7816
3 5445
56 8903
74 5067
93 3508
47 108
85 5404
49 815
8 9634
50 1789
26 2936
79 5793
53 6037
88 1734
47 3831
67 6829
51 9786
25 354
19 1309
48 265
68 6921
33 9153
45 7971
29 75
25 9802
59 6623
11 7134
100 7049
33 2663
50 5424
96 3290
31 319
100 6622
67 1491
30 3844
89 3230
63 7780
94 8487
96 8824
47 7177
10 1886
85 4456
21 8934
49 3984
39 4695
55 6286
85 6148
9 6815
34 7244
62 9966
24 7852
71 5050
31 816
71 5422
96 9004
60 8521
48 5480
83 8088
92 3570
49 8490
80 4766
59 807
79 3443
38 927
6 9387
75 1479
89 5629
53 2428
69 571
5 6494
23 4501
73 9244
59 4499
46 1818
54 3367
14 4131
89 2323
38 8663
96 2420
78 2633
69 9600
47 2135
10 5250
67 1137
8 6232
91 8157
50 8964
98 1802
10 1812
58 3293
19 7045
3 1288
38 7669
54 8331
78 3172
42 3487
93 5571
43 2837
39 5543
32 3531
86 9300
64 2391
52 1193
7 159
56 3123
38 7143
60 5830
91 5379
54 7323
45 7034
55 9254
96 2273
36 7980
100 5096
80 9118
74 3208
37 1199
97 865
35 8033
60 6750
90 4529
30 2212
50 6399
30 9285
46 7557
49 7331
49 7321
14 8832
39 9803
7 831
16 4694
15 4785
77 9177
43 4001
11 334
62 1540
81 2176
29 296
47 2608
39 755
84 3119
81 771
7 5953
64 5493
2 1295
47 2388
55 1131
1 41
64 6759
43 8774
43 6333
87 6345
87 1521
67 9881
42 467
85 768
75 8515
45 9570
73 5318
44 6776
77 2230
11 5794
44 1307
21 7764
62 6623
49 2108
27 489
98 1476
38 8490
3 7306
68 4411
88 1235
48 2904
21 7097
20 9876
87 4805
54 9096
51 7335
62 1338
46 9664
16 4026
41 9331
47 8752
85 6224
95 1260
28 5614
78 9658
31 184
3 5621
43 9067
63 9880
30 1714
83 4772
16 2566
96 5092
99 5212
1 7544
93 2839
50 9647
27 2457
72 9165
29 5699
53 3937
8 8046
45 9136
80 3160
98 5347
46 4222
78 9094
78 4457
60 4341
66 8687
1 8012
18 2653
40 4778
36 4081
81 8981
56 1448
42 9403
18 2289
8 9618
63 4140
23 2781
8 9477
87 1498
4 2757
2 1553
46 5197
98 6821
16 464
10 6397
27 7909
79 3185
66 8223
21 1732
50 8227
71 1811
20 4148
82 5002
47 4905
31 329
22 5966
96 5190
84 2555
60 5963
39 7746
35 346
86 288
42 2838
61 7587
3 1290
60 8414
70 393
34 6136
87 4172
14 649
78 3046
70 8256
53 9430
77 7859
96 7490
22 2605
48 9983
98 4262
66 1181
63 4616
63 307
61 1372
32 9250
81 2251
2 3175
84 5612
2 8704
67 3111
7 7562
9 5968
7 5530
9 9244
57 709
87 9899
32 9584
43 6661
6 6588
81 99
72 5445
77 5869
4 7391
65 2717
7 8414
45 1500
73 7669
67 3511
62 5932
67 7665
77 2639
11 2602
67 9291
31 7549
88 4750
98 9556
46 2393
63 1321
64 5022
28 2676
73 8681
92 9631
55 2634
9 6235
5 9706
79 8022
3 3745
35 2984
24 7609
87 3587
89 1725
70 2830
59 737
52 4817
8 2788
47 3983
95 2389
51 770
94 3722
75 5832
57 7944
37 7275
89 3819
96 4747
69 632
95 9040
44 8626
51 2792
71 5753
91 1436
30 6524
44 9225
20 431
35 9678
18 8344
43 7239
92 1110
50 2166
94 6135
37 8917
72 8008
33 9420
42 1843
20 7512
75 9227
7 1406
60 989
15 2070
68 3597
29 3988
3 2498
16 6973
20 9634
21 7409
5 7845
71 6862
39 320
97 2286
41 7261
48 5650
30 9613
80 2114
32 3173
56 4114
63 9648
9 7939
6 10000
35 5447
85 3479
43 3986
48 154
65 5307
5 9139
62 1418
65 2912
90 1599
81 9259
53 7157
42 6984
56 5672
91 9678
43 2060
99 4827
50 4472
91 6350
21 1362
47 2527
100 5328
86 7619
23 8117
82 7735
41 3874
54 9218
75 8994
67 3334
11 2045
58 5549
80 1540
32 3643
84 2190
16 3547
61 3984
35 2536
79 8413
87 3567
99 8284
21 4582
12 7248
94 2095
4 3979
61 3683
85 9629
77 7433
64 9485
50 6269
69 1907
18 2202
25 5415
11 3508
75 498
18 2120
18 2176
100 7
28 9990
63 4623
33 1827
18 670
74 5307
70 9066
62 6480
55 1780
65 4099
33 8935
40 1689
15 3645
47 652
67 4334
39 3083
48 5393
21 5978
29 7349
95 7239
6 2985
98 338
9 970
17 8463
17 9382
60 7439
18 3672
26 2149
29 8758
74 7126
52 8332
66 7246
13 3339
54 338
60 3641
68 2089
45 2761
90 9362
3 3573
68 9333
29 1396
14 5538
52 1977
55 1185
74 3786
55 1288
14 5068
35 1101
56 2067
1 8440
31 6573
64 397
40 2207
72 3663
27 126
30 2103
35 3132
6 1589
5 9167
95 939
39 3339
56 1500
75 4475
8 2919
22 9775
28 5762
82 9098
86 9822
69 9673
39 9076
39 9235
70 5015
48 77
83 6231
51 5473
78 1408
21 7118
90 1864
70 1698
18 5210
48 4246
98 2189
13 4603
34 8875
92 6516
6 5893
20 395
28 6862
68 9402
66 7290
57 5882
24 3799
24 1630
20 8886
15 3170
84 5953
94 4058
25 983
65 8737
97 8112
17 312
59 5993
55 5019
88 823
7 2233
95 9800
61 7604
63 1319
83 7221
43 5986
21 511
31 8934
77 9230
60 9889
49 5236
83 9085
64 5616
22 7595
99 2613
66 5406
82 3626
13 8900
57 1450
73 2460
82 9220
53 6778
49 6060
85 439
15 910
44 383
5 3012
26 3089
71 4733
23 3206
35 1612
86 3771
97 160
19 616
95 6749
19 2435
36 9583
16 7237
22 2760
26 7568
3 7080
57 3814
82 4230
89 9246
81 5526
12 5761
84 2846
95 8283
49 1966
8 5744
89 8756
4 9184
60 8487
15 1832
85 4886
85 5629
76 4785
53 2131
35 6927
90 1064
64 9428
89 5509
58 2622
59 2391
39 1560
88 6544
76 3548
18 6817
18 3170
84 7674
8 7944
11 8890
100 196
86 4002
37 8412
73 2087
1 9465
70 3393
72 9372
12 4683
25 9410
11 7715
67 1897
61 1011
26 6957
11 3882
30 5815
73 7202
17 5807
30 8369
76 3583
44 5456
18 9465
16 9119
41 8910
52 1339
33 6690
66 5605
50 1071
67 3974
29 4397
79 2365
54 9240
79 164
61 7699
72 3120
14 6142
43 8157
5 7822
88 7074
32 6252
27 9751
79 5416
93 9663
42 3683
66 9459
97 9649
6 2907
44 3088
30 6346
14 1252
10 3690
46 7182
81 8070
29 5816
74 219
86 2581
57 2924
14 6903
90 607
76 6454
72 1909
56 6859
80 5368
17 788
83 3422
87 3522
3 4080
36 1783
88 5754
37 6320
75 972
67 6031
37 9331
48 5134
61 6547
92 9
58 5117
34 6314
37 2359
66 3152
18 5694
14 4935
50 8543
45 2727
69 5749
28 903
93 7278
53 1477
53 8786
36 9335
93 6724
46 9299
86 2604
57 6701
60 814
11 7171
20 8861
68 7447
35 9746
87 4520
81 8894
26 4250
64 8023
55 9603
84 9407
38 871
62 7897
88 5040
73 8956
86 8385
100 349
25 6553
83 232
63 6032
54 2605
32 4898
85 8573
99 560
79 3614
32 6559
9 7343
2 4423
74 1424
25 4121
92 5102
46 8167
93 4776
54 2106
14 9317
99 8688
53 5496
14 2293
75 4043
81 8248
4 9316
89 4977
12 4106
52 2507
31 8732
97 3832
8 9663
30 6930
9 3962
75 6740
27 953
44 4825
7 5647
49 8671
59 6226
71 5886
14 8992
81 514
38 8187
57 4814
78 4192
95 4462
77 8
55 451
13 581
88 5222
69 144
24 1460
79 7789
80 7561
58 7650
59 3356
68 3408
18 4373
67 4800
75 4955
62 6805
35 6568
83 7328
87 3072
87 3275
23 3279
50 9603
55 4766
92 1630
79 8780
17 5515
96 885
24 216
12 2421
40 3576
17 2303
1 3876
96 7690
65 5983
29 1151
17 2489
51 5179
96 7980
59 8997
75 4187
73 9175
20 7170
86 9574
9 3905
94 5546
63 3835
47 2865
70 4548
63 6540
89 9582
82 4468
86 9049
12 5792
15 1127
7 3639
78 6209
3 902
66 1460
23 3045
10 7829
79 9943
30 3635
63 1262
70 6699
28 3898
26 164
78 8786
96 325
16 6318
75 1136
53 2256
71 9937
65 1041
91 1039
76 6208
40 9450
53 5273
7 9155
100 6174
81 5614
68 9994
83 905
28 5464
20 3277
14 8248
39 1941
34 4745
73 512
65 7110
97 1741
31 7672
37 1058
57 3278
61 790
82 22
2 8144
13 3882
13 4572
3 8353
15 4083
82 9558
38 6616
20 3250
55 6325
5 2411
99 4838
4 5534
15 8140
66 1993
16 1214
43 3215
53 6561
27 4214
95 8876
38 9428
95 6185
47 5127
48 8303
24 3989
39 5877
25 9159
11 7703
68 6731
78 8283
82 9800
93 7573
53 7799
90 8221
76 4576
25 1834
43 8705
86 5172
33 7307
81 6009
14 6501
21 2581
29 4377
72 6119
61 7078
67 5421
92 731
58 5095
21 571
57 3714
72 730
50 9361
94 5935
86 9346
22 6707
42 4619
2 7721
93 7879
24 7657
59 2598
72 7739
81 1489
50 9472
27 2405
49 5243
77 4765
77 8319
34 2577
16 3629
27 2226
67 3293
93 8551
31 7419
72 8275
86 8598
57 3077
93 2236
71 6735
46 9960
57 40
56 1646
67 1743
22 8384
74 8845
76 1411
55 5050
6 7420
88 5237
67 7730
83 6774
91 5089
36 2428
62 6383
14 7114
1 4103
8 3296
82 4520
38 7097
23 2178
72 3240
75 5342
82 1274
70 9917
28 5284
60 7603
86 4549
40 5619
56 5524
74 3679
45 4396
10 3469
55 6314
72 1720
76 8119
61 4285
18 6874
24 1793
12 709
98 8165
95 9694
29 4550
3 6464
79 9196
26 2182
63 5126
23 9612
46 8449
56 9096
26 2642
44 2903
25 9632
98 879
85 1264
10 230
69 9082
65 3339
1 1214
74 4385
60 7371
43 5311
47 7861
22 6455
89 7960
28 9133
31 2867
45 1294
28 203
69 4122
7 8283
79 1289
3 2683
21 2752
65 3943
72 8260
77 6899
88 4727
49 6861
70 9237
33 9085
86 9887
63 153
28 2077
92 2853
88 3649
39 9003
85 6798
17 1183
12 1133
62 6845
61 9951
41 8526
52 1194
16 736
88 2221
26 1535
4 7698
70 3142
38 8168
23 85
100 3768
63 3187
77 1264
87 4258
4 9138
50 4854
97 2273
54 1502
69 3924
43 3165
78 6988
99 488
82 4686
37 3633
88 8752
38 3577
59 1593
57 3135
21 7002
38 2678
14 1078
47 6374
35 3617
53 1000
99 2538
23 6106
100 7974
67 5018
23 2567
58 106
31 3746
20 1587
20 3824
76 487
90 1524
95 1186
96 8574
79 291
63 5107
77 8463
12 1485
35 5458
66 8135
8 3025
16 8231
55 3951
29 5886
75 879
13 3308
92 9540
68 9937
1 5351
71 7828
93 8429
22 9066
100 2719
46 9982
73 7342
90 4835
82 201
94 5394
17 4959
88 3473
41 7826
8 4631
36 6752
84 3586
9 8711
58 571
85 9877
17 1819
2 2109
89 3754
10 2075
87 6048
7 5115
40 8068
38 4498
89 3560
25 2205
39 7193
94 1726
45 7515
28 327
58 2939
36 4735
96 8592
24 2983
42 9772
68 2910
65 5708
7 6258
34 4862
16 1346
96 9649
81 7224
93 6707
49 2300
82 9732
38 5194
49 2505
72 8150
10 7674
41 9771
89 4650
86 1495
4 6841
50 2045
17 7266
16 4993
9 9012
94 599
22 8118
59 2154
10 5817
5 2418
49 4566
62 6678
26 7662
76 712
3 8952
75 472
87 1325
87 3643
11 8559
15 6259
86 1713
82 5999
5 9111
11 9032
76 130
8 9222
13 8164
31 6604
72 6560
45 952
16 6303
78 2544
45 8024
30 1567
19 5143
72 9685
66 798
18 5234
97 2985
73 1264
40 5191
95 2416
16 9681
85 7354
54 5862
69 5629
44 5335
3 8284
47 9836
31 3524
96 6539
60 4205
84 149
29 3218
8 2633
7 3760
53 3036
95 4648
100 8594
93 2418
73 2413
17 7764
86 8281
87 1145
47 9439
57 1982
33 7012
92 1234
41 4350
42 2329
44 9055
46 191
49 3159
31 3065
46 9370
1 5919
66 6335
75 7290
33 8093
44 8587
4 1704
88 7904
83 2518
2 4072
26 8606
74 5678
34 3720
29 2024
60 4067
18 8839
87 3983
100 3697
88 3544
42 6486
71 6307
73 3985
51 4048
46 9038
64 7102
66 6953
33 7733
33 886
11 6626
23 5993
27 125
29 9837
56 2397
65 7928
56 4179
67 310
17 267
23 2634
12 4255
85 6470
93 4048
87 3433
7 9923
41 374
33 6024
61 956
9 7936
18 2812
38 1989
49 7230
71 2406
36 6885
60 1832
38 1733
73 5464
83 1070
63 1524
63 1142
41 3432
42 9989
48 3752
65 9637
85 1673
69 9742
9 9479
21 1804
73 4080
12 7750
28 1194
32 8090
19 6188
76 7888
44 8557
69 8002
67 8182
90 2320
77 8889
74 9437
21 515
73 3097
51 9285
75 2602
68 6780
54 2080
48 6504
66 3441
88 1447
84 7361
88 3342
37 7820
64 1694
21 1647
97 6576
62 5428
5 833
79 7632
100 2674
15 7629
62 3530
53 1594
74 8947
51 3070
95 9145
73 7799
34 3657
77 1243
92 1665
64 3032
16 689
58 6549
47 983
6 5803
99 6368
85 663
51 7889
72 7221
19 960
68 8307
85 5435
22 2592
88 3205
13 4069
78 1618
37 648
9 4517
19 2040
47 4541
78 1960
46 6563
38 5079
52 227
31 5639
21 1405
53 326
15 6253
83 8591
91 8584
39 8902
45 7074
63 3645
52 5579
49 957
90 9684
70 8703
55 5171
46 6272
29 2840
97 5104
14 7998
16 8149
22 7889
57 7634
75 4354
50 6767
17 5544
30 4890
31 3032
5 4777
25 2392
98 6234
89 8939
50 952
82 321
24 9069
9 7645
13 8500
39 2895
70 5466
45 6126
70 6063
84 7976
3 5863
29 9355
74 1462
86 88
46 2010
11 8339
68 1970
85 1151
66 5330
34 5492
44 4960
54 9787
74 2037
69 3591
14 9705
15 486
72 5119
96 4829
64 4291
50 8816
56 1383
97 9291
10 2970
61 8699
22 7578
96 3398
48 8642
31 237
83 2311
53 6156
41 3797
56 2042
51 7803
98 1154
67 9918
95 2320
100 8105
41 6321
90 1000
23 5144
61 3980
19 9985
77 5280
2 4918
85 5632
12 2437
11 291
5 1789
11 4236
27 43
24 8213
12 7647
29 1475
37 6194
8 5686
63 5944
54 6951
14 8429
9 6387
92 6396
21 8437
50 2487
95 2573
14 9266
24 9758
81 5129
16 4834
43 1795
28 6486
91 7164
2 3893
95 194
18 4352
30 6683
3 6616
88 6009
73 599
7 4807
30 5941
72 8667
24 9580
70 6555
81 4402
83 4836
20 7237
50 2777
9 9320
52 4532
35 6376
56 7757
55 1874
60 8955
2 9901
15 2821
30 557
12 7374
37 9545
85 8788
65 6298
88 7293
12 4371
23 5976
53 9312
83 3641
75 9537
11 906
32 4689
72 4438
93 5607
52 5181
54 8886
99 8304
52 804
20 3499
89 2448
85 8634
36 8618
86 3289
3 6508
13 2596
32 7836
89 1418
76 5495
35 1378
77 4859
95 697
62 9785
35 1357
15 4398
61 3202
1 1147
26 1360
50 6829
86 8233
16 7626
24 1284
80 2097
9 3047
49 527
25 7680
26 7268
40 9471
67 6100
66 805
93 4128
72 284
47 6222
77 1489
93 8054
55 6664
75 9450
91 6669
7 2046
85 268
82 5714
17 2910
22 3241
43 9485
23 5309
86 8563
88 1097
1 5410
48 7163
87 1680
99 8761
97 9704
68 8869
39 7361
25 3298
42 9062
51 2248
19 3570
67 4894
91 1926
38 3611
77 560
6 2461
67 9661
91 8316
64 7970
37 4053
8 7913
40 7125
10 6351
96 4741
88 8166
7 9153
62 9511
24 8076
93 7164
14 7989
75 7393
52 3089
46 4210
67 2945
30 1282
80 9702
6 2078
83 5631
69 1694
15 4908
47 9651
26 4917
28 4753
79 222
9 3371
67 185
28 6147
59 8172
34 6517
67 8470
67 2738
84 3962
30 5445
45 6488
58 8228
37 5041
47 5854
33 7800
11 4166
91 9636
76 4738
4 7153
73 6172
3 320
94 726
24 1413
96 204
52 4299
60 7088
84 2843
33 9073
93 1052
36 9868
71 9545
11 7066
36 7147
4 6964
19 7138
35 2878
33 3659
66 2497
9 8916
41 2210
97 2008
89 2126
42 3885
93 9876
72 1876
84 2246
56 9216
95 5715
70 9772
47 4260
87 3794
78 8983
16 2777
7 1847
15 4363
7 8716
60 5232
25 6177
56 6266
63 615
18 666
88 6529
48 4272
69 9688
58 9476
87 9240
2 3417
48 9385
56 6850
82 6895
65 1524
31 1647
27 6431
29 430
70 6782
51 7709
60 9752
42 3093
81 8761
40 4811
34 7281
56 7588
43 6569
94 9286
19 1484
60 8496
43 7918
24 7278
10 7670
2 9688
95 7815
43 799
38 2693
100 8547
56 3662
15 6453
9 7498
8 1774
74 3027
56 307
70 3348
51 314
70 5453
82 2149
44 547
59 6657
63 7744
34 4759
69 7735
21 9666
16 8409
51 2692
5 4993
63 4295
60 2260
23 6462
10 3404
65 2993
75 7334
98 3796
29 8334
5 1318
92 8703
70 7241
31 894
72 8243
25 2976
98 3152
96 5365
11 6470
25 3007
45 6940
13 766
9 3480
56 1896
34 7240
70 6519
61 7553
80 7186
89 4862
13 1087
1 1489
19 4793
57 1820
74 7930
100 482
84 1324
66 8641
24 66
93 3743
6 2906
35 4277
80 6440
26 9763
97 3285
91 8365
49 6292
89 6439
90 5629
31 3794
22 7922
56 5230
76 1933
50 6447
62 3449
28 4328
80 1459
96 201
63 7466
38 6063
35 668
76 8633
34 1704
61 8216
5 1382
99 8390
30 4351
83 6148
10 6193
7 7099
56 603
49 6678
87 9923
18 1505
30 3140
62 1930
9 3132
65 5530
49 7194
7 2284
54 5758
65 6887
3 2963
75 37
17 9843
88 1312
6 7958
62 2340
65 2255
35 4426
62 8107
60 9556
55 6947
73 8302
6 4889
27 3272
53 6535
65 250
88 6940
75 18
15 5567
58 9776
29 4110
22 5203
62 8338
24 68
69 5913
10 7899
73 7881
81 7343
34 522
70 4581
87 8152
44 7423
49 3300
61 3669
34 6529
90 6606
99 745
11 2854
15 2427
75 3269
15 4221
19 7352
5 8332
91 4099
59 4319
43 36
32 8996
47 7887
16 8753
72 8587
54 8149
83 2620
80 1284
11 2170
90 957
42 2826
6 998
99 2589
84 5799
76 1576
90 2722
30 9316
23 4249
90 1333
46 342
22 7018
62 3587
15 3480
47 6346
37 9513
43 852
44 6619
6 7804
33 1808
64 1018
33 428
9 5887
95 7656
28 1831
62 8338
78 1667
75 3677
81 1322
5 6157
81 373
58 581
36 3946
86 6149
58 1756
56 7402
93 78
63 2747
7 2649
91 6399
50 9695
60 3387
33 8205
11 6423
56 8816
62 2849
84 4709
58 5085
52 8341
57 5529
80 9100
29 1371
20 3893
67 9448
3 3863
70 9537
61 4166
15 7161
20 7536
55 293
11 8970
70 967
77 4326
92 2091
81 2060
79 540
59 6533
87 3655
39 4009
39 8250
66 8820
60 898
53 1795
23 2883
94 3648
16 4185
1 3130
38 5269
7 5441
80 5565
19 6920
5 496
69 4356
35 8069
16 6435
97 4399
75 9305
65 5979
43 2634
82 9216
42 7832
90 4710
43 4630
69 8311
19 7983
70 8371
98 8827
53 9623
32 3483
24 5310
8 6759
51 3166
6 4225
44 3957
70 5482
6 5562
95 4128
60 1570
23 3193
64 955
41 5874
56 1726
11 2396
21 5973
17 6385
20 868
41 202
17 6299
39 5783
54 8344
62 3269
35 9112
26 5124
42 7885
60 525
10 1640
72 9575
47 1879
13 2584
83 8154
50 2389
8 3823
77 4451
26 212
68 1188
59 7857
60 9852
62 8517
95 7457
12 6041
34 8277
98 1443
24 2123
25 7988
43 7602
97 3682
53 1826
70 1721
66 5751
3 9516
16 7674
96 8444
85 3616
9 2718
49 5657
35 5420
61 1245
29 1567
55 2530
26 2745
56 2117
56 8595
26 4523
24 3360
18 6004
68 7660
27 3910
38 4860
66 5271
15 709
37 6257
9 6418
35 9530
85 7130
97 3674
86 8062
65 4800
34 4314
20 3256
50 9437
44 186
57 7371
68 1477
9 2420
6 3483
24 3768
88 244
40 124
5 7970
39 2207
41 6963
34 2915
47 2003
53 7651
61 4481
43 3396
94 1733
68 5733
26 3067
38 2648
20 433
98 3693
47 2335
38 3541
51 4355
90 9050
68 9608
84 7948
22 303
26 2126
2 2481
65 9435
66 7055
1 7749
26 356
61 1967
20 9057
50 5930
55 215
46 2434
29 9912
44 8841
91 2626
51 7864
40 8094
62 6385
35 8559
13 1861
53 6186
100 1766
100 5904
38 6502
22 1208
44 3763
54 6656
45 1599
74 6943
27 3903
94 4482
64 534
33 6341
47 6312
41 9341
62 3067
1 59
9 7639
16 6455
49 2651
71 9722
60 7854
16 5096
42 6884
81 8336
31 9287
19 8504
65 6871
8 3598
4 4368
10 6299
4 9668
17 5324
32 2709
6 3270
40 3899
99 8678
8 950
21 2812
62 6102
40 9327
87 8505
12 6954
17 9957
10 2015
96 7062
19 5730
36 2844
18 9392
78 2620
53 5650
37 1084
56 2946
98 3979
5 2915
11 5633
83 6714
58 7352
16 6553
54 6768
75 2333
2 6053
2 5736
40 9154
52 1202
61 9540
71 6798
87 6792
38 8420
34 9373
62 6270
13 8866
86 8783
61 3471
19 7695
91 7164
63 3164
84 6809
32 3836
1 3372
19 5011
83 2608
70 212
41 8512
1 6353
37 4886
23 5795
71 5489
30 9801
98 9498
92 8675
70 8353
9 8432
98 4071
59 6347
68 6399
100 7738
16 7519
58 1124
60 9410
31 5235
21 8773
55 5508
41 6400
10 8377
23 1055
34 4349
59 9919
94 4751
17 3078
82 2945
41 4454
6 873
20 4635
31 5873
29 3594
25 1819
63 2938
1 3322
62 8277
6 8125
77 5917
29 3016
71 9056
51 8327
29 2486
28 228
8 57
39 7821
62 3547
62 6222
72 4619
73 2540
93 65
94 5237
67 1058
60 3065
48 5586
95 5002
7 4845
15 2614
18 190
48 9260
40 1471
69 3895
88 310
28 42
75 4814
57 7429
18 3721
75 930
39 7290
14 7905
71 4683
59 3024
74 3390
6 9812
57 4923
68 9130
25 320
98 1572
58 717
73 1385
54 6322
56 5426
40 8171
16 7608
96 5478
18 6569
99 1507
5 4962
34 7845
99 8460
35 4297
54 7986
96 3402
62 8079
6 2522
86 2527
63 7053
96 7862
87 5393
62 6913
86 3601
92 6309
46 7711
25 5698
14 5072
75 5716
95 6517
95 4273
90 8305
35 9368
2 978
35 3489
50 4646
49 8927
63 6026
90 5732
63 3177
93 6248
46 1711
38 1387
94 4941
81 5405
26 2370
12 2646
51 4061
33 5649
49 6613
99 4244
74 1482
71 5427
68 1632
26 8460
87 4309
33 5101
24 4228
10 2377
99 7017
27 656
80 1829
1 9235
23 5846
3 5848
56 2647
47 8630
53 6989
43 5921
28 8273
40 2635
18 2968
18 5201
62 3093
41 7744
79 1775
38 6359
48 286
72 4963
81 2395
66 9103
78 4394
41 9709
77 213
27 789
25 9112
18 9377
21 858
25 548
41 3986
52 1941
30 3281
5 5899
73 1444
67 1926
72 1405
13 3710
26 4446
70 23
77 431
36 9021
77 510
24 4905
100 5042
64 1167
81 6750
8 3432
68 6749
74 6167
89 4205
90 8433
93 8827
10 7993
21 3940
23 3433
73 4145
38 5353
60 4933
98 3886
48 2423
5 2703
58 739
99 1223
27 2553
77 5185
35 3305
73 2813
89 8589
90 4210
8 7583
22 8069
96 7563
19 271
37 7471
96 1371
85 4232
19 6403
18 323
77 1484
53 4333
11 7271
61 4319
47 9555
35 5338
95 8377
100 3940
60 9350
58 7110
14 6871
12 1946
84 7022
19 1157
58 2382
22 4103
4 1511
25 5013
11 3295
6 7201
82 1804
18 5141
70 8995
60 1366
22 9098
10 4499
28 3409
17 4985
21 1024
74 3102
15 7218
97 1736
55 8981
19 5498
21 3627
92 715
81 256
79 6204
84 652
27 7105
59 6580
71 7484
94 6809
35 59
35 4873
28 2772
90 8492
89 6506
72 2752
82 8232
25 3041
25 1608
77 1894
25 3236
72 9285
82 2419
75 8495
13 7105
93 1424
62 6122
92 6441
37 3064
22 7608
93 9960
85 8387
88 1759
60 8371
48 9437
86 1070
33 3865
63 9088
32 2644
61 8422
49 8254
97 6557
31 2656
59 9590
34 6107
23 1225
2 2676
81 5715
78 2890
93 3024
92 4326
25 7290
50 7167
65 9117
32 5087
83 866
76 31
65 1870
63 7903
51 7205
16 6410
61 6055
4 9166
61 9772
50 8798
86 3955
80 3693
59 5782
91 8163
30 1526
22 3679
67 2119
94 1875
86 4726
25 4926
93 8200
38 464
16 1463
20 1087
31 529
27 6252
29 9753
75 3367
90 6472
80 6106
51 7918
92 1916
61 7221
80 4217
29 1864
97 8240
79 1582
52 7257
93 6892
7 8600
31 510
28 2967
84 5881
42 9456
96 3621
93 2203
98 5378
49 7667
35 3150
67 7797
32 5263
85 4155
34 4550
1 748
81 3703
12 776
41 2148
84 7705
16 1236
41 6603
42 5831
77 5851
52 1447
79 7535
39 3588
10 6716
37 6637
33 4170
41 1715
79 6255
91 5674
88 6841
40 1576
87 9885
19 1721
66 7324
21 678
80 4755
42 8582
58 4952
34 4113
36 1175
61 804
77 9094
92 3199
17 9543
36 3067
88 6038
98 1849
34 1022
28 6526
31 9684
51 6715
23 6929
10 3536
95 8646
72 3907
86 4267
74 6358
99 671
9 2497
43 8185
64 6321
33 8969
22 6242
40 8956
85 5648
80 3232
3 1532
53 8556
48 3957
65 4119
92 2355
16 3296
42 3588
95 323
54 3774
74 8039
3 2925
94 3409
83 2680
35 6649
100 8958
90 2732
46 8816
26 3999
40 3543
71 1375
61 8189
20 5023
49 2112
18 8637
33 2315
31 7092
15 1236
74 9710
17 9517
21 7496
13 6885
51 5468
17 1253
97 1913
32 4460
86 3480
85 9487
24 8577
33 8050
97 2795
80 753
39 4128
77 8047
47 7048
92 8818
5 892
92 5855
63 8307
27 8631
59 8206
57 4196
98 4806
39 780
77 8160
75 3817
58 5158
82 5455
100 6048
27 6243
83 3063
13 4418
10 8558
6 4753
52 7635
33 3595
2 8613
75 9138
16 514
77 905
89 2402
66 4395
94 973
21 1799
84 6883
17 4516
64 1265
56 1541
11 7788
73 7221
64 5389
40 8782
4 473
57 470
78 4184
51 1447
80 5155
44 8997
77 2430
50 4881
43 9481
61 4192
78 8629
98 228
59 7547
33 46
81 7542
70 671
68 3381
20 729
1 5098
100 8701
40 9880
30 9499
90 283
40 441
78 7782
51 4924
54 5969
14 4526
7 6768
73 964
74 1495
56 7992
66 34
98 2900
57 848
71 5877
82 1921
67 6718
8 1807
14 7630
22 1205
93 2098
1 5285
9 6162
46 3389
27 4513
42 9841
1 8421
4 2196
32 5545
86 6206
49 2953
98 1651
32 4968
24 1267
89 4746
55 5160
87 7994
69 81
70 2717
59 1915
99 3027
96 5596
92 8939
6 8127
59 3837
46 87
2 9276
70 3774
94 4039
88 1774
2 4036
96 2239
82 5493
49 8482
16 3905
35 5806
87 1797
8 6602
13 8289
2 2298
9 8268
72 8821
43 7152
48 2286
25 116
59 6294
98 2179
91 2313
96 3328
75 4706
63 638
4 883
19 2053
31 449
37 368
86 1824
92 9599
51 1840
46 6646
6 9558
27 3752
40 8607
26 7113
50 8379
18 459
87 2584
23 8422
35 3406
97 8252
5 6414
86 2256
73 223
4 5391
64 9124
98 1768
54 4262
26 4249
22 9807
98 8660
31 2588
27 5136
74 467
6 828
65 7707
78 6691
31 1099
90 9152
24 1732
49 7351
45 832
96 2455
41 2596
76 5872
84 3149
4 7993
83 5573
52 8194
44 31
32 8414
63 483
71 6575
84 1387
42 5599
2 9732
93 5503
21 1196
62 4600
17 9679
24 5274
66 4110
67 6681
36 9268
37 2073
14 5404
90 1286
63 6430
42 1506
78 7137
43 1727
3 6897
45 4081
74 9941
90 393
85 1037
87 912
43 7930
78 1296
17 5536
3 73
23 8125
22 7792
47 9363
43 593
28 399
97 1579
40 6266
99 1828
95 6021
94 4635
15 7444
31 2609
99 1351
34 7957
7 6983
40 2463
21 4593
63 266
15 7883
96 991
35 5501
60 2481
52 7998
25 549
64 5746
13 7136
80 9947
69 9762
3 2919
90 2780
52 1025
29 6129
21 1391
66 4222
99 708
33 9699
49 7160
20 8163
29 7990
81 2135
58 625
48 8006
81 4730
81 3802
4 5345
84 666
32 3271
17 2089
91 5684
56 8609
5 282
62 1370
38 4459
34 3690
71 5520
56 587
22 7020
61 9596
2 443
21 8779
16 3451
24 4838
80 8503
100 1134
56 8958
52 8700
57 9817
62 9711
17 3007
36 4644
75 4030
69 2077
84 4550
68 9533
58 1541
81 6984
31 7861
84 1707
71 6475
61 720
42 6777
43 5791
84 581
48 7872
78 1747
4 3954
71 8471
75 2586
21 9319
64 1728
49 6636
70 8662
65 8760
50 4464
4 654
38 7624
92 9543
75 7931
27 1010
89 4762
76 5293
26 1591
22 9956
40 1519
85 1842
54 4557
43 8317
52 8956
12 1306
17 4207
17 9540
44 9860
84 2047
28 9499
1 9122
30 9118
89 7102
22 6831
31 2032
25 6382
51 5562
47 3531
89 6456
18 3165
100 5957
6 9651
90 4686
3 3868
17 1081
20 851
83 2075
55 191
24 7529
4 3355
29 1545
17 1039
82 8096
89 8925
4 7724
77 487
27 6059
39 1791
22 3643
59 468
14 2061
80 9083
42 6876
75 7177
13 590
100 4166
16 6900
31 3990
8 3914
48 4532
78 2195
23 4494
95 5213
92 2203
45 2224
95 8198
37 2865
5 2252
63 6668
79 5410
98 1890
47 7758
31 976
57 5521
85 5198
2 8908
41 9611
1 2720
94 8259
18 9083
81 8221
52 2538
49 7392
95 6480
26 9672
49 5000
36 8215
94 6184
11 4018
39 4838
69 3044
80 3706
64 687
68 8611
74 1781
47 3573
50 2064
92 8514
26 4191
3 2057
91 6614
83 3716
20 47
93 8165
44 8887
74 979
89 5543
35 5204
73 984
1 4875
24 114
34 3658
77 4346
46 6475
68 3960
43 8124
75 2796
48 8355
34 4654
8 9813
64 1176
30 8333
59 2911
27 4460
55 9881
58 3890
52 669
26 3454
99 8140
61 4815
81 3069
40 7354
62 9058
26 6374
57 6456
63 5337
88 8695
15 8253
27 1041
21 5568
53 9480
75 169
45 5143
19 9242
24 8273
81 3639
85 9116
35 7633
85 4683
69 4057
20 9893
74 3957
90 6350
49 5026
8 6816
61 7612
75 8137
66 8283
47 322
11 229
13 389
24 4445
32 4236
86 3106
100 9229
31 5569
2 1855
41 3998
100 6008
71 2650
80 3417
38 6040
2 9733
65 7190
34 4768
22 4370
46 690
36 4416
30 5946
18 8749
19 125
38 7254
57 4335
93 1955
77 49
49 1229
29 2591
69 9288
6 1781
72 5060
48 5666
17 322
4 7660
11 6670
8 1912
65 1596
31 396
33 2025
58 2062
85 904
60 6202
15 9332
41 5131
44 9490
39 7016
56 4207
21 1808
86 5568
47 4456
36 3479
53 4070
67 2579
18 8910
53 6674
67 7131
26 4167
74 22
21 8561
95 1191
97 2190
59 7232
41 3098
13 8785
100 2647
78 7591
20 6614
3 9700
31 9624
39 9522
93 9325
85 1566
13 9886
87 4200
34 4007
16 1166
59 2556
75 9886
31 3814
27 4035
55 4702
37 216
97 7672
3 9121
93 2521
82 3822
7 1316
74 6985
100 9883
100 3555
14 5482
48 6744
54 2957
94 3638
32 7943
81 886
3 3939
99 5442
92 1111
5 7650
58 6742
90 9438
2 7589
44 8905
53 4176
60 1044
36 1890
83 6959
87 1274
10 5275
51 3138
47 6192
36 2035
82 5531
17 7428
31 3934
63 2317
29 5241
85 1016
64 7203
45 434
77 1528
62 6234
2 6111
61 9524
33 9881
79 1818
70 1237
9 3821
94 1049
34 1496
91 3025
54 7627
10 6184
69 1898
48 2639
89 686
17 7036
23 5823
3 1536
87 6128
14 7612
21 8950
84 4069
34 3634
73 789
100 1072
98 3888
58 9837
6 4583
36 7901
70 6157
40 1384
39 7729
5 5377
3 5744
88 7191
79 997
46 7466
43 6022
7 4027
77 7206
77 3334
31 3297
89 6792
70 4173
3 2637
77 7761
46 1976
36 5450
77 3183
69 9396
25 2190
29 6383
74 7324
53 795
50 7709
84 8952
29 3264
14 9354
38 1877
13 2905
78 3912
28 5221
29 5015
91 8611
27 5708
5 6829
66 8544
37 1218
80 2736
25 5541
71 8518
18 8398
93 6232
82 6383
57 9823
34 4838
99 8792
60 6313
47 1961
3 659
23 1449
71 2699
96 741
41 8448
4 6293
19 6384
96 9038
24 6322
35 3921
63 1411
99 1109
99 870
80 2431
48 283
29 2678
3 580
36 8410
39 8609
56 5850
55 7561
65 5485
30 4083
50 1806
66 8092
54 229
94 9771
22 3391
46 2257
21 5531
71 75
58 3505
38 2617
1 2771
24 1051
46 4424
5 6979
28 567
16 5264
74 2748
58 2332
57 8024
4 3982
26 8747
30 2993
9 5449
64 9892
39 3251
4 7436
60 3965
56 2447
7 8572
57 8868
32 7037
60 1374
7 3177
92 1171
47 4384
40 4666
93 3664
35 261
85 3955
77 9101
64 5205
72 1450
33 893
94 665
60 4674
78 5271
49 7973
33 3694
92 9266
93 5563
89 3557
74 163
78 8914
1 3258
77 4831
48 6351
30 4863
37 919
27 261
33 7032
14 9981
96 1510
13 4493
55 323
98 905
49 5575
18 6517
57 1338
58 7706
62 8613
45 3108
44 917
21 1806
35 9308
33 6616
15 7897
67 735
87 3112
20 6952
30 3338
12 9510
84 5483
61 7154
34 5637
74 1154
1 9757
89 1817
69 3138
76 9180
73 6550
13 4039
29 3288
50 2205
25 768
88 5697
38 5169
3 2689
46 6593
71 4701
26 6886
79 1732
92 7007
19 686
51 6308
13 11
52 1716
23 6167
82 1165
78 7418
78 7225
83 8246
16 3964
4 9239
72 44
32 4525
89 1501
91 3522
36 8204
19 6361
74 5183
6 4826
24 4341
40 6029
62 919
90 7595
19 9886
63 5803
1 5822
98 4552
33 9906
73 7420
24 7185
52 9743
65 7840
2 2431
74 7819
46 5166
15 3642
28 1978
24 7912
37 8624
16 6912
47 5917
54 3063
24 2183
23 4212
54 6726
30 7943
82 3134
91 1218
3 3441
56 7498
59 341
77 8830
76 206
26 732
87 1722
81 8573
36 7684
69 4350
79 5155
67 9325
18 2471
17 4557
11 5267
75 9184
76 4998
98 6556
40 7514
13 8238
32 1194
30 8786
65 341
74 5746
1 7839
81 6573
45 5948
25 5604
98 3413
36 1827
37 5386
30 2481
91 5733
100 7691
78 8384
16 5850
18 5301
66 9412
9 758
39 1728
35 3269
62 3483
63 9691
73 7319
99 6507
78 8669
74 1331
67 484
20 3774
24 8122
88 9966
4 5861
58 4424
98 6863
64 4996
9 6028
88 7872
48 1575
81 8897
77 5687
22 3205
19 9699
54 240
58 8607
98 4547
66 5611
30 5749
18 4766
95 8164
32 1379
91 8286
20 8323
3 5724
7 5133
54 1674
20 6582
57 2944
10 5611
85 6387
92 1906
32 1052
69 2962
99 7876
85 4979
93 2852
58 7393
54 5905
10 1067
22 3576
92 2450
3 4126
36 6403
66 5176
70 7609
82 9153
38 5110
4 282
51 5671
11 3720
59 7904
26 7604
73 9322
6 9701
18 1906
78 8726
8 7104
67 5417
13 1448
65 9983
99 9665
49 1930
38 9841
59 4840
84 1520
26 7631
25 434
40 4177
67 6967
7 9396
17 82
21 2282
15 9670
17 5291
36 2170
88 3882
65 7768
77 6972
91 7653
40 5772
36 2674
95 6788
5 6717
19 7607
51 9937
29 1759
56 4333
4 6664
87 1112
48 7379
9 1909
4 2143
50 1695
53 3879
71 6552
31 252
11 3735
69 6913
33 4183
70 7460
9 9631
76 4942
90 5714
94 374
23 7568
34 5699
62 1701
21 8048
34 4010
3 8186
10 274
79 2162
9 8540
71 1648
30 2486
84 5326
76 6578
96 2203
47 6759
29 2471
97 1454
29 9282
91 817
34 3898
76 369
94 4294
16 118
35 7089
56 9064
34 9928
22 1508
75 9612
98 6922
40 343
81 5692
9 7591
81 2450
97 2486
38 6188
72 4504
67 1530
38 2310
78 4201
82 9946
8 4886
42 3259
29 8161
56 6216
15 488
66 6749
77 926
45 491
10 6197
67 7362
70 5290
21 9430
25 5413
5 346
96 5531
36 6989
19 8705
34 3232
80 2383
86 2487
54 3217
66 2475
96 3264
7 6342
88 1464
45 8353
90 3931
100 7658
90 5188
84 6113
73 857
25 5773
17 443
46 3460
71 2386
35 2868
16 4166
83 1197
76 2002
85 2699
59 9396
51 6503
6 7317
54 5014
54 1166
36 6200
55 4048
94 6906
80 5551
4 6475
54 5513
20 615
37 755
92 3642
63 6072
27 6539
93 3686
13 1479
88 9533
28 3552
3 1805
84 1626
61 3372
57 4404
56 4842
3 604
91 3447
21 2674
100 831
9 3304
54 95
98 8335
43 1657
35 4572
77 332
34 5296
11 186
4 7799
23 8361
60 2399
47 2250
46 2977
5 2188
40 1785
31 4638
100 3157
74 8967
81 3805
49 2771
91 956
48 4635
17 3206
66 952
42 3504
88 8579
48 6732
97 6207
59 9440
22 9494
66 2685
58 1185
6 8511
71 6162
13 2572
37 4567
47 2143
51 2131
1 3022
43 323
46 1252
4 4994
36 4645
21 9164
69 8984
97 3149
83 7332
43 8471
52 4347
82 1357
58 661
37 8316
15 5531
100 296
68 9383
29 563
84 9978
86 9706
9 3967
21 4662
66 4214
8 9015
30 5251
52 1996
49 3324
67 2565
51 5741
67 3485
97 2754
89 5131
31 8402
19 834
49 1427
1 5676
9 7790
36 8129
58 7310
47 9595
60 6585
15 6540
57 8910
81 9087
85 7749
78 193
36 1586
65 4117
12 9937
30 8736
78 3245
65 8129
30 4667
85 9520
8 7965
25 5744
57 7575
10 2833
59 3885
82 7156
98 315
97 3533
1 7494
75 5391
33 8036
85 8313
93 4389
55 218
74 8518
62 4592
41 7334
91 820
3 5560
16 2857
18 827
92 7561
79 661
41 4268
42 6937
13 6907
58 8993
61 9762
87 9808
77 8244
86 3959
3 5243
98 1395
42 7041
57 6279
26 8752
14 4140
52 8899
69 7371
79 6887
31 3635
65 4977
6 4549
41 7418
2 6625
47 4137
52 99
60 1283
46 6336
12 6620
65 4666
64 4055
35 1914
66 9781
5 1345
64 1768
46 1354
33 9592
58 6941
30 9375
55 7031
16 760
77 3250
54 7305
30 5454
79 6269
11 2077
38 2389
19 7277
40 9304
99 6110
29 8960
5 267
61 3183
79 4880
32 1026
73 476
34 2268
36 2184
14 6173
61 2398
80 7235
75 7064
41 3579
73 8555
24 5358
22 6620
53 1260
8 2602
29 1798
98 450
10 9695
42 3503
30 1795
89 5623
5 8045
60 1516
14 9225
98 3505
79 565
85 9233
37 1664
53 2435
35 3573
24 190
33 4797
16 6461
42 551
87 5853
90 5037
25 7690
47 4290
88 622
81 6524
36 3974
59 377
22 4953
77 1066
39 5019
75 854
47 5662
26 2601
71 6581
81 445
28 80
58 9501
22 416
81 2561
23 1532
41 244
41 1519
52 5895
28 8046
72 7672
24 1939
33 8178
17 2217
71 1266
95 7699
95 3364
22 3958
21 9633
94 8475
18 2992
13 4821
10 6149
43 387
81 2387
49 5508
40 1414
77 5554
71 5150
77 6768
57 5321
100 3916
51 5051
73 4985
47 4593
22 9833
27 6145
95 6726
31 5103
94 4600
74 1576
96 75
9 177
41 1906
68 5548
98 8
17 283
19 5693
49 3000
59 1387
11 7362
43 9951
69 6779
86 4011
59 1517
64 5704
99 3360
89 2610
36 2681
26 8622
78 4856
49 7450
76 2895
27 7640
63 290
27 4075
32 1044
89 4562
96 3823
97 1493
82 6507
95 9195
33 8421
92 4741
7 8578
97 1839
43 6050
44 5387
75 8877
80 8704
33 6908
64 4275
74 2309
100 2669
26 1458
98 7674
74 1620
54 2962
47 7101
76 4072
87 7759
70 4493
15 8912
47 148
95 5179
76 5915
74 6845
23 5573
81 2873
23 6911
5 9283
76 2220
89 5423
99 4531
20 5442
42 1454
21 2977
21 284
47 8501
91 4421
3 5559
84 1130
84 9884
72 7892
55 5947
62 8651
57 8710
71 5326
71 3474
93 6628
52 8271
72 2364
97 8720
17 4684
13 5841
10 566
10 8162
43 2242
76 1193
72 3501
25 3796
97 6251
64 4321
12 324
32 3780
87 2883
91 1394
11 6388
100 5735
25 4617
72 1624
98 4633
16 9808
36 1511
85 1348
26 2762
43 6894
51 3165
3 7637
62 7901
82 1195
70 9113
77 2561
85 4405
6 2840
78 3969
35 3738
91 7135
9 8112
10 6663
52 6984
65 8912
10 3828
47 3841
74 2870
29 5446
95 6962
14 7107
21 9214
46 7497
7 779
71 7783
24 2735
3 9567
98 7728
95 845
53 7194
27 4573
30 199
58 2735
59 5987
50 5490
64 8455
52 548
70 1177
79 2707
59 1443
74 3200
34 7930
33 3974
70 2870
73 4730
34 7105
2 5636
41 6685
53 9030
29 5183
81 697
7 3707
64 1574
60 9080
15 7559
43 9095
32 5413
13 3975
12 3526
4 2553
23 1005
23 1955
52 7269
96 6367
42 8554
33 8563
14 4909
96 9996
89 930
24 5617
8 7469
26 5698
78 3243
56 1551
45 8920
49 4028
50 5805
99 5272
29 6740
6 9432
11 6129
10 1275
20 6788
92 3517
13 2137
13 1840
82 3040
15 478
83 4384
94 7464
19 9752
50 9269
19 7685
34 3650
67 8387
69 2553
57 7803
46 2021
21 5641
95 986
24 3874
23 7077
18 6164
21 4501
62 2734
37 5931
72 6720
7 382
55 9309
17 4980
36 2441
52 5795
11 686
67 1074
66 6045
30 9986
6 4173
44 5174
46 3867
13 8745
72 6210
22 9388
30 4161
8 9953
100 927
28 2215
19 6953
83 6477
41 6580
23 5117
67 7663
25 2135
70 8675
19 2716
9 7803
50 2350
42 176
13 6449
1 7397
24 6717
62 3226
32 2612
8 5460
85 8077
33 94
82 4644
18 4827
17 8477
35 7772
85 1055
69 9014
56 8054
71 7741
83 710
22 6554
34 3237
30 1502
80 7656
30 2007
2 4280
32 1471
68 2557
50 763
19 2181
56 5209
56 5165
98 9099
99 8497
2 9555
80 9045
50 3105
58 4272
98 8124
70 4256
6 332
88 1294
90 8271
78 2526
2 3149
18 2677
37 4169
94 124
13 4644
34 1741
12 7937
60 4144
11 3314
77 5595
54 4241
86 1267
31 4334
81 1679
18 7688
68 8249
92 6437
7 6802
63 7329
32 9733
28 7750
60 1840
96 4129
69 5625
47 8427
24 1400
76 5793
91 5049
47 2456
12 5576
13 4776
93 3898
12 1926
12 3904
30 1879
98 3449
34 8378
16 980
70 447
9 4354
76 4053
8 1412
77 2863
98 931
53 9939
10 358
35 14
44 5568
74 4296
25 3747
74 3279
96 2575
4 4536
91 1351
96 5267
22 80
46 6762
24 847
84 7287
15 1183
74 8555
60 4180
8 7943
40 1313
8 7781
28 5235
1 2112
10 387
94 3715
93 8307
51 5589
42 4707
57 4848
88 2932
26 1597
86 8984
24 5087
79 8033
45 2084
11 5607
28 8398
90 3705
17 3433
93 2432
82 5100
81 8794
47 8580
40 4904
53 8813
21 5682
28 9671
39 6328
47 9393
13 5573
11 4234
62 9918
67 3563
36 3242
42 4246
88 9705
56 8364
34 4074
88 7531
2 1449
61 521
36 4752
16 3163
63 9828
3 2905
78 806
60 7183
86 5064
95 3694
51 6850
37 405
96 9749
45 5355
19 7302
2 5601
72 8092
82 1683
88 5383
66 1865
22 6210
13 5009
97 9673
14 732
62 1600
88 2517
58 1795
100 788
98 1065
80 1460
45 8428
59 1846
100 2698
14 5986
67 317
79 2648
85 9819
35 6594
86 1029
66 6515
8 6520
90 1640
39 2164
3 2327
73 782
73 6508
75 3551
17 4180
63 2653
3 4407
47 5692
42 729
66 3538
57 3348
50 9798
75 7819
24 9211
49 3406
92 9013
40 3904
86 4874
41 481
26 2324
83 337
22 4371
25 2703
76 1118
93 6477
76 2620
20 5826
25 9502
88 7094
47 8532
43 7223
5 9226
33 9561
21 2395
27 9377
44 9374
70 1019
70 9104
2 8565
88 2726
40 9387
28 5391
38 9792
14 6245
59 8349
42 5485
95 114
80 388
56 1119
12 592
64 2750
27 9745
46 6019
5 1398
45 9625
11 9595
38 9250
13 7962
27 7862
97 6806
5 6175
34 2321
88 7279
84 3623
100 5631
20 1992
5 3902
21 968
100 908
38 1008
11 1170
67 5471
60 7650
8 515
55 9708
22 117
82 1576
59 797
10 228
99 6824
19 1026
24 6402
68 6457
64 7166
91 5800
98 9177
95 3022
39 1526
6 6779
96 4347
68 8970
89 8100
68 809
66 8415
65 3330
59 7468
33 2315
29 4289
1 2813
18 3548
43 5738
61 7667
12 151
53 9413
97 3226
30 6191
15 9818
18 4945
80 9992
86 1131
67 529
16 7629
82 4143
71 4089
56 3595
38 5060
67 3022
41 7000
66 8941
54 2861
47 3043
86 2415
76 1048
96 4081
43 6146
87 2073
78 8235
39 4889
71 7637
94 6111
3 3230
95 1740
39 8681
23 9971
12 5250
90 2448
47 8741
61 6176
9 8834
45 5889
28 6172
50 1534
24 3564
39 5121
33 9782
78 6335
47 4246
51 7881
3 3192
65 4428
94 1142
4 2652
76 9570
6 3255
82 1051
35 6582
91 7730
47 1603
15 9664
42 4772
78 9317
28 285
34 288
74 427
98 6603
40 2184
48 2872
37 4241
77 3693
87 8724
82 9049
72 5477
4 504
36 4155
84 5451
35 6351
43 9628
86 326
24 7841
43 4315
39 2159
36 7530
8 273
14 7735
95 8076
47 7754
43 6390
40 7428
23 5689
60 1982
56 6112
56 6980
28 4480
9 8691
12 362
62 550
22 7202
90 5355
25 5660
48 7155
66 5983
39 5076
84 6470
56 2315
56 2272
93 5415
53 7031
52 5791
45 6699
10 6719
50 5320
27 6861
6 6484
41 3102
55 3850
83 1588
93 1654
62 1412
33 1325
69 9128
34 739
15 3631
20 6503
95 7206
1 1064
20 7312
75 6543
92 9271
7 5068
60 3011
35 5155
67 3874
76 6991
38 8272
2 1849
88 9899
14 1354
46 8794
79 4941
2 6835
47 4786
43 2900
61 6601
73 198
71 3487
65 6468
59 8019
18 5166
40 9348
11 1480
69 742
25 3106
98 8246
25 5815
42 4530
34 3159
48 6713
60 4802
75 5792
22 1088
51 6856
55 8840
53 3645
15 7715
36 7657
25 3962
11 7618
55 5707
46 3806
10 7066
10 7401
95 1604
8 4341
38 2326
60 8978
89 7437
77 3311
47 6632
87 8156
28 8268
65 6499
82 3796
88 8400
88 967
99 4255
42 9902
31 3276
85 2020
7 8092
54 8291
29 4150
26 9602
53 9001
69 5557
22 2560
20 4438
91 1695
19 7576
25 4941
96 5824
16 4699
19 5125
20 7749
90 460
8 5391
91 376
3 10
93 6613
37 3179
4 2724
60 519
91 1855
98 1512
23 2051
55 7537
12 9424
14 2151
73 6505
18 8242
52 8714
69 5948
55 430
10 1590
49 4089
92 1272
29 2775
78 3683
51 7201
2 9512
88 905
48 3036
3 5921
50 5885
15 9594
72 6756
69 8114
38 8060
64 1903
14 8081
9 6075
28 2799
77 8263
50 3934
85 825
35 2138
97 5732
64 6802
23 3090
92 893
13 6877
74 1297
24 1849
81 4163
31 3635
57 9007
34 4646
99 1280
3 4669
77 1878
19 3262
65 7152
62 1051
53 5199
52 6910
47 9420
28 4748
54 8599
88 8181
47 3255
23 6934
59 1695
56 9593
20 7618
32 3254
38 7516
57 5495
9 4284
49 2809
85 834
64 3720
6 2226
67 832
85 2666
77 2530
53 8980
90 3045
24 4298
9 4034
39 9893
99 9005
85 951
74 9245
48 1912
89 9371
42 2217
64 711
16 5291
94 4125
85 9116
5 829
23 1984
7 2317
28 6961
85 1561
98 8711
80 5604
96 2214
17 3103
21 2242
13 3907
21 4931
49 1426
49 8615
96 4523
56 5596
15 5419
93 8466
15 1868
90 4222
83 4676
91 8503
49 1664
88 4479
87 7371
44 3863
81 4317
16 7205
79 132
1 8461
28 1622
27 7763
41 2642
26 5984
50 7958
79 6271
33 729
10 1375
83 5463
33 1609
65 7157
23 7381
22 8398
21 1501
92 6622
70 1986
23 8167
73 9948
87 4589
53 1756
45 905
68 2760
75 5945
32 7099
19 7159
37 450
65 5911
35 2986
44 5373
51 6422
24 7362
15 8838
47 8918
66 5902
56 827
24 5227
37 1212
75 3520
70 1667
83 8564
51 5010
18 5621
57 9327
85 7391
89 5359
15 4076
46 9198
97 692
46 2207
43 4169
78 7608
27 7359
8 9151
32 7212
20 7157
67 8373
91 9119
16 3223
94 6845
43 3115
17 1974
1 2647
81 9761
76 185
50 1896
78 2731
36 6925
67 741
86 7947
24 7048
51 2920
4 7640
21 2646
34 4520
36 1943
22 5346
41 996
50 702
52 8567
62 6102
11 1618
18 2219
53 2648
80 6126
46 3615
80 1116
32 6718
30 538
50 8213
26 9172
71 9774
19 7489
17 8335
75 3682
48 635
42 5820
71 7143
18 1068
23 2202
21 1971
49 4659
47 6521
86 7116
52 4688
11 7641
44 4925
26 9251
47 2060
66 1354
32 2732
49 2468
39 6810
70 3693
67 4126
85 6782
18 9623
7 9796
43 4250
17 5736
96 5507
87 9932
9 3268
79 7280
100 6214
66 1956
83 9897
85 6190
52 1261
99 9404
10 2262
25 7528
25 6707
20 8504
33 4893
28 474
66 5858
24 1328
45 3929
24 8815
18 3369
20 6153
57 2212
1 8041
35 6470
34 195
70 9840
19 77
46 1488
42 581
100 9643
42 3309
39 7949
99 626
63 100
93 7871
53 5268
21 6306
62 1524
56 4997
68 5217
9 9393
98 5215
18 3645
86 5260
42 4198
95 7221
70 6644
71 7325
55 7299
31 9525
35 2915
66 8712
18 318
86 1294
66 6024
51 2268
33 6304
87 1436
11 4493
33 6039
45 8940
59 9526
73 5173
18 5492
28 4379
63 3060
4 3594
56 1208
95 9508
61 3517
37 3934
23 3814
75 5277
1 9656
61 4673
20 9221
98 7480
90 3433
40 7059
3 4118
30 7627
80 665
88 2444
24 5850
70 3585
59 662
48 3667
26 5088
26 8104
100 818
84 6686
20 9712
41 1624
86 2969
17 3315
99 7567
6 2903
81 7005
100 2016
47 2539
30 1683
20 2376
90 7098
31 1121
13 7208
64 383
93 7241
89 4521
77 3157
73 7523
65 5997
77 8674
79 7013
1 7360
68 1723
6 4489
76 9718
22 3897
71 7747
67 5789
58 2133
9 6748
57 5848
58 8961
12 4552
32 1666
17 8932
62 6986
50 669
98 1211
98 6598
9 7402
41 97
58 389
67 830
34 4451
45 8623
23 8269
82 4621
94 1749
45 9801
51 1000
69 5029
92 3826
69 9005
54 1638
82 4339
64 795
76 707
27 569
13 819
17 3376
24 3334
3 772
14 4144
88 45
8 4831
59 9692
20 8377
52 4015
8 881
10 865
85 6576
62 8335
31 325
56 824
46 1511
27 3975
46 8048
7 7260
32 225
86 8523
24 4983
40 327
39 8337
40 5743
53 2989
89 6835
8 9748
30 4191
35 3003
47 8327
52 3166
39 3051
90 3864
86 6670
67 2356
49 4465
87 3711
88 7937
91 5064
67 6017
50 8085
6 7765
95 5803
50 5179
78 6908
78 6368
65 6126
95 3813
23 7784
51 4530
66 3715
84 924
90 3464
58 1350
55 5864
99 3281
93 3771
32 9403
62 8208
73 7696
51 9201
36 354
96 9252
6 6263
79 7543
51 5231
10 1265
9 1226
80 9693
60 5217
54 4700
27 2024
50 6656
41 6889
100 7574
85 2410
74 3556
65 3499
29 594
74 9707
79 3290
47 2887
28 3303
6 8089
93 542
93 2918
30 340
98 1847
53 7384
76 1559
27 3732
93 7524
88 6648
23 3513
68 7068
33 7184
63 9206
96 2992
14 1231
93 6664
12 6477
73 2783
1 5056
11 1403
39 8508
80 8189
58 6370
54 9267
99 5954
96 7366
17 4847
65 7640
59 7110
71 1667
32 4045
47 5803
23 5287
93 10000
20 5739
74 122
87 9879
50 2239
18 1646
59 484
68 5760
86 5721
71 2350
82 314
10 4446
80 7118
21 1836
64 314
94 421
81 1037
42 6089
79 3757
88 6111
20 3566
70 4693
74 60
4 3355
32 9449
35 2034
32 8387
17 6138
38 7203
32 5695
57 3749
30 6038
97 9361
99 9013
9 4354
10 6569
27 4578
16 7968
54 2598
79 3607
24 6481
75 8319
6 3378
93 4506
51 3195
30 2114
53 553
98 1440
99 5683
24 4807
83 2021
26 3416
60 9563
60 432
21 8964
83 6522
97 8293
43 9485
63 2192
95 2774
47 9798
45 6788
7 380
27 676
98 8806
7 300
46 4067
39 7672
92 8430
76 7745
87 5365
52 6537
48 6037
20 2982
68 4395
22 4321
83 6296
78 6255
1 4006
7 4863
65 7072
14 7025
98 3997
55 3085
3 3910
4 1547
85 1366
3 8688
34 2098
7 1367
62 2210
93 8176
41 3992
7 7248
31 5473
79 1013
39 9647
58 1292
18 5452
86 9031
18 193
50 4021
11 8187
15 2995
3 1786
88 7350
74 2455
74 2648
31 5552
30 6486
51 6278
7 1384
26 8025
61 5909
12 4152
64 4342
31 9043
58 1368
66 3311
57 2449
32 811
96 7322
72 4365
22 358
21 7317
88 1625
1 9946
38 8982
32 4719
93 6172
78 3127
47 5063
11 8261
82 4646
92 691
35 9779
49 7495
78 5364
93 3871
17 3654
17 887
72 1087
97 7831
97 8570
63 7625
88 4822
31 9440
40 6338
62 5261
66 5207
41 8717
25 3324
90 194
20 2513
37 893
94 905
20 59
98 9442
22 1623
50 9308
14 5538
4 2243
85 919
80 6472
67 9331
38 7340
85 1714
81 4404
56 3170
16 2574
21 4528
78 8089
75 12
32 9581
34 8308
17 6525
93 1110
58 7928
43 5878
55 8608
22 5139
84 7733
47 8356
86 808
58 8415
49 1454
93 3417
78 6395
16 8998
85 5731
87 1356
3 532
92 3907
93 1899
80 8852
8 8551
70 647
36 6775
4 4530
68 7599
97 1485
54 4787
50 379
54 1886
27 4005
30 3233
25 5504
52 6929
55 2130
9 9395
20 1012
13 591
76 2617
54 2868
87 1240
20 6873
66 1954
71 5645
55 5554
35 1253
62 1573
35 1788
55 8721
98 663
99 2355
29 8568
40 4652
62 3523
22 9776
51 4342
7 2905
80 3466
68 2632
63 5184
43 6598
48 5544
27 373
11 6348
25 6935
37 2342
82 3322
85 467
45 6413
95 2219
92 8575
32 3858
64 5440
45 3641
95 462
28 6941
4 2414
42 3519
44 5386
25 921
90 8015
50 7918
44 4889
40 3336
39 5382
8 9177
11 3731
94 8080
73 6526
55 4333
77 5751
26 2323
21 1589
38 5920
60 4105
80 2259
85 8514
23 5735
31 9673
20 2731
27 5574
96 166
92 4946
6 3991
92 1613
23 8323
44 3168
14 4841
40 4385
53 6214
78 4256
87 374
21 5964
60 3637
98 8828
45 5034
91 8796
56 179
37 3398
68 4672
3 9563
7 1925
8 4604
94 5238
85 3351
61 6478
88 1841
28 9283
44 5169
14 7096
58 3209
63 1742
7 9889
100 3290
46 6660
3 9121
28 8246
11 1493
26 4521
87 6240
89 319
39 8158
87 5147
81 9350
33 7822
4 3648
54 2589
92 8806
13 3808
31 7622
49 8026
5 2957
71 1040
88 202
49 5417
52 3429
23 2164
100 7374
13 9297
79 6476
67 8495
71 3288
51 9764
77 7839
68 3204
66 237
28 3198
85 5946
50 4387
23 6432
77 4619
30 2627
50 5849
28 9872
92 4013
43 1112
85 7822
70 2727
50 2351
96 3708
35 5683
73 9870
39 3421
29 5649
52 4789
64 8392
48 8595
83 6450
31 2875
63 9654
75 3773
30 5693
98 6046
74 8147
53 5634
62 6071
27 7572
51 2888
71 7038
76 9352
97 9696
9 6252
8 8256
16 1630
8 9806
72 8581
78 734
13 8255
38 3623
36 8603
37 8038
49 5340
65 9783
24 8202
10 7150
78 2014
95 8070
34 3027
69 8634
50 8100
78 6039
73 8544
34 8694
35 426
54 8712
58 7598
57 1314
88 3259
54 2637
84 1374
64 4799
85 9529
66 2736
21 6175
99 4829
90 3415
71 8285
4 4703
33 1531
46 1545
18 3017
95 1140
60 5798
45 5914
31 7246
7 9993
11 7454
81 4639
97 9851
77 5564
39 8351
20 7611
55 2292
33 8980
99 8701
58 1664
36 6650
89 6116
58 1995
2 585
14 5573
66 1318
95 3836
32 8808
91 292
22 1553
4 7023
80 6240
73 2829
93 1941
68 6018
50 749
15 402
39 6003
8 5627
56 6209
11 7495
86 2944
39 9597
93 4226
94 1428
21 7442
92 1951
88 271
80 1907
37 5572
27 329
66 6432
93 6494
51 172
66 4704
3 7113
57 7109
53 8351
76 3082
22 8711
35 6206
100 3002
61 7103
5 15
58 7739
84 7544
32 9495
8 4045
76 9862
1 4211
85 6940
63 2709
15 5710
47 1497
6 7637
29 7593
4 4886
86 9003
74 3595
93 3553
1 7686
45 7135
27 5948
41 2780
65 611
63 6258
99 9096
81 7964
36 7861
94 3615
44 4260
72 787
43 3518
25 5615
16 7823
12 8917
83 1924
78 6971
53 847
92 3455
37 7746
27 175
52 9156
31 2428
17 9220
56 2449
87 2019
87 9104
70 8133
84 9710
65 8786
92 3612
90 3328
7 4341
72 7031
31 9876
72 6532
14 8024
44 6953
58 2950
37 5844
95 2427
74 628
47 8227
83 5555
14 4779
25 2555
47 6623
46 4405
26 5248
19 1896
39 2434
17 1111
77 5415
87 978
90 3441
85 4182
95 8004
89 773
59 6543
25 3601
79 942
38 3848
43 764
60 7066
27 4825
29 9749
17 2031
79 7020
96 1604
37 402
71 8189
53 8996
5 9174
33 9186
26 2482
21 2098
27 2917
50 2432
34 3879
16 7111
48 5243
35 5147
93 9705
26 5130
15 3162
13 1168
44 8693
44 9344
6 5762
52 1109
86 7628
44 9132
83 7087
31 9117
69 5175
82 3429
23 4661
98 9504
7 33
32 9191
97 6128
51 6697
97 2082
33 1341
79 4796
84 8979
49 5409
25 6813
89 3634
95 7664
33 8718
90 4041
93 3028
83 7958
68 5645
62 2799
29 5774
58 8052
32 3122
80 1078
45 3431
29 716
54 2528
15 7175
72 2439
92 6293
56 4044
73 8202
7 5511
49 6384
23 1060
84 7800
78 4361
42 9242
66 5257
1 9421
73 3263
32 3320
99 7408
43 286
19 5304
23 1219
27 1069
77 1192
26 4937
75 7357
85 5385
72 2859
91 5095
11 1521
76 8330
94 6305
98 4399
52 6719
57 1349
25 4064
93 5755
95 7974
68 9721
71 1028
29 725
73 3259
42 8323
13 404
46 2045
69 4875
59 7293
19 112
65 8685
21 3378
23 6501
98 1173
45 926
4 8874
25 6585
78 4541
26 6594
3 2029
24 937
2 7098
25 8514
88 7241
27 2774
49 9306
25 2631
21 5524
23 750
3 820
7 1686
32 679
69 8258
93 6237
22 2157
51 7485
86 9958
38 6025
83 6334
99 7056
97 2222
56 5727
61 1305
88 1732
11 5770
85 8522
49 6231
84 65
39 7485
49 1508
36 1122
46 6900
81 7783
20 1231
27 8588
77 6428
99 7320
34 5136
22 2995
47 1477
91 5759
16 7903
12 3444
62 2000
84 4271
1 7940
25 458
62 8997
27 6620
27 8053
84 8660
29 8400
40 3820
10 6071
42 3636
20 5263
65 2348
67 2385
31 3886
55 1700
48 4069
98 6408
81 8853
30 2887
94 3016
68 9818
28 9436
73 4388
28 5951
32 9035
81 4641
84 4830
16 1483
91 9234
71 443
5 4551
57 4573
35 1434
95 242
35 2023
53 4865
17 6534
33 5427
66 9485
83 8556
14 202
65 5335
13 5902
7 8628
50 6533
40 1392
64 756
73 1069
28 7401
90 1813
39 7573
73 6137
1 8562
6 9436
62 6135
41 8914
67 7860
84 2654
62 8061
25 6579
55 3004
30 4739
61 3651
36 9859
82 1217
46 3315
51 5276
69 5710
46 7225
21 8696
80 6135
81 1721
100 4144
41 1553
65 3179
38 9588
86 4704
21 4401
89 721
82 9434
91 3132
34 6224
84 9140
81 283
34 5678
99 9075
4 452
83 5303
27 5165
54 552
61 9685
5 2738
46 377
48 3337
68 5903
50 1895
9 6740
38 4841
100 5627
100 9622
86 2533
46 4503
63 9332
81 5464
100 1181
27 8854
60 6059
70 4024
63 359
5 8884
21 3967
15 234
44 1380
56 1337
74 882
13 9410
38 4787
25 2335
29 6831
24 4034
32 8160
94 1071
93 7113
16 9733
48 8741
84 1303
98 7153
85 7323
7 7019
58 3440
43 6131
39 4537
29 8772
17 4208
12 5223
80 6972
27 7165
99 4733
3 2257
25 4550
98 7115
98 6719
93 9298
75 8684
17 6960
87 5426
40 4910
62 9648
15 8980
24 7912
62 4016
72 374
31 7175
28 458
44 6333
4 374
58 4787
29 4867
20 6998
3 1554
58 9352
82 3882
16 7226
100 2015
77 2766
1 3942
40 9762
65 2620
27 4338
6 2355
91 5566
19 2461
22 3437
73 8420
87 8955
18 204
32 5242
3 4677
60 3920
1 8703
58 7834
25 847
42 5888
39 4396
14 9800
46 4148
6 1053
21 474
36 3323
44 5189
69 3824
86 749
79 4808
59 2048
95 4446
3 3528
31 5657
76 8808
70 733
56 394
10 8876
96 7971
66 7953
17 3644
76 3174
12 7767
30 9238
46 3817
20 1739
46 5233
18 1741
38 406
73 1089
47 8376
40 5916
35 7016
93 1398
67 5916
24 550
64 8170
95 2485
26 5475
51 3773
21 785
21 3196
34 8371
93 4483
53 8690
54 7279
46 2533
60 7392
1 6963
49 5885
2 8409
79 1180
31 1804
60 9364
27 714
19 6753
21 8177
15 3312
60 4801
75 415
58 3592
96 2322
4 4141
1 5770
3 1598
20 5075
92 4925
36 2382
85 6679
50 6623
85 3452
73 5855
73 3501
16 3789
82 4649
35 5456
3 9962
48 1847
96 7908
95 7847
98 5028
64 652
93 1232
64 1502
4 9539
14 1909
60 1818
34 7796
77 6215
62 6593
87 8197
14 3680
81 4579
42 6948
39 1358
50 6065
56 3824
17 5329
77 9743
11 5580
13 5272
40 8836
72 5661
95 9445
43 5253
18 5340
77 1647
72 9447
75 4089
71 5668
40 2122
21 1080
7 2472
93 9738
26 706
3 7129
97 1300
57 1883
79 6895
78 3211
44 9686
66 302
46 143
93 8679
35 6594
68 5144
16 9441
13 9043
35 3155
44 9416
69 5760
77 831
43 9907
62 3773
27 9513
30 555
71 3660
31 9621
6 8179
26 1789
6 8448
22 1849
75 1601
8 4939
61 6587
10 5339
43 7115
47 1951
96 4302
52 149
41 9541
85 475
67 3374
30 4156
86 4973
55 4351
21 2835
76 9860
6 2812
24 5434
13 8017
5 6024
96 4455
46 2854
30 5817
93 6438
33 3756
13 9303
34 4162
8 7144
24 4852
5 4144
51 5731
6 8351
99 2568
55 5126
69 5387
45 6016
57 8796
100 9104
13 6646
44 5597
14 8727
17 6796
83 6452
78 5404
100 8463
61 1669
44 2142
40 8283
87 5790
53 2078
99 3861
56 312
33 2335
4 1171
98 9032
15 4041
40 3613
40 2341
25 4699
69 2370
33 5469
88 7583
44 8972
59 2600
48 5649
16 7096
87 2599
2 2441
20 4478
59 791
81 5605
91 40
38 6065
64 2820
32 225
58 7253
10 9465
17 1367
93 9042
42 8534
15 7720
77 5810
76 7112
15 7931
53 8865
79 8062
56 2733
57 9516
92 7462
89 5369
29 9153
77 8385
29 596
40 6057
8 729
100 4649
96 713
50 7906
79 2204
50 6229
100 7840
59 9655
88 4890
71 2122
95 1205
39 8938
73 2092
84 9346
5 9578
66 4723
35 2671
14 5669
51 6762
42 4380
72 1828
76 8824
55 7905
48 9968
53 237
9 5107
79 2975
23 412
16 1916
37 84
73 3885
60 2876
48 7365
48 2625
19 2828
81 7307
8 9808
6 7319
41 676
49 1106
7 5018
90 1256
38 9807
14 5274
72 378
92 3688
86 4737
14 1205
71 2510
79 8558
98 7011
16 3854
22 6404
97 9512
37 2831
100 8254
50 8266
93 2610
78 6621
31 5655
17 680
92 7873
70 9462
51 9386
89 3317
62 6143
60 5700
96 7223
78 2862
45 3365
6 537
28 7552
57 9091
50 6315
92 8485
19 9045
44 8375
61 9151
42 5943
77 3141
40 2249
47 1572
20 3547
75 9169
2 8988
69 3087
54 1610
21 9774
43 6344
4 9612
43 1216
63 7101
35 3511
17 774
43 4584
89 4726
10 6216
75 1733
41 2572
39 7525
97 2665
61 3981
33 7962
60 718
51 764
43 1420
7 2877
3 2041
74 7799
91 5674
66 2154
23 126
96 8557
58 3127
57 4510
50 8443
99 6816
43 4186
76 4068
35 3607
62 3546
41 6937
63 4824
23 5846
91 478
31 1077
17 193
35 5859
17 7491
4 2620
6 4618
31 7597
61 3776
98 796
