50 20
2 1 90
3 1 14
4 1 4
5 1 83
6 3 54
7 4 96
8 7 47
9 6 93
10 7 38
11 7 16
12 9 90
13 12 3
14 1 30
15 2 40
16 5 81
17 11 63
18 14 91
19 16 56
20 19 84
21 15 6
22 14 81
23 16 94
24 11 37
25 8 70
26 11 13
27 19 84
28 27 32
29 19 74
30 23 60
31 6 37
32 1 80
33 26 70
34 30 83
35 1 90
36 18 84
37 19 91
38 23 98
39 2 66
40 35 82
41 30 11
42 34 24
43 22 38
44 35 70
45 5 49
46 10 42
47 12 64
48 23 76
49 23 56
50 35 70
10 46
28 3
10 43
39 20
47 16
31 2
9 23
25 38
20 43
26 46
2 20
14 17
19 29
41 11
47 8
6 35
38 41
49 30
36 49
48 33
