897 302
2 1 891
3 1 131
4 1 40
5 1 827
6 3 533
7 4 957
8 7 462
9 6 924
10 7 374
11 7 155
12 9 893
13 12 27
14 1 292
15 2 399
16 5 808
17 11 628
18 14 908
19 16 557
20 19 840
21 15 51
22 14 807
23 16 931
24 11 365
25 8 691
26 11 130
27 19 833
28 27 319
29 19 738
30 23 597
31 6 364
32 1 795
33 26 699
34 30 822
35 1 900
36 18 832
37 19 910
38 23 975
39 2 657
40 35 812
41 30 103
42 34 238
43 22 380
44 35 700
45 5 485
46 10 416
47 12 639
48 23 760
49 23 558
50 35 694
51 9 914
52 28 25
53 9 838
54 41 384
55 51 299
56 34 7
57 9 438
58 28 738
59 22 376
60 51 494
61 55 15
62 24 250
63 20 348
64 36 797
65 13 939
66 9 101
67 46 736
68 54 977
69 40 706
70 68 952
71 45 928
72 64 411
73 36 339
74 26 770
75 53 335
76 38 83
77 18 899
78 19 788
79 62 718
80 40 444
81 74 751
82 77 658
83 44 361
84 21 379
85 61 650
86 32 56
87 43 79
88 20 92
89 32 806
90 58 66
91 29 225
92 70 153
93 72 681
94 80 126
95 90 258
96 11 438
97 88 110
98 33 315
99 81 351
100 89 762
101 5 99
102 20 932
103 31 327
104 65 427
105 9 271
106 16 789
107 55 454
108 74 84
109 93 71
110 71 330
111 64 193
112 79 838
113 29 62
114 102 555
115 51 571
116 3 463
117 112 949
118 77 345
119 61 885
120 82 432
121 59 995
122 113 801
123 63 942
124 9 380
125 71 406
126 77 287
127 119 451
128 53 766
129 34 580
130 13 379
131 64 623
132 61 740
133 4 914
134 93 533
135 97 518
136 99 103
137 57 122
138 3 644
139 126 446
140 110 77
141 24 153
142 45 80
143 87 880
144 53 162
145 23 923
146 26 4
147 127 803
148 43 304
149 87 245
150 68 769
151 62 704
152 134 887
153 106 914
154 43 226
155 10 422
156 31 166
157 146 211
158 135 840
159 151 916
160 9 682
161 93 410
162 78 223
163 4 836
164 61 777
165 68 738
166 100 859
167 112 973
168 141 410
169 131 598
170 68 739
171 136 267
172 153 764
173 46 931
174 172 875
175 149 117
176 129 968
177 63 303
178 157 610
179 155 168
180 172 859
181 1 727
182 3 66
183 58 519
184 183 596
185 28 458
186 31 593
187 142 320
188 14 820
189 133 93
190 89 177
191 2 221
192 148 475
193 153 918
194 29 992
195 5 605
196 149 921
197 44 367
198 52 8
199 91 656
200 50 169
201 114 497
202 171 791
203 77 818
204 88 367
205 170 129
206 77 198
207 9 21
208 115 634
209 94 479
210 152 213
211 80 266
212 178 189
213 100 890
214 120 717
215 142 69
216 100 246
217 135 921
218 49 205
219 160 466
220 84 764
221 43 533
222 60 552
223 56 236
224 34 276
225 173 17
226 58 423
227 29 47
228 151 60
229 95 319
230 153 444
231 152 169
232 71 302
233 47 450
234 52 474
235 29 705
236 9 701
237 9 594
238 55 973
239 55 663
240 150 878
241 215 415
242 188 799
243 175 138
244 76 262
245 89 227
246 49 533
247 231 695
248 139 244
249 203 196
250 87 791
251 200 406
252 27 436
253 180 627
254 233 679
255 205 432
256 84 296
257 66 998
258 128 198
259 107 558
260 111 474
261 20 89
262 158 313
263 196 599
264 210 50
265 101 368
266 212 129
267 126 26
268 193 733
269 51 264
270 117 712
271 223 678
272 224 821
273 52 792
274 6 606
275 193 505
276 96 431
277 116 101
278 213 487
279 268 401
280 250 588
281 38 445
282 225 234
283 193 635
284 151 230
285 246 252
286 215 979
287 27 447
288 95 81
289 119 120
290 1 463
291 174 779
292 199 399
293 107 625
294 117 799
295 140 495
296 172 38
297 41 720
298 297 694
299 152 316
300 148 837
301 57 41
302 90 630
303 242 22
304 90 742
305 212 397
306 84 520
307 280 465
308 92 675
309 275 851
310 293 317
311 53 316
312 112 168
313 213 685
314 289 819
315 46 183
316 32 35
317 131 510
318 310 779
319 14 617
320 60 941
321 195 228
322 28 783
323 102 412
324 198 695
325 66 251
326 225 508
327 80 281
328 223 219
329 160 924
330 86 779
331 94 260
332 300 228
333 92 794
334 281 178
335 66 295
336 111 818
337 319 447
338 171 850
339 137 940
340 10 198
341 212 926
342 119 402
343 95 469
344 22 225
345 116 714
346 24 641
347 2 914
348 15 496
349 122 239
350 33 681
351 183 648
352 76 769
353 350 618
354 95 708
355 241 671
356 187 484
357 157 915
358 237 28
359 49 904
360 283 446
361 50 545
362 229 20
363 78 863
364 9 635
365 229 500
366 235 385
367 236 5
368 318 736
369 125 252
370 152 972
371 226 93
372 350 466
373 57 632
374 69 387
375 58 158
376 268 479
377 349 539
378 160 952
379 207 685
380 123 458
381 62 463
382 268 180
383 279 985
384 368 999
385 143 654
386 276 812
387 381 326
388 43 62
389 295 140
390 62 203
391 319 41
392 217 705
393 229 199
394 368 255
395 172 852
396 194 658
397 264 807
398 251 316
399 52 808
400 142 886
401 255 686
402 369 797
403 37 876
404 29 318
405 168 850
406 88 805
407 211 572
408 228 107
409 194 755
410 89 708
411 99 180
412 90 851
413 271 825
414 350 913
415 386 856
416 333 215
417 284 338
418 87 40
419 311 236
420 293 125
421 161 278
422 358 439
423 223 860
424 378 323
425 348 988
426 98 966
427 350 696
428 60 671
429 207 37
430 64 786
431 193 529
432 288 673
433 341 427
434 287 40
435 309 646
436 387 569
437 62 705
438 65 704
439 143 226
440 14 985
441 303 119
442 338 206
443 155 954
444 273 935
445 426 339
446 130 931
447 307 104
448 19 126
449 29 442
450 366 624
451 197 608
452 177 171
453 150 333
454 208 150
455 380 959
456 213 65
457 193 118
458 261 461
459 339 373
460 26 952
461 288 580
462 287 135
463 1 58
464 280 656
465 19 711
466 273 405
467 209 661
468 166 845
469 437 989
470 126 956
471 133 734
472 238 295
473 306 706
474 460 501
475 18 336
476 202 524
477 281 897
478 350 938
479 84 446
480 245 727
481 241 807
482 430 196
483 185 547
484 321 150
485 23 188
486 365 384
487 180 58
488 462 679
489 170 888
490 335 344
491 405 258
492 239 120
493 485 402
494 298 337
495 376 82
496 339 631
497 463 563
498 473 76
499 494 75
500 63 893
501 489 11
502 115 632
503 94 351
504 257 134
505 268 677
506 143 862
507 157 589
508 158 907
509 136 30
510 303 795
511 111 143
512 206 997
513 148 955
514 90 254
515 117 275
516 510 875
517 224 421
518 429 982
519 297 555
520 339 262
521 380 351
522 204 658
523 206 337
524 450 239
525 425 852
526 440 535
527 99 86
528 190 436
529 255 140
530 512 644
531 299 697
532 440 567
533 41 489
534 295 190
535 293 588
536 485 544
537 199 429
538 484 360
539 76 653
540 54 89
541 526 91
542 510 305
543 321 372
544 29 524
545 28 923
546 177 711
547 206 334
548 418 503
549 471 259
550 300 711
551 179 43
552 224 473
553 61 350
554 76 641
555 413 879
556 487 636
557 144 250
558 382 243
559 201 344
560 4 909
561 427 249
562 233 987
563 188 187
564 157 897
565 335 211
566 184 572
567 531 449
568 55 890
569 502 166
570 324 574
571 36 63
572 500 669
573 129 545
574 459 830
575 461 347
576 17 844
577 362 478
578 349 845
579 46 299
580 448 36
581 84 695
582 270 572
583 57 292
584 333 153
585 236 774
586 344 42
587 439 533
588 523 467
589 224 687
590 173 642
591 301 902
592 315 894
593 63 412
594 28 107
595 370 316
596 490 872
597 33 249
598 477 833
599 147 478
600 482 95
601 179 833
602 281 35
603 562 112
604 549 659
605 79 883
606 321 404
607 376 989
608 380 454
609 394 404
610 203 709
611 70 566
612 349 252
613 185 244
614 119 801
615 347 952
616 376 556
617 28 161
618 608 711
619 65 221
620 252 97
621 413 66
622 123 232
623 151 26
624 389 836
625 499 731
626 341 772
627 124 757
628 492 570
629 512 438
630 448 713
631 595 765
632 540 186
633 609 554
634 295 489
635 308 885
636 373 651
637 600 879
638 238 4
639 382 804
640 393 902
641 359 63
642 76 178
643 259 263
644 143 25
645 508 449
646 493 603
647 113 36
648 469 330
649 600 570
650 309 797
651 594 663
652 285 468
653 43 321
654 238 105
655 124 677
656 98 581
657 139 462
658 578 326
659 539 462
660 417 302
661 631 312
662 79 440
663 399 169
664 220 538
665 546 765
666 439 372
667 282 264
668 478 868
669 144 520
670 12 577
671 189 442
672 404 56
673 310 267
674 479 484
675 111 889
676 635 4
677 646 719
678 664 341
679 40 665
680 503 162
681 409 567
682 61 357
683 675 139
684 375 845
685 462 303
686 497 667
687 390 264
688 363 287
689 104 903
690 166 409
691 278 200
692 47 701
693 525 193
694 238 407
695 687 442
696 618 493
697 654 652
698 516 640
699 19 411
700 268 64
701 8 954
702 46 257
703 479 479
704 694 168
705 470 841
706 293 807
707 30 61
708 633 239
709 501 733
710 340 156
711 154 877
712 59 320
713 480 336
714 710 582
715 424 34
716 601 428
717 110 426
718 629 394
719 392 947
720 708 402
721 530 839
722 68 564
723 211 652
724 198 640
725 52 310
726 494 645
727 164 933
728 401 29
729 561 154
730 155 171
731 214 651
732 261 106
733 701 683
734 484 101
735 698 351
736 72 13
737 195 515
738 201 176
739 617 127
740 601 656
741 218 322
742 482 945
743 313 859
744 56 167
745 550 500
746 437 171
747 258 516
748 193 413
749 219 441
750 577 866
751 319 496
752 217 163
753 199 57
754 209 317
755 636 827
756 129 10
757 191 255
758 449 672
759 740 345
760 4 719
761 183 468
762 553 314
763 192 370
764 701 977
765 389 592
766 385 89
767 546 795
768 491 578
769 219 656
770 8 63
771 458 202
772 649 156
773 376 763
774 604 269
775 320 975
776 295 712
777 698 917
778 697 262
779 561 800
780 222 267
781 266 801
782 223 162
783 610 126
784 4 810
785 67 988
786 347 378
787 198 425
788 713 773
789 695 643
790 566 393
791 189 254
792 732 130
793 768 582
794 459 116
795 214 875
796 240 168
797 498 73
798 622 255
799 337 495
800 525 51
801 339 155
802 282 984
803 501 222
804 652 627
805 397 928
806 43 11
807 390 631
808 408 83
809 354 494
810 305 915
811 631 940
812 82 965
813 14 223
814 637 682
815 695 587
816 183 245
817 512 735
818 53 463
819 196 243
820 377 300
821 544 876
822 179 854
823 387 836
824 806 274
825 423 163
826 388 833
827 551 36
828 432 416
829 214 160
830 684 840
831 107 729
832 143 702
833 146 174
834 319 684
835 85 226
836 326 173
837 678 966
838 297 180
839 735 64
840 805 445
841 705 249
842 97 945
843 474 792
844 92 353
845 740 761
846 296 468
847 760 186
848 106 435
849 541 402
850 741 313
851 1 664
852 260 928
853 25 872
854 469 914
855 150 669
856 505 932
857 5 32
858 242 906
859 652 469
860 750 691
861 435 149
862 417 450
863 42 202
864 648 292
865 719 972
866 750 173
867 716 869
868 434 10
869 8 408
870 297 944
871 644 101
872 794 837
873 257 625
874 163 289
875 773 424
876 337 522
877 541 1000
878 524 8
879 284 724
880 563 95
881 395 220
882 616 110
883 143 623
884 173 515
885 427 739
886 443 888
887 681 319
888 172 376
889 882 746
890 290 988
891 753 765
892 729 574
893 809 109
894 661 639
895 284 386
896 25 630
897 505 495
859 123
141 398
680 774
39 629
176 638
468 161
418 475
709 724
116 502
801 644
160 291
391 836
135 328
619 218
731 791
174 166
520 426
647 546
427 792
236 126
659 447
314 679
603 600
51 186
805 799
469 199
248 471
757 105
398 166
601 371
891 452
765 240
838 53
774 891
62 413
263 442
177 476
370 586
377 125
860 828
829 729
883 114
343 136
865 836
530 50
450 158
254 476
147 858
404 8
313 91
471 630
489 259
11 715
267 891
152 664
860 762
213 809
748 624
636 713
504 613
630 562
191 117
621 838
558 459
644 134
138 448
86 588
854 748
363 149
578 818
862 207
752 749
119 421
450 343
164 787
47 358
803 683
240 500
50 145
449 67
700 471
501 311
123 700
350 809
232 99
474 266
810 99
766 237
751 275
195 698
121 506
109 801
785 275
73 699
350 113
164 107
370 191
748 441
878 705
5 734
503 605
675 301
351 696
278 705
716 322
649 495
719 174
872 359
788 835
545 131
247 803
466 446
511 498
854 123
400 594
849 110
515 370
823 715
346 216
44 527
773 357
671 844
496 819
555 109
752 245
808 429
402 583
93 746
743 738
777 187
223 295
404 421
578 588
340 246
277 370
802 207
542 188
788 799
55 197
561 824
753 621
545 613
609 295
627 246
848 360
793 158
154 655
610 635
31 348
710 390
729 738
191 398
467 462
707 726
455 196
890 222
426 107
411 225
773 586
809 297
587 641
723 457
3 79
574 516
742 16
38 385
531 788
176 26
365 420
307 493
876 659
657 686
868 750
492 780
183 67
164 371
641 747
771 807
603 428
328 377
99 457
559 838
168 718
199 490
266 744
659 651
443 387
867 724
585 765
181 473
251 886
323 712
55 363
242 594
359 120
561 295
560 130
887 892
734 152
293 104
68 121
692 73
474 352
575 94
41 722
664 455
810 660
621 210
149 483
237 117
412 196
660 256
514 599
669 614
93 619
807 631
201 455
303 606
299 551
290 649
761 618
358 653
292 781
142 244
657 293
384 479
557 387
92 444
529 143
180 445
544 142
622 56
798 95
629 725
841 217
306 126
575 328
642 74
204 374
729 181
166 88
231 589
297 145
713 721
519 48
553 596
30 342
863 163
591 699
862 833
182 700
497 552
211 432
167 338
92 820
93 21
129 334
320 843
280 57
314 541
328 339
133 619
480 408
835 276
881 613
52 219
213 169
752 452
797 658
210 516
192 363
17 298
531 810
778 532
730 611
797 545
706 791
330 335
811 357
81 345
618 517
344 534
677 147
655 724
845 441
370 276
344 22
324 97
174 638
322 765
146 341
241 448
106 90
23 71
816 228
769 125
646 805
101 469
258 22
155 616
10 700
733 868
