5472 652
2 1 8902
3 1 1308
4 1 398
5 1 8265
6 3 5321
7 4 9564
8 7 4620
9 6 9238
10 7 3740
11 7 1550
12 9 8924
13 12 268
14 1 2916
15 2 3988
16 5 8073
17 11 6271
18 14 9080
19 16 5564
20 19 8400
21 15 505
22 14 8063
23 16 9309
24 11 3641
25 8 6910
26 11 1294
27 19 8327
28 27 3184
29 19 7373
30 23 5968
31 6 3638
32 1 7950
33 26 6985
34 30 8219
35 1 8995
36 18 8319
37 19 9100
38 23 9750
39 2 6562
40 35 8120
41 30 1028
42 34 2376
43 22 3794
44 35 6993
45 5 4850
46 10 4153
47 12 6387
48 23 7593
49 23 5576
50 35 6935
51 9 9133
52 28 247
53 9 8374
54 41 3833
55 51 2988
56 34 63
57 9 4376
58 28 7380
59 22 3758
60 51 4933
61 55 141
62 24 2495
63 20 3472
64 36 7967
65 13 9384
66 9 1006
67 46 7355
68 54 9765
69 40 7059
70 68 9518
71 45 9279
72 64 4101
73 36 3381
74 26 7692
75 53 3347
76 38 827
77 18 8986
78 19 7874
79 62 7175
80 40 4440
81 74 7509
82 77 6579
83 44 3607
84 21 3784
85 61 6497
86 32 557
87 43 783
88 20 920
89 32 8052
90 58 654
91 29 2244
92 70 1522
93 72 6806
94 80 1260
95 90 2574
96 11 4380
97 88 1097
98 33 3146
99 81 3508
100 89 7612
101 5 989
102 20 9315
103 31 3261
104 65 4267
105 9 2707
106 16 7882
107 55 4534
108 74 833
109 93 704
110 71 3298
111 64 1922
112 79 8379
113 29 617
114 102 5543
115 51 5707
116 3 4622
117 112 9489
118 77 3448
119 61 8845
120 82 4311
121 59 9945
122 113 8006
123 63 9417
124 9 3795
125 71 4055
126 77 2869
127 119 4506
128 53 7652
129 34 5799
130 13 3782
131 64 6224
132 61 7392
133 4 9134
134 93 5322
135 97 5179
136 99 1026
137 57 1217
138 3 6437
139 126 4460
140 110 764
141 24 1526
142 45 796
143 87 8794
144 53 1615
145 23 9230
146 26 36
147 127 8027
148 43 3036
149 87 2448
150 68 7683
151 62 7035
152 134 8862
153 106 9132
154 43 2254
155 10 4215
156 31 1659
157 146 2109
158 135 8399
159 151 9155
160 9 6816
161 93 4093
162 78 2222
163 4 8354
164 61 7768
165 68 7374
166 100 8588
167 112 9726
168 141 4100
169 131 5971
170 68 7385
171 136 2668
172 153 7632
173 46 9306
174 172 8747
175 149 1162
176 129 9673
177 63 3030
178 157 6091
179 155 1678
180 172 8585
181 1 7264
182 3 652
183 58 5181
184 183 5955
185 28 4580
186 31 5923
187 142 3195
188 14 8199
189 133 928
190 89 1769
191 2 2208
192 148 4741
193 153 9175
194 29 9916
195 5 6043
196 149 9206
197 44 3667
198 52 79
199 91 6551
200 50 1681
201 114 4965
202 171 7909
203 77 8180
204 88 3668
205 170 1288
206 77 1972
207 9 209
208 115 6336
209 94 4787
210 152 2125
211 80 2655
212 178 1889
213 100 8899
214 120 7162
215 142 686
216 100 2457
217 135 9204
218 49 2050
219 160 4659
220 84 7631
221 43 5324
222 60 5511
223 56 2352
224 34 2760
225 173 169
226 58 4225
227 29 470
228 151 592
229 95 3190
230 153 4431
231 152 1686
232 71 3014
233 47 4495
234 52 4731
235 29 7043
236 9 7007
237 9 5937
238 55 9730
239 55 6622
240 150 8779
241 215 4144
242 188 7981
243 175 1380
244 76 2612
245 89 2268
246 49 5325
247 231 6948
248 139 2440
249 203 1951
250 87 7902
251 200 4054
252 27 4351
253 180 6264
254 233 6789
255 205 4315
256 84 2952
257 66 9973
258 128 1973
259 107 5580
260 111 4732
261 20 888
262 158 3126
263 196 5987
264 210 493
265 101 3680
266 212 1283
267 126 260
268 193 7322
269 51 2632
270 117 7115
271 223 6775
272 224 8207
273 52 7911
274 6 6058
275 193 5041
276 96 4307
277 116 1009
278 213 4866
279 268 4004
280 250 5872
281 38 4442
282 225 2340
283 193 6343
284 151 2293
285 246 2515
286 215 9786
287 27 4467
288 95 809
289 119 1198
290 1 4628
291 174 7785
292 199 3985
293 107 6245
294 117 7985
295 140 4946
296 172 374
297 41 7193
298 297 6934
299 152 3155
300 148 8366
301 57 404
302 90 6297
303 242 218
304 90 7418
305 212 3970
306 84 5196
307 280 4643
308 92 6742
309 275 8504
310 293 3161
311 53 3159
312 112 1674
313 213 6846
314 289 8183
315 46 1829
316 32 345
317 131 5100
318 310 7783
319 14 6166
320 60 9402
321 195 2280
322 28 7830
323 102 4114
324 198 6943
325 66 2508
326 225 5074
327 80 2810
328 223 2186
329 160 9238
330 86 7783
331 94 2593
332 300 2272
333 92 7935
334 281 1771
335 66 2942
336 111 8172
337 319 4463
338 171 8499
339 137 9396
340 10 1972
341 212 9260
342 119 4012
343 95 4681
344 22 2249
345 116 7137
346 24 6407
347 2 9132
348 15 4955
349 122 2385
350 33 6803
351 183 6480
352 76 7686
353 350 6178
354 95 7071
355 241 6703
356 187 4836
357 157 9141
358 237 279
359 49 9034
360 283 4460
361 50 5446
362 229 196
363 78 8629
364 9 6348
365 229 4998
366 235 3843
367 236 42
368 318 7356
369 125 2517
370 152 9719
371 226 923
372 350 4653
373 57 6320
374 69 3869
375 58 1579
376 268 4787
377 349 5382
378 160 9519
379 207 6843
380 123 4578
381 62 4627
382 268 1793
383 279 9850
384 368 9988
385 143 6538
386 276 8112
387 381 3254
388 43 617
389 295 1393
390 62 2027
391 319 401
392 217 7046
393 229 1982
394 368 2545
395 172 8517
396 194 6574
397 264 8063
398 251 3154
399 52 8075
400 142 8853
401 255 6856
402 369 7969
403 37 8752
404 29 3176
405 168 8494
406 88 8049
407 211 5714
408 228 1063
409 194 7550
410 89 7077
411 99 1798
412 90 8510
413 271 8247
414 350 9122
415 386 8558
416 333 2150
417 284 3377
418 87 395
419 311 2351
420 293 1249
421 161 2775
422 358 4388
423 223 8600
424 378 3230
425 348 9876
426 98 9653
427 350 6953
428 60 6703
429 207 362
430 64 7855
431 193 5289
432 288 6730
433 341 4264
434 287 400
435 309 6454
436 387 5687
437 62 7050
438 65 7038
439 143 2259
440 14 9847
441 303 1182
442 338 2055
443 155 9532
444 273 9346
445 426 3388
446 130 9304
447 307 1039
448 19 1260
449 29 4413
450 366 6233
451 197 6079
452 177 1701
453 150 3329
454 208 1491
455 380 9583
456 213 647
457 193 1171
458 261 4607
459 339 3723
460 26 9520
461 288 5800
462 287 1341
463 1 577
464 280 6552
465 19 7107
466 273 4048
467 209 6603
468 166 8447
469 437 9884
470 126 9552
471 133 7337
472 238 2942
473 306 7052
474 460 5008
475 18 3353
476 202 5237
477 281 8963
478 350 9371
479 84 4459
480 245 7262
481 241 8070
482 430 1960
483 185 5463
484 321 1491
485 23 1874
486 365 3833
487 180 572
488 462 6783
489 170 8877
490 335 3439
491 405 2575
492 239 1196
493 485 4019
494 298 3368
495 376 815
496 339 6302
497 463 5628
498 473 760
499 494 748
500 63 8930
501 489 110
502 115 6318
503 94 3502
504 257 1339
505 268 6765
506 143 8613
507 157 5888
508 158 9069
509 136 298
510 303 7945
511 111 1422
512 206 9968
513 148 9544
514 90 2534
515 117 2747
516 510 8743
517 224 4204
518 429 9815
519 297 5543
520 339 2616
521 380 3503
522 204 6571
523 206 3370
524 450 2390
525 425 8513
526 440 5341
527 99 860
528 190 4351
529 255 1400
530 512 6436
531 299 6964
532 440 5669
533 41 4889
534 295 1900
535 293 5878
536 485 5438
537 199 4283
538 484 3599
539 76 6528
540 54 883
541 526 903
542 510 3045
543 321 3719
544 29 5238
545 28 9225
546 177 7102
547 206 3338
548 418 5028
549 471 2590
550 300 7102
551 179 423
552 224 4722
553 61 3491
554 76 6406
555 413 8790
556 487 6359
557 144 2493
558 382 2423
559 201 3431
560 4 9081
561 427 2481
562 233 9864
563 188 1861
564 157 8968
565 335 2110
566 184 5714
567 531 4483
568 55 8897
569 502 1652
570 324 5738
571 36 623
572 500 6688
573 129 5448
574 459 8292
575 461 3465
576 17 8434
577 362 4777
578 349 8449
579 46 2986
580 448 359
581 84 6941
582 270 5714
583 57 2919
584 333 1524
585 236 7738
586 344 416
587 439 5326
588 523 4669
589 224 6868
590 173 6420
591 301 9019
592 315 8931
593 63 4114
594 28 1061
595 370 3160
596 490 8712
597 33 2483
598 477 8326
599 147 4778
600 482 948
601 179 8327
602 281 342
603 562 1113
604 549 6583
605 79 8828
606 321 4033
607 376 9885
608 380 4533
609 394 4035
610 203 7083
611 70 5659
612 349 2519
613 185 2431
614 119 8001
615 347 9513
616 376 5553
617 28 1601
618 608 7106
619 65 2207
620 252 964
621 413 655
622 123 2320
623 151 260
624 389 8351
625 499 7310
626 341 7714
627 124 7570
628 492 5699
629 512 4377
630 448 7129
631 595 7646
632 540 1860
633 609 5538
634 295 4885
635 308 8846
636 373 6509
637 600 8781
638 238 37
639 382 8031
640 393 9011
641 359 625
642 76 1776
643 259 2624
644 143 243
645 508 4485
646 493 6029
647 113 360
648 469 3296
649 600 5696
650 309 7965
651 594 6625
652 285 4680
653 43 3207
654 238 1041
655 124 6762
656 98 5805
657 139 4615
658 578 3257
659 539 4614
660 417 3013
661 631 3112
662 79 4392
663 399 1681
664 220 5372
665 546 7646
666 439 3719
667 282 2636
668 478 8678
669 144 5197
670 12 5763
671 189 4413
672 404 554
673 310 2668
674 479 4840
675 111 8881
676 635 33
677 646 7181
678 664 3406
679 40 6641
680 503 1615
681 409 5668
682 61 3562
683 675 1381
684 375 8445
685 462 3023
686 497 6662
687 390 2636
688 363 2861
689 104 9023
690 166 4082
691 278 2000
692 47 7010
693 525 1925
694 238 4067
695 687 4417
696 618 4924
697 654 6512
698 516 6398
699 19 4103
700 268 640
701 8 9538
702 46 2570
703 479 4786
704 694 1680
705 470 8407
706 293 8061
707 30 610
708 633 2384
709 501 7324
710 340 1560
711 154 8766
712 59 3191
713 480 3359
714 710 5814
715 424 340
716 601 4276
717 110 4252
718 629 3933
719 392 9462
720 708 4014
721 530 8388
722 68 5633
723 211 6516
724 198 6393
725 52 3099
726 494 6447
727 164 9326
728 401 289
729 561 1538
730 155 1708
731 214 6501
732 261 1052
733 701 6826
734 484 1010
735 698 3502
736 72 127
737 195 5142
738 201 1758
739 617 1266
740 601 6555
741 218 3211
742 482 9450
743 313 8589
744 56 1662
745 550 4996
746 437 1704
747 258 5159
748 193 4125
749 219 4410
750 577 8658
751 319 4958
752 217 1623
753 199 568
754 209 3166
755 636 8265
756 129 99
757 191 2549
758 449 6718
759 740 3448
760 4 7181
761 183 4679
762 553 3137
763 192 3699
764 701 9769
765 389 5916
766 385 890
767 546 7943
768 491 5778
769 219 6552
770 8 623
771 458 2020
772 649 1560
773 376 7628
774 604 2681
775 320 9741
776 295 7114
777 698 9163
778 697 2615
779 561 7999
780 222 2661
781 266 8010
782 223 1613
783 610 1254
784 4 8093
785 67 9878
786 347 3773
787 198 4242
788 713 7729
789 695 6427
790 566 3923
791 189 2535
792 732 1292
793 768 5815
794 459 1151
795 214 8749
796 240 1674
797 498 729
798 622 2547
799 337 4941
800 525 502
801 339 1549
802 282 9836
803 501 2211
804 652 6265
805 397 9274
806 43 108
807 390 6303
808 408 822
809 354 4937
810 305 9144
811 631 9400
812 82 9648
813 14 2225
814 637 6812
815 695 5863
816 183 2445
817 512 7347
818 53 4628
819 196 2430
820 377 2995
821 544 8755
822 179 8536
823 387 8351
824 806 2737
825 423 1629
826 388 8325
827 551 357
828 432 4157
829 214 1596
830 684 8400
831 107 7289
832 143 7014
833 146 1733
834 319 6834
835 85 2258
836 326 1725
837 678 9655
838 297 1798
839 735 632
840 805 4447
841 705 2484
842 97 9442
843 474 7912
844 92 3524
845 740 7609
846 296 4673
847 760 1852
848 106 4350
849 541 4017
850 741 3125
851 1 6635
852 260 9272
853 25 8715
854 469 9133
855 150 6689
856 505 9314
857 5 316
858 242 9054
859 652 4687
860 750 6903
861 435 1490
862 417 4499
863 42 2012
864 648 2917
865 719 9711
866 750 1726
867 716 8686
868 434 96
869 8 4072
870 297 9437
871 644 1004
872 794 8370
873 257 6250
874 163 2883
875 773 4232
876 337 5220
877 541 9999
878 524 76
879 284 7236
880 563 946
881 395 2200
882 616 1093
883 143 6229
884 173 5144
885 427 7389
886 443 8877
887 681 3185
888 172 3759
889 882 7453
890 290 9879
891 753 7647
892 729 5736
893 809 1084
894 661 6387
895 284 3853
896 25 6291
897 505 4941
898 859 1357
899 141 4421
900 682 8617
901 38 6999
902 176 7106
903 470 1783
904 420 5283
905 714 8064
906 116 5584
907 809 7171
908 160 3236
909 395 9316
910 136 3641
911 627 2416
912 742 8807
913 176 1835
914 528 4738
915 659 6077
916 435 8828
917 240 1388
918 674 4973
919 321 7559
920 618 6681
921 51 2060
922 827 8900
923 481 2200
924 255 5237
925 780 1159
926 410 1839
927 620 4124
928 921 5033
929 792 2663
930 868 570
931 802 9929
932 63 4595
933 272 4917
934 184 5295
935 384 6520
936 392 1382
937 897 9223
938 866 8117
939 923 1256
940 359 1503
941 907 9318
942 556 540
943 473 1750
944 267 5297
945 154 9558
946 425 69
947 329 994
948 497 7011
949 516 2878
950 11 7962
951 282 9928
952 161 7396
953 913 8491
954 226 9016
955 795 6952
956 676 7942
957 536 6823
958 671 6252
959 204 1289
960 663 9333
961 597 5108
962 690 1481
963 147 4984
964 91 6550
965 917 8330
966 390 1652
967 622 9113
968 929 2294
969 811 8345
970 127 4683
971 486 3815
972 177 8767
973 49 3978
974 871 7602
975 260 5562
976 53 1605
977 488 730
978 763 5237
979 545 3452
980 133 7794
981 381 9010
982 253 1088
983 518 2951
984 888 1091
985 840 2634
986 825 3053
987 213 7771
988 132 5635
989 119 8919
990 866 3048
991 80 7786
992 386 1242
993 181 1178
994 409 2110
995 829 4903
996 974 7852
997 5 8178
998 559 6737
999 751 3345
1000 390 7757
1001 309 7857
1002 799 3581
1003 725 5512
1004 804 1925
1005 976 3994
1006 882 9300
1007 611 1442
1008 276 8941
1009 523 4962
1010 575 5544
1011 962 1357
1012 450 6613
1013 957 1214
1014 581 4111
1015 931 7959
1016 390 2400
1017 48 5867
1018 876 3970
1019 761 9404
1020 563 9124
1021 630 1206
1022 856 2722
1023 920 4768
1024 458 6493
1025 106 8307
1026 849 8218
1027 888 2067
1028 254 3278
1029 462 4686
1030 663 6546
1031 389 2731
1032 318 4112
1033 923 2298
1034 624 2081
1035 908 8898
1036 62 2179
1037 647 9181
1038 870 6911
1039 630 6829
1040 704 3277
1041 726 2728
1042 984 4001
1043 920 1747
1044 178 7294
1045 710 7066
1046 34 3864
1047 827 4338
1048 851 8219
1049 222 4430
1050 546 5140
1051 827 8087
1052 532 2172
1053 1043 2467
1054 500 1179
1055 482 2498
1056 909 6529
1057 952 3293
1058 691 7134
1059 852 5088
1060 3 869
1061 678 5745
1062 877 163
1063 44 4281
1064 629 8776
1065 208 270
1066 433 4672
1067 364 5488
1068 1042 7343
1069 782 7639
1070 1034 8359
1071 587 8684
1072 218 736
1073 195 4122
1074 766 8316
1075 923 8988
1076 722 4762
1077 392 4190
1078 118 5083
1079 671 9340
1080 200 7997
1081 238 5450
1082 320 8292
1083 794 7251
1084 534 4301
1085 1048 8064
1086 707 8518
1087 219 5260
1088 304 9875
1089 391 7932
1090 65 4034
1091 293 6614
1092 435 1319
1093 682 3273
1094 681 1439
1095 1081 9934
1096 896 1683
1097 357 1145
1098 82 1339
1099 847 800
1100 580 3910
1101 704 1029
1102 49 8044
1103 815 5059
1104 996 7348
1105 764 2329
1106 183 5380
1107 291 1287
1108 508 2172
1109 815 2839
1110 635 6665
1111 828 6837
1112 114 6891
1113 1000 7030
1114 248 5060
1115 375 6745
1116 371 6137
1117 360 7228
1118 947 6881
1119 445 7270
1120 363 8700
1121 176 2707
1122 821 3255
1123 479 5324
1124 696 4301
1125 114 4945
1126 663 1577
1127 225 4953
1128 683 1564
1129 782 610
1130 1004 1045
1131 792 8080
1132 1061 2404
1133 385 1393
1134 726 3642
1135 811 813
1136 257 4162
1137 923 2003
1138 210 971
1139 292 6552
1140 376 1598
1141 906 8036
1142 659 519
1143 703 6637
1144 37 3800
1145 1100 1806
1146 754 7783
1147 1101 9276
1148 232 7801
1149 635 6145
1150 269 4811
1151 213 3754
1152 117 9139
1153 119 221
1154 165 3713
1155 411 9390
1156 360 617
1157 404 6018
1158 422 3773
1159 171 6893
1160 619 4536
1161 1080 3066
1162 1141 6827
1163 66 2424
1164 275 1874
1165 975 5029
1166 1034 7329
1167 272 5741
1168 248 4040
1169 20 3305
1170 692 9029
1171 1015 5916
1172 953 6806
1173 1041 6066
1174 923 8817
1175 431 3720
1176 1061 3969
1177 105 3836
1178 810 5755
1179 450 5940
1180 889 1622
1181 862 8069
1182 1112 4905
1183 487 3066
1184 452 227
1185 426 1065
1186 229 7100
1187 424 8525
1188 191 3794
1189 318 4980
1190 139 989
1191 30 776
1192 1083 2526
1193 1022 1381
1194 859 8968
1195 133 5223
1196 343 234
1197 205 6858
1198 12 7795
1199 978 9671
1200 982 3676
1201 366 1133
1202 35 464
1203 440 9838
1204 236 5312
1205 568 6045
1206 1082 901
1207 462 4152
1208 138 7963
1209 727 2354
1210 560 2862
1211 455 571
1212 122 5628
1213 1100 4445
1214 1074 200
1215 306 8018
1216 55 827
1217 1076 387
1218 193 5008
1219 758 8877
1220 805 6107
1221 634 1655
1222 925 4021
1223 466 8563
1224 886 422
1225 29 8125
1226 856 2448
1227 253 3163
1228 252 4848
1229 1175 3146
1230 614 1189
1231 179 7189
1232 872 7503
1233 497 4158
1234 727 8845
1235 575 4149
1236 719 7251
1237 63 6308
1238 182 9320
1239 567 1636
1240 940 3048
1241 765 3044
1242 891 3418
1243 336 3783
1244 413 1994
1245 530 3553
1246 1179 2351
1247 392 4244
1248 879 7408
1249 45 632
1250 425 6696
1251 1174 9235
1252 632 6380
1253 829 1969
1254 361 9340
1255 1015 6873
1256 1205 7156
1257 552 5974
1258 333 4815
1259 687 6467
1260 1051 4229
1261 66 9773
1262 204 3858
1263 54 7986
1264 7 5692
1265 479 9574
1266 1237 4459
1267 214 7875
1268 874 3830
1269 702 2461
1270 373 6795
1271 121 6256
1272 15 2304
1273 591 9558
1274 1222 5733
1275 737 7105
1276 381 5740
1277 722 5476
1278 843 562
1279 786 7955
1280 622 556
1281 19 5198
1282 244 2410
1283 1144 4908
1284 579 5547
1285 346 1955
1286 769 9079
1287 709 2252
1288 1219 1089
1289 1230 9764
1290 765 2982
1291 221 1610
1292 337 5468
1293 41 3493
1294 567 9913
1295 161 1009
1296 840 2560
1297 4 1209
1298 413 4509
1299 496 8959
1300 394 2958
1301 399 7538
1302 350 5473
1303 1189 2464
1304 488 790
1305 486 6543
1306 742 7162
1307 191 5351
1308 1299 9712
1309 517 2567
1310 1009 772
1311 166 5952
1312 123 3865
1313 353 4203
1314 870 7493
1315 427 9912
1316 12 3869
1317 248 4908
1318 257 327
1319 346 8555
1320 340 5917
1321 1066 2546
1322 1167 5690
1323 852 499
1324 849 5430
1325 217 230
1326 718 739
1327 504 6545
1328 976 2784
1329 1174 7729
1330 283 4277
1331 343 5282
1332 817 4032
1333 646 7093
1334 502 2319
1335 331 2266
1336 419 668
1337 1160 811
1338 1089 6031
1339 613 6283
1340 1166 3725
1341 1190 3255
1342 1059 4391
1343 181 933
1344 780 1671
1345 98 4794
1346 892 8403
1347 592 7612
1348 404 5512
1349 629 2057
1350 1308 5609
1351 949 5875
1352 41 3575
1353 1280 4762
1354 1186 8466
1355 164 9190
1356 651 1327
1357 32 2834
1358 1163 5222
1359 181 4983
1360 682 7232
1361 356 1957
1362 126 8703
1363 246 3462
1364 406 557
1365 1149 1903
1366 782 6913
1367 793 8917
1368 430 645
1369 1276 4561
1370 532 5038
1371 180 3994
1372 1110 8067
1373 1243 6553
1374 665 4288
1375 57 3451
1376 1169 8812
1377 673 3369
1378 459 7921
1379 290 1874
1380 643 2425
1381 1275 9468
1382 1238 2452
1383 600 9455
1384 1366 6191
1385 1206 1140
1386 742 7148
1387 946 6975
1388 2 5637
1389 293 2576
1390 212 1617
1391 812 1147
1392 1140 7530
1393 1093 2136
1394 721 7781
1395 1200 4186
1396 878 2602
1397 1316 8640
1398 144 4277
1399 34 5484
1400 296 9431
1401 1388 6764
1402 103 4415
1403 836 8169
1404 1181 8944
1405 237 8116
1406 660 6593
1407 824 7768
1408 841 7265
1409 1269 3579
1410 299 6143
1411 1251 3753
1412 806 4282
1413 834 4288
1414 1369 7210
1415 1143 399
1416 69 3248
1417 879 2548
1418 1415 1116
1419 1253 2970
1420 759 2355
1421 66 4399
1422 1013 1936
1423 1038 4657
1424 139 901
1425 152 7326
1426 91 5543
1427 535 8189
1428 286 2161
1429 556 3839
1430 146 6435
1431 104 8177
1432 476 9690
1433 291 2059
1434 1197 8825
1435 102 1444
1436 310 8512
1437 1305 4528
1438 1049 1315
1439 138 1152
1440 605 7523
1441 523 9354
1442 1212 8009
1443 1301 4188
1444 1241 3470
1445 191 4861
1446 69 8300
1447 727 6131
1448 954 417
1449 289 7794
1450 270 8859
1451 844 1393
1452 359 7824
1453 243 3755
1454 880 3991
1455 387 6726
1456 1231 906
1457 1273 1675
1458 840 9617
1459 488 3305
1460 222 4344
1461 933 6236
1462 430 3362
1463 1202 8101
1464 210 6402
1465 902 4560
1466 259 9541
1467 227 794
1468 1399 525
1469 1285 4716
1470 577 951
1471 709 5422
1472 294 2296
1473 1203 3639
1474 224 7265
1475 439 4136
1476 713 2730
1477 359 9961
1478 979 5054
1479 674 1964
1480 265 1645
1481 346 9918
1482 27 6785
1483 454 2093
1484 636 1640
1485 54 3124
1486 1000 9638
1487 1038 7758
1488 765 3177
1489 494 1016
1490 844 8082
1491 414 5521
1492 800 7259
1493 290 1164
1494 368 7166
1495 29 5152
1496 640 6234
1497 269 3878
1498 1219 1839
1499 609 1295
1500 701 2823
1501 559 9165
1502 967 2171
1503 1007 2614
1504 1021 2054
1505 1370 8608
1506 115 4649
1507 341 6395
1508 1311 2169
1509 1161 454
1510 57 2996
1511 637 2737
1512 609 4389
1513 114 4092
1514 200 9319
1515 442 7470
1516 252 8342
1517 1316 9472
1518 548 1888
1519 415 5727
1520 193 7546
1521 1141 6267
1522 612 4088
1523 1332 7092
1524 1273 2720
1525 1125 1333
1526 1297 8816
1527 967 9082
1528 57 38
1529 1430 8447
1530 802 9363
1531 579 8831
1532 723 9336
1533 766 146
1534 458 9289
1535 328 7031
1536 735 769
1537 78 1377
1538 698 8618
1539 181 7655
1540 1247 6823
1541 598 5290
1542 431 8560
1543 191 9830
1544 87 3060
1545 423 6662
1546 538 7608
1547 1475 5421
1548 1125 4097
1549 163 9200
1550 617 7159
1551 6 60
1552 1149 5169
1553 1475 3400
1554 656 1871
1555 156 7089
1556 357 8012
1557 995 3646
1558 1416 4627
1559 866 3563
1560 587 3288
1561 1306 124
1562 1104 8879
1563 12 9999
1564 928 4254
1565 1172 7543
1566 15 8490
1567 263 1427
1568 1173 3904
1569 1344 5079
1570 1416 7733
1571 553 2285
1572 271 3511
1573 1393 4217
1574 1233 316
1575 615 6712
1576 144 9755
1577 155 2065
1578 1334 3846
1579 1214 2054
1580 1473 1182
1581 1089 4830
1582 346 2943
1583 61 5069
1584 154 3537
1585 296 4487
1586 992 4794
1587 1236 1223
1588 1382 4269
1589 53 7785
1590 225 9544
1591 1118 6004
1592 595 1115
1593 333 1966
1594 676 4910
1595 1042 7407
1596 1443 2762
1597 341 1812
1598 440 3344
1599 1109 8205
1600 104 7670
1601 1344 4826
1602 1106 6287
1603 779 9689
1604 1067 4839
1605 66 5613
1606 101 3752
1607 1149 2044
1608 953 709
1609 762 6710
1610 766 8579
1611 1600 3863
1612 1564 8399
1613 797 9337
1614 1593 4036
1615 1066 9485
1616 157 9516
1617 553 8748
1618 922 5470
1619 786 9966
1620 1124 1358
1621 1003 8886
1622 1274 8023
1623 1007 4384
1624 339 9672
1625 1138 7446
1626 664 3943
1627 1120 6967
1628 1128 157
1629 823 7379
1630 828 9730
1631 859 2716
1632 1538 3441
1633 1202 9667
1634 614 1157
1635 949 8930
1636 871 6309
1637 971 3414
1638 745 6350
1639 801 5750
1640 611 9408
1641 660 8433
1642 799 1712
1643 959 1085
1644 818 3697
1645 289 5302
1646 1368 9010
1647 542 1103
1648 1154 7074
1649 686 1506
1650 570 6703
1651 240 2207
1652 1627 632
1653 437 7309
1654 79 963
1655 584 4371
1656 784 5359
1657 547 8486
1658 271 8776
1659 1070 3196
1660 747 846
1661 1592 4709
1662 1042 7402
1663 1183 1179
1664 1392 4441
1665 345 3453
1666 595 4259
1667 317 6975
1668 563 3708
1669 935 3745
1670 876 7563
1671 978 5390
1672 537 5143
1673 960 549
1674 305 6272
1675 1402 8519
1676 782 6768
1677 471 1476
1678 1067 3328
1679 262 6005
1680 1014 7749
1681 1198 1904
1682 595 8148
1683 1128 3285
1684 562 2022
1685 626 3327
1686 1267 7551
1687 1437 6144
1688 1095 903
1689 485 6470
1690 1632 2788
1691 342 406
1692 1516 4830
1693 764 2574
1694 1486 4357
1695 426 4864
1696 1682 8030
1697 646 128
1698 1173 3293
1699 134 1142
1700 42 4292
1701 637 9927
1702 330 4958
1703 552 5330
1704 1194 3100
1705 1233 8756
1706 390 9323
1707 683 3154
1708 416 6553
1709 1144 2122
1710 941 4809
1711 1315 7054
1712 538 1354
1713 1515 4799
1714 311 9125
1715 1087 7954
1716 1026 3387
1717 708 1160
1718 156 601
1719 714 9057
1720 1697 3881
1721 352 3595
1722 211 9931
1723 1219 7999
1724 719 2077
1725 531 5669
1726 112 6369
1727 347 8127
1728 1237 3856
1729 947 7470
1730 92 1670
1731 801 737
1732 852 636
1733 392 6113
1734 367 7220
1735 1225 6671
1736 950 451
1737 530 9442
1738 1461 821
1739 840 1283
1740 1597 1115
1741 1552 7371
1742 430 2704
1743 1109 1030
1744 1019 3643
1745 447 770
1746 1400 7509
1747 171 633
1748 241 5555
1749 1581 7033
1750 937 7321
1751 1161 5498
1752 1207 9453
1753 79 4679
1754 1345 8878
1755 1388 3685
1756 1611 5974
1757 820 1552
1758 81 2763
1759 698 1321
1760 1090 6940
1761 870 4219
1762 714 2309
1763 202 7360
1764 501 8678
1765 1738 7298
1766 1102 4955
1767 316 9218
1768 512 8379
1769 295 3554
1770 1569 6945
1771 1628 7235
1772 1314 1966
1773 1621 1398
1774 1683 1891
1775 1212 839
1776 1662 7636
1777 1313 2905
1778 1166 7844
1779 529 8777
1780 458 1234
1781 1271 4838
1782 1480 8190
1783 962 8934
1784 1106 2790
1785 37 1228
1786 1396 6856
1787 1432 4192
1788 1262 5794
1789 274 3645
1790 335 254
1791 1432 8735
1792 1342 771
1793 645 5854
1794 1763 2885
1795 950 1944
1796 1125 7947
1797 228 2727
1798 719 1453
1799 290 3773
1800 327 37
1801 373 8491
1802 585 289
1803 764 9491
1804 1675 9580
1805 706 5357
1806 1553 9127
1807 1775 948
1808 962 88
1809 1370 3862
1810 651 9877
1811 207 4153
1812 724 2800
1813 1210 8316
1814 986 9151
1815 1402 3764
1816 1698 5048
1817 1639 2550
1818 1743 9356
1819 1681 2188
1820 228 940
1821 1766 7080
1822 254 9065
1823 1337 1480
1824 903 2796
1825 1218 3107
1826 143 927
1827 118 9146
1828 1707 1091
1829 703 4809
1830 18 9121
1831 152 3111
1832 728 8855
1833 719 7440
1834 176 300
1835 92 9256
1836 137 4951
1837 1467 5521
1838 1260 6292
1839 1221 1654
1840 598 702
1841 917 7900
1842 485 2990
1843 851 2477
1844 775 902
1845 1435 2860
1846 468 2537
1847 1191 6560
1848 1313 2713
1849 1512 1581
1850 1316 6646
1851 991 4886
1852 755 5269
1853 1096 5790
1854 466 6965
1855 184 4001
1856 1369 6922
1857 515 9348
1858 857 6070
1859 474 5219
1860 579 79
1861 701 6957
1862 1265 8835
1863 1334 9431
1864 1848 4470
1865 259 9460
1866 959 4610
1867 755 5522
1868 1854 1957
1869 622 7461
1870 1205 9430
1871 738 5337
1872 1406 1731
1873 1009 6658
1874 1451 9009
1875 178 9160
1876 1414 9521
1877 265 5204
1878 1538 1415
1879 1775 4624
1880 1538 2131
1881 1159 7371
1882 1463 5242
1883 815 2334
1884 134 7547
1885 1624 2118
1886 843 5915
1887 1061 2437
1888 518 6940
1889 152 6199
1890 909 121
1891 297 2448
1892 148 8617
1893 1264 7393
1894 473 1981
1895 1449 7874
1896 814 9673
1897 370 8668
1898 1638 8392
1899 967 7290
1900 922 6847
1901 34 7560
1902 175 6496
1903 1304 9531
1904 1777 74
1905 1758 9411
1906 675 973
1907 1777 6269
1908 132 7073
1909 1284 1737
1910 942 7159
1911 970 2401
1912 252 3087
1913 437 9591
1914 1421 5438
1915 1002 9821
1916 56 9428
1917 1394 6698
1918 502 9551
1919 1522 7811
1920 1607 3251
1921 1274 390
1922 107 2407
1923 1644 3043
1924 791 783
1925 1 5301
1926 1730 9043
1927 1754 7481
1928 764 2829
1929 1840 173
1930 23 1846
1931 1105 6226
1932 1854 7831
1933 1276 4928
1934 1768 4973
1935 762 22
1936 1613 6682
1937 689 1909
1938 1187 1698
1939 1238 3444
1940 227 3155
1941 1205 2289
1942 957 9755
1943 1879 2671
1944 1169 4425
1945 741 5990
1946 1110 6051
1947 1357 9748
1948 136 8650
1949 349 3337
1950 45 8298
1951 616 1156
1952 1679 7390
1953 599 2630
1954 774 4863
1955 1062 8116
1956 814 5210
1957 653 4905
1958 1026 9995
1959 1851 275
1960 1957 4941
1961 749 2568
1962 519 96
1963 1844 5357
1964 98 5185
1965 1816 3774
1966 1328 4530
1967 1647 7896
1968 1363 9448
1969 318 5809
1970 1582 3495
1971 919 3204
1972 743 5013
1973 1297 7288
1974 1537 1852
1975 1162 6361
1976 1642 9531
1977 548 6814
1978 1793 2183
1979 1259 5862
1980 1300 296
1981 1293 4326
1982 69 6735
1983 280 3553
1984 811 4214
1985 36 9151
1986 339 5914
1987 700 3583
1988 1542 5966
1989 1742 7332
1990 1364 9375
1991 662 3083
1992 1689 1622
1993 8 8564
1994 862 8163
1995 844 3853
1996 1734 92
1997 995 8814
1998 1194 496
1999 1087 6011
2000 1896 375
2001 1258 2440
2002 971 191
2003 1000 512
2004 1628 8809
2005 1945 4115
2006 882 9698
2007 471 8501
2008 1516 7131
2009 732 2188
2010 1566 7216
2011 656 6311
2012 1656 195
2013 800 7334
2014 1180 9023
2015 1247 3109
2016 694 213
2017 1776 4082
2018 1231 2171
2019 766 6037
2020 584 2932
2021 1253 9452
2022 705 1109
2023 1775 4933
2024 1268 4380
2025 1779 6553
2026 1193 8846
2027 479 7059
2028 1658 4917
2029 1561 400
2030 1187 7738
2031 657 9126
2032 730 4887
2033 115 7926
2034 693 2032
2035 1578 1767
2036 1679 6506
2037 1843 9629
2038 1143 5657
2039 1096 5680
2040 241 3863
2041 1946 7453
2042 805 1639
2043 251 5797
2044 653 6475
2045 186 3302
2046 1844 9331
2047 1210 292
2048 1732 6825
2049 861 354
2050 412 4718
2051 210 8775
2052 1523 4228
2053 1958 1566
2054 1788 1242
2055 1113 8622
2056 1154 3960
2057 2000 4738
2058 1894 5973
2059 170 6132
2060 1154 1667
2061 45 9555
2062 212 3772
2063 216 5734
2064 1561 2970
2065 1148 2484
2066 163 490
2067 983 1401
2068 341 2403
2069 288 2306
2070 238 8585
2071 1523 7248
2072 800 3141
2073 970 7622
2074 831 5268
2075 1449 3236
2076 1674 7818
2077 1650 2766
2078 489 7253
2079 2032 4266
2080 1056 7805
2081 318 9461
2082 1553 6142
2083 1208 9259
2084 766 7655
2085 1163 8019
2086 643 6308
2087 300 3683
2088 939 9111
2089 1257 1866
2090 1103 9149
2091 1332 6955
2092 100 6484
2093 882 4459
2094 951 3162
2095 1519 6133
2096 768 8715
2097 1951 3643
2098 710 7577
2099 857 6008
2100 145 5972
2101 1482 5945
2102 805 1198
2103 897 9387
2104 385 5575
2105 1063 7174
2106 1571 2852
2107 1187 7714
2108 1187 1621
2109 1199 9633
2110 48 4790
2111 658 6678
2112 1725 5451
2113 916 5609
2114 1932 7789
2115 583 6131
2116 1847 6687
2117 36 831
2118 1484 9859
2119 273 2623
2120 263 9541
2121 2051 69
2122 1266 220
2123 1451 4515
2124 389 2033
2125 1940 5670
2126 934 4707
2127 333 4610
2128 112 350
2129 1812 5161
2130 1974 105
2131 91 8261
2132 1965 3815
2133 1687 6646
2134 455 5471
2135 799 8754
2136 445 8931
2137 166 9573
2138 1312 7149
2139 905 3049
2140 761 3398
2141 1266 9723
2142 1540 1382
2143 569 628
2144 380 4095
2145 728 5847
2146 351 9896
2147 1998 8901
2148 2106 682
2149 1964 2528
2150 97 6186
2151 1819 9547
2152 354 1147
2153 799 3710
2154 1414 5645
2155 166 2110
2156 1531 2401
2157 1689 7287
2158 1394 3307
2159 706 4731
2160 139 8012
2161 838 6165
2162 2018 6033
2163 1729 8506
2164 547 2892
2165 1311 8341
2166 692 9711
2167 1743 5062
2168 1484 308
2169 1292 701
2170 1297 426
2171 215 3004
2172 1799 106
2173 2138 4829
2174 46 1051
2175 1642 1927
2176 2055 5934
2177 648 6095
2178 559 3417
2179 1807 3246
2180 749 1498
2181 294 7247
2182 1007 3705
2183 319 64
2184 1225 7721
2185 1016 6337
2186 950 9172
2187 781 1425
2188 1456 1583
2189 2166 4751
2190 1566 1229
2191 1521 5904
2192 363 7084
2193 1424 4918
2194 108 8329
2195 1644 7950
2196 1152 3751
2197 1395 7459
2198 1332 4527
2199 1742 7094
2200 990 9483
2201 902 325
2202 1197 7146
2203 1967 2783
2204 831 7560
2205 466 3644
2206 624 1384
2207 1673 4179
2208 2199 5170
2209 1071 4386
2210 2022 6490
2211 418 6316
2212 961 712
2213 1253 9120
2214 1586 7688
2215 1006 8800
2216 230 3888
2217 499 1769
2218 1945 7879
2219 1491 3891
2220 1794 7444
2221 2143 3677
2222 236 7390
2223 589 5325
2224 1784 9949
2225 1966 745
2226 1369 8427
2227 372 1036
2228 430 4809
2229 1227 4088
2230 695 3202
2231 1482 3916
2232 1142 5330
2233 1001 8585
2234 1346 7454
2235 1817 7776
2236 1449 1644
2237 1056 2908
2238 1009 6513
2239 747 9336
2240 224 4345
2241 119 5062
2242 826 5038
2243 180 4419
2244 1264 6676
2245 132 2199
2246 1663 4503
2247 708 7430
2248 2207 7609
2249 1519 1104
2250 1087 295
2251 1802 8295
2252 28 2241
2253 438 9041
2254 468 1793
2255 1807 2761
2256 1317 9053
2257 1299 7764
2258 590 9283
2259 407 3359
2260 1896 3310
2261 1413 1107
2262 719 6895
2263 1862 8417
2264 1216 8330
2265 1855 3668
2266 1165 7959
2267 755 6074
2268 1566 2671
2269 2260 9070
2270 2106 6777
2271 1290 3340
2272 619 6236
2273 1289 4478
2274 1035 4026
2275 1440 8750
2276 1584 8746
2277 1522 8058
2278 75 9404
2279 2135 2401
2280 141 7432
2281 1460 123
2282 997 7959
2283 1897 7710
2284 980 2910
2285 1944 4434
2286 1140 3514
2287 447 595
2288 299 5634
2289 2132 8257
2290 508 1139
2291 369 4709
2292 1290 2139
2293 978 5752
2294 1874 6696
2295 177 2496
2296 1178 6100
2297 693 5390
2298 1727 4366
2299 567 4181
2300 298 2211
2301 334 3552
2302 1596 1484
2303 2160 141
2304 442 3178
2305 1037 7749
2306 846 1559
2307 2136 1973
2308 428 1789
2309 26 6395
2310 1334 7917
2311 2018 450
2312 2011 2140
2313 781 6259
2314 716 7041
2315 126 286
2316 1703 4938
2317 1942 9580
2318 2285 3842
2319 685 7139
2320 1041 1456
2321 2011 6733
2322 957 8462
2323 1841 2892
2324 66 1152
2325 205 9697
2326 113 8477
2327 859 4572
2328 1173 3467
2329 171 7096
2330 1563 1245
2331 52 6618
2332 140 4255
2333 761 9982
2334 1021 3795
2335 472 6124
2336 1764 6850
2337 1257 5398
2338 446 155
2339 1014 6720
2340 1544 9204
2341 1232 3487
2342 114 9436
2343 1615 1773
2344 1618 9626
2345 2027 7756
2346 2231 8608
2347 734 9139
2348 90 3250
2349 924 661
2350 1588 2557
2351 1258 4241
2352 630 3464
2353 895 5943
2354 2234 6910
2355 612 9463
2356 1549 9058
2357 1262 6347
2358 69 6615
2359 2098 7571
2360 1621 981
2361 1511 6937
2362 1524 2789
2363 893 7375
2364 1250 1349
2365 794 7161
2366 1830 403
2367 17 6947
2368 1042 5461
2369 396 347
2370 1561 2950
2371 1518 319
2372 2053 1779
2373 517 8586
2374 631 9497
2375 2204 4470
2376 1719 3365
2377 945 678
2378 398 630
2379 2226 7756
2380 2104 3059
2381 947 3916
2382 2313 386
2383 2296 6390
2384 1057 4640
2385 277 4393
2386 301 8112
2387 2002 2555
2388 643 3175
2389 1611 8448
2390 1600 3154
2391 1871 5790
2392 1693 925
2393 333 494
2394 1515 7930
2395 550 5051
2396 2114 6933
2397 503 2201
2398 1536 2592
2399 2018 5418
2400 569 9077
2401 560 9358
2402 2360 7003
2403 926 2879
2404 1316 9306
2405 1866 6217
2406 119 3953
2407 776 3473
2408 781 9768
2409 2169 4095
2410 413 9392
2411 1667 2972
2412 302 7813
2413 1369 6779
2414 2084 1243
2415 1648 3301
2416 1868 2091
2417 1944 8390
2418 283 6377
2419 228 2291
2420 955 3378
2421 2346 5309
2422 1396 5748
2423 545 8692
2424 599 1820
2425 2235 5652
2426 2022 7120
2427 1504 6337
2428 499 8140
2429 396 3610
2430 135 4289
2431 1884 3997
2432 690 4660
2433 2208 9138
2434 395 8929
2435 983 1739
2436 553 6877
2437 541 7947
2438 2246 2769
2439 1219 9343
2440 1726 3627
2441 2116 9176
2442 527 1327
2443 1630 4779
2444 1379 7184
2445 1331 7287
2446 1679 6865
2447 538 7167
2448 234 5146
2449 205 5440
2450 1553 1369
2451 760 7732
2452 2050 3643
2453 1461 4891
2454 2154 7793
2455 1229 5203
2456 2301 2746
2457 2037 1928
2458 1389 6088
2459 652 6664
2460 732 9492
2461 1116 3936
2462 1099 82
2463 2319 60
2464 1509 9236
2465 1690 3692
2466 1932 2995
2467 445 4794
2468 1226 1594
2469 765 2457
2470 1243 9950
2471 2058 9944
2472 437 1315
2473 39 4437
2474 2078 8092
2475 2336 3366
2476 780 3302
2477 1174 8201
2478 1406 6851
2479 765 5840
2480 1766 2601
2481 67 3727
2482 1489 6311
2483 1046 8518
2484 1639 3259
2485 1299 6773
2486 1878 6472
2487 695 1810
2488 1681 9038
2489 950 2592
2490 1194 9560
2491 719 497
2492 51 3299
2493 2128 6071
2494 2346 6191
2495 1046 2236
2496 2064 9719
2497 2457 3531
2498 863 9388
2499 1615 6369
2500 482 4695
2501 321 3416
2502 1277 6740
2503 1211 8867
2504 1720 5482
2505 1106 151
2506 608 3502
2507 2221 222
2508 1601 9230
2509 1656 4966
2510 1053 3047
2511 687 9826
2512 2022 7712
2513 1515 9666
2514 1490 7996
2515 359 5755
2516 1051 7614
2517 1772 1621
2518 767 9997
2519 1226 8467
2520 912 6412
2521 177 5179
2522 1343 6901
2523 860 4881
2524 1425 2725
2525 1498 6970
2526 1697 9499
2527 556 8171
2528 449 6138
2529 1825 8474
2530 1587 5400
2531 2160 4334
2532 2204 1587
2533 575 263
2534 1835 2588
2535 514 2336
2536 1236 5937
2537 785 1184
2538 2082 8424
2539 108 1832
2540 605 3312
2541 901 9533
2542 2294 4324
2543 556 359
2544 2373 6528
2545 2236 8875
2546 1095 6227
2547 1014 2756
2548 1989 6325
2549 1460 2612
2550 744 5699
2551 267 4155
2552 2471 9902
2553 1702 555
2554 881 1117
2555 134 9046
2556 927 9836
2557 1342 6524
2558 2093 7513
2559 684 7581
2560 459 3951
2561 104 8309
2562 2401 7132
2563 63 6029
2564 1473 289
2565 543 9135
2566 1690 6513
2567 1986 2552
2568 2057 222
2569 28 9087
2570 2261 5544
2571 469 8318
2572 2032 3249
2573 235 2178
2574 735 4852
2575 501 9786
2576 2286 467
2577 1534 5880
2578 559 7592
2579 72 4618
2580 1225 721
2581 905 3231
2582 252 5769
2583 2424 5641
2584 309 3330
2585 272 9876
2586 2094 5423
2587 381 7246
2588 1854 356
2589 1792 8887
2590 1550 6785
2591 1032 3507
2592 857 6288
2593 2573 9915
2594 2095 6454
2595 2200 3232
2596 755 9705
2597 1101 6510
2598 630 5991
2599 2044 961
2600 1768 6936
2601 535 9804
2602 998 1983
2603 159 2803
2604 2147 872
2605 993 2219
2606 345 9081
2607 2284 6291
2608 1332 5482
2609 848 8595
2610 270 3537
2611 1544 9559
2612 2547 1009
2613 1231 738
2614 1815 6417
2615 2055 3512
2616 2274 5486
2617 2049 9909
2618 1303 7332
2619 1242 6516
2620 388 4547
2621 843 4066
2622 2315 4184
2623 1212 9419
2624 1426 8868
2625 447 1038
2626 2458 5354
2627 1541 1986
2628 2171 2435
2629 1916 8153
2630 704 9892
2631 945 1279
2632 2451 4060
2633 2426 38
2634 1044 9159
2635 1583 3993
2636 926 231
2637 981 131
2638 2140 6446
2639 1987 1618
2640 598 7490
2641 2421 7601
2642 1435 8955
2643 701 5012
2644 1563 3134
2645 1001 3149
2646 2598 4539
2647 653 6113
2648 2321 5258
2649 885 430
2650 2538 1489
2651 1578 784
2652 1371 5992
2653 394 4045
2654 743 3878
2655 1432 4681
2656 119 9718
2657 2560 2450
2658 1379 2955
2659 2103 2588
2660 2314 4050
2661 480 7322
2662 403 3678
2663 1355 9385
2664 21 3609
2665 2078 6823
2666 1126 9710
2667 2566 9618
2668 138 5257
2669 881 1850
2670 1540 2794
2671 1381 5587
2672 902 5469
2673 549 3369
2674 1609 4784
2675 6 7764
2676 1982 3761
2677 224 604
2678 837 7014
2679 1866 1824
2680 2430 8746
2681 1943 8783
2682 1928 6101
2683 890 7797
2684 1981 8273
2685 604 9346
2686 347 3515
2687 1723 9585
2688 631 4048
2689 1366 2074
2690 1024 3747
2691 2159 9886
2692 1149 783
2693 2644 953
2694 430 2419
2695 599 8324
2696 2301 5038
2697 2235 3165
2698 2583 8862
2699 937 2469
2700 1570 7655
2701 587 2259
2702 2416 3393
2703 2482 2052
2704 751 366
2705 2585 828
2706 35 9223
2707 371 4521
2708 2066 1131
2709 1334 7602
2710 2257 8
2711 1785 688
2712 1660 8950
2713 341 4973
2714 1296 3521
2715 112 759
2716 455 2500
2717 2180 5834
2718 177 8113
2719 972 5536
2720 770 6348
2721 285 6712
2722 1427 9390
2723 667 6268
2724 897 5988
2725 165 2713
2726 2492 7509
2727 741 9932
2728 1445 9532
2729 2155 5800
2730 1110 2453
2731 227 8634
2732 914 9344
2733 2181 4050
2734 885 6562
2735 1729 7473
2736 745 6240
2737 2044 506
2738 303 6226
2739 1990 4318
2740 833 4334
2741 2658 745
2742 846 5779
2743 1426 2903
2744 2677 2251
2745 2117 6187
2746 2416 1326
2747 1168 7789
2748 952 8173
2749 2155 4806
2750 493 5884
2751 1335 3740
2752 2015 6161
2753 1695 1045
2754 1634 7776
2755 2246 1488
2756 1956 9416
2757 2301 356
2758 2206 4532
2759 423 6808
2760 67 2589
2761 1089 8355
2762 434 1260
2763 1773 6612
2764 467 5080
2765 657 9810
2766 774 4864
2767 2571 9472
2768 1433 4532
2769 1846 3377
2770 2392 7461
2771 2433 1407
2772 361 5995
2773 1835 7857
2774 1528 6277
2775 2218 8972
2776 1770 3974
2777 1995 5581
2778 1599 678
2779 2339 2278
2780 846 5776
2781 2440 9611
2782 2761 7996
2783 799 2374
2784 2094 7664
2785 703 2764
2786 1996 7856
2787 1972 9429
2788 438 4117
2789 877 9955
2790 2221 8199
2791 1314 3501
2792 479 3771
2793 1777 2985
2794 223 401
2795 1070 4921
2796 2494 4308
2797 1276 4810
2798 2513 2409
2799 1520 7436
2800 498 8080
2801 2372 4041
2802 1563 1805
2803 2738 7897
2804 219 6996
2805 1914 7962
2806 1203 6918
2807 1377 493
2808 1434 522
2809 2054 781
2810 1072 1232
2811 1763 6055
2812 867 363
2813 1936 2386
2814 2727 576
2815 2321 6982
2816 62 5880
2817 382 5897
2818 1838 9676
2819 1762 6566
2820 475 2076
2821 913 4921
2822 733 2895
2823 1254 5804
2824 2124 7369
2825 1336 6307
2826 2191 4602
2827 301 6946
2828 1268 797
2829 1531 3217
2830 2195 7563
2831 2612 1846
2832 1727 201
2833 1660 3198
2834 1017 8988
2835 1208 5975
2836 387 5556
2837 2338 1700
2838 1393 9506
2839 274 6863
2840 885 4797
2841 413 5236
2842 2424 4044
2843 2334 6215
2844 2400 1304
2845 251 3111
2846 2511 1850
2847 1461 7660
2848 111 4882
2849 852 2210
2850 2099 1900
2851 2781 2674
2852 2273 8981
2853 1077 7510
2854 935 1256
2855 1074 4848
2856 388 2447
2857 482 3247
2858 1124 4074
2859 385 3483
2860 1063 2095
2861 307 9357
2862 2670 1147
2863 461 6332
2864 250 49
2865 59 9081
2866 2143 5636
2867 1957 9860
2868 2414 2356
2869 2070 2455
2870 2290 8798
2871 1141 2138
2872 2177 3783
2873 2016 8322
2874 205 3224
2875 463 4581
2876 116 1669
2877 1879 7605
2878 1254 7515
2879 328 5649
2880 621 7225
2881 808 4871
2882 2163 3231
2883 88 325
2884 2452 4450
2885 1724 576
2886 2410 7059
2887 1826 8114
2888 897 2444
2889 259 9594
2890 1236 9786
2891 2001 3384
2892 1306 6875
2893 15 4882
2894 2419 1608
2895 465 2258
2896 773 3325
2897 370 9759
2898 425 8764
2899 209 7007
2900 2492 3572
2901 2402 4384
2902 2199 4539
2903 110 7478
2904 1878 8972
2905 1446 5508
2906 2111 8566
2907 740 7134
2908 2765 5376
2909 690 2699
2910 755 752
2911 1996 4552
2912 2501 6343
2913 5 552
2914 2833 5300
2915 475 444
2916 492 2680
2917 83 4483
2918 621 963
2919 860 6860
2920 1035 5814
2921 1144 2290
2922 925 4330
2923 979 4163
2924 1349 7909
2925 274 3677
2926 2450 4040
2927 1694 2218
2928 1493 7164
2929 1398 2865
2930 2496 2340
2931 2884 219
2932 1375 5907
2933 374 2077
2934 1383 9372
2935 809 4040
2936 671 4465
2937 1813 7386
2938 323 2829
2939 860 1209
2940 457 7696
2941 695 394
2942 2651 746
2943 2418 4093
2944 420 7101
2945 1024 9956
2946 357 1634
2947 1862 6274
2948 2335 9566
2949 1322 9712
2950 2766 8792
2951 53 5574
2952 143 3691
2953 1990 7695
2954 1679 1881
2955 1990 9409
2956 1466 6646
2957 1818 955
2958 1014 5393
2959 2855 8562
2960 638 7289
2961 1888 4928
2962 1245 7490
2963 1505 4052
2964 1613 1675
2965 2259 9387
2966 2160 8460
2967 772 9137
2968 1297 6394
2969 1355 3194
2970 1555 6306
2971 363 9102
2972 1692 7266
2973 1396 6030
2974 2679 2350
2975 910 2497
2976 862 6003
2977 2748 1099
2978 1728 9294
2979 1667 3300
2980 2717 1062
2981 1999 1899
2982 1409 4886
2983 2313 9091
2984 157 7064
2985 1303 6656
2986 1630 3157
2987 1865 1794
2988 2165 5055
2989 1812 7661
2990 2422 8982
2991 1948 4664
2992 2434 4443
2993 629 9327
2994 1482 1662
2995 757 9308
2996 1612 8711
2997 951 9705
2998 2252 275
2999 1877 6704
3000 1381 7477
3001 588 3721
3002 2780 5705
3003 2441 5161
3004 2249 7234
3005 471 9719
3006 671 981
3007 1416 2088
3008 2456 2157
3009 1861 8665
3010 630 5392
3011 2987 8281
3012 1632 2592
3013 1752 2639
3014 2814 5081
3015 395 6213
3016 2029 7181
3017 2237 9931
3018 2311 3741
3019 1356 3005
3020 2132 2142
3021 927 9788
3022 85 7489
3023 935 7362
3024 2436 2334
3025 1458 8588
3026 396 135
3027 2470 7233
3028 799 6529
3029 1296 5695
3030 749 9864
3031 246 8113
3032 227 7328
3033 1815 3553
3034 2124 198
3035 471 4932
3036 2255 5203
3037 387 1780
3038 1159 1441
3039 3017 1432
3040 2336 2367
3041 2543 7898
3042 2715 9557
3043 2501 8047
3044 2345 1046
3045 2668 2349
3046 1780 6615
3047 588 568
3048 2377 5418
3049 707 1666
3050 1258 6339
3051 565 3268
3052 1233 8431
3053 2763 3576
3054 1621 4603
3055 1963 2381
3056 2953 474
3057 85 5482
3058 784 2829
3059 1901 5426
3060 2209 2847
3061 1096 1604
3062 625 190
3063 2265 8211
3064 2686 2042
3065 1082 6176
3066 1758 3350
3067 326 7899
3068 268 6385
3069 223 7162
3070 2569 5821
3071 2878 1834
3072 2830 4496
3073 1324 9781
3074 161 4307
3075 1572 4166
3076 1328 5067
3077 1527 2109
3078 1773 4926
3079 1628 5201
3080 1223 4120
3081 1503 1930
3082 703 9825
3083 2683 4170
3084 1953 7502
3085 937 572
3086 2184 2514
3087 944 636
3088 1409 5748
3089 1367 1
3090 389 7120
3091 977 3956
3092 1927 3731
3093 2001 4078
3094 1810 6791
3095 2161 6577
3096 2154 7655
3097 2509 9046
3098 223 8117
3099 1926 1946
3100 611 4630
3101 2665 4246
3102 118 9664
3103 2815 6554
3104 841 2906
3105 585 3273
3106 1943 4293
3107 2161 1058
3108 2038 149
3109 1308 2347
3110 314 4674
3111 1215 3754
3112 2198 1015
3113 685 1196
3114 834 5172
3115 3048 567
3116 3043 3463
3117 591 194
3118 2173 562
3119 435 8890
3120 2064 5689
3121 1613 7427
3122 295 9159
3123 602 2740
3124 479 5437
3125 1870 5071
3126 1777 7633
3127 2017 3592
3128 838 105
3129 832 7509
3130 607 5800
3131 749 9919
3132 94 7829
3133 2954 5219
3134 2498 837
3135 15 1800
3136 1309 2968
3137 2177 2971
3138 1100 3206
3139 2496 248
3140 1408 7874
3141 2055 524
3142 1511 6078
3143 337 5213
3144 1285 1926
3145 713 9326
3146 1888 6007
3147 1286 5028
3148 2324 9681
3149 2943 2592
3150 2533 3873
3151 546 3136
3152 304 3414
3153 329 8470
3154 2074 2121
3155 1374 2820
3156 2890 6314
3157 621 5111
3158 683 7692
3159 909 6553
3160 1965 9301
3161 812 2253
3162 2720 29
3163 642 8172
3164 2487 7268
3165 1181 8442
3166 1769 7968
3167 217 9988
3168 2798 7302
3169 1382 5785
3170 2811 6977
3171 1552 1685
3172 1216 6461
3173 1375 7668
3174 448 5986
3175 2057 7556
3176 624 2920
3177 2784 2530
3178 1034 129
3179 942 1278
3180 1321 6365
3181 1380 5594
3182 2151 8702
3183 3037 1372
3184 1080 3636
3185 970 5230
3186 3094 4559
3187 2597 792
3188 2568 6748
3189 974 780
3190 2533 3316
3191 2489 704
3192 2786 5387
3193 361 9907
3194 1393 534
3195 2907 5695
3196 3183 8206
3197 684 1223
3198 2883 928
3199 744 2767
3200 990 5305
3201 1171 2394
3202 1115 2857
3203 363 6775
3204 2605 4707
3205 2211 2739
3206 2045 718
3207 1057 2012
3208 1947 3430
3209 1035 4992
3210 388 7996
3211 2844 9129
3212 161 6063
3213 137 2301
3214 2441 4845
3215 810 5057
3216 111 6073
3217 147 9129
3218 2417 788
3219 840 8182
3220 1168 812
3221 1158 4889
3222 1989 6352
3223 3148 5712
3224 3104 5837
3225 462 7355
3226 82 1467
3227 3092 8039
3228 3071 3642
3229 1403 4622
3230 1628 4789
3231 503 416
3232 254 3763
3233 1579 3347
3234 450 6303
3235 1229 733
3236 1812 4124
3237 532 759
3238 2526 8349
3239 2813 6934
3240 1419 6026
3241 1406 9432
3242 356 2009
3243 1947 9090
3244 1372 4220
3245 845 9051
3246 2374 1428
3247 2443 7360
3248 2633 2847
3249 1744 3656
3250 2147 7552
3251 1844 3073
3252 2185 5360
3253 1484 2858
3254 2174 6451
3255 2087 1523
3256 485 2367
3257 1720 2974
3258 2362 3163
3259 1809 2212
3260 3168 7169
3261 1592 4893
3262 1653 8935
3263 2764 6121
3264 1730 4880
3265 722 2035
3266 1985 3750
3267 1100 3007
3268 2823 9032
3269 2064 4172
3270 817 9119
3271 866 1938
3272 2247 9589
3273 1928 5067
3274 1774 9686
3275 2676 2884
3276 2263 8711
3277 2134 9270
3278 2027 3697
3279 859 9857
3280 1474 1934
3281 621 6873
3282 749 9733
3283 2584 1780
3284 2894 884
3285 1237 2583
3286 1204 6585
3287 890 5653
3288 2370 9891
3289 1526 4440
3290 2408 2103
3291 66 5901
3292 926 3121
3293 2108 4097
3294 1379 9236
3295 2785 9609
3296 2873 5708
3297 1431 5236
3298 1614 2486
3299 247 2136
3300 2509 1243
3301 854 8424
3302 1708 3513
3303 2530 2419
3304 2997 900
3305 1488 4465
3306 2703 3772
3307 3194 2344
3308 913 7671
3309 2063 5549
3310 143 9709
3311 1367 2937
3312 1718 6365
3313 899 9806
3314 1944 7200
3315 1028 6599
3316 2466 7861
3317 1964 7138
3318 2703 753
3319 101 6819
3320 2952 9895
3321 2329 9599
3322 1276 1691
3323 447 7724
3324 1699 2357
3325 105 1485
3326 287 3
3327 1935 5512
3328 2271 6289
3329 2276 2149
3330 334 2752
3331 3172 128
3332 1626 4765
3333 3064 6008
3334 1360 31
3335 1353 7322
3336 1960 9113
3337 2766 6515
3338 2901 72
3339 1990 8595
3340 1875 4930
3341 3144 4445
3342 2645 2813
3343 2977 7545
3344 1378 37
3345 2814 4588
3346 2927 4900
3347 1427 4605
3348 1516 2935
3349 656 8072
3350 1032 5658
3351 1739 8303
3352 3165 5017
3353 2985 8848
3354 2130 3640
3355 1565 709
3356 3308 6896
3357 1270 2755
3358 2996 31
3359 1420 5553
3360 2464 548
3361 2954 8401
3362 1693 1778
3363 3098 4117
3364 2890 4620
3365 2469 8785
3366 2659 3148
3367 2055 2943
3368 745 4295
3369 3349 7227
3370 3055 1432
3371 2213 2628
3372 2615 2975
3373 1663 1106
3374 254 7732
3375 2046 3377
3376 2272 3188
3377 1662 1859
3378 178 1331
3379 521 5014
3380 1203 3781
3381 710 940
3382 1016 2875
3383 2762 7471
3384 456 7990
3385 1134 5510
3386 1573 9907
3387 303 8142
3388 2481 6646
3389 1845 4439
3390 3010 6226
3391 3069 3706
3392 3285 2039
3393 1609 9038
3394 1499 6747
3395 1867 4752
3396 673 9545
3397 5 261
3398 615 2669
3399 848 824
3400 2170 919
3401 2311 3918
3402 3333 7513
3403 2627 5099
3404 2367 6894
3405 216 1000
3406 669 4651
3407 2730 486
3408 1459 6694
3409 505 1879
3410 759 7284
3411 2905 8492
3412 225 5194
3413 2840 8570
3414 822 8825
3415 126 4924
3416 2995 2109
3417 149 9954
3418 2936 3101
3419 1429 7366
3420 2541 9875
3421 1778 463
3422 2506 229
3423 2154 6925
3424 507 4253
3425 2247 1034
3426 1239 6066
3427 934 5005
3428 559 9312
3429 1830 2942
3430 2801 9501
3431 2924 1519
3432 1563 3587
3433 1951 6848
3434 793 8281
3435 941 9081
3436 3170 1408
3437 2660 1962
3438 277 7687
3439 2532 525
3440 1488 2758
3441 2561 6282
3442 80 9238
3443 3403 747
3444 44 3327
3445 180 9334
3446 2680 4862
3447 888 9544
3448 770 4635
3449 2599 1766
3450 1963 4430
3451 2460 7784
3452 779 9619
3453 2335 5811
3454 259 1039
3455 1597 8796
3456 1237 1523
3457 2528 1042
3458 3306 9569
3459 1521 6730
3460 2180 7854
3461 2028 154
3462 3254 7057
3463 2553 2354
3464 1664 2836
3465 1676 3191
3466 604 7283
3467 1490 3396
3468 1082 8985
3469 3449 2410
3470 756 6818
3471 625 3515
3472 2643 4160
3473 338 8138
3474 237 6651
3475 2607 1000
3476 942 740
3477 1661 9346
3478 582 5404
3479 2378 9852
3480 1533 8122
3481 127 382
3482 1282 7586
3483 2702 1783
3484 1971 2971
3485 356 7454
3486 2027 809
3487 2852 4559
3488 779 3820
3489 2313 3586
3490 1013 2269
3491 734 8884
3492 1497 9650
3493 2903 2020
3494 135 6667
3495 2879 660
3496 1919 4056
3497 2850 9498
3498 129 9605
3499 1528 2895
3500 773 4079
3501 2042 1928
3502 1995 9563
3503 2729 4458
3504 2743 2285
3505 179 3993
3506 1153 1408
3507 1790 692
3508 1967 3532
3509 2281 4780
3510 929 7253
3511 2924 6965
3512 857 7101
3513 2062 6140
3514 3198 3746
3515 2926 2901
3516 700 4618
3517 3039 565
3518 2484 7395
3519 2803 9148
3520 1613 3304
3521 252 6470
3522 2288 7024
3523 2388 1993
3524 3292 113
3525 868 1844
3526 2228 9919
3527 2810 7038
3528 2704 5246
3529 441 530
3530 2834 9586
3531 1867 2522
3532 3209 5934
3533 284 2236
3534 2607 634
3535 1159 26
3536 2818 7681
3537 108 6395
3538 2750 1898
3539 1334 2691
3540 293 6236
3541 34 9288
3542 1904 8520
3543 1668 1404
3544 531 2713
3545 1989 1293
3546 3367 4044
3547 577 5736
3548 2284 5345
3549 679 3908
3550 679 570
3551 796 4417
3552 2728 5902
3553 4 1599
3554 1679 2502
3555 2301 6007
3556 613 3298
3557 261 637
3558 740 1057
3559 376 1802
3560 2385 9990
3561 1118 5856
3562 395 2961
3563 3000 9713
3564 3122 7711
3565 79 9366
3566 901 8942
3567 3264 5781
3568 1600 1968
3569 2301 2120
3570 3529 9093
3571 3042 9080
3572 227 6387
3573 771 1279
3574 2186 9881
3575 2734 1514
3576 2640 1058
3577 1150 4606
3578 1034 2297
3579 932 2980
3580 1165 7189
3581 3294 3235
3582 1062 3152
3583 484 1843
3584 3570 1972
3585 2637 2844
3586 1511 9770
3587 1581 9050
3588 1349 8777
3589 1908 6756
3590 1279 4548
3591 1560 7150
3592 2419 8858
3593 1989 2900
3594 2818 4629
3595 426 1161
3596 648 6914
3597 2507 4254
3598 1646 3197
3599 2023 1008
3600 2967 9624
3601 766 2796
3602 2942 8309
3603 670 8054
3604 1424 2720
3605 771 6199
3606 949 8622
3607 3569 150
3608 1524 6191
3609 2100 3226
3610 260 8063
3611 3504 923
3612 2706 7974
3613 2042 5997
3614 3016 1012
3615 3505 5296
3616 2612 5272
3617 2306 7648
3618 228 1765
3619 3062 3638
3620 2952 1025
3621 2661 7696
3622 1606 565
3623 2286 7678
3624 2835 6896
3625 615 8277
3626 354 8009
3627 3562 3832
3628 881 7652
3629 2825 2699
3630 1676 770
3631 844 8210
3632 2864 9330
3633 284 1402
3634 1913 9174
3635 3109 5056
3636 3002 5696
3637 732 7799
3638 2439 7569
3639 950 2363
3640 646 665
3641 3515 7406
3642 1415 6091
3643 3219 7659
3644 2522 275
3645 722 260
3646 730 3562
3647 3496 6035
3648 1181 8016
3649 32 9695
3650 2531 9709
3651 3419 3769
3652 282 8710
3653 1467 6205
3654 416 2763
3655 2175 5424
3656 2794 3423
3657 891 2133
3658 918 7946
3659 327 653
3660 906 9122
3661 846 7106
3662 1275 1004
3663 1424 6569
3664 1139 4143
3665 2654 3192
3666 3324 2784
3667 3637 4579
3668 1710 131
3669 1386 9451
3670 2614 6760
3671 2423 3874
3672 928 3853
3673 133 7666
3674 2333 2344
3675 558 5327
3676 2544 3297
3677 2524 7533
3678 1108 4372
3679 2570 591
3680 1175 5381
3681 1573 7832
3682 522 1815
3683 2029 3665
3684 590 8002
3685 2739 1765
3686 2485 4608
3687 2263 3715
3688 565 226
3689 1924 7014
3690 2650 1301
3691 3001 3605
3692 1607 3799
3693 454 8619
3694 1125 2365
3695 3430 4292
3696 2477 2264
3697 2107 8124
3698 2189 6183
3699 3551 6756
3700 2598 2761
3701 2881 9902
3702 907 7706
3703 2250 4398
3704 1801 4681
3705 2224 9742
3706 271 7181
3707 3304 1697
3708 2865 2534
3709 466 2849
3710 2344 3334
3711 1485 7039
3712 717 9944
3713 3469 281
3714 3416 3606
3715 3517 3636
3716 2124 6343
3717 2424 9560
3718 1986 3963
3719 551 9572
3720 1781 9966
3721 324 3760
3722 2992 44
3723 807 7034
3724 69 8053
3725 1037 3174
3726 2429 247
3727 48 945
3728 646 901
3729 408 2415
3730 3448 1323
3731 3153 4470
3732 1032 6418
3733 3075 7272
3734 156 5990
3735 1926 5944
3736 2380 7785
3737 1013 2189
3738 2934 1876
3739 3185 3923
3740 3670 8296
3741 353 7868
3742 2426 1379
3743 2084 602
3744 620 3053
3745 2729 7225
3746 1211 6532
3747 2513 2219
3748 767 9943
3749 515 6669
3750 1989 8358
3751 3586 7807
3752 2597 5046
3753 1555 5077
3754 3158 2408
3755 799 8201
3756 198 1456
3757 1309 1658
3758 59 8286
3759 3028 4901
3760 371 7466
3761 148 6996
3762 1550 8636
3763 3453 1514
3764 944 339
3765 1290 7473
3766 390 5347
3767 3674 6116
3768 2932 7879
3769 2198 361
3770 1588 9852
3771 3370 4318
3772 3290 8713
3773 3614 2563
3774 3537 7178
3775 639 3803
3776 3042 7826
3777 2552 8644
3778 2477 7113
3779 3278 6392
3780 1922 1129
3781 912 6331
3782 3164 4059
3783 1380 7439
3784 228 6848
3785 1241 4113
3786 760 927
3787 1168 5313
3788 2934 9568
3789 1788 3586
3790 1288 6901
3791 3241 2859
3792 1203 298
3793 3697 8523
3794 1382 4320
3795 157 9110
3796 661 5651
3797 260 6846
3798 670 8589
3799 360 8459
3800 3686 1899
3801 605 1151
3802 1122 616
3803 366 5835
3804 2239 8948
3805 2491 8604
3806 29 5182
3807 3341 5728
3808 631 2864
3809 3758 1923
3810 3004 5239
3811 2865 9651
3812 2026 7104
3813 3062 9741
3814 2100 413
3815 2387 8460
3816 1588 9197
3817 199 1507
3818 2196 5100
3819 327 4794
3820 2984 2106
3821 939 8255
3822 2682 5628
3823 956 1193
3824 2057 710
3825 2280 4694
3826 3623 5370
3827 2341 6944
3828 2483 6235
3829 730 7356
3830 753 6920
3831 329 9147
3832 3570 8532
3833 1321 8238
3834 3359 6954
3835 2616 3786
3836 3351 993
3837 3601 8147
3838 3242 8812
3839 3661 4074
3840 904 7948
3841 1909 658
3842 2186 3973
3843 797 9109
3844 3440 1518
3845 3688 8132
3846 119 162
3847 3056 6951
3848 1788 2873
3849 949 4937
3850 3094 8209
3851 3806 1601
3852 990 1548
3853 2735 7420
3854 2287 1671
3855 947 4116
3856 1382 7287
3857 567 9760
3858 2841 6916
3859 55 1578
3860 2625 9454
3861 299 4239
3862 2922 8183
3863 389 5421
3864 1834 3797
3865 1679 5341
3866 3672 7971
3867 1224 1729
3868 2624 5324
3869 2699 9532
3870 1281 421
3871 2682 2973
3872 2322 8985
3873 1560 4920
3874 142 6496
3875 3609 5566
3876 1732 3153
3877 1991 5016
3878 1372 8441
3879 2080 7912
3880 924 1630
3881 1322 2703
3882 2724 7315
3883 104 6427
3884 3680 2388
3885 490 7727
3886 1272 5628
3887 647 7041
3888 771 1179
3889 3383 7322
3890 2560 2971
3891 2465 9984
3892 1471 8155
3893 314 849
3894 3219 2150
3895 1056 4567
3896 1470 97
3897 53 1629
3898 3296 5626
3899 379 1997
3900 1425 3025
3901 2119 713
3902 2305 5417
3903 1188 3788
3904 3329 885
3905 3127 1610
3906 3499 5671
3907 1684 347
3908 3003 8490
3909 2805 5023
3910 3281 4422
3911 2690 7857
3912 738 967
3913 596 3873
3914 1079 9582
3915 2057 2945
3916 3356 5829
3917 3896 8097
3918 3074 6456
3919 2154 6091
3920 537 1589
3921 424 754
3922 111 6909
3923 724 5595
3924 2014 5327
3925 2967 5959
3926 3066 5969
3927 2274 7755
3928 661 1051
3929 1754 9393
3930 751 1631
3931 144 7263
3932 2580 7778
3933 1160 727
3934 2936 8083
3935 3368 6630
3936 2043 9253
3937 2854 8250
3938 1870 4627
3939 1161 1168
3940 3770 4461
3941 2783 6247
3942 789 2051
3943 1295 4757
3944 3476 6019
3945 3034 9869
3946 347 8651
3947 3605 1474
3948 1160 3137
3949 1448 8164
3950 867 8860
3951 3517 428
3952 2958 4819
3953 96 314
3954 3384 2326
3955 3355 104
3956 774 8974
3957 1406 7025
3958 944 6558
3959 3633 3930
3960 2779 3466
3961 237 1211
3962 3523 8707
3963 1834 7787
3964 1891 8269
3965 2353 261
3966 3064 9086
3967 3395 3379
3968 3391 9277
3969 597 5359
3970 936 6079
3971 3706 18
3972 2659 5924
3973 3038 9530
3974 3491 1361
3975 739 3630
3976 2362 8693
3977 3678 9244
3978 1814 6264
3979 2366 9501
3980 1125 9865
3981 2154 855
3982 1964 7034
3983 2449 8024
3984 1689 715
3985 2370 2740
3986 2026 3508
3987 3304 7158
3988 3434 1888
3989 2892 7003
3990 3809 302
3991 2928 2712
3992 1950 8844
3993 313 2462
3994 1471 9211
3995 3067 3652
3996 2101 5764
3997 2675 290
3998 2634 9826
3999 702 6988
4000 2936 3622
4001 271 6679
4002 3293 8841
4003 1222 6731
4004 2394 8939
4005 2994 2519
4006 3569 6696
4007 3533 4273
4008 2937 3500
4009 478 3097
4010 2219 7380
4011 1553 4381
4012 937 4881
4013 1581 6415
4014 2694 239
4015 222 7449
4016 2638 7072
4017 2181 4996
4018 86 513
4019 3678 8641
4020 1845 78
4021 116 9441
4022 2002 5715
4023 3105 3341
4024 3331 380
4025 3784 9677
4026 3629 5306
4027 2954 2186
4028 3714 7663
4029 2907 7456
4030 2794 2802
4031 290 8769
4032 3517 2721
4033 3976 4944
4034 1332 7157
4035 2579 18
4036 985 2108
4037 3114 6482
4038 3206 9384
4039 2814 3587
4040 2931 1202
4041 2346 7063
4042 3995 1654
4043 2244 8310
4044 766 2280
4045 3722 5719
4046 1611 5878
4047 3578 3650
4048 855 7612
4049 3636 4691
4050 1941 1085
4051 2017 809
4052 1753 2748
4053 2221 514
4054 644 6062
4055 3802 3706
4056 1429 1980
4057 2557 1668
4058 1529 1829
4059 3217 8534
4060 640 677
4061 3182 1965
4062 1341 4632
4063 2533 1568
4064 683 67
4065 3178 1515
4066 3108 8449
4067 3161 1634
4068 259 8201
4069 1896 1806
4070 3757 3637
4071 2719 7135
4072 3736 4792
4073 3874 3399
4074 4021 5975
4075 416 4773
4076 3657 1259
4077 816 1531
4078 652 8552
4079 3416 615
4080 1850 6989
4081 1742 3711
4082 836 1077
4083 3885 1430
4084 2006 1941
4085 2404 5272
4086 3159 10000
4087 1428 2318
4088 768 6699
4089 1891 317
4090 2854 750
4091 1870 4336
4092 1241 8619
4093 3118 9090
4094 3292 8905
4095 1613 8209
4096 2212 4397
4097 3932 4464
4098 1984 3599
4099 3904 4606
4100 365 5003
4101 2897 4514
4102 953 3523
4103 1580 2288
4104 3596 5685
4105 3606 7324
4106 506 626
4107 420 7166
4108 298 856
4109 487 8644
4110 394 6450
4111 1578 8978
4112 3060 8287
4113 1557 3002
4114 355 4867
4115 2338 3057
4116 2970 3904
4117 887 5925
4118 1366 6050
4119 2736 5955
4120 2383 7127
4121 1289 4371
4122 594 5860
4123 2459 759
4124 2558 872
4125 499 283
4126 3243 7662
4127 2050 206
4128 3497 2112
4129 1944 6704
4130 2359 6278
4131 2332 3863
4132 3790 8189
4133 1891 5785
4134 2624 4714
4135 3150 5169
4136 1143 9290
4137 1611 9520
4138 3491 633
4139 1812 718
4140 2118 4691
4141 417 7852
4142 3830 4589
4143 931 1623
4144 4063 3205
4145 3458 2681
4146 63 7702
4147 2990 1972
4148 2577 6475
4149 315 2594
4150 1029 1537
4151 2595 6916
4152 713 6565
4153 1218 4685
4154 36 9364
4155 260 3464
4156 2350 1945
4157 1851 7585
4158 147 6609
4159 1563 2916
4160 854 966
4161 3205 6509
4162 3980 4993
4163 51 8675
4164 1391 9037
4165 3548 3147
4166 2691 192
4167 921 1474
4168 837 8606
4169 2267 4730
4170 2804 6637
4171 1493 2120
4172 2690 6221
4173 3789 1969
4174 2174 4726
4175 1956 3912
4176 3187 5935
4177 582 6539
4178 542 6040
4179 3565 2532
4180 3037 3621
4181 1149 6341
4182 3653 2597
4183 2832 6641
4184 2064 3257
4185 1048 4560
4186 1237 985
4187 916 2216
4188 3952 5373
4189 157 2857
4190 1120 4855
4191 2227 1759
4192 4021 476
4193 3126 4192
4194 1854 8400
4195 1736 3887
4196 3865 9469
4197 2131 4545
4198 2048 7967
4199 3772 59
4200 1828 1422
4201 1953 5743
4202 1842 8169
4203 3159 7751
4204 559 9399
4205 296 442
4206 999 6797
4207 98 3170
4208 2248 1478
4209 2302 9347
4210 3532 1578
4211 1193 7504
4212 196 8295
4213 1121 8259
4214 756 5418
4215 2453 4078
4216 2207 1215
4217 3262 8617
4218 36 555
4219 366 2393
4220 626 5715
4221 3654 3728
4222 3992 9645
4223 2819 7872
4224 2385 9307
4225 3455 4338
4226 778 4394
4227 2122 9273
4228 3709 9237
4229 1872 8944
4230 3696 7224
4231 58 3639
4232 1862 9181
4233 2109 6060
4234 1160 4561
4235 4027 9680
4236 1392 4619
4237 3774 9466
4238 730 7240
4239 1597 758
4240 272 7849
4241 901 7024
4242 2091 5476
4243 4194 811
4244 3320 7882
4245 1747 3037
4246 564 8441
4247 1358 4661
4248 2069 3785
4249 540 8864
4250 3761 8444
4251 2122 3750
4252 4049 6377
4253 841 806
4254 3081 966
4255 993 73
4256 1115 450
4257 3331 36
4258 3051 7603
4259 1173 8652
4260 2001 2918
4261 2974 678
4262 1082 8156
4263 777 8930
4264 2844 2486
4265 934 2715
4266 3414 7764
4267 1198 5156
4268 287 2141
4269 3579 5183
4270 1955 4236
4271 4153 9223
4272 814 5306
4273 139 6595
4274 302 2619
4275 728 3232
4276 2449 6748
4277 1201 9200
4278 1531 9737
4279 1165 8502
4280 2908 7732
4281 3395 3102
4282 4227 3650
4283 1757 4274
4284 3042 8329
4285 1454 7280
4286 3576 2113
4287 932 1326
4288 1534 2604
4289 3964 3471
4290 1091 1703
4291 978 2253
4292 704 2015
4293 864 8821
4294 2911 9458
4295 647 3440
4296 1704 4605
4297 194 2420
4298 2290 7319
4299 3325 8164
4300 59 5136
4301 730 4866
4302 2672 4966
4303 2874 5471
4304 329 6516
4305 3415 3099
4306 1468 9021
4307 2634 7280
4308 536 9579
4309 3895 1231
4310 2790 8163
4311 2738 4067
4312 35 6737
4313 4288 258
4314 3986 3781
4315 627 1179
4316 2785 98
4317 54 5216
4318 969 161
4319 4003 8912
4320 3023 1906
4321 1057 3659
4322 4174 4498
4323 4196 5095
4324 3196 9525
4325 2646 8957
4326 3789 4886
4327 137 447
4328 2267 1066
4329 1755 1717
4330 3171 6679
4331 3579 1683
4332 1022 5632
4333 1662 8125
4334 101 5249
4335 324 3974
4336 3918 272
4337 2107 8998
4338 628 4139
4339 894 1032
4340 1539 3087
4341 1874 8487
4342 4216 7375
4343 1569 5308
4344 3471 2558
4345 2396 2652
4346 3808 208
4347 1801 8923
4348 3100 6213
4349 1175 9016
4350 3690 4105
4351 656 7625
4352 1738 1802
4353 3131 4619
4354 1213 8888
4355 1083 6953
4356 2228 3837
4357 648 1184
4358 2015 322
4359 1261 1512
4360 1541 8405
4361 2143 5168
4362 2429 2378
4363 3899 5358
4364 3865 6952
4365 2483 4878
4366 2640 9481
4367 476 5865
4368 1055 75
4369 422 8003
4370 1141 8570
4371 4162 2464
4372 2594 9282
4373 1007 8578
4374 2727 4443
4375 533 5069
4376 768 5284
4377 2134 6206
4378 3607 7304
4379 3288 9944
4380 2123 7188
4381 3408 3414
4382 4117 5576
4383 2375 9840
4384 782 5845
4385 1612 5873
4386 219 6531
4387 3691 3145
4388 2898 2109
4389 2507 16
4390 2741 1683
4391 3868 879
4392 1022 1190
4393 495 3827
4394 480 7174
4395 2676 2426
4396 2087 4054
4397 392 9325
4398 4365 7774
4399 61 2263
4400 1452 631
4401 4342 9353
4402 1520 1282
4403 1488 1365
4404 36 9180
4405 2898 3222
4406 2438 529
4407 306 1772
4408 3060 8699
4409 2110 1509
4410 3274 7832
4411 2014 1787
4412 157 4284
4413 2556 8431
4414 3635 2648
4415 790 8305
4416 354 1021
4417 3228 9021
4418 3236 1487
4419 352 9677
4420 2557 5193
4421 2407 6615
4422 2425 1711
4423 3779 1619
4424 699 3497
4425 3393 9543
4426 1515 2398
4427 3644 1533
4428 2896 9813
4429 3467 8412
4430 2587 6688
4431 21 5648
4432 1653 1945
4433 576 7605
4434 1710 520
4435 1061 7093
4436 3967 8662
4437 1059 3777
4438 249 1756
4439 394 6641
4440 4410 6691
4441 1118 8272
4442 2082 3138
4443 1428 5359
4444 3948 896
4445 4210 4141
4446 1500 5780
4447 1849 9134
4448 2053 276
4449 3658 4272
4450 1417 8475
4451 2978 7334
4452 3923 5002
4453 1117 3991
4454 3627 3813
4455 1098 1665
4456 3315 2390
4457 2089 9819
4458 2722 1
4459 2139 8733
4460 325 8853
4461 927 8486
4462 2645 1071
4463 3215 5938
4464 1898 9205
4465 3250 481
4466 652 4009
4467 4339 6044
4468 1890 595
4469 3168 4197
4470 2307 4240
4471 4277 9260
4472 2799 298
4473 647 8686
4474 1368 9801
4475 4452 9992
4476 1056 7064
4477 2775 7269
4478 668 5988
4479 1960 3341
4480 3945 7595
4481 1196 8565
4482 4347 7460
4483 3427 418
4484 1503 8103
4485 2503 2513
4486 4337 4534
4487 3744 738
4488 4099 6232
4489 45 8146
4490 4420 8889
4491 258 3616
4492 905 5350
4493 3756 6402
4494 754 4610
4495 1764 7921
4496 1944 59
4497 1063 4222
4498 41 2160
4499 161 29
4500 293 9001
4501 3823 1787
4502 3342 1997
4503 1559 2118
4504 4286 4379
4505 53 153
4506 1699 2245
4507 3326 7955
4508 2212 9512
4509 258 3540
4510 810 3530
4511 276 8973
4512 986 5931
4513 1186 645
4514 431 4467
4515 1089 261
4516 3885 8613
4517 4116 3163
4518 2357 1767
4519 794 1348
4520 4351 8773
4521 766 5339
4522 1791 3859
4523 16 5284
4524 2350 8851
4525 204 7983
4526 210 7018
4527 4443 1070
4528 1562 2575
4529 3206 624
4530 519 6817
4531 3056 483
4532 196 2049
4533 1202 3409
4534 1235 2751
4535 1198 8363
4536 1951 5169
4537 2855 9563
4538 185 2983
4539 2359 9139
4540 3637 9972
4541 2460 1715
4542 2252 4201
4543 2298 8458
4544 3297 9932
4545 2927 6398
4546 4459 3762
4547 994 2062
4548 3706 1055
4549 2950 7094
4550 2767 356
4551 3532 1444
4552 1236 1685
4553 1369 590
4554 1554 7280
4555 2735 4575
4556 1283 389
4557 881 2357
4558 903 1962
4559 3539 431
4560 2227 9076
4561 365 8670
4562 3950 9467
4563 1312 758
4564 1017 1721
4565 3628 2954
4566 314 8376
4567 1559 5684
4568 3758 9331
4569 4371 9934
4570 592 1136
4571 4189 6701
4572 3971 8141
4573 2152 7452
4574 3832 8259
4575 1929 5590
4576 2538 6094
4577 1843 9949
4578 1460 4123
4579 2479 328
4580 1833 3690
4581 2257 528
4582 2602 5866
4583 2628 5706
4584 103 2979
4585 1142 5848
4586 292 5731
4587 4061 9392
4588 940 4935
4589 2766 6449
4590 1340 3459
4591 2305 299
4592 3499 2479
4593 3715 5359
4594 1680 5163
4595 2556 8046
4596 2242 4109
4597 645 8208
4598 4467 5312
4599 3332 1331
4600 766 9405
4601 928 5091
4602 1405 7944
4603 4299 7718
4604 4345 5002
4605 4514 2420
4606 3161 2673
4607 1779 3872
4608 1911 2491
4609 1926 9010
4610 2348 6287
4611 3393 8142
4612 2622 7589
4613 4000 2653
4614 1042 2216
4615 2145 862
4616 3286 7453
4617 3238 6488
4618 813 3600
4619 3216 9616
4620 2842 9762
4621 3367 568
4622 4256 2459
4623 1502 7526
4624 924 2509
4625 488 7506
4626 3460 2756
4627 1397 7888
4628 1634 6031
4629 994 9271
4630 4385 107
4631 3451 3562
4632 926 1824
4633 629 9696
4634 3926 5117
4635 3974 9880
4636 2126 8160
4637 4048 7964
4638 361 3833
4639 1992 1654
4640 4133 7299
4641 3840 4140
4642 930 2974
4643 717 7627
4644 1237 1937
4645 755 3195
4646 3503 5907
4647 3374 8125
4648 2724 4588
4649 2186 4653
4650 1732 6659
4651 3959 9797
4652 2338 701
4653 1467 3496
4654 4528 8997
4655 3004 3336
4656 4514 8700
4657 1887 6490
4658 2560 7990
4659 2572 3669
4660 68 4894
4661 2281 3141
4662 3542 5423
4663 1570 143
4664 3973 3118
4665 759 1980
4666 1160 9631
4667 634 571
4668 1454 7702
4669 255 1790
4670 595 9117
4671 1789 5689
4672 633 6204
4673 2573 7843
4674 2026 9444
4675 3889 3381
4676 1363 4533
4677 851 2180
4678 3229 4976
4679 3172 4290
4680 1999 35
4681 1471 7
4682 2567 5016
4683 1560 1769
4684 1468 369
4685 265 1691
4686 3811 1349
4687 3115 4802
4688 1943 3886
4689 1295 8363
4690 4282 2367
4691 663 6328
4692 926 792
4693 1441 8621
4694 2884 3256
4695 10 8374
4696 1270 7597
4697 3764 3262
4698 3907 1732
4699 1996 5331
4700 4078 6273
4701 1593 5683
4702 3357 2178
4703 3189 5670
4704 700 9076
4705 611 8295
4706 288 1990
4707 1125 6278
4708 3664 6022
4709 2192 1517
4710 2694 8576
4711 605 1586
4712 2369 1756
4713 2098 4935
4714 3399 5696
4715 719 688
4716 205 3891
4717 4584 3575
4718 3873 3921
4719 3832 5233
4720 686 5481
4721 3301 1299
4722 866 3854
4723 3814 7749
4724 1237 7670
4725 6 5705
4726 3960 4415
4727 1690 7668
4728 4298 2374
4729 4164 2713
4730 3045 9173
4731 1570 2482
4732 390 4291
4733 4204 6798
4734 1379 6216
4735 3599 7838
4736 3002 4077
4737 2466 9934
4738 2447 6430
4739 3175 5822
4740 2541 3354
4741 1826 4408
4742 2900 4769
4743 1799 7403
4744 933 3313
4745 4593 8855
4746 3318 379
4747 1648 2301
4748 2010 3537
4749 4510 2421
4750 4108 3080
4751 4484 309
4752 4179 6391
4753 4364 5495
4754 296 4205
4755 810 5472
4756 1466 3598
4757 1539 3597
4758 4611 8294
4759 3721 8541
4760 833 5798
4761 2362 7076
4762 1926 5068
4763 3804 743
4764 32 3775
4765 3602 9526
4766 707 2996
4767 2884 1637
4768 853 5334
4769 776 4758
4770 1879 919
4771 4184 5520
4772 1318 2832
4773 3441 2635
4774 4429 7720
4775 4547 5980
4776 753 6650
4777 2610 5786
4778 1571 5033
4779 2854 561
4780 72 1319
4781 157 7385
4782 2047 740
4783 3783 9267
4784 503 4722
4785 1385 6
4786 274 4850
4787 2215 1214
4788 2937 5439
4789 2259 3989
4790 1579 3566
4791 4666 9732
4792 15 4797
4793 3349 3866
4794 480 6156
4795 4589 8376
4796 2503 8322
4797 757 315
4798 3120 3907
4799 4765 8428
4800 1809 4513
4801 667 6374
4802 928 5384
4803 538 4350
4804 2781 4960
4805 1447 8493
4806 919 5512
4807 1779 1010
4808 707 2136
4809 4381 3855
4810 2358 5966
4811 3017 2694
4812 1333 7471
4813 2312 7736
4814 1074 2514
4815 3461 3951
4816 3618 4030
4817 2481 3714
4818 4480 3197
4819 823 6908
4820 2518 2076
4821 1627 3146
4822 1436 2166
4823 3376 8115
4824 253 2389
4825 4741 4992
4826 2814 5871
4827 4441 4651
4828 1100 7948
4829 1169 4947
4830 3322 5328
4831 4259 8620
4832 602 4339
4833 1182 145
4834 2440 5864
4835 1308 1260
4836 3246 7455
4837 1004 8854
4838 3883 2242
4839 2612 7654
4840 2647 5217
4841 2012 9092
4842 4085 5349
4843 737 3359
4844 2008 5588
4845 1143 2178
4846 2094 8401
4847 2494 8249
4848 2077 4476
4849 1901 6540
4850 462 8773
4851 1305 3220
4852 2055 4283
4853 198 6701
4854 839 2887
4855 332 2028
4856 4330 3162
4857 2009 2953
4858 2944 8128
4859 4229 7254
4860 1007 2911
4861 4605 4095
4862 40 7975
4863 4323 5007
4864 1024 8900
4865 883 5972
4866 1145 9630
4867 1421 1379
4868 4790 8540
4869 4760 6192
4870 796 6759
4871 4575 7750
4872 2976 8804
4873 4627 959
4874 3883 4701
4875 2825 4151
4876 882 4093
4877 4633 1631
4878 3729 4333
4879 1592 8784
4880 2194 4586
4881 4728 8755
4882 3715 462
4883 3837 1742
4884 126 7070
4885 861 353
4886 1251 2266
4887 856 7929
4888 4408 8806
4889 3868 5642
4890 167 7160
4891 3112 8933
4892 2750 5675
4893 4886 9367
4894 4213 8814
4895 4430 4312
4896 3305 6104
4897 4351 9788
4898 2529 7780
4899 2913 8849
4900 3517 5719
4901 1167 1548
4902 587 8947
4903 2680 595
4904 2626 2590
4905 4209 9930
4906 2913 852
4907 20 5984
4908 382 5064
4909 4698 9173
4910 4791 8545
4911 4477 4453
4912 1529 7557
4913 4850 1202
4914 1045 5620
4915 2658 3937
4916 2002 9678
4917 1283 2660
4918 3360 4963
4919 251 3683
4920 4121 7456
4921 2591 6559
4922 638 1648
4923 2380 9395
4924 2794 8090
4925 347 2384
4926 790 9050
4927 2485 3180
4928 2126 4851
4929 1881 5010
4930 721 509
4931 3823 5447
4932 1488 9560
4933 743 1770
4934 2026 5599
4935 4131 2703
4936 3551 9619
4937 4292 1746
4938 3744 4513
4939 3035 4303
4940 4209 9926
4941 2408 5067
4942 3560 5173
4943 4670 1466
4944 1676 2528
4945 2719 3190
4946 2680 4501
4947 4419 7096
4948 4106 2672
4949 4124 1853
4950 4800 1680
4951 4093 2951
4952 3731 6366
4953 1581 7824
4954 462 5014
4955 1365 2425
4956 677 4473
4957 4305 2541
4958 4701 2403
4959 4385 9621
4960 748 5676
4961 231 3581
4962 4883 3444
4963 3649 1775
4964 226 8659
4965 1596 1107
4966 4108 5882
4967 2311 4521
4968 2636 6973
4969 4633 1118
4970 4363 4582
4971 1641 6143
4972 2780 5242
4973 4093 4144
4974 3208 3478
4975 1808 5202
4976 4416 2428
4977 3562 3314
4978 315 6248
4979 4491 1438
4980 2293 8407
4981 4701 5841
4982 2294 3034
4983 3549 3765
4984 3762 4620
4985 1020 2504
4986 3952 4187
4987 2884 6672
4988 2450 3358
4989 8 9932
4990 557 4697
4991 3693 2746
4992 145 3723
4993 2225 4379
4994 2331 138
4995 2884 6201
4996 4524 3271
4997 2090 9811
4998 784 9534
4999 920 5591
5000 3694 1163
5001 3487 3213
5002 3296 4428
5003 3025 742
5004 463 9259
5005 2263 1227
5006 4071 6332
5007 2272 8253
5008 1572 96
5009 4143 8249
5010 3037 8086
5011 4694 3641
5012 4167 1329
5013 1431 4518
5014 1322 2666
5015 1960 1442
5016 9 4134
5017 3692 8716
5018 3215 9951
5019 4301 8480
5020 4197 1969
5021 1924 7884
5022 2076 5194
5023 4139 5875
5024 3761 6636
5025 4064 398
5026 2926 1638
5027 4305 3394
5028 3077 7895
5029 2020 1529
5030 2462 6031
5031 141 7357
5032 4144 6860
5033 4773 120
5034 4907 6120
5035 119 7209
5036 1635 6345
5037 1895 6782
5038 4767 7267
5039 4706 6506
5040 2869 9688
5041 1850 1891
5042 4937 8135
5043 3198 6660
5044 2131 9296
5045 953 139
5046 1759 3719
5047 551 6806
5048 4880 4957
5049 3250 9613
5050 3406 7133
5051 3701 1849
5052 1600 5042
5053 3596 4490
5054 233 3631
5055 2702 4603
5056 4139 4472
5057 1998 2228
5058 1752 1810
5059 271 4091
5060 4722 5289
5061 520 6641
5062 2714 9033
5063 22 5253
5064 4935 7561
5065 2243 9084
5066 3301 9659
5067 3119 1738
5068 2691 8760
5069 707 7542
5070 2451 1635
5071 595 2379
5072 384 8557
5073 1109 5875
5074 4615 1532
5075 1951 5951
5076 413 3851
5077 4856 4475
5078 223 3242
5079 736 9237
5080 598 5193
5081 662 5311
5082 3165 1734
5083 432 3427
5084 2232 1084
5085 2031 9277
5086 3283 1831
5087 3842 1345
5088 159 8196
5089 3804 8841
5090 3685 2536
5091 1391 5858
5092 3440 7422
5093 3577 635
5094 2879 6690
5095 4455 4431
5096 3556 9996
5097 2189 496
5098 4030 6279
5099 3538 454
5100 623 5911
5101 18 6330
5102 2453 3045
5103 4268 5765
5104 2329 935
5105 4374 5434
5106 4781 1449
5107 2984 7761
5108 508 6582
5109 463 9854
5110 899 8485
5111 939 8660
5112 4789 1784
5113 556 5030
5114 2400 9105
5115 3947 9256
5116 3004 5755
5117 1993 1091
5118 3903 6151
5119 1016 3604
5120 4044 7474
5121 422 5164
5122 1181 3990
5123 2084 462
5124 4708 7185
5125 1026 151
5126 3344 2464
5127 2648 6578
5128 1149 1115
5129 1149 6805
5130 167 6509
5131 4663 9195
5132 3814 7998
5133 4047 4370
5134 3119 5656
5135 2175 4677
5136 4951 2812
5137 4823 1410
5138 2162 9131
5139 4120 3809
5140 4073 3533
5141 916 1275
5142 337 2815
5143 4366 3251
5144 3771 6642
5145 5076 5837
5146 2118 5974
5147 3797 7496
5148 1345 4789
5149 3696 304
5150 2666 5058
5151 4640 6417
5152 957 9962
5153 919 3533
5154 1546 2691
5155 4006 2038
5156 3316 4887
5157 2505 5274
5158 580 8988
5159 1722 1498
5160 4947 2406
5161 319 6301
5162 2158 7631
5163 1881 9184
5164 1985 548
5165 4494 283
5166 3388 5723
5167 3595 3634
5168 1715 5163
5169 4843 1583
5170 2949 4594
5171 1059 7214
5172 1689 9589
5173 2079 57
5174 4428 9816
5175 3166 3846
5176 1583 6090
5177 3418 7860
5178 4138 8749
5179 3827 3742
5180 64 7876
5181 1071 5391
5182 5041 9695
5183 1156 8293
5184 1048 6821
5185 1958 7723
5186 524 104
5187 2542 5965
5188 3168 8978
5189 1686 7640
5190 2999 1310
5191 1894 7899
5192 1442 9565
5193 591 1959
5194 1079 4665
5195 2346 8029
5196 1958 8368
5197 1857 620
5198 5180 3062
5199 4537 1474
5200 757 9166
5201 1836 9761
5202 33 9908
5203 1015 3663
5204 1890 4910
5205 4832 1169
5206 4496 3927
5207 4591 3290
5208 2026 5020
5209 1505 4981
5210 831 9869
5211 1932 2844
5212 4511 3756
5213 3014 6634
5214 3740 548
5215 4914 9417
5216 3430 3800
5217 601 5134
5218 4552 1089
5219 3989 7600
5220 4844 122
5221 2499 3239
5222 3194 9714
5223 4834 4296
5224 2734 2296
5225 1204 8708
5226 5144 5626
5227 3684 8323
5228 4322 486
5229 4403 7704
5230 2946 9760
5231 2751 1408
5232 1406 6437
5233 4662 7096
5234 3532 1141
5235 1965 1013
5236 1053 2230
5237 1927 5076
5238 3025 2751
5239 1561 2449
5240 2863 3335
5241 400 1119
5242 4764 8059
5243 2348 2844
5244 4612 9937
5245 4867 2138
5246 1032 2131
5247 4933 3519
5248 3437 595
5249 1315 2310
5250 2029 4504
5251 1435 1780
5252 2096 6839
5253 2708 7896
5254 3415 5024
5255 1994 6430
5256 4863 2238
5257 752 1441
5258 595 8192
5259 2006 5581
5260 1048 2860
5261 3900 906
5262 3179 5406
5263 299 5170
5264 797 7547
5265 1093 2448
5266 3954 860
5267 4485 8963
5268 423 7067
5269 4283 2262
5270 1582 1631
5271 3978 4048
5272 2799 2491
5273 1577 3960
5274 4346 1439
5275 2471 1091
5276 357 5353
5277 3511 1243
5278 1602 7884
5279 5020 6973
5280 589 2018
5281 998 138
5282 4273 2414
5283 2573 8491
5284 1133 5771
5285 4888 6457
5286 3017 9060
5287 4002 2120
5288 5051 7940
5289 2346 1414
5290 4537 6057
5291 13 5531
5292 1940 8869
5293 406 9613
5294 2656 3279
5295 2763 4378
5296 4156 1953
5297 4426 495
5298 995 6411
5299 1707 5482
5300 2820 6455
5301 2780 7003
5302 1823 6889
5303 4935 6532
5304 437 6073
5305 3817 6343
5306 153 6115
5307 3366 2304
5308 944 7310
5309 2303 7586
5310 263 7569
5311 2033 7509
5312 4486 3569
5313 2084 5777
5314 4678 9180
5315 2913 8982
5316 777 5512
5317 1383 2387
5318 871 5329
5319 3207 3292
5320 450 1328
5321 3447 9969
5322 2765 6650
5323 3039 5429
5324 2645 6006
5325 2213 1975
5326 2475 729
5327 4509 3649
5328 149 7116
5329 5274 248
5330 4264 828
5331 3125 3079
5332 3273 3206
5333 3660 107
5334 3879 4042
5335 4269 8212
5336 3452 7353
5337 842 3031
5338 232 2858
5339 1230 3554
5340 4076 1794
5341 169 1517
5342 1740 7382
5343 2976 451
5344 4014 5710
5345 3898 7557
5346 4394 7586
5347 1042 7872
5348 3598 6959
5349 4992 3664
5350 766 5099
5351 3797 5712
5352 4726 1279
5353 3194 280
5354 3295 8790
5355 1434 8441
5356 4814 3564
5357 675 5700
5358 3181 1060
5359 2025 2632
5360 1882 3397
5361 4692 8133
5362 999 59
5363 4537 9520
5364 1838 6300
5365 568 7062
5366 480 2425
5367 3395 8448
5368 694 4386
5369 1519 5940
5370 939 2088
5371 2028 3092
5372 3869 4099
5373 1409 364
5374 2025 9473
5375 3998 2065
5376 419 8391
5377 1321 3370
5378 2004 6510
5379 753 4447
5380 1755 345
5381 5291 4183
5382 5100 6486
5383 665 9721
5384 3031 9129
5385 1802 297
5386 2245 2453
5387 178 5523
5388 2606 2626
5389 2709 4663
5390 466 4643
5391 3732 5054
5392 2926 875
5393 1687 2651
5394 1145 4
5395 3765 3730
5396 1876 9924
5397 3208 5950
5398 1616 8552
5399 3080 1383
5400 5084 6711
5401 515 2723
5402 1034 1455
5403 1730 5493
5404 789 5650
5405 539 2522
5406 5041 4060
5407 820 7549
5408 790 8951
5409 5298 1136
5410 2774 4912
5411 5268 8918
5412 2641 1073
5413 4076 8574
5414 3428 3505
5415 3594 9420
5416 3568 6097
5417 5017 5074
5418 2816 971
5419 1565 5853
5420 1937 8972
5421 3486 9747
5422 1545 9836
5423 1959 8318
5424 5065 6104
5425 308 5827
5426 728 4539
5427 5288 1365
5428 279 5016
5429 701 8268
5430 3393 7798
5431 2717 2716
5432 122 2600
5433 4245 4533
5434 2495 2783
5435 3395 4191
5436 2000 629
5437 2308 5672
5438 1087 9273
5439 581 1833
5440 4919 8402
5441 2826 8946
5442 2575 3900
5443 4165 8643
5444 695 7935
5445 3328 8364
5446 5207 9878
5447 3525 1635
5448 3668 3294
5449 3371 7432
5450 4549 5844
5451 2691 155
5452 2831 9680
5453 5414 8544
5454 3626 2218
5455 2544 8952
5456 3467 1361
5457 3272 9312
5458 4020 5718
5459 38 466
5460 4070 893
5461 3881 3823
5462 4482 4556
5463 3266 9818
5464 4994 9539
5465 805 7600
5466 2941 5607
5467 4833 9983
5468 1588 3991
5469 3803 2020
5470 4292 6721
5471 4244 1264
5472 4142 6257
3067 3923
3723 2748
5023 4418
4335 4188
4655 303
2348 2148
105 4268
3273 3474
5179 1815
2048 4165
4006 3621
3437 3957
236 3837
956 1765
4117 1500
1909 90
3602 1271
2170 1011
4300 3637
778 1187
969 4609
3192 4988
306 1876
4624 4206
744 4348
116 446
4152 5427
1121 4360
373 4643
5405 1194
860 4071
301 1317
2658 1746
932 3894
2170 1376
4608 3771
5456 5085
3879 5418
5063 2083
2588 3292
4182 5076
4025 3177
4751 1134
3586 2693
1347 4148
4816 3238
881 4883
997 2457
213 2388
401 1914
3472 3254
4300 2872
2694 2044
4160 4552
1026 2462
1858 4082
386 3307
2851 1093
5402 5225
2286 1857
3251 5110
4847 5462
5094 2174
138 1669
2915 4684
2766 203
4222 3445
2732 3294
317 5445
276 3493
1765 4691
3900 1451
1484 4681
2146 2824
5384 333
5261 3917
590 4036
1615 3965
5347 3314
4635 3367
2979 4826
1156 283
4872 3177
1664 1261
4948 1019
4515 3308
1230 992
3653 313
4731 3661
46 987
3628 624
2798 669
2478 1313
1669 739
5187 555
4944 4281
3402 1594
4460 3433
631 64
1501 2982
5056 4725
5437 4085
1301 479
2905 3333
80 2339
5122 3407
3814 4950
791 2457
1678 5032
5462 4776
177 4934
4509 1735
2200 3368
3305 2855
2459 1142
4758 3791
225 1257
5045 1673
78 5083
3458 4422
3349 1701
746 3285
4385 4490
2393 597
4987 875
2492 2994
5311 2102
1285 4758
4187 4178
486 4062
3541 858
4998 5052
1132 744
984 4387
4747 2610
2965 5456
3225 4932
2682 1112
419 5389
2394 4936
5164 5087
1143 2634
3590 1972
4071 1092
5150 5409
2750 633
1764 1509
1063 4600
1402 634
829 4737
4207 1729
3590 3233
841 1832
4111 3982
3576 5349
2930 595
1510 4403
4549 268
3193 1608
3533 3205
1246 20
317 5428
1556 4039
4017 1179
1658 268
3664 1640
334 3804
1106 634
5275 5062
751 3807
884 272
4897 1479
759 4382
1955 5406
4320 3923
246 972
4433 4175
4996 4109
4249 1505
121 3816
505 4113
2890 349
5024 1269
1639 1119
471 789
2666 4004
5422 3592
139 1763
531 1402
5219 2107
4200 524
1737 3865
2647 5265
2164 1641
3453 890
1350 2803
1224 2830
4089 1312
103 1091
1986 1937
2063 4214
3933 2340
729 2938
4332 4926
3644 2811
1457 2333
2138 1907
1174 4301
510 3136
965 2400
1777 4330
2807 2262
1443 3330
552 2523
2393 4663
4583 4990
341 491
3823 3172
2032 937
3435 4751
5001 2767
4136 2826
4608 4395
4796 4280
4285 4116
1536 1067
3194 41
819 2487
1476 3827
1114 4554
2789 3402
4755 4140
4820 4719
3180 4508
550 875
4055 664
2380 1231
878 1049
2142 2097
1351 2637
612 3788
91 3349
2116 2041
3366 4683
654 977
3819 702
2551 3743
293 2994
4007 1035
4349 159
4875 2905
3539 3618
3437 4011
1405 2606
2522 2548
2905 501
4812 4937
4421 4127
3263 529
1774 5409
2192 309
2349 3789
2249 1716
3533 3214
3386 4499
974 5129
5334 238
4703 20
1034 2153
4370 1852
5433 422
2096 4913
5053 4093
191 3946
237 5248
2737 2296
308 4574
748 2452
2113 2675
3836 245
4542 709
4442 332
5461 1807
4614 5386
2536 689
818 1839
1986 1071
2537 5394
2549 3211
544 3138
1606 4903
4876 5044
5388 4450
3032 993
662 5066
3008 3300
2040 3067
3930 5469
5322 5365
1106 3144
2135 2591
1492 4146
2355 477
5469 2254
4197 2280
2978 3122
4440 603
4380 3114
2113 3812
4644 131
1798 1223
5203 4675
4027 3584
4429 3266
5081 5442
4821 1792
4066 2346
2920 2127
1018 2592
3876 2836
1650 814
4930 1638
1111 2269
5164 662
4984 4696
239 176
3014 4965
2054 4345
2395 4446
1670 1640
1129 1543
4440 3132
2749 1081
1822 957
2704 5337
4532 5450
2003 3551
756 5424
1827 4007
3316 2186
2691 4468
2174 5138
3829 729
1952 4382
814 5040
2858 2464
3576 499
5402 1737
3130 2865
4467 520
843 2197
129 1521
4832 3091
2808 3098
4478 575
2129 38
3571 962
76 637
363 2338
5330 1982
4725 4300
712 1911
4981 3684
3487 5448
1277 836
2711 4852
717 2720
3606 1795
3143 1616
3385 945
907 1873
2747 4028
667 834
4435 4860
4928 3576
2204 4853
3335 3547
20 646
2341 197
5160 193
5169 1309
3068 1717
1798 5117
319 1896
1774 2706
1193 3059
2757 5308
3515 3284
3945 1388
1503 2056
73 2585
4187 74
4253 1018
785 135
4404 5332
1152 2611
4224 2647
3946 2382
5440 2820
1168 153
4360 1081
2453 93
3337 2796
4292 2785
779 5131
1671 4673
1302 1879
2665 4341
1744 1136
3124 1080
1913 1633
1090 3519
5430 3662
1758 3371
3864 3937
4713 2498
4299 4514
401 4459
3723 261
3787 789
3482 135
2768 3081
543 4106
4056 863
3375 5136
1825 3045
3293 1055
4506 1706
4112 1672
4523 1492
375 1236
4029 3463
2565 1607
275 5301
4164 1045
3788 4796
1424 1364
1621 3766
2151 2362
1507 4279
171 2816
5390 5337
1170 1048
2386 2954
4399 4820
4100 933
1668 840
4569 4797
1431 175
4942 594
492 2152
3586 3824
2548 1194
1634 2931
5199 340
2005 2593
873 4215
1593 1062
3727 563
1946 1086
3702 3516
1148 1761
1007 332
1165 5385
3545 2434
2113 1801
2442 5205
546 5409
565 4391
4020 4489
4287 1137
594 4597
2726 1534
3936 1957
4846 3815
2830 1394
3777 5197
5238 4303
5294 1452
3469 705
698 1593
982 1873
2925 4482
2820 4459
4896 4055
2213 2534
4702 4334
4305 879
1474 4609
214 2122
2561 3888
1067 871
392 2497
3042 2253
1167 1351
1199 3649
1086 3917
2105 4816
4924 4566
499 1235
2739 3008
624 323
2454 603
4785 2669
35 275
3098 2584
3502 3442
494 3115
4548 1103
3437 5008
5406 5375
2910 1510
4096 3810
1531 2440
1455 1756
4958 1513
3135 3504
2954 3684
430 3615
1260 4066
1094 2737
3210 5
1976 3050
3153 1612
1970 2979
4235 2415
5425 3329
1818 2973
3541 1105
1539 3261
4692 1893
22 1645
2529 3813
2347 760
2755 3781
1110 1472
158 4582
3046 4166
4995 4281
4239 1185
5248 2053
5447 1870
1738 225
1013 5134
899 5027
408 5309
4865 3514
1412 1477
4741 4441
2094 512
1377 1962
388 3121
4193 4069
5254 2384
5180 1766
4678 2308
5394 3587
541 2103
72 1952
2842 665
4715 4782
1570 3562
209 2439
2103 2152
2563 268
765 2681
810 797
2806 391
4716 4977
2962 3480
4269 1288
2719 904
2116 47
2018 2010
1662 1107
1253 5250
3609 4838
4535 2373
4031 1308
342 4770
2045 3590
3406 3044
532 441
329 1994
2144 3491
3506 241
4947 272
3374 4784
1872 1101
3051 3587
5082 3062
2024 499
1559 735
1928 5008
548 1622
1039 1147
1928 4530
418 757
3460 2580
2294 1229
1595 2536
3078 1691
2144 3802
4074 4983
2118 686
2916 1234
1051 4471
617 4093
4540 3215
4629 1553
431 5261
4597 4892
5461 3558
1644 2373
2030 3258
18 2138
1960 807
3343 3908
3169 1828
4871 2171
4249 3857
758 4975
2377 4484
756 2502
3503 5350
2623 4337
1335 4946
1114 2335
4205 2620
3645 1885
3106 3259
3417 61
3838 5421
739 5355
5093 854
4283 1413
3495 113
1599 1083
1905 5447
1624 861
3951 1240
1701 4265
3061 4406
5200 2554
2215 1957
3291 3144
426 143
485 3559
4930 1693
5267 2014
1129 1890
4628 2976
