50 10
0.7808 4.7729 1.4670 1.8048 -2.2845 -1.3630 -1.8487 2.3159 -2.7702 -2.7562
3.4121 2.4240 -0.1392 -2.2305 -4.3175 -3.4312 1.0020 0.9858 3.4039 -0.6725
0.3417 0.7935 -2.8668 4.6731 -2.8601 -3.9153 -4.9434 -3.7968 4.7542 -0.8342
-4.6528 2.7365 -2.8096 0.3121 -1.3841 -2.6043 -4.0686 -4.7807 0.9411 0.2412
0.0911 3.5638 -3.6933 0.3618 4.1926 1.5502 -4.3005 -3.1227 -0.9984 3.9673
1.9613 -1.3364 -0.6640 1.0476 -0.4590 -2.2283 1.6308 2.0547 -0.2541 3.7258
-0.2498 -3.5508 4.4304 -2.3733 -4.1371 1.8011 -1.4492 -2.9942 4.1205 -1.2624
1.5047 -0.2517 -1.1486 2.4992 2.0117 2.4404 0.5303 -3.3133 4.7416 2.5424
-3.3574 -0.8966 -2.0716 -0.2497 -2.2385 -3.9808 -4.6424 2.6253 -3.8824 0.2785
4.9176 -4.1539 2.2969 0.6220 2.4341 2.6352 4.5860 1.9982 -2.5179 0.2888
-4.6732 -1.2447 -3.7779 -4.5322 -4.4736 1.5197 1.7226 2.5829 -2.2178 -1.1876
1.7455 1.2994 3.8978 -1.6022 0.9172 -3.6889 4.2994 3.6239 3.1244 1.6630
-0.5794 3.6288 0.4217 0.8676 1.2163 -0.9354 1.1681 -2.7261 4.5108 -3.9661
-2.1049 -3.1142 -1.3331 -0.1241 -3.3486 1.5560 -2.8271 -4.4161 -1.0381 3.9509
0.3002 -0.8074 4.0057 -4.0233 -4.2729 -0.8600 -3.8033 -0.9909 -4.7264 -4.7389
-2.5164 -1.2038 2.2306 -0.1050 1.0711 -0.0694 0.7748 3.1565 3.2437 -3.1301
1.6020 -0.7020 -1.5717 -3.2591 2.2572 2.8612 -0.5457 -4.0786 -3.4725 -4.3423
-2.7697 -2.6301 -0.8878 -2.0488 -0.6538 3.9944 -3.7784 3.3300 1.3622 0.0512
3.0653 -4.0273 1.8820 -2.2335 4.4206 2.8029 2.8681 -1.3519 -3.8082 -2.8982
-2.9286 -2.8762 -4.6641 4.7158 4.8817 -1.5785 -3.6659 4.5811 3.1710 0.9694
4.1634 0.1645 -3.5637 -2.7733 -3.4719 -1.8416 -3.2935 0.9786 -4.3419 3.7695
4.7451 1.4385 2.3211 -0.2711 0.9340 0.7083 0.7765 -3.4049 -2.1799 -4.3932
2.3817 -0.8091 -3.9647 -1.5878 -4.0970 3.2827 1.4538 -2.4767 0.9375 0.6188
-1.9967 3.1261 2.9098 -4.4360 -3.6274 0.6551 -0.6959 0.8539 4.6235 2.7207
0.1333 -3.7249 4.0768 -3.4202 -4.1099 -1.9824 1.8586 4.9381 -4.5081 1.2867
2.2446 0.6880 -2.9298 2.3537 0.4343 2.1806 -3.3160 -3.9043 -0.6562 4.7348
-0.7827 1.1772 1.8931 4.2805 1.4782 -3.1321 -3.9249 -3.4136 -0.5443 1.0017
-0.1911 0.4666 2.2840 -0.4972 -1.9002 0.2818 1.4063 1.1518 4.8006 -1.2863
-3.4432 1.6261 0.2235 -2.3662 -1.2949 2.8068 -0.5013 0.0393 3.8925 -3.9887
0.3666 -4.4341 -1.9280 3.7043 2.9662 3.5764 -1.4959 -4.3479 -1.1898 3.8687
3.4935 3.1995 -4.2278 -0.9025 1.3934 3.0671 0.2331 3.1943 -3.7646 -1.7327
3.2347 -3.1977 -3.4448 -3.2737 -2.7698 -3.3332 -2.2126 2.5067 -4.6845 4.2875
2.9743 -0.3334 0.9808 -2.7900 -0.2540 2.4983 2.6589 1.7079 4.1140 -0.0750
-1.0435 -1.8982 -3.4287 3.3290 -3.5530 2.7704 2.2040 -0.9593 1.8479 -1.0683
-3.5889 -1.0848 -2.2654 1.2664 1.4635 -4.1653 -2.8347 4.0108 0.4024 1.4046
-4.4513 2.4886 4.2253 0.0751 1.3597 -1.6913 2.4455 -3.0564 -2.3658 -4.5417
2.4046 0.9504 2.8623 -3.7511 3.5232 -4.0039 -1.3199 1.8115 -0.2032 -4.8729
0.3765 -0.6150 0.1227 2.8093 3.7244 2.8343 3.5644 -4.1054 0.9007 -1.6406
2.4786 2.6026 3.7679 -3.3630 -2.7113 2.7522 -1.6378 3.2047 4.0843 -3.6746
1.4649 4.8978 -3.4670 1.4346 -1.8784 -4.6767 -4.3675 -1.3880 2.3676 2.0732
-3.0992 3.3192 -1.1945 4.2830 4.0832 3.1290 0.9237 -4.4279 0.8605 0.5811
2.1638 -0.6696 -2.2552 -3.0881 -2.4620 -4.9188 -0.4847 -2.0947 1.0704 -0.2550
3.5109 3.1952 2.0086 -4.9878 3.4260 -4.8384 -1.2371 -0.8803 -3.9307 -0.5631
-2.9482 -0.8720 0.4219 1.1400 2.4605 3.0215 4.6053 4.0596 3.4576 -2.0762
-0.0985 1.7393 -4.4898 -2.3514 -2.2814 -4.0979 3.2844 -2.8014 -0.0826 4.4281
2.6721 3.4023 4.3343 1.2176 3.2754 -2.8095 -2.7353 -4.7726 -3.5225 4.1456
2.5732 -2.3008 -0.0792 -2.0953 -3.9101 -2.9793 -0.3295 1.3022 -3.3106 1.0123
0.9165 -4.1415 2.6111 -2.3230 -1.2495 4.8369 -3.2088 0.9221 2.8986 -3.7362
-1.4063 -4.7437 -4.3157 0.3664 3.6366 -4.3061 2.4687 1.0511 3.1750 -2.5768
4.3441 0.2993 -3.8237 0.3129 -3.6454 4.0934 -1.2693 -4.8921 1.0654 4.0706
2 7 4 9 1 5 7 4 0 1 6 1 8 9 1 7 0 9 1 0 7 2 5 4 2 5 0 9 6 7 7 2 7 6 4 5 9 0 4 1 3 9 5 7 6 0 4 4 3 8