13 17
3 -5 -5 8 4 3 0 0 7 0 -5 0 0 10 8 0 2
-5 0 2 1 0 12 0 -5 -5 5 0 0 7 0 3 5 0
0 10 0 0 0 9 0 2 7 -5 11 0 15 0 15 0 5
-5 1 0 -5 0 0 15 7 2 -5 4 0 0 0 0 11 0
10 0 11 8 2 0 0 10 7 6 7 15 0 0 -5 0 9
-5 0 0 2 0 -5 14 0 -5 0 13 6 1 12 0 3 10
0 -5 0 8 -5 15 0 8 -5 14 8 0 0 15 8 -5 6
4 0 0 0 0 0 3 0 8 0 -5 -5 9 12 0 7 0
0 15 0 9 0 0 -5 11 13 0 1 0 0 0 13 0 11
1 6 9 11 10 10 0 0 8 0 0 7 -5 1 0 0 1
0 3 -5 13 11 0 0 -5 15 0 10 2 6 9 0 0 0
-5 0 4 -5 0 0 12 0 0 7 5 6 0 0 -5 0 -5
0 0 11 -5 0 0 0 3 1 8 6 10 3 -5 0 9 6
