41 38 15 15
108 787 688 823 -706 -338 161 28 -464 675 125 -564 502 -100 674 -364 -249 257 -387 -165 -335 509 497 -589 -40 -133 763 414 820 -30 854 2 -435 352 -20 477 400 470
92 94 104 228 383 -405 -451 -760 -280 -873 -609 413 -236 -496 -395 -647 -27 -878 685 783 802 -237 -564 262 -91 602 -697 287 -63 472 -813 -862 183 585 111 649 355 -612
285 -795 791 -75 -20 795 -727 -719 -832 -834 286 140 -861 512 699 878 177 832 -239 328 -328 688 92 -30 340 -234 439 421 -244 448 566 86 736 -36 -243 506 727 -839
207 -436 795 651 682 233 -559 851 -840 625 -197 -497 -343 275 799 246 366 707 0 -811 -569 264 -805 87 714 356 -802 451 -211 366 222 -633 -353 -594 -729 568 357 -338
795 522 -252 -196 -12 -384 134 584 178 891 -368 -338 454 -791 -45 380 -807 -759 -178 885 242 61 678 -627 -644 -101 264 699 339 126 -489 116 -96 691 886 -187 -127 -382
48 190 880 150 -794 -290 47 -85 -844 661 245 -254 -629 128 -370 368 311 -223 867 546 -250 34 494 301 -235 -451 -312 -312 156 297 -357 -388 -160 347 201 -729 -116 272
889 326 -763 731 -743 174 516 -98 79 -524 -358 -136 413 -723 559 -399 -590 110 523 -444 490 228 -324 563 530 514 -617 535 833 -597 223 -462 -22 793 561 -132 507 746
380 30 -9 -169 -711 728 877 64 -759 -681 633 -854 683 -487 369 742 490 463 -65 -170 -681 177 -367 -694 386 524 860 152 -547 -190 -80 -376 -311 871 -308 -97 -698 706
144 76 -830 595 475 803 865 -711 768 -163 -465 -355 83 -762 -359 511 570 -793 354 583 621 274 837 -587 -9 511 -24 690 -94 -365 100 -544 -657 -742 873 173 43 -518
232 -554 266 -535 409 129 424 857 217 163 30 839 -389 873 268 -54 -199 133 717 227 -285 -824 -21 -289 833 -310 641 854 595 -561 599 473 -279 -324 -716 44 -686 845
-863 117 -774 156 -210 -544 97 462 94 149 -521 787 -361 289 120 865 -122 -219 857 133 470 -653 845 -506 639 867 616 765 851 809 488 165 -317 -109 -407 249 -419 541
-428 -657 235 611 -60 -459 196 876 712 -156 719 401 615 -423 -549 284 279 483 -562 631 4 533 617 596 496 -549 164 -374 -557 -427 -195 -122 496 686 750 197 -151 -25
690 -256 672 -701 -682 -480 -89 73 64 201 -88 137 859 31 16 356 -146 -753 -566 175 -58 -821 -429 674 832 -827 -510 546 -193 -537 652 514 212 433 842 726 -699 668
361 -872 122 594 795 -676 -459 470 128 -889 854 44 -36 -327 820 -328 -329 615 -708 815 -793 511 -715 -504 315 319 -441 -739 -723 -175 -56 836 -346 -61 -233 -115 -31 -270
-467 707 -172 111 99 101 -402 85 -870 -621 -234 131 -265 469 -153 233 -74 -16 -376 517 159 -502 -853 587 -835 105 -315 617 809 -788 -368 679 -290 137 -564 -116 -357 823
-632 187 828 -805 -368 -408 789 648 870 -550 -49 165 527 544 808 879 82 69 91 -633 -616 -173 -418 626 -761 898 872 -532 -469 -771 -385 -212 417 -33 -410 758 648 650
-416 253 397 67 678 209 379 85 518 -459 -668 634 -176 -622 -275 598 -280 793 -469 -634 -476 -61 244 460 -65 191 -342 392 301 -259 633 638 -744 536 683 -92 19 -445
-674 -585 -224 -365 177 608 -390 501 -610 -514 61 -187 288 -866 847 -248 -457 707 510 -831 -381 -190 -347 770 3 -468 -473 257 727 -326 55 391 390 614 741 30 80 -195
331 -84 455 687 100 228 -313 15 677 -636 -383 522 179 -431 781 -562 -312 758 -450 377 -859 849 -473 855 -338 579 71 23 -609 206 -801 766 768 877 -149 247 26 -236
-463 -513 489 351 670 -385 130 -89 615 -882 611 330 778 -577 669 -628 139 239 249 -696 615 849 -565 -523 867 -541 614 638 768 127 -201 114 -269 892 -146 405 -158 -822
200 -284 -339 758 -113 855 760 -604 -800 -420 -470 851 -874 -409 223 458 -3 891 703 -821 889 888 -619 -509 -833 -132 -477 -117 274 321 396 -499 -608 516 -72 553 600 3
613 -816 -805 622 -372 -625 285 -736 281 -678 -223 484 357 -86 857 75 -491 -788 553 -167 -577 624 175 -217 439 -368 647 201 273 -707 882 329 -795 417 -513 588 839 -700
-861 654 -429 -197 387 -634 107 -100 342 -53 175 -619 446 -192 -862 -56 401 -270 838 -609 -764 837 -479 397 -141 853 890 811 418 -71 -551 -818 533 530 -102 548 631 -879
745 -360 -181 -786 519 -158 115 -763 386 -117 607 -768 820 594 -104 -865 510 320 331 -621 570 -697 -548 761 -484 681 -35 -292 64 -312 -473 290 -27 727 657 119 512 -158
424 -153 89 -677 -6 734 651 611 -315 -848 716 -694 93 -876 59 813 -25 648 -701 -16 342 217 -613 -792 185 765 519 709 -99 -670 579 -591 283 779 -9 143 312 -597
-417 -254 -845 -147 -678 -853 -561 560 -167 335 -273 -375 50 -579 -128 507 656 234 521 -230 23 759 653 -124 365 -368 -269 446 480 -421 449 -752 434 -778 -574 251 282 -241
-213 821 -451 317 483 475 892 35 79 881 -565 873 -347 -203 499 315 -304 -108 191 893 15 418 -560 284 -821 247 -54 452 -145 339 398 760 701 92 374 -65 475 773
508 -673 244 -857 -399 593 220 852 472 -730 -810 837 285 -161 -299 208 745 -864 -179 -437 -798 -843 -615 328 855 539 779 786 277 -591 -18 842 -593 103 546 -842 -682 152
870 786 803 542 -779 -388 896 -601 708 599 -80 664 585 328 -610 -188 -64 394 -45 710 -473 -90 672 -809 133 61 71 -738 137 -534 -709 107 853 -336 649 -832 -433 213
332 -661 737 378 386 -900 394 -426 848 264 -342 403 -873 -830 -81 -692 -305 -450 -750 -707 -790 -586 336 -148 588 517 705 387 525 721 -842 442 -872 618 -612 -529 215 -232
185 634 -468 -439 -769 330 490 -154 -136 443 260 -88 -247 290 -460 80 -29 524 -570 801 676 683 271 -89 -552 433 -715 587 200 -316 -642 -686 -887 483 -405 712 33 -730
-574 -346 726 -29 418 -486 -188 -152 33 480 -644 659 26 -369 -429 652 661 573 855 253 695 28 869 406 -617 -484 -404 -445 -646 -718 -97 223 -590 -294 -124 -533 -659 252
688 377 -502 67 -843 -226 329 -322 425 -345 669 -499 871 -170 171 69 509 807 464 430 -573 -674 -708 673 -607 -247 693 249 3 501 -467 -876 -71 764 -808 -197 167 -358
833 -486 636 390 -103 -680 626 106 291 246 317 810 739 -811 -231 892 833 -391 -669 31 771 -637 614 -53 -851 -282 734 -281 -403 -423 742 -785 797 -558 -494 -424 -604 -309
398 250 -770 -499 -295 -133 -48 296 756 -603 525 -29 -165 -27 864 237 534 242 -312 -230 773 472 -743 871 -646 -745 -336 -397 443 -556 737 784 -221 -58 530 792 -689 709
-254 -868 -270 -153 772 342 426 -592 -501 -438 307 413 -120 -404 750 -419 84 126 42 -432 675 -272 365 388 98 -658 738 -282 -417 -393 625 612 -690 -260 -188 767 880 195
-150 -47 -441 703 859 374 150 -8 -399 -254 -443 831 327 4 555 799 -112 -359 -459 560 218 322 -891 659 -64 -725 253 -565 -273 68 -537 -498 657 -870 290 -466 794 62
-625 -761 369 -326 47 302 723 402 380 -733 -480 -320 -805 -718 515 759 69 -832 -789 507 90 199 606 201 5 -47 -45 628 293 556 100 564 385 154 866 -189 472 644
244 -717 -165 -219 21 54 802 695 781 -609 -40 318 657 744 -361 227 634 -598 -500 -723 108 261 -574 839 -826 287 -329 286 -645 -667 -441 111 501 -223 669 139 -438 -590
375 261 -781 696 389 -273 315 303 273 433 -264 58 -304 23 -734 195 -355 -393 -454 813 -750 6 -742 290 -249 -81 -850 114 -328 -226 -163 15 605 -211 440 730 -300 -268
-772 -543 -877 -321 473 269 -864 -887 -521 -448 -240 381 -734 -606 -554 -230 -249 760 -624 696 -180 -460 -718 -196 -736 647 512 -5 763 585 756 -567 233 850 -37 295 -290 824
-6 106 69 -79 -182 -35 -94 -47 -15 77 31 90 187 -64 -28
-151 30 -85 126 -185 -61 -89 -68 109 108 124 -90 125 -194 -173
-2 -124 27 -80 145 151 57 -64 -200 -140 171 130 112 -43 177
12 88 -21 -74 13 23 -128 30 119 14 94 -148 -68 -199 -197
-3 -39 -174 152 76 -80 54 -40 60 165 -130 24 168 -5 100
25 138 -194 -124 -18 -180 -129 -106 -36 -52 25 71 70 128 -17
-129 186 -129 119 -15 -200 116 -85 175 123 5 -99 67 115 178
153 79 -91 -137 16 134 118 192 -174 143 -118 -47 -149 107 116
144 -68 175 -144 -124 -38 98 -34 160 2 -80 -51 149 181 -73
65 80 -190 -15 -54 135 29 -79 -28 -23 19 -153 -135 195 9
80 2 -53 -15 -67 -148 99 113 91 -191 168 197 -184 -59 -199
157 -131 148 89 -66 -29 -115 18 -166 117 67 15 -22 -192 -46
143 171 154 22 -36 0 -51 -156 -71 -48 119 -2 -139 -77 -58
-69 -162 167 132 -30 90 -111 197 -30 199 -165 -105 125 -109 -86
133 -171 -162 116 107 -150 120 166 142 -35 -124 110 -20 -96 -196