100 1000 10
0 1 956
0 2 658
1 3 730
1 4 279
0 5 697
5 6 633
0 7 157
5 8 180
2 9 537
4 10 628
2 11 804
6 12 731
11 13 886
0 14 664
13 15 272
12 16 811
11 17 18
0 18 272
4 19 237
15 20 470
4 21 741
16 22 384
17 23 415
3 24 646
10 25 926
2 26 282
21 27 868
5 28 13
7 29 147
17 30 469
26 31 197
23 32 194
8 33 809
27 34 319
28 35 994
4 36 99
2 37 855
3 38 749
21 39 611
11 40 91
33 41 319
29 42 782
32 43 625
30 44 700
33 45 101
4 46 562
22 47 526
10 48 82
1 49 645
40 50 128
3 51 251
1 52 737
26 53 557
33 54 223
1 55 618
21 56 592
12 57 830
5 58 103
55 59 711
10 60 297
57 61 665
1 62 359
29 63 312
23 64 395
41 65 679
43 66 469
57 67 521
38 68 817
63 69 943
9 70 54
7 71 927
69 72 690
31 73 957
69 74 300
12 75 964
46 76 873
62 77 181
27 78 478
37 79 66
8 80 998
63 81 595
48 82 743
56 83 678
56 84 628
28 85 930
0 86 618
49 87 538
32 88 36
17 89 315
0 90 609
32 91 826
61 92 297
35 93 817
29 94 450
51 95 641
59 96 915
95 97 938
78 98 571
71 99 888
39 83 501
62 33 650
85 78 362
15 91 648
49 76 630
32 83 32
73 25 494
17 2 779
89 24 805
57 1 35
22 30 669
12 58 651
73 37 49
5 79 160
47 3 966
77 35 669
67 68 735
72 93 449
92 83 626
2 48 608
61 2 302
63 62 520
79 98 568
50 27 713
93 67 521
49 4 466
82 55 154
56 87 735
69 17 249
88 23 495
89 71 413
67 7 308
16 25 681
6 66 75
32 11 771
52 34 996
82 52 453
28 96 925
30 73 946
73 81 101
78 51 500
65 25 987
88 0 125
46 96 642
95 76 398
77 15 713
50 84 11
13 80 154
98 45 194
90 55 671
60 50 236
20 72 362
61 33 227
25 78 973
48 25 879
32 21 662
59 76 363
68 19 544
80 72 974
53 39 45
23 16 684
57 25 803
78 43 975
55 21 938
98 63 690
73 72 670
52 75 880
0 99 179
47 20 405
46 95 90
97 51 125
11 83 837
64 17 373
86 87 332
10 72 464
96 34 151
53 74 417
94 85 857
93 16 972
28 87 102
70 72 798
7 31 555
20 36 961
21 98 342
62 71 235
75 65 213
75 96 393
59 58 301
42 22 553
37 96 685
36 53 929
30 55 272
62 40 711
34 68 315
51 4 744
40 1 494
66 31 455
21 42 907
41 77 184
43 40 543
58 17 682
99 98 400
10 28 46
12 39 625
51 58 459
15 53 199
34 69 604
82 27 923
66 38 802
44 11 109
98 42 397
80 94 8
89 14 974
7 81 894
69 45 380
47 8 725
17 59 237
4 77 930
98 36 873
59 20 798
57 58 876
11 97 952
25 92 860
49 68 819
66 34 196
53 61 957
95 75 372
95 36 130
46 18 381
99 93 480
9 43 714
82 8 238
92 12 179
0 4 338
45 60 982
53 41 278
21 0 890
30 36 319
34 10 568
33 66 640
22 98 250
71 83 683
2 83 417
80 28 143
9 24 871
68 91 218
35 70 667
82 49 776
46 82 534
38 41 118
99 39 907
90 99 63
13 16 940
98 34 424
89 65 92
70 21 417
31 17 420
5 18 571
12 27 2
5 10 596
3 71 480
82 67 485
74 10 978
21 16 556
56 25 984
40 52 501
32 50 461
84 29 566
52 15 217
24 11 729
48 17 909
18 12 286
26 22 110
1 27 304
83 90 325
74 55 307
81 20 762
63 35 330
88 52 541
68 33 422
87 91 654
31 92 492
26 38 603
39 45 228
96 5 866
40 95 424
62 14 822
26 94 245
56 52 471
86 13 965
80 65 851
83 48 662
58 15 37
70 90 201
50 9 197
92 33 870
70 29 691
24 58 856
31 87 596
17 20 348
99 11 349
69 82 988
85 4 804
28 33 30
24 20 648
89 94 915
24 10 951
10 82 758
75 41 240
14 36 371
8 37 190
14 3 543
41 83 355
13 68 129
13 49 53
75 32 640
53 43 195
3 63 678
68 65 64
15 7 757
71 57 355
74 80 712
88 87 371
53 32 348
5 34 574
22 3 138
72 84 878
13 39 359
97 22 359
34 57 451
64 78 141
86 53 520
6 20 631
98 46 530
19 31 46
45 95 62
73 80 982
71 67 51
72 9 742
66 90 563
31 93 636
93 98 460
35 46 168
64 82 652
85 35 994
28 8 174
5 73 518
35 8 290
84 92 365
24 6 140
92 72 641
47 55 197
39 63 649
81 48 244
33 96 40
19 81 201
9 75 423
47 52 926
42 83 93
59 66 986
92 75 901
35 78 73
84 63 247
64 11 64
54 3 826
61 69 5
63 47 178
99 56 153
16 61 742
48 3 947
63 13 708
27 60 620
76 8 756
21 8 171
16 83 271
41 32 194
57 45 135
39 55 675
98 81 297
21 40 693
52 71 562
31 65 402
83 61 801
86 40 951
77 59 550
65 42 160
78 82 605
30 43 49
0 97 701
28 58 772
75 84 249
11 62 248
81 96 955
45 38 392
87 95 511
75 31 511
43 74 925
15 64 28
68 30 531
23 8 153
23 34 709
32 46 469
82 62 436
45 56 229
18 94 304
44 49 463
19 62 383
36 84 717
54 87 330
96 56 286
38 99 620
55 97 846
27 16 958
48 18 818
4 48 249
50 62 757
30 45 548
83 62 474
0 13 56
68 10 165
92 69 481
45 7 826
9 14 871
38 62 164
99 32 87
68 48 903
63 46 906
2 78 139
22 24 31
64 0 521
39 35 25
36 90 394
98 3 102
60 53 22
72 26 291
3 86 922
34 32 650
55 75 473
23 41 991
33 67 264
51 62 247
25 53 242
97 49 591
62 93 896
71 50 895
66 18 58
99 35 733
12 28 485
3 9 632
33 23 156
83 85 320
20 35 557
67 59 178
17 29 521
69 10 544
54 51 394
26 23 585
20 92 941
24 76 13
8 42 289
69 55 622
25 58 785
37 9 501
96 21 524
94 40 106
25 88 844
19 29 346
18 67 603
65 34 658
49 37 933
54 49 756
7 42 217
90 20 714
94 96 211
81 99 411
76 0 725
36 1 897
95 47 607
97 90 68
0 89 937
17 46 583
87 0 982
26 6 831
0 42 197
48 8 720
67 12 882
58 7 972
20 85 405
74 72 157
22 70 238
94 72 879
12 87 833
48 12 837
71 17 677
32 37 964
4 7 112
18 51 938
56 85 173
90 8 857
9 76 435
77 43 152
7 1 167
76 94 402
33 64 781
89 87 477
14 2 638
14 34 723
21 91 444
63 94 77
31 14 690
88 51 842
9 28 384
2 33 473
36 63 277
30 62 26
27 51 31
40 22 593
74 94 143
0 73 131
67 2 514
63 28 681
34 90 744
84 60 850
65 62 361
32 96 518
28 93 750
8 0 936
56 36 315
73 19 756
79 58 557
32 13 159
93 75 635
23 62 578
6 10 880
69 43 871
48 24 863
70 98 468
17 55 201
32 71 522
56 48 245
30 21 323
21 45 812
31 18 132
41 31 480
23 49 493
9 1 678
24 81 467
35 41 115
47 90 283
45 91 649
77 3 307
33 88 358
41 72 508
88 14 875
99 75 586
74 21 575
51 5 851
64 10 45
69 24 916
49 50 420
99 28 114
84 26 916
29 2 290
52 99 706
21 52 844
40 12 753
3 13 103
57 93 520
83 63 443
34 95 458
2 23 440
25 80 858
93 81 988
30 52 266
8 91 975
94 93 689
49 28 20
5 89 231
91 34 846
99 5 261
70 19 898
24 87 618
27 44 160
90 31 816
83 49 23
18 13 481
5 43 721
25 37 400
52 80 275
76 34 49
89 80 747
44 35 792
16 56 886
63 2 375
70 88 492
85 84 629
3 97 613
1 21 498
73 71 709
8 22 554
26 97 378
86 65 523
92 96 372
11 94 194
56 46 843
6 70 581
7 2 364
3 89 65
53 66 892
67 89 326
38 64 606
64 92 876
48 75 89
81 82 129
77 9 235
45 82 209
50 26 533
40 66 641
27 64 446
13 9 196
53 19 616
7 30 124
30 15 169
85 79 38
3 69 467
62 48 601
13 43 842
80 29 386
70 13 417
11 96 888
16 31 943
11 47 331
25 99 781
70 12 6
37 76 501
78 75 679
42 13 630
75 36 596
47 93 905
1 65 766
29 0 830
46 43 200
95 14 511
11 49 372
93 84 853
63 91 32
55 46 162
31 99 740
33 42 208
82 61 584
85 61 346
24 18 436
61 1 210
3 79 106
14 82 606
22 48 849
34 56 122
74 34 61
2 91 663
50 11 332
6 74 463
10 84 228
98 14 811
63 70 140
66 16 508
32 15 565
65 40 182
14 12 176
33 50 697
25 84 554
61 65 142
47 61 390
52 58 863
94 30 463
21 18 640
16 50 410
46 65 489
8 70 289
78 10 595
59 24 488
24 49 922
35 34 335
78 37 735
56 49 336
46 29 824
31 3 320
64 87 700
99 80 221
40 16 158
78 5 859
83 89 539
38 65 37
69 75 503
85 90 921
98 28 975
59 52 656
53 17 34
72 44 71
6 7 389
21 13 516
71 70 257
82 59 500
11 29 230
67 84 555
84 76 668
0 37 705
97 5 748
28 86 353
44 59 571
92 2 725
66 41 473
51 39 25
98 44 59
59 94 711
11 51 413
1 38 285
73 79 468
95 41 53
90 50 791
7 51 359
24 34 106
87 73 736
81 4 952
96 77 602
37 93 144
12 25 109
8 75 916
39 41 342
32 90 255
59 13 382
7 22 824
74 35 748
28 43 63
68 99 435
89 10 96
13 75 872
52 7 208
23 51 165
94 79 503
97 14 845
53 33 542
26 79 191
17 9 90
17 72 322
44 93 849
35 2 988
46 99 868
91 81 782
39 49 640
4 30 885
85 7 997
64 90 961
51 91 217
12 50 960
34 73 697
91 10 238
5 16 36
60 54 849
37 23 665
96 55 502
85 23 163
40 51 76
6 29 524
15 57 769
97 75 931
15 6 101
46 19 266
48 94 33
34 48 271
29 5 259
47 4 908
23 28 814
74 90 471
23 46 140
17 7 585
63 32 801
77 79 371
71 72 643
20 94 381
43 97 674
96 39 224
25 94 151
49 52 118
48 59 943
89 27 142
51 85 882
76 21 727
34 31 562
11 66 880
0 69 794
80 40 811
34 28 928
47 56 863
35 15 699
61 95 472
98 56 339
56 59 336
30 31 254
17 90 226
75 94 484
76 68 725
79 44 877
6 99 196
15 76 204
59 30 504
30 91 576
47 87 914
61 63 576
25 79 494
53 45 162
34 9 466
96 7 9
7 55 62
86 9 138
78 65 708
54 40 501
63 82 499
36 32 87
51 57 800
14 57 886
51 14 872
75 80 935
92 23 243
27 38 821
35 71 16
97 13 599
95 58 799
29 18 172
12 93 567
71 98 573
6 95 846
10 85 298
86 56 310
35 89 474
36 50 116
24 65 184
62 57 217
48 31 349
35 64 272
61 19 87
87 32 388
19 86 839
3 73 422
32 80 90
26 30 80
35 67 675
90 93 423
98 1 535
28 51 176
4 50 189
7 21 879
4 37 742
44 41 660
44 65 248
98 66 484
19 36 959
12 33 290
45 2 554
87 83 480
65 43 32
83 72 744
82 36 83
28 62 115
46 24 592
81 1 602
34 7 321
4 53 269
36 58 91
59 22 948
38 56 256
83 19 390
61 70 165
30 40 614
68 63 500
85 8 732
94 10 196
98 12 185
39 33 611
55 68 108
49 25 737
37 82 782
60 55 404
32 92 785
44 66 607
50 52 844
68 11 98
85 47 321
37 87 970
82 89 806
85 58 913
55 12 687
95 16 969
30 86 256
48 9 710
46 93 590
75 59 245
47 44 584
47 74 858
73 12 379
79 21 738
18 72 383
53 5 563
38 78 863
30 54 525
87 74 63
56 9 947
4 38 212
98 48 765
90 45 747
93 65 426
42 5 636
48 86 236
33 27 107
0 61 762
94 21 269
44 70 956
18 4 233
15 19 752
81 92 236
90 33 652
33 59 527
46 13 308
29 74 219
46 61 474
61 42 545
64 57 140
58 22 54
12 52 482
35 60 560
16 92 388
12 46 398
24 23 258
29 65 292
67 66 704
6 41 25
1 2 994
29 66 710
6 4 962
51 79 388
97 80 253
49 46 599
66 32 151
50 78 349
85 57 844
88 56 533
70 48 18
19 80 88
32 38 861
46 54 969
51 71 603
22 44 422
99 89 554
20 78 851
60 1 452
93 33 447
12 96 600
79 2 854
6 0 749
4 16 699
67 76 511
19 9 379
74 50 35
51 25 770
65 97 290
14 91 341
3 93 439
92 46 88
13 73 827
16 32 933
24 40 40
69 64 737
55 9 590
75 24 209
26 44 183
66 69 156
28 26 552
60 25 429
79 31 181
50 23 389
68 5 229
78 87 398
27 56 19
66 14 754
10 45 11
35 62 854
87 45 163
43 20 722
1 26 810
6 54 191
18 59 258
28 74 992
30 88 322
58 65 132
71 53 245
13 79 882
3 67 780
1 43 153
0 84 502
42 91 686
23 75 270
5 70 151