64 32
2.140538 0.676225 -4.197181 0.022969 1.804633 2.861692 3.056885 1.618995 -4.120676 -4.634621 -1.558340 0.767144 -2.544393 -0.738716 -3.233633 -0.210917 2.398979 -3.463120 4.415778 2.064275 -4.477580 2.269956 2.080844 -4.289538 -3.770257 -4.629704 2.080419 -0.565518 -3.547026 3.350693 1.567099 -1.739550
0.286540 2.982762 -1.139078 -3.788322 1.826552 -4.654233 4.235019 1.497333 -0.483414 4.482388 -4.885034 1.504333 3.740515 1.258608 2.149034 -3.398819 1.463614 -2.045773 3.760265 0.718130 4.830681 2.316873 -4.280531 3.255430 1.099684 4.407559 1.486615 -0.336425 0.493970 1.767022 4.930765 -2.588307
-3.194290 -0.103237 -1.147760 -4.659062 -1.410814 1.353390 4.350219 0.227156 -3.620991 0.890241 0.564387 3.942897 1.256587 3.831203 1.983395 -1.363453 4.026414 2.032520 -3.124523 2.854142 1.797643 4.773684 2.417607 0.087706 3.207283 1.436931 1.783433 3.915819 4.254673 -1.721898 -3.199894 3.457819
2.445187 -4.770832 -0.229569 -2.457214 2.009670 0.384899 2.375952 -0.750793 -4.942737 -1.251142 -2.980063 -3.145207 -3.420834 1.710368 -3.810322 -1.749595 -3.927812 -2.438053 3.990629 -2.746070 2.481013 -1.302486 -2.425161 -3.746308 -3.369173 2.591565 2.156955 -4.731655 -4.383223 2.510461 4.454249 1.334110
3.107859 -0.537557 -1.369670 4.123334 -1.088474 0.474032 3.031384 1.343811 -2.103137 0.482285 -1.096543 0.867635 -3.622890 -1.502614 -4.420740 4.145142 -4.085446 2.969684 -1.908091 1.302351 1.543364 2.396769 -3.710624 -0.400476 3.042515 -1.106961 -1.913066 -1.137432 2.223597 -0.295997 -4.868891 -4.507470
-0.595161 -4.780263 -3.792717 -3.245965 -1.429741 3.369309 1.742614 4.404391 -4.213857 0.494165 -1.503978 -2.003945 -1.064843 0.555334 -1.710311 2.715239 -2.199358 -4.108851 3.565493 0.445480 -3.451687 -1.277943 4.902692 4.354170 -1.484601 -1.693425 -2.307960 -2.893799 0.945386 0.545883 2.842377 2.703910
-2.013783 0.249732 -3.925039 -1.475545 -2.879419 -3.212540 -1.733786 -3.321633 0.824338 3.743888 0.652503 -1.120608 0.952204 4.446413 -3.791232 -1.011435 0.864090 -1.002778 -4.246277 4.631225 -3.998766 -4.411396 4.972965 4.364103 3.136173 0.642219 1.778448 4.620682 -3.038744 2.472476 -4.841557 0.247946
-4.801951 1.518105 -2.807943 1.450122 3.430916 -1.979753 -2.493780 3.690369 1.598476 4.511131 -2.815216 4.554816 3.465378 -4.028516 -2.186539 4.767430 0.946765 -0.004647 -4.480252 0.555510 4.535682 2.865266 -4.248561 1.391197 0.314526 -3.987314 -1.550328 -4.094799 0.762509 -2.091014 3.637024 2.209736
4.372410 -3.498043 -4.760880 2.879504 -0.102700 -3.743323 4.336434 -0.665111 -4.319325 -4.680065 -2.958154 -4.368442 3.943379 -1.075150 1.823305 -2.075216 -0.787501 2.181246 -1.886091 0.554803 -1.976097 -3.668136 -1.517118 -2.598864 0.526517 -4.538222 3.512306 -1.730400 1.405913 4.554090 2.326742 0.519599
-2.187708 -2.949784 0.171257 -2.366791 1.348504 -3.039152 2.042023 2.979288 3.746764 -2.362437 2.929914 3.251737 3.927638 -1.764062 0.242790 4.627413 -3.736962 -4.614123 -2.390487 0.697253 3.015769 -1.046896 -3.438405 1.369459 -3.867914 -2.081719 -3.310242 -4.492572 -4.575625 -2.250249 -4.276067 0.490662
-0.351730 0.677033 0.729796 -3.885668 4.282720 2.735697 -1.861762 3.029677 2.718703 -3.410628 3.771421 -1.844115 4.059741 0.503049 -2.488287 -4.653835 -0.867948 -0.322211 -1.220311 -1.076750 0.560263 -1.421562 0.929611 0.769308 -2.524834 -2.006519 -3.794916 -1.892581 -0.653330 2.376794 -2.472348 -1.187896
-4.287411 4.194011 -2.368250 -0.275590 3.580832 3.937678 2.389595 1.560173 3.581486 -1.514276 -1.423086 3.102162 4.815705 -2.037526 3.382786 3.339991 -3.130531 -0.474078 3.512763 -3.766086 -0.054185 4.106611 -1.646248 -0.069384 -4.317703 -4.408770 -1.993178 0.795722 3.671320 4.020247 -4.374170 -1.196881
1.660236 -3.292158 -0.774525 0.659789 -3.140560 -1.699560 -4.935971 -4.645831 -4.540452 -1.995826 -0.886588 -1.474945 -4.073174 3.658701 -3.675135 -1.493077 4.484956 -0.044556 -0.525913 -3.701766 -0.617671 1.475723 4.170750 -3.928836 2.990150 -3.195183 4.462041 -2.389553 -2.689408 0.319146 1.229295 3.844791
-1.727166 -4.733044 3.570590 -0.466881 -1.542559 -3.863448 4.698520 -1.802308 -2.886929 0.294950 0.924004 -0.211092 -2.533636 -1.555214 3.368691 0.026977 0.409448 1.817564 -4.862226 1.208320 -1.871387 -2.357215 3.742240 4.206500 1.092680 0.976045 4.662185 -0.972509 1.836043 -3.158670 1.897986 4.989731
0.922142 2.936561 -3.447564 -2.754373 -1.793458 -1.533407 -4.271965 -4.968466 -2.741881 0.380416 -0.637231 -4.737838 -4.535967 -2.591345 0.992474 1.549775 -4.586733 1.087137 -2.567226 0.688620 -2.948492 -1.111900 -1.526373 1.680834 -2.845529 0.389112 0.906383 -2.570786 2.076197 0.365802 -1.074639 -2.559598
-1.268797 1.527388 -1.968649 0.962588 -1.802706 0.869272 -3.115535 -3.389974 0.845542 3.471916 1.089727 -1.126119 -4.322080 -2.643916 -1.263113 1.506052 -0.254538 -3.145468 4.890226 -0.064396 3.258289 1.883833 3.462878 2.734142 4.157291 2.397062 0.051543 1.232271 4.203110 -4.804761 4.321684 -3.789705
-2.635790 -0.115226 -2.713993 0.672946 4.940494 -1.509541 -2.203919 -2.259633 -0.433176 3.438056 2.332725 -0.871600 -2.185968 3.514216 -0.654511 -2.968677 -2.204470 1.550195 1.053541 1.241256 1.874761 1.882909 1.566364 0.258830 0.439275 4.261620 -3.210117 -3.462963 3.938664 4.118790 -0.955996 -2.368229
-4.870425 -1.792314 -2.375414 -4.447329 -0.116711 1.289315 -2.789471 1.647789 -2.962877 -1.289193 -2.865267 1.859914 0.757776 2.370596 -4.654890 0.225955 2.835434 -4.868347 -0.172502 3.357204 -4.519123 3.258838 -2.368717 -2.378349 -1.152199 -2.655501 -1.774643 2.867997 4.420532 -0.941283 0.773491 -1.770280
-2.084044 4.555517 -3.343426 3.020598 3.521195 4.009690 -0.484903 -2.195981 0.819650 3.248874 2.911655 4.667162 -1.800386 -2.645789 -3.183160 -4.825789 0.534252 2.929361 2.378856 2.648813 -1.005048 -1.691955 -1.645933 -2.704659 -3.893036 0.121813 -2.083543 1.028058 -3.059153 -2.777646 -3.233494 3.364441
1.962870 -0.262471 0.644876 4.694743 -2.862094 -3.218092 3.472533 -2.111380 -3.137587 1.841286 -0.291809 -3.676155 -4.197845 2.026997 1.591387 3.113425 0.314843 -0.609492 -0.633871 0.215257 -4.994975 1.083029 -4.095722 -4.112602 -0.250191 0.867714 0.764910 -2.716969 -2.156989 -3.026769 -4.518244 4.596285
-1.559303 -2.712518 1.783559 -1.318371 3.752385 -4.990186 2.841277 4.209328 0.224888 0.944899 -2.150147 4.566668 2.215987 -1.518182 1.899879 3.000114 -0.779485 -0.059804 2.122639 3.923350 3.721018 -0.287381 1.437828 -0.278466 4.830035 1.626433 0.708294 1.850376 -0.101740 0.739236 -4.891920 1.553198
2.374765 -2.779335 0.913154 4.120335 1.058263 2.900994 -3.577023 2.325589 -2.931721 -1.710373 -3.647744 3.595083 1.792307 -0.113472 -4.487415 -3.854537 -3.729282 -3.010376 -0.006831 -3.267753 -0.347216 -1.614324 -2.082499 -0.268355 -0.709059 -0.352608 1.126448 0.149917 1.857697 1.004763 2.978087 -4.966846
-4.432163 0.369314 -3.593355 -4.669602 -1.625309 2.171467 1.288959 -2.575940 1.743896 -4.424602 3.047708 -0.313115 -0.262996 3.529775 1.131973 1.550265 3.774621 -0.608933 -2.248855 1.990717 -2.105932 -3.019222 -0.272788 2.110330 -4.970788 -2.774228 3.897439 1.067351 0.561826 -3.551320 3.852337 -4.328990
4.392480 -2.505291 -3.266201 1.609050 -2.287327 2.939866 1.121324 -2.132713 4.330324 -1.456097 3.213854 -3.888826 1.564606 -0.185232 2.153375 4.966408 -0.267197 1.662759 2.193475 0.205510 -3.852573 -4.625302 2.784098 3.165101 4.541013 -4.918780 1.586355 -0.193107 -2.825125 4.567770 -2.401003 -3.086434
-4.100946 4.885784 -1.530098 4.709884 -0.709921 2.184654 -2.366413 -4.195995 4.535554 -1.189188 -3.404737 -3.566040 -3.677455 -4.536605 -4.744683 -3.779269 3.860047 -0.660068 0.155008 -1.417243 -0.080972 3.436526 0.107646 -2.925732 -0.768583 0.854111 -3.192766 0.976800 -1.564343 0.581606 1.807185 0.835989
-4.449088 1.648959 1.108160 -2.385849 1.755315 -2.367464 2.192616 3.037137 1.252327 -4.967797 1.246267 -0.287438 4.149999 3.801459 -4.677385 1.491179 -2.753721 -1.128442 1.448238 -0.520488 -1.866312 -1.684814 1.584336 -4.325595 0.835077 -1.230974 -1.534984 -3.268261 0.680582 0.214542 4.637821 4.130708
0.856265 2.710709 -1.686512 1.114560 -4.731662 4.023309 3.853190 -0.863690 -0.437347 0.781717 -1.803924 3.844141 -0.531195 -4.087588 -4.080152 -2.991727 1.980055 0.972129 3.571146 -2.926010 -4.901518 4.418770 -0.133427 4.480735 -1.972299 -2.751719 4.042987 2.105343 -1.055302 -2.688392 4.569856 1.099891
1.371084 -3.428051 -3.160557 4.229052 0.377879 -0.129561 -3.702175 4.320622 0.374725 -3.794975 4.799930 2.124565 1.605449 -4.965643 -3.896316 -4.418062 -0.364962 -0.827540 -3.367998 -2.775422 3.706671 -2.221373 -4.069873 -1.317618 1.871267 -1.179082 1.733250 -3.190575 -1.669820 1.847612 2.066076 -0.679481
1.871586 3.592668 -3.709249 4.356892 3.019224 3.756015 -1.281932 -0.608222 -4.427367 -0.197290 -3.530664 -0.777125 3.537732 2.544590 -1.536625 4.986332 4.056811 0.541379 0.478137 1.414580 -2.389737 1.287683 4.714356 -3.571235 3.415377 -1.696935 4.472241 0.844214 -3.792272 2.735882 4.262236 4.649829
-3.504676 1.524933 2.926562 4.360789 -2.053887 -0.736566 -0.612640 -2.159362 3.566358 2.579259 -0.967062 1.226008 -3.272190 -1.870184 -0.056487 -3.576998 -4.318999 0.890128 -2.628088 4.922924 0.432906 4.576133 -4.284136 1.760774 0.584685 -3.509698 0.714654 1.141454 -0.700661 -2.544349 2.362834 3.892253
-1.373274 2.129480 -2.945589 3.585848 -3.017441 2.877310 -2.023161 -0.304129 -4.811764 3.000991 -2.551500 4.870372 2.336046 -3.400207 -0.080662 2.481203 4.673971 -4.482583 -4.562248 -1.511669 -0.905898 -2.854596 4.840609 -0.777712 -1.692645 -3.518558 4.936452 -2.470359 1.217928 -0.630653 0.927679 -1.526542
4.569144 2.918548 -2.358998 -1.541914 2.311856 -2.759513 3.176945 -2.995629 -3.582678 -3.126166 -2.717806 0.949430 0.705744 2.726066 -3.729768 2.140066 3.823077 1.965389 4.680235 4.183113 0.108675 4.284085 -1.713121 1.134925 0.455900 3.703004 1.556351 1.340285 -2.893028 2.515068 0.348549 4.058912
4.410127 0.798234 3.870528 0.003248 0.627994 -0.136557 4.939135 1.955908 4.467312 -0.064028 3.442429 1.724301 3.197710 -2.902647 -4.194276 -4.489525 -4.437065 -0.332251 -4.698382 -4.254253 -2.394211 1.992708 2.976397 4.749453 3.886439 -0.120235 -4.971903 4.593837 1.079316 -0.624274 3.632782 -1.858144
-4.482533 -1.084557 1.550171 1.249682 3.593383 2.605193 -0.236403 4.448026 -3.328327 -3.628164 -1.708588 -2.689403 -4.476941 -0.520416 -3.608552 -4.531928 -3.319091 -0.361883 4.776596 1.478691 -0.538344 4.383059 4.155933 1.753571 -3.367632 -0.251967 -3.600533 0.721206 1.499824 -1.257172 4.800716 1.995027
-3.358971 -1.289800 -3.879745 0.275827 0.644054 -0.196748 0.442574 0.722706 -3.741735 -3.382007 -1.226153 1.970596 1.954870 -4.846619 2.723315 0.930040 -4.036630 -2.359797 1.118377 -3.484559 2.196921 4.764483 2.031072 -1.325766 2.759835 -0.299364 -2.958697 3.531599 2.116176 2.972227 -4.259456 -0.935274
2.469474 2.156769 -3.772540 3.581362 -2.631054 3.912157 1.045469 -2.441154 4.766717 0.449978 4.934916 2.707422 -2.004282 1.630850 1.504902 -1.631917 0.790869 -4.271713 -2.837287 -0.651626 -4.973220 -0.723388 -4.032068 2.589523 -3.333104 -1.904064 1.237949 -2.361876 1.859685 -2.190120 1.285126 0.741070
3.454448 0.841358 2.011793 2.806460 -3.886180 -4.160007 0.721475 -0.902630 4.350178 -4.567797 -4.821710 4.261459 1.882329 -1.476955 1.409449 3.612349 -4.902476 -3.778671 -0.399257 -1.178722 0.387097 -4.577991 -1.544608 -4.898468 1.688943 -1.992238 4.447250 -1.450731 -4.622661 4.483029 1.266910 -1.960275
-1.417124 -4.013369 -1.928959 0.933600 -2.219663 -0.357114 1.409477 0.628353 -4.595306 1.314664 -2.710965 1.230159 0.130175 4.584313 2.566740 0.276568 3.778547 -3.257293 -4.316667 -3.228332 -1.396288 -2.847968 2.719476 -4.393671 -1.368231 -4.637838 2.724025 3.744027 -3.240560 2.054821 -1.569909 -3.530962
-4.065009 0.904562 2.379305 -3.596853 -1.397825 2.309596 -2.754086 -4.191111 3.751524 -2.344494 1.225584 2.207461 4.762750 -2.120479 2.123972 -0.349787 4.457964 4.358856 -3.388511 0.891082 2.134435 2.640578 2.086427 -2.786945 -4.678606 -3.915660 0.034436 -2.104358 -1.914687 -1.731101 3.160857 -1.812064
3.657391 -0.752430 4.740151 -2.761192 -2.070574 1.952581 0.524477 4.321078 4.234942 -4.532301 1.967909 -0.358815 -3.250188 3.235330 4.473287 2.678397 3.685075 -0.070839 -4.866600 -2.372241 -4.961957 0.730397 4.521886 -0.173340 3.040688 3.568783 -0.938381 4.208501 -1.778022 0.373579 0.509273 2.977458
-1.617528 0.997296 2.956025 -0.030429 -0.269189 -0.101550 -0.227457 -3.803182 2.760508 -3.999627 -2.729627 1.853184 -4.593260 1.101895 2.844253 -1.745760 4.943743 2.310836 -0.813355 -4.732627 0.310267 4.464836 4.552775 1.014463 -3.846129 -2.043382 -0.286072 -4.502950 -1.667487 2.538285 0.253106 -4.917299
2.152722 1.635537 -4.507676 -2.440302 -2.342658 -4.003183 0.548049 0.285162 0.193938 3.185300 -4.325195 0.546833 -4.141029 1.720348 -3.183386 4.164723 2.839481 2.701107 0.960291 -4.145610 3.119861 -4.019992 -0.628352 -4.981859 -3.858778 -0.431676 -3.951905 -4.782493 1.746026 4.960223 2.759217 1.608331
2.369003 -2.897719 -3.470381 -4.450268 -2.942860 1.731363 -3.050576 -1.414657 1.763578 0.569885 -4.538408 -1.181874 -1.916488 2.223870 4.974121 2.458222 3.072312 0.591033 -0.719104 1.662089 -3.109618 -0.577285 1.584619 -1.066611 4.843686 2.507721 3.237567 -0.560742 3.689719 0.668800 0.412013 2.964488
0.189689 -0.947595 4.456145 0.891289 -1.338901 -2.426464 2.458006 -4.516947 3.631983 -1.452108 4.188026 1.909043 -1.633271 -2.359833 -2.197627 0.415050 -3.953288 2.591654 1.079689 -4.779401 1.300682 2.385296 -3.004226 4.391700 -2.008043 -0.858579 1.539230 -3.417500 -1.538115 0.547506 0.365883 3.927615
4.341685 -4.405552 -4.955092 -3.992517 0.397328 -3.479375 -1.459203 -2.833143 -3.716221 0.225273 -3.634377 -2.206184 3.518786 -1.518209 -1.378406 2.940990 -3.538551 3.678114 3.726964 2.022687 3.765876 -1.019453 -1.269637 -1.015463 0.238712 3.791880 -2.550897 1.085144 -2.052956 -1.414818 -4.346345 -1.451571
3.409164 -1.084878 -1.880899 2.613118 -2.657468 4.070944 -4.886922 -4.576027 3.479958 -1.180030 -2.042391 3.418846 0.085703 -1.424017 2.696702 1.267973 2.104824 3.541099 1.891343 -0.982516 -1.990605 -1.717141 3.033742 -4.767279 -2.325222 0.836592 2.250586 -0.765434 -4.849987 -4.949645 -2.932981 1.917580
-3.709641 -4.247518 4.581236 0.475059 3.294141 1.526673 0.583250 -0.315192 2.470319 -1.073453 0.830059 1.789814 -2.761404 1.327467 4.987683 2.608950 4.788359 4.234896 -1.604773 -1.600574 -2.643362 -1.977146 1.503157 4.707235 -2.703359 -4.588783 -0.024554 3.088182 1.747151 2.959572 1.013966 2.327153
-4.801784 -4.120305 0.668241 -2.562404 -2.431902 4.816131 4.497269 4.274152 1.335317 -3.408391 0.835164 2.425837 3.788420 -1.976274 1.888995 -2.642297 -4.614839 2.805335 -0.735944 -0.790310 0.002380 -2.073446 -0.408567 2.970390 0.199556 -4.461366 -0.937987 1.242273 2.554593 -3.555445 -0.628183 0.939852
-1.425559 0.459701 -0.604125 -1.040556 -2.432761 -4.980934 3.244955 2.803159 3.531895 4.479254 0.190806 -3.643922 4.217994 -0.803944 4.293277 -1.377110 1.906489 3.202298 1.152393 -2.662987 -1.390805 3.904414 -0.208265 0.260563 2.124328 -0.635714 -1.025648 -3.449321 1.753758 0.878155 -0.167148 0.491529
-0.249740 -3.343002 1.553304 -1.646619 4.360274 -3.965628 3.973941 3.804814 -3.058451 0.134038 -3.413077 -0.294273 2.697925 2.999571 -1.809743 2.845758 -0.244627 4.239585 0.248288 4.318967 -2.237934 2.358351 -3.824664 2.449957 -0.263488 -3.609498 3.923033 -0.690982 3.622416 3.742667 2.777991 2.538602
4.413667 -4.555283 -2.945079 0.186563 2.501889 1.889739 3.228745 -1.150836 -2.827556 2.851479 -0.471477 -3.744300 -0.808625 3.312955 -2.822902 -4.941193 3.271150 -2.162556 0.751647 -3.513443 -4.256927 0.081005 2.055272 2.133035 -3.116507 3.519942 0.365545 0.369746 0.901627 -1.264511 1.286612 4.903964
4.416082 -4.560361 1.095972 -0.218153 0.174708 0.624714 2.399124 4.243516 -1.760359 -2.469813 1.732059 0.025929 -4.355199 2.878304 -3.600063 -0.281100 -3.619638 1.449301 -4.156228 4.551671 -3.514391 3.149614 -0.696738 -2.103490 0.993468 -3.903693 -1.094919 1.865314 -0.132129 3.542530 2.714657 0.325280
3.883150 -3.778589 -4.813466 1.489759 3.381050 0.246462 -4.671595 -0.968343 -4.331096 4.228002 3.081469 -3.765758 2.055066 4.232468 -0.158035 -3.158831 1.058217 0.202760 -3.929061 1.214375 -2.757208 -0.459594 -4.604603 4.513004 -1.365376 2.954409 -2.962871 -0.286628 -4.898869 -2.409333 3.029627 4.842730
1.332799 0.552208 2.725024 -3.359054 3.129539 -4.122473 4.788857 2.583163 -2.525073 -4.945276 -4.400808 2.892950 0.255628 2.555166 -2.630554 0.850721 -0.958556 -4.397124 2.764875 -3.404470 -2.750953 3.700640 0.889715 4.521002 4.400484 3.680163 0.947197 -0.423689 -3.772639 3.165022 0.033606 -2.712189
1.616846 2.511437 0.415355 3.801094 2.227955 3.751534 -0.701100 -4.787502 -0.999641 -2.679668 -2.813665 -3.314483 0.344587 0.251215 -4.578754 4.764425 0.104836 -0.287323 4.380445 0.129892 4.086828 2.906368 0.667572 2.999040 0.593247 -1.186616 -0.901819 -2.930712 -1.369613 -2.565816 -3.885043 -3.370867
-1.892831 -0.359606 -3.593195 -2.457920 -3.303178 4.473981 1.636785 -4.813133 4.656932 -0.238257 3.543018 0.569395 4.537089 -2.172659 -0.877837 0.395361 -1.720943 -1.349061 -3.913155 -3.747969 4.548718 -1.749515 -3.217585 -2.380842 1.850960 1.916568 3.914284 0.392412 2.754338 -3.742693 4.636617 1.784279
0.043345 -0.697275 -0.469786 1.535344 -4.234405 4.414319 2.437224 4.646798 -3.873063 -3.409737 -0.825836 1.002410 -0.131199 0.517122 -3.059322 1.720226 -3.624895 1.801616 3.360664 0.351065 2.939283 2.397330 -0.934515 -3.619887 -1.612818 2.136362 3.223533 -1.408698 -0.167853 3.568747 -0.892069 3.245210
-2.509913 2.360511 -1.275372 -4.412308 3.100353 2.522169 2.179616 -3.767006 -4.049732 -2.563732 -2.336613 0.365610 -1.730405 4.833389 3.825781 0.770382 -0.097774 2.506964 2.021244 -0.332157 -0.103763 -3.310945 3.795388 -2.316513 1.932766 1.952249 2.769199 -0.950144 -4.120530 2.630588 4.171458 4.464385
-3.620776 -4.160336 -4.333058 -0.785776 -4.445801 -4.149551 -3.872973 -2.350456 -1.767052 -2.507867 -4.219117 4.606103 -3.223102 -2.735417 -0.336640 4.548055 -0.903693 -3.428799 -1.248381 0.421172 -1.829068 -2.689026 3.721730 -0.789322 2.865308 -4.155236 1.575651 -2.140570 -1.958381 2.917730 -0.737088 1.063778
4.263941 -1.577416 -4.435022 4.464737 3.560635 -2.728025 2.537871 1.906096 2.333102 4.517828 0.359012 -2.102689 3.621547 4.899187 1.495824 4.530573 2.347464 1.738096 0.293252 2.192738 3.194936 -4.375876 2.263537 2.533339 3.197241 3.269720 -2.683822 2.476707 -4.377484 -4.936102 -1.991999 -4.435037
0.156761 -0.393345 1.882259 2.572326 -0.565416 -3.486500 4.032995 4.662471 2.906854 3.556756 -3.040862 0.496433 3.750302 -1.393478 -0.532456 -3.393294 4.952651 4.652233 4.838117 4.762573 4.603391 3.847923 -0.210790 3.273247 3.694055 -4.076888 -3.726687 4.168330 2.266318 2.842652 -3.561598 -0.107218
0.141788 -4.717514 -4.208200 0.072628 2.434619 4.000375 -2.326809 -4.041010 2.138082 2.131539 -1.691377 -1.725359 -2.865429 -4.594199 -0.241358 -0.750606 4.863340 -2.279920 3.229686 2.993466 4.587190 -4.786889 -0.527641 -4.322855 0.716913 -4.137809 -4.364223 -0.478997 2.666225 -1.746276 0.777039 -1.752629
-3.136532 -2.032401 4.907260 -4.469213 0.267684 -4.845341 2.169004 2.311863 1.421824 -1.399644 -4.938714 -0.484218 1.065290 -0.600483 -2.948426 3.233876 -0.412988 -2.759835 2.424703 -2.378124 -3.012585 3.078079 3.723952 -4.776506 0.607347 4.654464 -4.986391 2.374897 1.193352 -1.173516 3.817440 0.685837
4.262563 0.586495 0.180176 -3.553966 -0.914558 0.453589 -4.301813 1.916900 -0.464738 2.667052 -4.968546 0.845287 2.555011 -0.511862 -3.514585 -0.303745 2.164904 -2.627755 -3.624665 -1.967385 3.482497 -2.220020 1.109558 1.192964 2.016741 -4.608819 -3.604917 2.172619 -4.815957 -0.356283 3.712015 2.015409
1.373133 1.713188 1.112757 1.886520 1.889328 1.273582 1.532989 1.213070 1.390123 1.810367 1.043255 1.439776 1.205315 0.980553 0.710972 1.071181 1.419277 1.012347 1.435317 1.640211 0.970887 0.749894 0.710620 1.916718 0.994238 1.924615 1.101713 1.338085 0.842221 0.923217 0.682546 0.805305
0.662933 -0.891946 0.044905 0.476198 -0.045780 -0.429506 -0.372390 0.174524 -0.276621 0.672726 -0.376435 -0.931787 0.671390 -0.291279 -0.716281 0.482564 0.888932 -0.679645 0.889059 -0.763783 -0.890608 0.261137 0.691978 0.018179 0.779740 0.109659 0.219569 0.437459 -0.649239 -0.472792 0.526511 -0.825371
1e-05