128 64
1.221140 -1.798473 -0.830505 1.664116 2.950200 1.894341 -4.646355 -3.444862 -4.795543 -4.497703 -2.564996 4.258221 -1.559815 -4.369018 -4.338790 0.349879 2.709666 -2.348270 -3.863609 -3.020647 1.163785 -3.721203 -1.219382 -0.740551 -4.384698 -4.619730 3.229105 -2.760179 1.273763 0.599185 -3.974805 -3.063589 3.277990 -4.090990 -0.357060 1.565778 3.587536 4.371388 -3.333703 -0.142130 1.452638 -1.791850 -2.567663 2.252154 0.462775 0.652544 -1.413030 3.805878 0.419767 -3.233936 -4.988664 -2.703722 -3.698526 0.869616 -0.678186 -3.752814 -4.126069 -3.694172 -2.456794 0.765496 0.770845 4.975573 -0.285134 4.616640
-1.583543 -4.452266 1.069082 0.230704 -4.566925 4.040888 0.207914 -3.368950 -4.662474 -4.957612 -1.872757 -0.546789 1.860789 1.611120 -4.051903 -2.665508 4.640473 -4.008354 3.953445 1.887075 2.579007 -0.318470 -0.985982 -2.834110 0.967723 1.629277 1.820469 -4.948131 0.548693 -0.860246 -2.107850 -4.845879 0.529496 -4.630279 -1.655569 -4.439327 3.245040 0.601815 2.035321 3.045889 4.963537 2.133771 -3.169656 2.253826 0.317879 -4.308539 -1.298128 -0.351200 1.944592 3.482293 1.476971 1.824816 -1.847294 3.326784 0.914636 2.262166 -3.594465 -1.759660 1.397057 4.943870 2.333684 3.769635 3.068071 -0.466253
2.053546 -3.473335 -0.722580 3.490910 0.766003 -0.752691 -3.092540 -4.263616 -1.726181 -1.744557 -4.264924 -1.952062 -4.775308 -2.290492 -0.949533 -1.758619 4.134906 2.221278 -4.437932 3.455906 -1.225053 4.948948 -0.910333 -2.005493 -4.709916 -1.722835 4.332215 1.233642 -3.459450 -0.624469 4.359717 2.793518 -3.416695 0.721279 -0.491386 -2.861865 -1.546866 1.197292 0.023661 -4.909871 4.968676 -0.510199 3.777239 4.515464 -1.907812 -1.716765 -2.003335 -3.061891 3.804921 -1.320603 1.239497 2.063990 0.681216 1.646428 1.436870 2.035450 1.251201 -2.419058 2.913161 -2.869222 1.908029 -2.366292 3.233135 -1.641148
-1.210383 -0.859264 4.467542 0.990861 -3.859916 0.160902 1.395808 2.773047 -4.264578 -4.076392 -2.658229 -0.162155 -4.540736 1.062048 4.956326 -3.906389 4.875910 1.618231 4.488777 2.770533 4.177044 4.572977 1.111371 1.481036 0.530517 4.758547 -2.476920 4.168449 -0.672413 2.384536 -2.867338 0.718600 4.127005 4.488189 -4.226358 -4.328857 -2.852593 3.775328 4.496389 3.613192 1.267528 0.189847 -1.321786 1.601673 -3.277155 -1.924841 -0.841887 4.904136 -3.730463 -0.447379 -3.361947 4.696013 3.668598 -4.903466 0.540122 -4.624260 4.552304 2.272114 0.289586 -4.176564 4.182522 -0.904751 -4.224398 4.912131
-0.228479 -2.476949 -4.288194 -1.400016 -1.726445 1.850863 2.033196 -1.203864 -1.223997 4.080336 4.012664 -0.402800 3.919066 3.143888 -0.088774 0.588696 -0.434353 -1.883751 3.484003 1.365643 -4.312978 2.365660 4.412874 -2.739795 4.452206 0.598130 -0.212954 -4.020168 -2.677944 2.163599 3.722268 4.496760 4.271173 -4.187443 1.627667 -4.587247 -4.809776 -3.275386 0.812384 -3.086370 -3.660863 0.689961 -0.627682 -2.311410 1.199661 -3.762728 0.563078 -1.258943 -3.246076 4.043634 -0.309368 -1.741686 -0.264473 -1.141431 2.138352 4.072010 -2.076880 3.895542 -2.561280 1.659856 3.947330 -4.161315 -4.744561 4.380082
-2.654604 -0.460746 1.474048 1.442908 3.688886 1.558739 -3.580351 -3.162377 -0.349868 4.558199 4.080037 3.982335 -0.248131 2.995189 1.363349 -1.620464 4.503946 -1.302682 3.867348 4.226728 -0.949455 3.876288 -0.354723 -3.898939 4.084234 -2.075475 -4.337320 -2.399028 3.210271 -3.576490 1.485295 -1.478428 -4.198957 -0.385459 0.781884 -1.885520 -4.390918 3.869436 3.544138 0.095052 -3.235257 -3.091143 -2.922494 -4.335099 3.048715 -3.754923 -1.968062 1.042329 1.133811 3.949272 -3.659984 -4.120009 -4.320442 -0.041989 -1.441386 -4.669191 1.138599 -4.075215 2.506867 -4.209008 -2.940371 -0.815497 -1.050799 0.521836
-4.756327 1.259186 1.566433 0.125447 4.630300 -4.769095 1.624126 -0.361383 2.888048 -4.478917 2.715823 2.483980 0.538573 -3.878946 3.569481 3.650296 0.496699 0.427664 0.728068 2.575013 -4.360521 1.445998 -3.441122 2.580370 3.351829 -2.816941 -4.224354 0.787592 -2.604954 -0.639370 1.871620 3.833648 -2.068521 -0.718322 -4.280912 0.705191 -3.318904 3.316417 3.205289 -3.712741 0.493529 2.309200 0.452530 4.976793 -4.400084 -3.554493 -1.413500 0.858189 -0.232005 -3.179114 -0.607965 -2.851883 3.833543 1.946722 -1.291667 -1.056129 4.746294 -2.132860 -1.054384 4.160797 2.416076 1.014631 -0.705669 -3.413707
-0.329932 -3.651383 0.136271 -1.088267 3.610600 -0.407359 0.471947 -2.931264 3.399936 1.820698 -0.612729 4.512859 0.161028 -4.404833 2.144268 0.309634 1.525608 4.301063 -4.721804 -2.586519 -1.922999 2.197727 -0.350819 4.024702 -2.829910 1.972842 0.298104 3.376575 -0.576523 -1.735734 -0.065335 -3.669223 -3.898692 -2.719120 -0.066809 2.662613 0.258572 -0.207301 4.859324 -2.987388 -1.779762 4.033806 2.979827 4.929887 -4.395041 1.660423 -1.685749 -1.152299 2.412916 3.033347 -4.787962 4.177405 -1.546741 4.116319 3.476022 2.712059 -1.172946 1.148535 -0.702002 -3.561583 -3.204313 -2.715798 -2.981793 3.467199
2.074105 -4.217635 2.786563 2.025943 4.359246 1.217547 3.346791 -1.818101 2.986454 -3.114167 0.380452 -1.938686 -3.245806 -2.749281 3.746132 2.921797 1.351599 -3.323981 4.473036 0.412894 2.219946 4.575478 -1.182432 -4.067772 -4.463851 2.016099 -2.453635 -3.292449 1.780748 -3.975905 -4.332852 -1.118942 1.515800 2.747299 2.274320 3.148582 4.224503 -2.514608 4.461167 -2.062313 -2.400800 0.280541 2.751113 -2.680960 0.447476 -2.633497 2.520942 4.966211 -2.199454 3.372940 -1.452901 2.079728 -1.163988 -2.300779 -1.051965 -4.850058 2.127245 -1.605673 4.335564 1.220488 -0.550865 -3.425160 4.797377 2.353354
1.681415 -3.770969 0.668446 -0.424169 -1.044996 -2.006783 -2.512236 1.974095 -1.051397 -2.182356 1.019049 -0.568984 -2.615165 -2.362577 2.611078 -1.901998 2.702555 1.844132 -3.994310 -2.973423 3.826183 4.281065 0.346148 0.497478 2.758160 2.302534 0.630697 0.248260 -1.427892 4.613712 0.493131 0.564485 -0.319348 4.970582 -3.515535 3.186911 0.298517 4.053342 1.390510 0.915689 -1.835616 -2.201029 0.303407 -1.742504 4.920040 0.492646 -1.019292 3.608499 -4.745897 0.016666 -0.731383 -4.329974 -4.451345 3.843017 0.363331 -2.782194 1.506161 -4.243309 4.883464 -0.654819 4.280669 1.149135 -4.281226 2.274059
-1.303673 2.543802 -1.438256 0.056913 1.783444 1.481939 3.506576 -3.129320 -0.359909 0.175883 0.207176 -4.904840 0.584866 -3.315936 -0.734170 4.450653 -4.885892 1.395787 4.867854 3.138305 0.262358 -4.529575 -2.720054 -2.433871 2.092394 -1.983790 0.349253 -2.862539 -4.291999 2.139153 -0.535379 -0.492064 -4.892912 -2.163002 -4.694324 1.119412 2.756065 0.021183 1.437595 4.713656 -0.394100 -3.418538 -1.355320 -1.024953 1.630975 1.712929 -3.348290 -3.329753 -4.349206 -1.535640 4.499095 -3.825263 -3.432182 -0.601407 3.190513 -2.944503 0.168941 2.498529 -3.913796 3.701242 3.832474 -3.534420 4.709723 0.108627
-2.863531 3.983027 3.646442 -2.240993 -2.313333 2.391054 0.490558 -1.883600 0.632969 -4.565531 -2.783436 -3.754609 -3.437754 3.826471 4.394699 3.719791 -3.182940 0.257141 -0.151443 -3.101117 -3.812531 -0.621688 1.460440 0.589439 -2.160510 2.434075 -2.433380 1.506396 -2.640372 3.372080 -1.950672 -2.213712 1.147344 -3.368072 0.197635 -3.438373 4.640193 0.972155 -2.021597 -0.376248 3.813349 0.125540 0.236284 4.361501 4.772146 -4.915118 2.920757 -1.364276 -2.403853 1.169902 -4.489916 -3.787134 -2.618802 -4.592555 -3.868384 2.951885 -4.586932 -3.614196 1.399222 1.457213 4.829972 -4.219535 -2.037392 0.546898
-1.159614 -1.064941 2.477719 -4.466577 0.894271 3.972648 -0.285797 4.205918 -0.610572 4.218115 3.287237 1.070202 4.682165 3.372662 -1.442810 -3.968169 4.667970 -3.352637 -0.428365 1.850833 -2.823183 -2.654146 -1.656852 3.485704 -4.242820 1.412715 4.199015 0.081276 -3.099348 0.855445 -1.962658 -3.014726 1.290003 -4.715283 1.932455 -0.495167 -1.521900 2.923508 0.615347 4.812628 -1.297018 -1.897060 3.225768 -1.873723 2.654469 -1.835645 3.509373 4.055112 2.533468 -3.418751 0.906069 -4.798564 -0.767931 0.712763 2.095936 -0.760597 2.111666 0.823178 -4.722535 -1.827537 -3.933092 -3.604122 -1.139625 -3.024469
-2.124554 3.285365 -4.683352 4.939393 4.175104 0.307985 1.989326 -4.484089 -2.930001 -1.192300 3.728236 3.230508 4.205238 4.549871 1.155127 3.407566 4.328448 -3.209308 1.458958 3.211921 4.477425 -0.737425 -4.006078 3.489285 3.474817 1.272636 3.070186 -0.500394 -4.782707 -2.465090 0.672957 -0.780196 0.515362 4.056081 -0.775032 -1.828318 -0.110357 0.066600 1.512470 2.106178 0.986195 -0.420113 1.857506 -2.595867 4.268505 1.067394 4.501355 -2.151506 0.205272 2.657027 -1.605402 -3.194445 -1.260760 -3.536318 3.960374 -4.316170 1.721595 3.945119 -2.390988 -1.586077 -3.243832 -4.345749 -0.813210 -2.052998
0.888870 3.563096 4.432434 1.803126 -2.178470 -0.320956 1.294349 -4.332599 -3.801266 4.413255 4.389412 1.611782 -1.758722 -2.917352 3.417717 -4.843045 3.098271 -0.684249 4.918177 4.959795 -2.131948 -2.395595 -0.730120 3.518850 -0.357443 0.155842 1.061055 0.213696 2.356563 -4.840078 4.408703 -2.041165 1.386627 -0.460361 -4.020210 -1.805234 -0.583543 -3.741140 -1.808511 3.234233 4.481459 -0.708386 2.734420 2.672608 -4.260784 1.706969 2.657003 3.941354 -0.127969 3.623888 -2.607286 -4.186744 -4.430567 -1.411110 -4.965001 3.344850 1.989168 -2.548371 3.546193 -2.591628 4.646213 -2.937755 -1.259058 3.558909
-4.593114 3.487805 1.708157 -3.151858 2.018905 -0.948561 2.974171 2.790564 1.903496 3.878302 -0.402403 -0.188450 -1.964788 0.189327 4.511051 4.767882 -4.322601 2.771360 3.465411 -4.475798 1.908857 -4.360616 -2.558477 0.943230 2.484342 -4.816566 -3.122850 -1.565232 4.152148 3.388323 1.151646 -4.770854 2.376559 2.099564 4.342533 2.905357 2.225627 0.548978 -4.307600 -3.578574 -2.128808 0.563872 2.925543 -4.542971 -0.391297 -0.165392 -4.437084 -2.204385 -1.993338 3.782408 3.639874 0.130236 -1.686707 4.553750 -3.189947 4.087998 -1.582316 -1.977397 -0.760905 4.435930 -1.417875 3.805137 -0.391655 -2.336883
3.844535 -3.171484 0.473652 -0.089883 -1.878439 -3.085231 -3.212431 -1.856361 -3.638404 -4.790331 -3.635474 -1.402877 -3.854742 -1.682565 1.095459 -4.767366 4.628307 2.934023 -3.884149 -0.497442 3.320338 -3.481949 1.481941 -4.385550 1.843386 0.355877 2.515340 2.961486 3.761869 0.931566 -4.530324 -3.056683 -0.294908 4.596448 -4.400526 1.748395 -4.385636 4.669413 0.185270 -3.515274 2.028108 -3.949590 -2.533552 2.460008 2.519493 -2.674427 3.094226 2.768568 -1.662873 -4.265435 -3.278614 3.466941 -1.511310 2.330785 -4.635242 1.296879 4.220327 -2.757071 -0.992045 -4.216777 1.357279 4.766222 1.017516 -3.209800
2.374977 -3.772357 4.233152 1.126011 -0.979302 -4.793862 2.155588 -4.866456 0.389846 -3.318980 -0.618846 -1.221240 -4.131576 -4.566292 -4.994129 -0.921130 -2.576582 2.545638 1.391288 -2.401313 4.656187 -2.417326 3.876366 3.877723 4.644685 -2.204714 4.214566 -1.171277 -0.206394 2.449087 -2.629830 -2.868272 0.209505 -3.777320 4.642501 1.028418 -2.035288 -2.699766 -2.827727 0.136627 -3.389004 2.477136 4.364732 -2.266572 -0.776939 2.231194 1.037452 -4.872824 -1.828251 0.328485 -0.731798 -2.084681 -1.118012 4.486180 2.775307 -1.582406 -3.274111 2.282473 2.022340 -0.191892 2.130324 0.577749 3.271322 4.204722
-4.238252 4.620117 1.884956 3.641256 4.998660 1.696544 -1.770756 4.020723 -2.173824 4.902823 2.242574 -1.644851 2.829985 0.805903 -1.040161 0.824664 -0.737343 0.218287 -2.080415 -4.022685 -3.114488 2.815540 4.942694 1.432678 0.450308 -0.725023 3.105891 2.323839 -0.979963 2.292150 1.230130 1.593561 3.559560 3.861403 -1.277865 -1.747974 -3.632903 1.302586 3.807432 1.181652 0.422081 -0.704940 2.763221 -3.558375 -1.823690 -4.104487 -1.549294 -3.396514 3.142575 3.241401 -4.474574 4.363426 3.501886 -4.599202 4.255883 0.244798 0.436831 -2.282085 -1.215261 0.263583 0.144221 1.019337 0.230860 -3.091438
2.839738 -2.362715 1.732959 4.802067 -2.617974 -0.517699 -1.420833 -0.654859 -0.511735 -1.966097 -0.570396 -2.079737 0.050270 4.056052 4.968302 -3.800849 -2.323981 3.843560 -0.788930 -2.516788 4.399916 -1.600404 -4.685676 2.390102 -0.503191 1.929496 -1.419501 -2.721476 -3.332854 -3.002102 -3.562616 3.538496 2.294354 -0.109287 -0.351239 2.003971 3.150654 2.251036 3.817367 -1.930153 4.988452 1.198908 -1.290583 1.577007 0.395967 -4.920594 -1.618257 -2.613395 -3.896529 4.176213 -1.897367 4.306292 0.179092 -4.444550 -1.409832 1.091076 -1.400627 1.690559 2.255599 2.880121 0.581647 -4.073135 -3.717430 3.326447
-1.708735 -1.825758 2.645052 -3.829219 -0.482137 -1.704672 -4.273623 0.643928 -3.601475 -1.404076 -2.385252 -0.560013 -4.162844 -4.124066 -3.599812 4.795836 4.845994 -4.744797 3.640257 3.976937 -3.646449 -2.965955 4.979508 0.950282 3.030364 0.899532 1.762629 3.364825 3.889087 -3.990097 -0.973414 -2.577602 -1.656788 -4.798686 -3.161255 -3.460742 -4.508574 4.964740 0.686037 3.504624 -1.293074 0.757658 1.243830 3.988997 -3.930853 1.769081 2.872998 1.039257 -3.177795 -4.410635 -1.478417 -4.131911 -3.058933 -4.830903 -4.533318 -1.831819 -4.765927 -3.384535 -2.565099 4.717850 4.686400 3.911681 4.944612 3.944826
2.051136 4.405776 2.829891 1.877607 -3.335897 -4.453973 0.895444 3.798649 3.655858 -4.327160 0.501729 4.569845 -4.366818 -1.885715 -3.717371 -0.344518 2.587680 4.565392 1.922804 4.945953 0.183808 -2.757709 -2.332403 -3.549813 -2.514117 1.484694 -2.903039 3.676733 1.798551 3.408373 1.863992 -2.458616 -4.597187 -3.254781 2.418851 -2.712826 2.326732 -0.851372 -1.737299 -3.761166 0.999025 -4.122199 2.630092 -0.329352 1.602218 0.031787 1.402766 -3.415726 -4.360722 3.104544 1.226182 -1.416894 -3.743452 2.329926 -2.851213 2.227467 1.306730 -0.750999 -1.113170 1.319489 1.693439 4.087161 -0.500649 -4.501087
-2.328876 -1.878659 4.587360 -0.992788 2.264281 -3.779253 -1.858939 1.487008 0.078884 2.559103 -3.537593 -3.796330 -3.674500 2.074076 2.921677 -2.612405 2.609268 -4.923456 4.053930 -0.593257 -0.311001 1.862866 -0.214143 -4.327945 -3.827949 -4.877787 -3.179179 4.117819 0.328684 4.953735 2.342577 -0.621025 3.993592 -2.799894 -1.124818 3.232311 2.657709 1.755021 -1.693813 -2.983458 -2.011170 -4.356362 -1.195933 -4.111053 2.052888 3.972432 2.391308 0.929417 2.659953 -0.395127 -3.177199 -0.716633 -4.425308 4.547176 -1.693892 -3.530342 -3.741407 1.926517 -3.629921 -3.126410 -1.162473 2.447599 3.385051 4.360256
-1.493546 -4.407757 2.274639 3.865868 4.387469 -2.836586 -2.923950 2.372157 2.878680 1.501674 -0.096554 0.825583 4.376651 1.228970 1.021252 1.719982 4.972975 1.737383 -4.071852 0.488725 -1.828561 -2.139333 -4.553548 -3.911131 -4.830435 2.270077 -0.753448 2.041954 -2.785975 -3.910951 -1.091470 -1.139945 -1.908258 0.351972 -1.562169 -3.127340 -0.567331 -1.262015 4.851464 -4.008724 4.881687 2.203538 -4.859471 -1.598884 -2.034823 -1.609736 0.294732 3.509069 0.773044 -0.502843 2.661189 1.836429 0.805425 4.545232 3.095615 -1.354532 0.836342 0.978316 4.028002 3.428543 3.605360 0.168164 -4.696281 2.390426
-2.035699 3.893120 4.915199 -2.971184 -2.444062 0.873814 2.155356 -3.323008 0.019709 2.228872 -0.881151 -3.007772 1.674637 -4.834860 0.381104 4.240255 1.664333 -3.560894 0.807610 1.998872 -4.258961 3.653224 2.752926 -3.661037 -1.880940 4.968540 1.841173 -0.411153 -1.582270 -3.744295 -2.332645 -1.718460 1.040001 4.824245 -2.113328 1.596372 -2.120319 -3.331793 4.766573 1.759828 -3.377183 -4.350355 -2.065734 4.545148 2.495103 -3.661210 -0.795213 4.631883 4.449891 3.064088 0.067701 -0.369392 -0.951102 -1.753026 0.152475 -4.193530 -1.776941 -2.089206 -3.710667 0.912811 -3.631499 -1.582678 4.869534 3.447529
4.897171 -2.526809 -3.761310 -0.496657 -0.459611 0.349520 -1.113849 1.902224 3.719255 -4.607967 -3.456570 -0.498598 4.879990 -2.025844 -0.682419 4.178636 -0.928100 0.938018 0.737025 3.149456 4.905132 3.501103 2.781070 -2.057987 2.722346 -1.970031 4.092855 -0.482350 -1.939571 -0.975587 0.947259 -2.597853 0.402880 -1.785712 4.538913 -4.115664 2.356898 2.956345 -1.204227 1.915083 -1.011049 -2.930523 1.480986 2.159657 -0.391672 -0.623079 2.865445 -2.035609 -3.108128 3.506105 -0.862204 -2.784196 -2.130736 1.222461 3.692431 -2.962021 0.619145 4.624837 -0.544021 -2.723842 -4.020169 1.515598 -1.253661 -0.302862
-1.072816 -2.860055 -1.599669 2.970489 -0.611997 -2.976384 0.711475 -1.084426 -1.172736 -0.288533 4.772221 3.854410 -0.425301 3.567427 0.528964 -3.875207 -1.248877 -3.985909 2.639330 -2.966203 -2.590868 -0.450988 4.551401 3.664512 1.103090 -1.268888 -4.561557 1.139802 1.751202 4.962787 -2.656623 2.353891 -2.467972 1.754002 3.151457 1.909109 4.157861 4.241346 2.932259 -1.131548 3.342598 1.469320 -4.576352 -3.300399 -3.800501 3.078554 0.517710 3.468312 -4.764785 -1.265636 -4.826102 -1.224390 3.533851 -4.240564 -2.414153 0.693017 1.714158 -1.673150 1.290120 2.365447 -2.555106 2.404840 -4.731594 4.541314
2.713372 -2.921812 2.610338 3.583722 0.892694 -0.070245 -3.024463 3.847741 4.817733 2.685354 -0.177328 -3.276302 -3.896838 -3.757213 -2.169175 2.146902 -4.876431 3.358164 1.539254 -2.031373 -4.333077 4.249352 -4.180853 1.736312 -1.895704 -0.029273 3.616669 -2.436574 0.860624 0.194890 -2.594151 -1.444474 -3.011574 -4.191562 3.006215 0.432858 0.935343 3.405300 2.872209 1.147632 2.299047 4.757193 1.757543 1.420537 -1.479473 1.790485 -1.404490 3.819230 -2.784409 -1.770191 3.478109 -1.675524 -0.644713 4.979531 -0.322891 -1.307292 -2.939116 1.299357 4.207480 2.419706 3.766124 -0.703511 3.402783 2.760504
-3.189993 4.335036 0.114547 -2.223100 3.444002 3.370240 3.186819 -0.826065 2.359495 -3.954048 2.120447 -1.683364 -4.461563 -4.065945 -4.415587 2.434581 0.391818 2.995574 -2.353908 1.841584 -4.121462 3.480819 -0.860760 -0.635974 4.095762 -1.446428 1.763921 -4.553037 0.105922 -1.132624 -3.739323 -2.309552 -3.677574 3.585419 -3.288336 -2.613861 1.543779 -4.064755 -1.939378 -0.790021 -2.264109 1.633851 -0.887741 3.961267 2.655305 -2.706615 -0.664321 -4.912334 -2.767509 0.776420 1.826612 -3.436014 -0.092796 0.436386 0.597968 -0.505120 -4.535598 4.552335 1.362834 -0.504452 2.112834 4.731128 -3.189678 -3.903246
-2.871443 0.944450 2.151068 -2.654998 4.306411 2.314532 -2.152461 -4.792462 -1.164661 -0.216116 1.823273 0.457211 4.696610 -4.003272 1.279674 0.215266 0.367703 -0.907243 -2.150385 4.252123 -0.878916 1.066986 -4.373314 3.097719 3.122373 -1.162907 1.278564 3.750482 2.850890 3.909900 4.663972 -0.733933 -4.462286 -3.884418 -1.227860 -0.109616 -1.456324 -3.500424 -4.516168 -4.841109 0.228137 2.815510 2.772823 -1.711089 3.774898 0.339734 1.969465 1.902448 1.864630 -0.800010 -0.178785 -3.993516 0.340089 0.638396 -1.110275 -2.751364 0.012630 -3.999992 -4.315083 -0.182380 2.503355 -4.412666 2.288966 -4.031607
-2.252966 -4.018947 4.963526 -1.460797 -0.959872 -2.122246 -4.407529 1.476224 4.266447 -4.170716 -0.161486 3.198721 -2.877505 2.389245 0.359642 3.563717 4.097718 0.792251 -2.938919 2.004249 3.386541 -2.015114 -3.965233 4.798411 -3.619759 4.800340 -3.530046 -2.354133 0.839589 -0.303517 -0.358214 3.625051 -3.306281 2.932013 1.873015 2.415645 -4.481993 1.109177 -2.783885 0.611814 -2.722177 2.448857 0.339160 -3.142413 -1.435777 0.617321 -2.302877 3.706636 -1.700742 -1.983071 -1.008362 4.284259 2.059644 -4.010721 -4.378154 -3.139504 -0.189279 -4.933700 2.036045 1.604734 0.434755 2.103931 -1.028530 -3.995592
-3.607223 0.292944 -4.763323 4.780051 2.110216 -1.499572 -0.031922 -1.953704 2.508263 -2.706444 3.885492 2.368317 4.992175 2.655958 4.032315 1.463128 2.546551 2.081032 -3.410718 -2.950280 -3.077972 -2.892570 0.175066 -0.767438 -4.251285 -4.521054 -2.153374 0.125429 4.700263 3.453160 -1.144513 -1.204086 3.030460 -0.400432 1.659273 4.230778 -0.917145 -2.146565 4.469473 -0.317146 2.339890 1.721773 -3.284485 -4.478062 -0.176201 1.856180 -4.862808 -3.143324 -3.031432 4.986133 -1.482692 -0.531014 -2.858330 1.750387 3.823979 0.478565 -2.042110 -2.043511 -2.588996 1.325740 0.858214 4.540404 -2.848783 3.207462
-2.414850 1.574437 1.128636 -0.493072 -1.979789 1.602982 4.821928 0.781715 0.751683 1.272738 -2.386062 3.374259 -1.020685 -1.585197 0.916266 0.940108 -1.183880 -4.738523 -4.568129 0.243125 -2.476418 4.298734 -3.149474 0.393300 -0.639023 -3.597041 2.379562 4.295052 1.951077 3.265078 -0.947447 -2.929789 -2.896026 -3.048382 4.520772 -4.917541 -4.251231 4.688852 -2.464216 -1.652204 4.557175 0.263889 2.318314 0.638048 -0.494837 0.018159 3.348766 -4.349838 1.631442 -0.524894 -3.168614 -4.624705 -0.104086 4.427447 2.160829 3.046608 0.042001 4.378122 0.632457 0.346597 -2.247955 -1.878680 1.060826 1.457815
2.371361 -1.925995 -0.351034 2.471777 3.057481 -0.473901 -2.710101 4.109445 2.093304 -3.016774 3.068991 0.182075 4.009321 -1.544426 -3.466380 4.246860 -0.889554 3.085905 -2.075747 -1.114718 -2.000906 -2.815639 1.701541 3.157989 2.803127 4.932882 -2.816344 -0.823972 -0.114596 -0.196219 -0.964613 -0.313208 1.411319 -4.119893 -1.845214 -3.392578 -2.161326 2.957487 -2.770093 -3.316616 0.401232 0.816918 -2.976727 -1.503908 -0.160396 -2.032855 -0.779228 -0.434974 -3.754921 1.734258 -3.821667 -0.271182 -0.846093 2.805186 3.438228 -0.804306 -1.921313 1.518065 -0.296672 -0.315559 4.677103 3.810457 1.530070 -2.322439
1.784239 -4.540206 2.361733 -0.815473 -0.920996 -4.804040 3.448971 0.218039 -2.312195 4.942392 0.545319 4.341439 1.297192 0.813299 -0.175508 -4.203640 -0.536561 4.753861 2.584709 1.022181 3.589767 -2.846932 4.310660 2.696085 4.949699 -0.814810 3.744132 4.896706 0.919696 -4.267270 -3.358327 -4.095502 3.115334 -4.846295 4.356157 4.162473 4.342052 4.626032 2.982537 -1.190293 -2.839524 -3.884130 4.958575 4.804192 -4.691623 3.332448 -3.644412 -1.156608 -1.412981 2.055253 -2.155092 -2.890578 -3.799064 -1.570766 -4.043639 -2.166515 -3.762572 -3.156177 2.636597 0.101486 0.013295 0.863568 1.121652 -3.837333
0.700868 -2.522382 -1.625218 -1.556006 -1.109157 1.692078 4.961733 -3.722778 -2.610998 -1.307040 -0.725604 2.504706 -2.252427 -1.888828 4.549272 0.713270 -4.815047 -3.087683 2.861936 -0.740634 -0.062780 3.742679 2.651081 -4.320857 -1.481393 1.536549 1.470210 3.566046 0.486560 2.943423 -2.311337 3.956456 1.507776 0.365350 1.635609 -1.786297 1.357123 0.178609 4.859191 0.743180 -1.135682 -0.278060 -3.792281 -1.562178 -0.394628 -2.953120 1.303456 2.927458 -1.598998 -4.277734 0.792093 -3.913036 4.262323 2.058161 0.200247 1.334097 -2.455930 3.791833 4.771212 -1.058739 0.575574 -2.891554 -3.824468 1.614765
-4.933319 0.043523 -0.363931 -3.801028 -0.083791 -4.969759 3.599991 -2.535982 -1.193519 -1.949452 2.077838 -3.373003 0.439827 1.577973 -4.517762 1.069567 1.501060 2.999826 1.749256 -1.629594 -0.900218 2.900652 -3.290061 4.429474 -4.477868 -0.209880 4.908236 -3.807998 -2.644466 0.930272 -3.370301 1.326004 2.838508 -3.486799 0.207451 3.252554 3.051282 4.424394 3.397139 3.622583 -3.707916 -1.438332 0.337255 -4.440349 -0.130674 -1.214241 2.610180 -3.917377 4.209859 -3.213627 -2.793378 -3.601093 2.729059 -2.561063 -0.309152 0.196799 -3.723819 4.384852 0.492312 0.905026 2.379047 0.481448 -4.262239 -1.736674
-2.312230 3.730816 -0.312565 4.719517 0.081827 -4.982953 3.809562 0.815422 0.691064 4.440248 2.478432 0.814524 -0.461897 2.532799 -3.175067 -3.588318 -1.403511 -2.103145 -4.717001 0.423575 2.882854 2.727580 -3.772032 2.553520 -0.723608 1.925827 -0.674776 -0.349541 1.834582 4.382769 -1.911808 -0.186961 -4.551483 -1.914845 -0.176439 4.925859 4.246904 -3.237144 4.444151 0.251133 -2.546438 1.029729 3.215185 -2.517247 4.095305 -2.057888 -3.875811 4.139227 -0.079884 3.152319 -1.762582 3.156679 -2.114862 -4.326159 -3.691390 -0.336248 4.622355 -1.563372 -1.396782 -2.691149 -2.619961 1.179239 -0.125399 -2.914028
4.634445 3.591072 3.102115 2.330141 -1.025171 3.698951 -4.561983 0.341786 -3.965875 -3.880972 1.161293 -0.089657 0.362053 -2.171631 -1.344619 -2.773013 -0.060970 2.021597 -3.798083 -3.483102 2.419367 -0.152446 -2.151114 1.809995 -3.807998 -2.911259 3.390672 -0.252765 0.568337 3.495130 0.833893 -1.585544 -2.581696 -3.594318 -2.178830 -1.020396 3.057911 0.759069 0.315056 -4.064489 -2.257417 -1.800342 0.315555 -3.485538 -3.852750 -2.372403 2.586238 -2.105504 -2.620575 2.855456 0.051489 -1.623983 0.355738 3.918463 4.785284 2.351948 -2.631512 2.150645 2.230982 1.016312 -4.530822 1.447777 2.796791 -4.979367
3.865788 -2.384652 0.810200 4.453384 1.038780 -4.187270 2.894575 1.622572 -1.078518 -0.817141 1.208360 0.444051 -1.407994 3.440768 -3.888388 -3.699242 -3.214359 -1.731161 -0.224501 0.071377 -4.138403 -0.846973 0.773678 3.493821 -1.647107 2.603634 -4.058057 4.728811 -4.816267 1.819133 0.557463 1.579262 -4.532856 -1.056230 1.819537 1.469280 -3.683359 -1.230488 -1.862734 -1.343236 0.945968 2.508132 2.949980 1.584039 -4.333870 -2.410080 -1.100135 0.978673 -4.770991 0.978114 3.841702 -1.380664 -1.464595 -1.168527 3.517359 -3.353138 2.822933 -3.065086 -3.434974 1.768381 2.129004 1.454848 -3.255015 4.355231
4.816698 -3.133169 1.880392 4.957421 4.555653 -3.626753 -3.758104 -0.120592 -4.017651 -0.001247 3.490030 1.592597 1.664877 -3.937834 -4.158725 -4.202428 -3.237782 4.902075 3.735808 2.315801 -3.675619 -3.436170 -2.362349 0.924761 -1.950506 -2.441354 -3.163691 -2.720435 4.381621 1.354578 4.735920 -3.988812 1.043672 1.211737 2.218118 0.135606 -1.801964 -3.171880 2.945327 2.831490 -0.274270 -4.179782 -2.788853 -4.027555 -3.352941 -3.502447 3.521390 0.432086 -3.649186 -0.565315 4.384399 -3.832807 -2.403135 2.711935 0.127126 4.529764 -1.407503 -1.933791 2.224312 3.166659 0.350044 -1.296983 -4.146114 -0.152835
-4.028846 2.927487 -3.210838 -2.463268 4.646557 -4.784521 3.068303 -3.921875 -4.047665 1.136132 -0.801439 0.197095 2.041512 -0.553216 -4.508573 -2.196261 1.269378 -3.434001 -1.847139 2.068612 -1.011098 3.436714 4.428319 2.418980 -3.227519 4.957165 1.208625 -1.854914 3.864179 -1.896286 -1.947116 -4.548260 -2.585528 -1.284069 1.291672 -3.338795 2.244138 4.541663 3.153204 -3.611967 -0.807969 -2.675104 0.106689 -0.689164 -4.091132 -4.055516 -3.160062 4.042864 2.191042 4.334136 4.719632 0.104540 -2.185120 3.759876 2.776460 4.485474 2.674998 -0.411942 -3.829625 3.655574 3.821127 -3.224678 3.741309 -0.094441
2.575394 2.767355 2.614488 -3.561827 1.864084 -2.217906 -2.425560 1.939901 -3.637949 2.387885 -1.382234 -0.830387 -1.480096 2.036045 -1.851211 1.686944 -4.068873 -0.073956 0.043972 -0.691602 -2.615191 -1.001017 -0.890943 3.943435 -4.278763 -2.769330 -2.695396 2.470356 2.163581 -2.405127 -1.893797 2.501801 -1.548298 -1.571317 -1.953718 -3.650540 -2.919298 3.428640 -2.021518 0.191036 3.811368 2.263353 -0.591117 -1.126787 -4.227082 0.499515 -0.136496 -1.793305 0.275844 -4.506219 3.992441 -2.464293 -1.911668 -2.890401 -4.479050 1.069833 3.186868 4.084642 -4.438631 2.707506 -0.540566 4.297791 -3.510727 -0.729933
1.043848 1.327970 -1.674451 1.118114 -3.582587 3.632980 -3.357824 -2.345998 -4.892157 2.594052 2.471790 -1.104366 2.924691 0.599806 0.832159 -1.050135 0.132458 -4.727718 -2.506919 -1.453301 2.341143 4.877711 1.059230 -1.931900 4.991182 4.988081 -3.162788 4.521594 3.114900 -4.942650 0.346350 -4.625288 -3.597108 3.564953 2.833266 -3.429446 -0.490037 0.393699 -0.797057 -0.228561 -3.825784 -4.862132 -3.007158 1.786150 -0.111081 -2.717837 -2.956359 -2.824284 -1.440727 1.414367 3.453594 -4.661243 -3.322590 -0.391644 -3.812024 3.369856 2.371573 1.510697 4.441537 4.743541 1.136320 -0.985890 4.178842 1.701587
0.750998 -3.340384 -2.486210 4.299767 -3.257619 -0.074793 0.052593 3.418967 1.524727 1.718829 -1.942129 -0.856320 -3.730551 -3.870120 -0.361330 2.203895 4.372211 2.506138 4.468366 0.206571 4.981050 0.799599 1.886895 4.677752 4.833614 -0.287132 4.983468 1.063213 4.526895 -2.582920 0.069973 -4.454109 0.693878 4.623254 -1.960961 1.885029 -4.401692 -3.967314 2.417362 3.269968 0.735121 1.633029 0.989141 -4.756623 1.667901 0.942378 -2.244802 -3.227932 -0.234807 1.804557 2.613070 -3.040349 3.542443 1.800295 3.813745 0.024599 1.511959 1.849184 -4.155578 1.763505 -4.220401 -4.643523 -3.150179 -2.913607
-3.541873 -3.329502 -3.315193 -3.017562 -2.228554 1.099437 3.638841 1.707192 -4.607214 -1.343314 3.679603 -1.717109 0.480136 3.152654 -4.776345 -4.657249 1.257656 -4.806527 -0.154852 2.708619 -0.295335 -0.977372 -2.085643 -2.764771 -4.461594 0.686476 -1.055985 -2.361866 -1.042582 -1.415255 -2.666233 -2.029731 -3.558763 -0.857136 -3.562547 -2.528937 3.757275 -2.405404 0.268679 1.417782 4.395033 1.022358 -4.284295 2.966076 -0.133609 4.075460 1.913363 -3.395144 2.743215 3.583438 -4.433006 -3.118620 1.490197 -0.546853 0.142354 -3.913072 -4.046256 3.802022 -0.118110 -3.018740 -4.436312 4.049609 -3.118562 -4.573928
1.520889 -4.038399 4.390419 0.352129 -0.308108 4.864453 3.821124 -1.112688 0.430114 2.321246 1.289463 -1.476733 3.578206 3.195762 1.469512 -2.196095 1.377099 2.990404 4.142454 -1.019766 2.783292 0.528038 4.060034 -3.034777 -1.261096 -4.542729 4.617876 -4.606761 1.670427 -2.658358 1.161023 -3.609889 3.454677 -3.188083 1.454944 -3.617662 -3.756466 -3.581096 0.168090 3.093016 2.516322 -3.836002 -4.230448 -3.009334 -1.358328 -3.333913 -4.536122 -1.716412 -2.191349 4.132319 -3.165331 -4.619956 2.528419 4.819956 -3.763910 4.185069 2.228958 -1.970693 -3.023435 -1.079005 -2.539531 -4.478852 0.620194 4.115134
-3.904285 -2.016662 2.793501 -4.555677 2.276917 -1.463042 -1.954730 0.201680 4.313231 4.069671 -4.896608 2.775143 -1.700113 0.364119 2.354255 4.157366 2.138054 -2.647192 -3.824954 -1.232395 -1.823754 -3.960938 -3.736004 4.462029 0.958997 1.768518 3.768327 3.458427 -4.594738 -3.697290 -2.430296 -4.996756 1.471440 -4.601188 0.556715 0.136718 -0.979631 -3.113004 1.352107 -2.121681 2.144813 -2.151856 -1.454218 0.632940 0.805174 -1.854930 -4.283563 4.033482 2.843128 -3.264787 2.511028 0.674087 2.799820 3.413899 -4.149356 -1.139962 -4.184934 2.836691 2.960138 -4.096410 -3.637855 1.786133 -3.334379 -4.958036
-4.453205 -4.226601 4.377735 -0.198222 2.670905 3.618441 4.692538 4.406137 -0.965170 1.350582 0.502779 4.899375 -0.931338 2.899373 4.530621 1.582397 4.088742 -2.465503 3.491818 1.102161 3.889146 -2.293575 -1.475227 -2.213780 -3.720425 -0.182857 -4.486959 -0.337899 -2.154096 2.877158 -0.795802 3.327169 4.723992 0.974174 -1.275645 1.501585 2.313039 -1.406403 -0.495234 3.620611 -1.997658 4.537834 -3.581575 -4.346882 -4.535350 3.573060 -4.004614 -3.641577 -4.200836 -3.442490 -0.073669 4.544048 -2.538661 4.965965 4.464990 -0.281058 4.284731 -2.475161 1.067535 2.556413 3.374011 2.325305 -0.082135 -0.936386
-3.448822 1.222499 2.780946 3.829816 3.204735 1.829873 -0.766098 0.255595 -2.469004 2.090843 0.505055 -0.946358 3.815408 1.711350 4.349495 -0.918826 -3.551489 0.960470 2.650601 4.358753 2.335405 1.307439 -1.809929 -3.390076 -2.822052 -0.796250 2.030781 -3.841388 0.800118 4.016460 3.746630 1.236069 -2.348268 4.092137 -4.657229 -1.407037 -0.042676 0.084201 3.577094 2.460201 -1.457117 -3.833618 1.178066 -4.721293 3.273714 0.863792 2.394058 -0.833568 3.088186 -0.212174 3.860966 3.202595 -1.469846 2.379080 -4.985482 3.859545 1.343722 4.990205 -0.397143 -2.983640 -3.103085 0.785177 1.880592 4.521892
0.468878 -1.777005 -2.184178 -0.864085 -0.136767 -0.444687 -3.460736 -3.454708 -2.414527 3.825953 1.466199 3.017841 4.896448 4.085005 -4.932030 -3.122947 -0.440781 -2.372142 2.539386 -2.023215 -1.779848 -4.616064 -2.386171 0.269779 -2.980316 -1.998152 -3.314113 0.324841 3.986150 1.661382 2.401527 -1.496734 4.583061 -2.583372 0.458984 -4.505295 -1.747133 4.709509 -1.857227 -2.048945 -0.784733 -4.047021 -4.547722 -0.701330 -4.378453 -3.440197 -3.023978 -1.262920 1.256091 1.224417 3.683184 -3.670175 -0.482478 2.202017 -4.956815 -2.764815 -1.386810 0.408470 1.144404 -3.704445 3.393855 -1.282940 4.224630 -4.428469
-4.091105 2.318510 3.713689 -3.023160 -1.476155 -3.631317 -1.653364 0.844548 -0.858910 0.232402 -4.574707 -3.201658 -1.832736 4.289176 2.093946 4.740006 -4.236566 -0.889099 -4.336124 3.199790 3.248113 1.077529 -0.883759 -2.344250 -4.646265 -1.484511 -2.701044 2.088544 2.850293 4.409410 3.393132 -4.644213 -0.576525 -4.252366 1.592711 0.909485 3.890692 -0.764254 -1.304376 2.363238 3.879364 -1.306695 -3.335776 -1.467901 -0.457512 -4.075597 0.476158 -2.596488 2.501536 -2.397723 -2.061108 -1.596552 -0.884491 -2.331359 -4.199795 3.483573 -1.041483 -2.066204 3.219568 0.914487 2.668857 -4.849552 -1.205195 -4.216553
-4.252578 -3.318151 4.428224 -2.096467 2.907013 4.428640 0.622897 -1.397864 -2.663823 1.609394 3.144407 -3.274502 3.681305 -1.752184 -4.470345 -4.442256 2.387538 3.470296 -3.802419 -0.840887 -1.690261 -4.335397 0.843992 3.195157 -4.228283 2.911914 -3.612847 -0.433488 3.233834 -4.573286 -4.732245 2.315869 -2.950645 0.831663 1.217291 -1.439063 2.967505 -4.394134 -0.108498 -0.210154 -3.032614 -1.118929 -3.981246 3.535805 -4.956646 1.869843 -1.743444 -4.109846 -3.873237 -3.418739 -0.245724 -2.506414 -1.132791 4.276562 -1.830522 -2.310668 0.661996 -3.870434 -3.396629 -0.559808 -0.595392 2.543086 2.780582 0.086858
2.615128 -3.922470 -4.491747 -1.894399 -4.856224 -2.712935 3.616359 4.497207 4.652577 -3.337456 3.866655 0.699651 -1.977659 -1.341200 0.900765 -3.779247 1.257803 -4.028304 -1.732732 -3.178743 -3.907510 -2.540964 1.523936 1.383939 -2.823291 4.794431 -1.057019 -2.743415 -4.082965 -0.486362 -3.122940 0.138089 -1.731445 -3.326978 2.460506 -3.805355 3.939417 4.226395 -1.163590 3.778122 2.115350 1.716234 -2.771151 1.797624 -1.805898 1.837638 -0.080002 -4.823178 1.878269 -2.407578 1.103810 0.890397 -4.337904 -3.204873 2.565673 4.417609 2.180700 -1.013987 -0.591787 1.284605 -1.087666 4.558057 -1.744764 -3.619781
-4.825718 3.191424 3.299766 2.214841 0.502241 -3.586399 1.934495 4.550010 -0.616934 0.026156 -1.385934 1.590199 -3.529689 -0.990757 -4.699190 -2.935587 -4.316488 -0.662479 -3.951151 -4.011101 0.330527 -2.061058 -0.985118 -4.601036 -2.983662 0.450626 3.002257 0.291693 -1.181121 1.618190 3.672446 -2.427244 4.040179 3.417795 -3.185354 1.564956 3.231662 0.976746 1.728518 -4.268589 -3.746090 2.274203 -3.108496 -1.632025 -1.069687 -2.179293 -3.370393 -1.309988 -1.350083 3.364297 -2.722491 1.086488 -0.856297 -3.983357 0.253371 2.647527 2.671077 0.219530 -4.220504 -1.901879 -0.834989 -0.119044 0.581855 -2.138350
-1.752573 3.189649 -4.610981 4.296313 -4.170898 0.164959 -0.300563 3.191505 -0.897237 -1.645775 1.049452 -4.652566 -1.955711 -0.528488 -4.238429 0.779915 -0.572277 3.425304 4.735654 4.792013 -3.817955 -0.345552 4.582752 -0.242286 4.292874 1.733988 -3.101564 1.015312 3.857218 -2.146121 -2.827381 -4.050893 1.071369 3.577077 1.793365 -4.898218 -3.242277 -4.338031 -2.545570 -2.567781 0.517339 0.668658 2.595531 -2.301549 -2.462445 -2.175250 -1.767971 -4.302838 1.635273 0.590786 0.115381 0.543062 -3.106958 2.785282 -1.926875 -1.718966 -0.081259 2.352117 -4.029436 1.949294 -2.941009 -2.607003 4.208462 -1.355856
-0.858781 -3.744739 -0.753212 0.337674 4.634562 -2.569518 -3.183864 0.626884 4.699570 -4.220836 2.159784 -4.335786 -4.614732 3.591881 -2.401658 -1.434014 3.032346 -1.654297 2.950870 -0.723620 4.637982 -2.129341 -0.191591 -4.135431 1.126542 -1.495171 -2.077361 -3.550373 -4.826771 2.263064 2.869506 -0.540823 -0.138923 4.287510 -4.313182 -4.056022 3.997811 4.951464 4.630239 -4.253950 -4.112407 4.752745 3.693328 -2.111148 -0.242249 -3.797034 -3.372460 2.730695 1.075561 -2.783748 -4.235509 3.213189 0.876970 -1.933731 -1.945582 4.185613 0.672467 3.724957 3.592574 -1.149629 -1.557827 -1.755628 3.499383 -3.596450
-4.648233 -2.293179 4.423061 -1.900386 -4.477854 4.747855 -4.795610 -3.521608 -0.749675 1.538107 4.762588 2.531593 -1.755797 -0.872632 1.574621 2.024645 0.692567 1.528364 2.250612 -1.018563 -0.000036 -4.478261 -4.988918 -2.987019 -0.254488 4.277205 -4.470997 0.983065 2.239476 -2.787632 -2.212865 3.661388 -4.922335 4.951620 2.301430 -3.613569 3.303462 -3.861387 -4.170415 0.699091 2.679960 2.458920 4.913345 -1.048403 1.208129 -0.108979 -2.270025 -3.017410 -3.164739 1.147256 -1.505332 -2.175833 -2.054848 1.282771 -1.583704 4.229400 2.580724 -2.873587 -4.540044 2.691039 -1.583276 -1.371831 -0.388677 -1.178353
-4.724027 2.610325 2.822516 3.929146 0.731161 4.590176 -3.898454 -4.139503 -1.310785 -2.680521 0.874321 -0.634230 -1.896834 3.246787 0.353442 0.771953 -3.424058 4.862939 -4.181072 0.677880 -1.417410 1.229950 0.554349 -3.267036 0.384958 3.906443 -1.591002 0.969868 0.716884 -0.544310 -4.968836 2.744745 -0.948866 2.864333 1.896220 -1.322568 -1.878070 -3.972842 1.022765 0.525461 4.371825 1.445242 1.754633 -3.463419 -2.803703 1.081443 0.156337 -0.990377 -4.356211 3.324911 -4.110536 3.827332 3.166446 2.528702 -4.230384 -4.531100 -4.452736 -4.131610 3.603242 -3.065669 -4.997821 -3.887063 -3.557014 3.445909
-4.360990 -2.053550 -0.083466 -1.858118 1.734002 -1.311405 -3.489273 2.582171 -2.439974 0.194073 -3.832698 3.015224 3.409544 0.931306 1.666765 -3.318696 1.899331 3.387238 0.243865 -2.547821 -4.070126 -2.507477 -2.434858 4.752600 4.367842 1.666224 2.504430 2.995364 2.184941 -0.935667 -4.584294 2.374894 1.881313 -0.916036 3.051916 -2.045483 -2.443691 -3.273156 -0.331665 -1.429636 -2.752785 2.305682 3.005044 4.882071 2.020123 -0.872290 1.227331 2.415235 3.277255 -4.533446 -2.749579 -0.385395 2.990532 3.268773 -2.881855 -0.478591 -1.508435 4.112242 -1.141528 -4.593871 -4.697315 -3.185497 2.711926 0.382331
3.314944 -0.865253 0.289517 -2.706808 2.296282 -1.331246 1.928339 4.241678 4.303486 2.418328 -0.702020 1.692694 -2.769283 -3.612477 4.301200 -4.556337 3.779420 4.880280 0.447075 1.090388 3.746034 4.138007 1.659351 1.037871 -1.112785 -2.455997 -0.224869 4.481319 -2.262797 3.740634 -2.167652 3.701590 1.274450 -2.773752 1.918863 3.779671 4.553604 -1.138683 0.149752 2.575000 -3.387712 -0.983576 2.352271 -0.828393 -3.613043 -2.420523 -2.367658 -3.641810 -3.356295 -1.326015 3.394695 2.315518 -1.173627 0.006595 -2.386883 -2.703819 -2.874470 1.796576 1.518145 -0.304143 -1.995044 -2.885364 -4.779136 -1.653506
-3.815128 1.396103 -0.462540 4.259285 2.935146 3.291048 1.113297 -0.947962 -4.540133 -1.977836 -3.806320 1.015719 1.537282 -0.643365 3.786491 3.665224 -2.414704 -2.310060 -2.947270 -4.914396 -1.606519 -0.551361 0.919524 1.738173 0.297249 -2.483724 -4.078207 -3.069716 3.098963 2.964022 1.807608 2.186737 -3.013174 1.279819 -4.417885 3.465724 -1.272142 -0.469243 -3.918823 4.921076 -2.751024 0.274445 3.060216 -1.746159 1.380408 4.698150 -0.939253 3.627863 2.373036 -1.023467 -3.282911 -2.478281 -2.256354 2.282532 -4.559132 4.647852 -2.714435 -0.273576 4.234398 3.728963 -4.095566 -1.648918 0.889506 -4.842880
3.091825 -0.358978 -2.257957 1.458779 -3.064010 0.895252 1.231673 0.495338 -4.938165 -3.596829 -3.401678 2.979690 2.272405 0.319371 2.855736 -1.836166 -0.804729 -1.997634 2.052152 3.478267 -3.634167 0.362774 2.676424 -4.465731 3.441491 3.668751 -0.633980 1.573437 -1.029494 2.861205 1.604388 0.073991 -0.542169 -4.333654 3.344726 -3.591641 0.427722 0.083668 -4.497940 0.952984 -0.916264 -2.639793 -2.008989 -1.012730 1.203363 -3.580941 4.462892 -4.516634 2.030580 4.244955 4.569066 2.252332 -2.312466 1.962352 0.244310 -2.582921 -1.082939 4.284536 -1.536394 1.615487 0.101557 -0.328293 -3.231113 -1.892956
4.220873 -0.361698 1.590107 -4.482953 -2.072511 -1.344851 -4.483702 -4.272156 -3.909429 4.996716 4.391555 -4.012809 -1.595876 0.830487 2.924086 -2.321726 -4.080106 0.733402 -2.815876 1.138664 -0.097069 1.808461 0.639135 -2.720251 -3.362813 -0.700680 0.491766 0.668647 0.195534 1.611776 2.834140 -2.337995 -4.925690 -4.039778 4.953527 3.449097 -2.310061 -1.811287 -2.112170 -1.315218 -1.638801 -2.575477 4.127269 3.908491 -4.177505 4.845885 -3.691594 -2.120836 -4.243033 3.825163 -3.754762 1.738058 2.065727 1.027375 2.121445 3.380951 -2.812474 -2.234138 0.644336 3.304491 -2.891751 1.485779 2.589231 1.492559
0.472653 2.527203 4.384507 -2.449245 0.772038 -2.140284 1.285140 1.224791 -0.317414 3.280801 4.914840 4.497517 -1.549271 3.596708 -2.795421 -0.621344 -3.887068 -0.061631 -0.607778 0.398540 1.981030 -0.164672 2.504195 3.689973 -3.672547 4.821348 -0.261367 2.896656 -0.089295 -3.339865 1.335311 -1.832679 2.170147 -0.653413 0.685949 4.328060 2.020018 2.883418 1.246385 -2.518922 -2.302555 2.508159 -4.393869 -3.302659 -4.383740 -1.582490 -3.512917 -2.896918 1.001269 2.890573 2.548436 2.245483 3.068006 -4.941927 0.263527 -3.705795 -0.064495 0.545711 -4.843702 3.163509 3.120679 1.710309 1.920568 -3.802857
3.097994 -2.968203 2.347919 4.991657 3.163288 -2.042374 0.706962 4.315030 0.299160 -2.755819 -0.171316 -1.777492 -2.780170 3.087728 4.380442 1.787932 -3.339800 2.996943 -4.029356 -2.954547 2.826108 -3.574391 3.304075 4.952352 4.074149 1.293447 0.252381 -0.460854 3.515548 -1.749359 -4.459387 0.271470 3.500328 2.182719 3.748447 -3.223362 4.518803 1.037239 0.944310 -4.152116 0.727216 -2.082728 -3.404786 -2.087345 -0.445870 3.223779 -4.136074 2.444437 -0.724811 3.777488 2.438634 -1.785066 2.934896 -2.320127 4.347409 -4.280748 0.111645 1.268984 2.556338 0.899213 0.358266 -2.116907 -0.958694 -2.240192
-0.844951 2.997277 -3.569849 -3.665869 -3.150157 3.539689 1.689019 -2.841438 2.563820 -0.782368 -3.079597 0.605860 -4.974310 -3.922184 -4.921442 3.518975 -1.500685 4.954547 4.763550 -2.366425 -3.075879 2.849259 -0.179616 3.874029 4.493569 1.571790 -3.430972 3.281126 3.561900 4.395659 4.945018 -4.279159 -1.785443 2.257944 -0.124912 3.767200 3.987726 -3.553195 2.481739 -4.537579 -1.305998 -2.303266 3.821651 3.964833 0.036999 0.515144 0.849622 -2.662884 -3.485330 -4.913809 -0.922173 -2.700552 2.185368 -1.926220 0.583981 4.696208 -3.176141 2.531540 0.890452 -1.950884 -0.518029 2.340595 -4.601468 0.360417
3.743437 -4.606704 2.123173 -1.680128 -1.590653 0.313429 -1.864480 2.775185 -0.106073 -1.556501 1.423206 4.336164 3.541691 3.106656 2.526455 -3.011860 -0.393715 -0.151878 -1.428226 -0.040973 -4.020935 0.484027 -2.973506 -0.636438 0.112517 4.879838 2.964390 -2.523366 0.405405 -0.317561 3.790630 -4.606670 -0.083211 -0.374560 -2.343813 -4.895441 -0.733374 -3.388376 -4.741452 1.606213 4.747377 -0.807959 1.914351 1.095100 3.727566 -1.578870 -3.688943 -4.282223 0.515244 -0.314558 2.968606 -3.418839 -3.476208 -0.837741 3.210237 1.241344 2.672886 -3.056722 -1.306904 -3.735886 3.349338 2.722762 0.745585 0.338694
-4.196627 -3.085165 4.539504 -2.119861 -1.715637 -3.576824 3.359657 3.672259 0.110058 -4.760875 0.124752 -3.820508 -0.176587 -3.372724 -2.190588 2.520135 0.101310 -2.415671 -0.323020 3.512621 -0.044420 3.923346 -4.516839 4.679702 -2.240229 1.653753 4.156577 3.924648 2.919012 1.064271 -1.250623 0.681906 3.431088 4.197497 1.235325 1.035232 1.998596 -1.649500 -0.780100 -1.990053 -1.839775 -2.758749 1.178713 3.829271 4.919459 1.197322 2.703742 -2.115613 -0.671472 -2.548301 -2.119069 -4.070260 -1.275124 -2.746800 -4.677027 -4.516637 -1.105126 2.965670 -0.483404 1.743948 0.028635 -1.204570 -0.229934 4.642850
1.218062 -0.654725 0.109549 -0.316923 -1.560070 3.126102 2.782629 -3.275602 -2.948768 -1.789304 1.532559 -3.975177 -2.013055 0.197463 0.701849 -0.447127 4.553260 -3.269152 -2.696989 -0.778015 -0.249122 4.546784 0.772887 -4.318961 2.322483 -3.608635 4.322102 1.771767 -1.238348 4.007900 4.088909 -2.305145 -1.222751 2.540696 1.134849 4.910135 -1.929991 -4.153571 3.034341 3.602767 -2.980813 2.819300 4.043596 -3.469457 -2.427319 2.539105 -2.714151 0.308764 -3.037360 3.021757 -1.608253 4.864590 2.710369 -4.467521 1.908085 1.002930 0.887076 -2.829655 -2.838937 -2.172246 -0.008496 3.999628 3.166772 -0.197018
-4.712701 -0.399443 1.971900 1.574762 2.820473 1.825317 0.957201 -2.178975 3.873544 -4.277273 2.300736 0.934030 -2.629332 -4.589622 4.796264 -1.914252 -3.698043 -3.023958 1.093852 -3.431322 -3.190806 -1.390476 1.318959 1.945467 -3.580809 -3.939410 -1.645636 -0.164509 -3.164644 3.150405 3.896676 1.850424 0.126096 0.555554 1.622804 2.660450 4.266883 -4.805014 0.623038 -2.807576 -0.447886 3.816008 1.364861 0.012422 -4.523924 -1.160852 3.033465 1.652240 -4.683629 -1.184023 1.440221 -4.213402 -4.891707 3.880361 -2.866266 -4.285990 -2.251222 -0.190744 -4.548081 -1.379935 3.684411 -1.891545 -4.482029 4.539174
-1.241890 3.242101 4.280677 -4.143661 -4.431997 0.232647 4.269917 -3.518472 -4.854506 1.695222 -3.556966 -2.143461 0.506645 -0.483774 -4.483968 -3.748715 -1.530044 -4.225373 -0.109690 3.714656 -2.158526 -4.038373 -4.352993 -3.245141 -2.975015 0.443285 -4.786812 2.558052 0.084709 1.155780 -1.311360 4.877297 4.376417 -3.635679 3.348226 3.889301 -0.513819 0.867581 -0.532443 0.526914 -0.208636 4.785682 1.686404 1.264234 0.963171 3.226440 4.777853 -3.433149 3.719817 -3.154662 3.925048 -4.906516 4.255655 2.743878 -4.727405 1.377538 -1.820291 -1.030875 4.513828 -3.217712 -0.195522 0.125699 2.496754 -1.168766
4.591262 -2.029334 3.266410 3.252738 -4.594751 4.187597 0.577038 -0.797487 3.360979 -0.463133 -0.554881 -1.497216 0.857988 4.202955 2.825649 -0.824981 -4.766340 -4.481515 2.326204 4.839020 -1.622899 0.876598 2.023286 2.801589 4.314771 -2.892222 1.115042 0.552001 4.543439 4.368190 4.308829 -0.005956 2.463335 3.940204 4.857450 -1.870830 -2.123081 3.340401 -2.665333 -1.669560 -2.529141 -4.388502 3.351322 -1.722548 1.993515 -3.061061 0.366122 1.671935 -3.334332 -1.208886 -4.634431 -2.890675 1.636498 -2.278491 0.641564 -0.904296 -2.102554 -4.514226 0.940989 -2.529463 -0.347781 -3.842522 -1.727582 -2.932936
-4.929041 0.326141 4.112529 -1.244515 1.010873 4.361189 0.130942 -2.155974 2.641260 4.824866 -1.895540 1.908918 0.541897 0.163307 0.457273 4.051939 -1.920314 -0.099321 -4.542695 -1.531383 1.543547 1.546781 -3.672444 4.335676 -0.609867 0.871441 -0.089443 1.617432 -3.644340 -3.510115 -2.005041 1.695525 -2.797585 0.474844 -0.916457 3.940743 -2.460405 0.846001 0.041277 3.682945 -2.793523 3.818198 0.995022 -3.157667 -0.528921 1.292638 4.093360 0.959810 3.757375 -4.202473 -3.980757 0.721094 -3.773003 -2.219689 -3.910900 2.635917 -1.802753 -3.066498 -3.586180 1.395044 -4.323626 -0.123203 -1.579930 2.850297
2.473128 -0.272704 3.751918 -1.934630 -4.675609 -0.508031 -0.381117 0.465745 -2.958244 -4.248685 0.663924 2.185847 3.724652 -0.010761 -0.391535 3.594961 1.598774 -1.454966 0.354399 3.506116 -1.337880 1.817128 -3.540506 -0.762505 0.105444 -4.057597 -0.392082 4.853768 4.114831 -3.585235 4.004051 -2.824902 4.055104 3.540603 2.972274 1.232349 0.775197 2.304438 0.391940 0.831465 1.227514 3.024152 -3.429550 1.696221 -1.910652 1.663302 -0.160800 -1.267030 -0.034190 1.710151 -1.884282 -0.645631 0.290556 3.099493 4.392730 -3.475059 3.116109 2.292682 -2.141157 3.892440 1.900964 -1.809259 1.634439 -3.871186
3.136470 4.912141 0.691191 -2.139871 -3.254607 2.660841 -1.092535 0.846293 -0.473167 4.185290 4.904221 4.806065 4.598038 -3.983795 -2.930762 2.108659 -3.095204 1.260683 0.653140 3.032711 -0.129249 -2.751855 0.728169 2.922627 -3.545178 3.962071 3.266947 -1.099906 -1.152609 2.573419 3.626694 -4.972372 -2.859961 3.586623 -3.968980 3.647436 -0.366262 -2.524673 -4.561654 -1.979385 -3.846745 -4.948380 -1.359748 -1.044346 2.211383 -1.587479 -1.321223 -2.803780 0.861404 -4.357200 -4.716733 1.997486 1.046216 0.408491 3.469548 -0.892797 -2.259847 1.410597 4.214105 -3.031892 2.822619 4.060205 -3.604913 1.033924
-1.899035 0.655872 1.067827 2.511486 -2.476753 -1.729922 -3.803831 -3.815463 3.866853 -2.977506 -0.875318 -0.023901 1.348556 -1.946041 1.858854 1.756823 -2.072994 -0.730933 4.734006 3.903663 4.676882 4.027088 2.714606 1.207796 -2.530675 -1.897228 1.763203 0.401841 -1.513663 4.014145 -2.162384 -1.174628 -1.870261 3.076580 4.506757 -0.215017 -0.166723 2.189222 -3.201867 3.330992 -1.709649 -1.191916 1.573641 3.552522 4.611392 0.409873 0.954220 1.131109 4.973345 3.943063 -4.863284 3.341161 4.468762 2.312424 3.337902 1.158784 4.716972 4.950783 4.904652 3.622314 2.990758 3.174317 0.974323 2.114562
3.462197 -3.737272 3.994537 3.290956 -1.283329 3.065259 1.478348 3.504840 -0.917850 -1.441882 -3.896668 1.131877 0.515570 -0.818892 2.571511 -1.294352 2.643732 2.153212 0.384178 3.951414 3.900212 -0.104301 -1.136559 -1.117061 0.524262 -0.245609 2.438252 1.686624 -1.709657 4.768429 3.017673 4.299083 1.268584 -1.194872 3.638684 2.541386 4.440817 -3.213109 -4.621522 0.029197 1.489786 0.721012 2.754377 4.489046 -4.408924 1.789407 2.355547 4.992829 1.277050 -1.169796 -0.873401 -3.143613 -4.444536 3.219137 1.374721 -0.921543 -0.263171 -3.740381 1.320120 -0.619043 2.524753 3.013943 0.130161 0.540669
1.273897 1.942960 4.450613 1.322045 1.585041 1.218349 -3.160885 -2.639629 0.208410 3.208797 -0.003492 -4.171355 1.704657 0.151954 -0.800655 0.546624 2.507430 3.978039 -2.651453 1.419407 3.334010 0.956289 -0.288745 -1.075332 0.780123 -1.594087 4.078184 -3.424595 -1.014018 1.665352 -4.183718 -0.311190 0.440848 -0.230048 3.890291 -1.262122 -1.935784 1.410099 -1.553145 -2.869411 3.993172 3.502153 2.985131 2.574517 0.350847 -2.529311 1.828623 -3.835885 1.348183 0.431195 -4.034860 -0.454002 -2.092143 4.347562 2.125388 4.283093 -3.028172 3.090836 -0.315929 -1.198606 1.261645 -2.375744 3.640588 1.403184
-1.526363 -4.661250 2.525858 -3.687864 0.600773 -1.733595 4.257403 -3.820745 4.175745 -2.704064 3.732507 3.606760 -1.274854 3.984023 1.979719 -0.986966 4.151130 2.805609 0.948388 -3.927491 3.240324 -3.498790 -0.956493 2.182923 -4.439728 -4.082718 4.778958 0.885919 2.707883 -3.234859 1.485634 -0.874155 2.571258 -2.428847 -3.988358 -2.541714 3.583441 -4.195426 2.880049 -0.141533 0.574799 -1.269474 0.655972 2.289636 -3.764626 -4.454738 -0.447772 -3.281785 0.951656 -2.969768 -4.941567 -4.962775 -0.664670 3.185472 -3.312901 0.517023 -4.786283 -3.456442 -3.807629 4.165308 3.274382 -4.595205 -3.585581 4.827174
4.549152 2.941644 -3.968364 -1.839655 4.230801 -0.122963 -4.553316 2.728057 3.319047 -0.493935 0.854306 4.973385 3.817598 -0.341571 -2.866401 -4.892303 0.786608 3.509490 -1.829588 2.848375 1.783358 4.815422 -3.677696 4.032068 2.375262 -1.859201 2.467073 1.036292 -3.673704 -2.689872 -1.390332 -2.338210 -2.771832 -4.676397 -2.056832 4.047464 1.103330 -1.870572 3.211267 -4.888489 -4.746106 2.265661 -2.396519 -4.056279 2.555797 -2.938359 3.554723 2.246299 3.550031 -0.345396 1.761318 -0.656578 0.169585 -1.788242 1.887761 0.785262 -0.596947 -1.967064 -4.557445 -2.557421 -1.768710 -3.859901 4.812833 -1.842780
0.070663 -0.880221 -0.930778 3.368020 -4.740546 -2.689011 -3.225533 0.102032 2.545966 -0.860346 -0.819101 2.115547 4.118387 -1.437440 -0.902104 3.794140 3.607655 1.623034 -0.952946 0.627238 3.794231 -2.545833 -2.810813 4.874054 -0.745271 3.574047 1.300272 1.493371 3.309725 -1.051002 -4.484945 1.858129 -4.324572 1.930548 1.445417 2.770189 -4.224307 -0.580639 -1.435902 4.629458 -0.165348 -4.456111 4.030395 -2.056232 -4.260914 0.492877 4.536349 -4.654386 2.524900 2.707650 4.135532 1.361318 -2.629329 4.956016 -1.703187 0.012915 1.335801 -1.660803 3.793245 -2.700069 -2.440988 -2.054109 -1.972412 3.228401
-1.817270 3.443486 -0.383605 1.911810 -3.257874 -0.133952 1.068327 -0.387961 -1.250397 -0.910340 1.127893 0.405164 2.856355 2.498644 -3.241232 1.379989 -2.542298 4.816471 0.327282 2.967821 -4.101718 -0.577061 3.311825 -3.211791 -1.616522 4.362944 0.391828 1.096851 1.250657 3.282196 1.751129 1.527495 3.337551 -3.283053 4.336097 0.157055 -1.230751 0.054755 -1.320096 -2.394954 2.485542 -2.499615 0.577561 3.781245 0.897666 -4.456677 2.202792 2.609438 4.436225 0.436125 4.876495 4.418928 -4.875926 3.802501 -3.075106 0.314442 -4.859989 4.983276 -2.872167 4.474735 -4.667022 -4.814238 -2.014785 -3.176569
2.852921 -0.085339 -0.393629 0.309372 1.844484 4.867722 3.611630 -1.981951 -0.411177 4.728292 -0.585643 0.706761 -0.699301 -4.266822 4.572862 2.643534 3.596707 1.526862 -2.093284 -2.511578 -2.689355 -1.222441 -1.181977 4.282417 -4.036850 4.450436 -3.221991 -0.951051 -4.932820 1.697869 -3.231105 0.570029 -4.241957 -1.882528 0.732908 0.578095 -2.723392 4.643041 2.687059 -0.737138 -4.184845 -4.950658 -1.106282 3.915309 3.371540 -4.680512 2.880236 3.124156 2.060111 4.944244 -1.722897 3.950489 2.009570 2.251342 3.014761 -3.665518 -1.984977 -1.371708 -4.130493 2.964744 4.088387 -0.026123 0.130318 0.492722
-4.647559 -2.885947 -4.606631 -3.435890 4.973886 -2.339441 4.213490 -4.333735 1.379687 -2.338580 1.064239 1.338411 2.288591 3.647679 -2.607693 -1.651323 -0.304363 -1.093922 -1.186921 3.983299 -3.058218 -1.698433 -1.954212 -3.609588 -2.231855 2.283661 4.290409 0.271946 2.391658 3.879924 -4.785238 4.653793 1.854376 2.617368 0.088386 -4.478845 3.301919 2.421182 0.146869 -0.923748 4.260819 -2.035896 3.441429 -1.400604 -2.008552 -4.715288 -1.136301 -3.841152 -4.865067 1.400515 -0.929878 1.759058 -1.016882 2.386974 -4.502054 3.339623 0.476026 3.083681 1.553703 -4.008998 -1.795258 -1.420605 -3.750754 3.355268
-2.013437 -0.051974 -0.447918 -3.885076 2.761695 -3.632811 -4.719317 -4.376291 3.964675 3.640520 -2.910499 1.210900 -2.141383 0.255082 -1.982648 -3.550027 4.262329 -3.808603 -4.600875 0.368083 1.523759 -1.299088 0.677941 -3.690474 -0.806294 4.861965 2.793288 1.775542 1.172318 1.593245 3.465265 -4.669425 3.987921 1.976611 -1.642424 -4.981611 1.865919 -2.338020 2.405978 -4.429494 -4.748091 4.123088 -3.243656 -4.494109 -4.480590 0.056251 -1.745859 0.822017 -1.845409 4.504957 -3.230730 0.189466 3.564765 -4.671835 -2.282717 -2.292551 3.829382 -4.991557 -2.365739 0.083267 2.724788 4.660323 -0.906240 -2.793978
-4.864019 -0.649389 1.581125 3.666783 -4.180477 3.837598 2.721639 -4.325887 -1.717468 -3.167102 -3.939740 3.339154 3.259872 -0.327557 -3.482269 3.503136 1.847523 -2.889692 -0.358360 -3.761251 -3.224968 -2.221964 2.389717 -2.111431 0.964459 -4.662947 0.582204 -0.065752 4.444604 4.843932 -0.143179 4.038773 -0.372404 1.050332 3.777821 2.613485 0.949323 1.020422 -2.546096 -3.396113 4.060671 -4.771214 2.777630 3.019748 2.527862 4.071930 -4.343291 4.410674 1.995518 -0.791556 -4.301077 0.836734 -0.652040 0.315921 0.206277 -4.421159 4.171361 -2.078862 -2.707728 -3.895966 -2.374191 1.567886 2.136086 -0.372368
-4.384141 2.876534 -3.057410 3.221871 3.896830 2.496983 1.920634 3.353458 3.780054 1.115370 -1.388472 0.993461 3.638291 -0.045700 -0.569282 -4.179853 -3.882124 2.239448 2.436202 -1.238092 2.915063 1.997940 3.408722 -2.196830 1.360740 -3.349469 3.876123 -2.175637 1.220435 2.659692 -3.785015 -3.315459 1.860543 -3.228915 -3.172272 -2.751996 -1.410313 4.889260 -4.939550 3.057532 1.664142 0.373418 -0.633487 4.035779 -0.625312 3.989679 -3.509813 0.368115 3.868890 2.698318 2.465364 -4.948132 -1.877840 -0.593515 4.625024 -3.392406 -1.393450 4.790598 -0.638380 4.905858 -0.039369 3.182211 -0.217627 -1.751110
3.389191 -3.267456 1.418883 2.091669 1.334107 0.154163 3.410677 -2.144707 1.766451 -1.632575 4.509729 -0.967997 -4.010381 2.120485 -1.461261 2.239144 4.055875 0.134316 -3.657377 2.698840 4.546415 3.845183 -2.544707 -3.384938 0.676076 1.789618 -4.298326 0.436881 3.968136 -2.650529 -3.499871 -1.418791 4.117380 1.791496 4.767364 -1.504384 3.918168 3.338829 -0.365986 4.369112 -4.691230 0.014644 -2.161153 -1.944181 -2.293560 0.839097 0.552816 -1.651482 1.858132 1.111180 -3.601743 3.144663 -4.507315 3.667688 -0.160832 -4.224667 -4.057592 1.245150 -1.469986 0.336824 3.274656 0.410213 2.305086 -3.485467
0.178338 4.955924 1.948345 -3.017748 2.779789 4.701801 1.389039 4.717073 4.040472 1.056977 -0.734688 -2.975785 -2.021541 2.558308 -0.883066 -0.027815 -0.012733 2.347579 -2.025502 -0.407725 0.493678 0.828414 -0.255528 3.225685 -0.430615 -2.274424 -4.578199 4.304409 -3.667139 -1.094824 3.973232 2.506648 -2.014919 -0.789608 4.094643 -0.622802 -0.159044 -0.258045 0.949887 2.766321 -4.059858 -4.822049 0.338528 1.476440 -0.586548 1.315699 1.441901 2.356527 1.148253 2.717935 -0.228164 -4.711246 2.999288 1.340344 -3.596353 -4.851541 3.709365 -4.200970 2.527554 -0.509056 2.149441 -3.596799 -3.781486 1.565086
-2.141155 4.641112 -2.687697 -0.825590 -1.721606 -4.353319 4.078235 -3.015991 -1.997920 3.260316 1.133390 2.458840 -4.984377 -2.266457 0.052514 -4.115401 4.882310 1.810760 1.100662 2.576124 2.042964 -3.621501 -3.794739 4.427155 -1.162826 -2.124749 -3.050025 -4.245498 2.125523 4.870307 -2.196246 0.582781 -4.227612 2.534019 3.761716 1.226953 -0.886844 -0.618853 4.303870 -0.673289 -1.341373 -3.069855 -0.964794 -4.173790 3.148271 -1.643016 -3.679188 4.131888 -1.680832 -4.269428 4.682301 -2.313267 1.173888 4.741402 2.363250 4.756914 -1.907633 4.772125 4.491673 -0.811407 2.176619 -1.524337 4.192928 -0.644901
-2.608260 -0.444730 4.920471 -1.057798 -4.707292 -1.208537 -2.671519 -4.658242 -2.287399 1.990933 -3.806022 1.223209 -1.504274 1.573003 -1.654008 4.430480 -3.176806 2.379436 -4.303858 2.444924 1.339615 3.193609 -2.046852 -0.011179 0.284372 -3.421842 -2.801849 0.555068 4.026587 4.856750 4.536480 -2.361074 -1.894120 1.500858 0.333205 0.754765 4.972075 4.821234 1.845022 3.377403 -2.182418 -3.130030 -3.023170 0.772165 1.350842 4.692659 -2.272757 4.163017 0.884982 3.584406 -3.121336 1.701862 2.618044 1.030714 -4.684451 -3.562807 0.736842 -1.427425 4.286625 4.555921 0.328058 0.521130 4.808240 4.454941
-3.258635 -1.974448 -4.521449 0.146041 -1.684759 -1.318275 -3.516882 -3.823758 -0.478349 -3.229276 2.317692 3.168286 3.162189 4.368983 2.683874 3.460721 -3.132257 -4.321005 -0.027692 1.792562 -3.830148 -3.084766 -3.503534 -3.763272 -1.730878 -0.770429 -1.819647 4.103654 1.477325 -1.273100 -4.624742 -1.175172 -2.266967 -2.037952 -1.118647 4.141468 -1.439238 -2.224045 0.193811 3.942346 0.543582 3.914849 4.478592 -3.248364 -3.801654 -4.745483 1.677713 -1.058643 -3.642066 3.418589 -2.187909 -0.827558 -2.325342 -4.594428 3.500335 4.954122 3.913007 3.435991 4.288550 -3.931064 1.286366 3.268400 -3.785252 0.883510
2.366576 1.860611 1.444360 2.385548 0.909073 -1.623474 -4.002466 -4.722039 3.756697 -4.545727 -0.102932 4.809225 1.607905 -2.873713 4.759305 0.901363 -2.711892 -1.689335 -0.763826 0.020449 -0.665040 -4.074630 -4.433143 2.113749 0.252922 -4.666402 -4.250201 1.038246 -2.222231 -4.200960 -1.109073 1.899038 -3.283817 0.298525 -0.027125 -4.945360 3.132590 2.754352 -3.139566 -1.276393 -1.315796 3.400920 -0.718831 -1.297752 4.005084 3.856105 4.640522 -0.404267 -4.193309 -4.253173 1.070000 3.881802 -2.759885 -1.108196 -2.049551 -4.302586 1.533226 3.723799 -3.170868 1.619265 -1.997888 -3.225129 -3.396528 4.367497
-0.171737 2.030717 0.737946 -0.953362 -0.785064 -3.200488 4.502709 -2.935728 1.699328 3.779791 -2.960040 -3.267627 1.976975 -4.985253 1.793344 -4.537959 -1.531861 -1.188528 3.304433 -1.325915 3.654904 -4.282623 -0.282169 0.875256 2.689820 -2.573430 -1.182019 -4.875294 3.574897 1.679516 2.779279 -0.828994 2.581814 3.793589 4.426798 -1.138043 -1.915449 3.627291 -1.300980 -0.696374 2.028771 2.848055 -4.823558 -0.468907 3.768643 -0.875468 4.290494 -0.598417 0.345352 -0.247628 -3.470250 -0.368549 1.819013 -4.113208 -3.459925 4.820767 -4.509029 3.206558 3.965214 -3.224634 2.911619 1.961382 -4.549562 -3.249142
-4.265902 -3.642376 -3.424039 1.480265 -1.834186 3.260885 1.591021 -0.153621 2.731933 -3.877277 2.676073 -4.383555 -4.687109 3.430907 4.101559 2.759123 -2.027226 1.148287 -2.248883 -3.997284 0.976813 1.982662 4.139630 -1.930838 -3.327059 0.986536 4.639764 3.732782 -2.992082 1.347751 -3.349673 2.606437 -2.675619 2.571000 2.095879 -3.223578 3.108451 4.574356 -4.394254 2.819899 -3.731709 -4.250107 -4.246600 0.389462 -1.153304 1.617136 -0.985780 -2.202484 4.991125 4.256217 2.815642 4.373891 1.588434 3.923760 0.751200 3.680995 1.555646 -4.072248 -4.982141 -0.233008 2.265435 -0.808457 4.603802 -4.725404
-4.974997 -3.662680 -4.547581 -1.140898 -4.433706 1.528693 -2.053556 2.457475 -4.355539 -2.862861 2.438820 3.720698 2.372528 1.817860 -3.076220 -4.527836 -3.064979 0.819260 4.237982 -4.644643 -0.487945 0.275652 -1.071231 1.653302 -3.850952 3.054216 -3.444950 2.875060 4.429472 -2.039848 2.300181 0.141181 -4.452935 -3.887413 4.259080 1.125395 -1.463033 -3.836774 -4.015259 -4.366094 -2.727193 3.114351 2.601371 -3.476366 -3.509696 1.089908 3.522388 3.517347 3.100105 2.370523 0.967532 2.941661 -2.087919 1.497689 -1.086973 -2.360045 -4.713187 -3.515959 -4.592557 -4.858996 -0.330382 4.252070 4.044596 3.127530
-3.170813 4.120113 3.029871 4.250084 -1.568683 -1.227610 -3.466457 -1.954855 2.197615 0.951619 -4.710750 2.803681 -1.443668 -1.284912 3.135425 4.470901 4.000125 3.054056 -2.561386 2.464043 0.216456 -4.323402 -1.788097 -0.203855 -3.995431 -3.515416 -2.642229 -3.870826 -0.368368 -0.017558 -1.300476 3.289875 4.229407 -2.629345 4.714040 -4.871966 -3.607717 -0.043617 -4.552020 -4.201556 4.902546 -4.579075 2.264231 4.964538 0.767682 0.166070 -1.019491 3.831228 -3.038994 0.383628 -1.274009 0.288724 -4.431862 -1.759255 1.870272 -1.473798 -4.712904 -1.984334 3.614701 -1.541542 0.110522 1.399647 -0.200646 -3.603256
-3.932402 2.019479 0.009185 2.863954 0.025757 -1.274752 -2.958238 2.337098 -4.017649 -4.576244 3.688488 -2.453487 -3.118067 2.577043 1.298021 3.390940 -0.887609 -0.421895 1.048075 2.266392 -3.895919 -0.838120 2.219699 2.435785 -2.906718 0.216460 -0.972611 -0.251144 2.477318 -1.087845 -2.642448 4.843382 1.670627 -0.020177 2.927816 -2.889538 -0.274099 -4.501026 -3.591470 -2.963410 -2.446988 -1.750748 2.268608 2.701310 -2.618144 -1.253857 -1.796411 0.586977 2.165308 -2.094628 2.611290 -3.494840 0.773280 -2.747317 3.912761 3.815198 -1.320430 4.982718 -1.497395 1.755378 -4.796807 0.658660 3.981490 -0.518656
1.142971 4.711430 -1.505225 -4.098236 4.107441 0.740411 3.199537 2.741734 -4.155800 -4.722283 -0.935654 -1.565741 -3.203228 0.286594 -1.383530 2.286802 1.633312 0.804878 -3.064383 4.649226 -0.518681 3.533900 -2.367971 0.347511 -3.778955 1.744146 -1.607241 1.274671 -4.587942 3.127230 -3.414105 3.204479 0.556757 -1.566257 1.073863 -4.149810 2.954083 -1.710430 4.483315 0.196083 2.531248 -4.889948 -1.296152 -1.529318 0.166525 3.115497 -4.990811 -0.684238 -1.741017 0.733857 -4.733398 -4.013730 3.684059 1.748165 -2.301814 3.288392 4.081113 -3.988878 -3.736933 -3.988877 4.543032 0.443121 -3.351845 2.791178
-3.769590 0.926582 -3.363727 -3.548048 -2.242335 2.024405 -2.628671 -3.160552 3.052349 -3.536108 -0.726032 2.831614 -1.301907 0.953511 3.805068 4.304401 -2.182267 -0.778228 0.382868 2.301013 -1.741593 -4.372579 -0.113725 -3.298679 3.227748 -3.811045 -4.287176 -4.913967 4.554328 -2.624398 -2.677197 -4.019648 -4.551082 -2.766808 4.569118 -3.252713 0.938302 4.152362 -4.245943 4.268472 -4.280043 2.580783 2.796491 0.994898 -1.862850 -0.810186 0.085797 -3.878064 -0.553604 -2.570875 -0.570271 2.909613 -4.832034 -3.508479 -4.812727 3.573734 -3.326105 -3.536395 -0.967508 0.434548 1.497663 4.848156 -3.513514 1.281651
0.623914 -2.143901 -0.389953 4.847724 -3.419884 -3.686758 0.943236 -0.172501 2.134001 2.187373 -4.972064 4.663608 3.839403 -4.297837 -2.372180 4.802958 2.503892 4.433845 1.193132 3.301005 -4.239687 -1.554983 2.809705 3.835736 -4.217633 3.747636 3.571472 -4.625371 1.787185 4.107986 -1.393131 -0.415417 -1.914034 0.509630 -4.677591 4.053354 2.606388 2.675456 -4.520085 -1.565505 -1.726226 -4.646525 -3.294838 3.672896 -1.077969 1.973650 -0.699134 4.937646 -0.649337 -2.635793 -4.345632 -3.013833 -0.538413 -4.311679 -0.312381 -0.074593 0.167812 3.117534 3.282173 0.140614 -3.934471 3.890386 -0.177298 -4.793487
1.515523 1.793402 2.852019 0.305654 4.277843 0.756031 -1.752885 4.911825 -1.039638 4.109257 -1.132845 -3.684255 2.501341 -0.644693 -4.811839 -3.755434 -3.609162 -1.237423 3.823316 4.319530 -0.755970 0.338070 -0.661883 -1.087392 -3.420373 -4.317744 3.117595 -1.983457 -2.335340 3.141802 -0.760348 -4.842690 2.828844 1.624720 -1.755432 -4.170716 2.739395 -3.180895 3.937186 1.584556 -1.086398 3.096721 -0.227843 0.284064 1.540545 2.781983 0.914992 -3.889707 0.389370 -1.792204 0.225546 -0.433845 -2.944759 1.904855 0.649530 -2.106491 3.446328 4.379421 -3.341952 -3.853786 -1.364687 4.100419 2.358129 -0.191919
4.784043 -3.881217 -2.353492 3.030646 -1.669386 4.654023 -3.711019 -0.278740 3.426164 0.771898 -3.597655 0.914474 -3.206127 -1.631752 0.393019 4.702924 -1.307245 -1.392374 -3.606289 -2.734918 -2.441216 3.149794 3.617927 3.585309 0.533962 -2.967938 3.790136 -2.369656 3.238233 1.199161 -0.795967 -0.710412 -2.725838 1.324982 -0.432307 -2.339147 -3.505050 1.608054 -1.081661 1.280874 1.370466 4.077617 -3.788205 2.034510 0.589067 -3.001773 -1.066345 -3.434960 -4.169363 2.982016 3.856088 -2.893560 -0.070907 -0.060820 -1.455152 4.022986 0.558462 -4.078870 0.985020 0.948304 -0.686057 -0.969851 -3.195938 1.452877
1.578315 -2.052868 4.963978 -4.311118 1.419884 -2.174989 -2.549651 0.905808 1.116417 1.057029 4.318782 -1.043610 4.548073 4.702997 -0.706214 -3.190045 1.723187 0.418451 4.336505 1.065891 -2.989902 -1.009275 1.193451 2.349217 3.322548 -0.495671 2.810819 -4.505230 3.485510 1.140806 3.289347 3.574306 -3.933423 -4.747499 1.783498 -3.588938 2.541425 -2.886866 -0.926373 0.486671 -3.116826 2.219663 -0.183929 -2.076049 -1.858466 3.600660 -3.726495 -3.020251 1.944817 0.470408 1.640880 -2.074710 -1.305674 -3.911206 4.118185 -0.697838 2.259805 0.370653 -2.001088 -0.064896 -0.010781 -3.229614 -0.477373 -3.610062
0.867703 1.610140 -0.973267 0.436433 -4.655435 -1.528446 2.524916 -3.801246 -4.588936 1.343053 1.120793 3.425965 -4.836747 -0.441997 3.797995 4.308290 -2.154277 -3.284260 0.694187 -4.316865 -0.303440 1.329076 3.116743 3.685951 -4.111557 1.424670 -3.198247 -2.069545 -0.605440 -3.333812 -4.598842 -3.126308 -1.067233 0.325858 -3.653815 -3.944635 -4.819009 -2.034788 -1.196336 -1.786134 3.889766 -1.314351 1.167915 -1.138332 4.564338 4.443892 -4.212773 -2.414965 1.409155 1.201814 4.844257 4.189954 -0.979435 0.842058 0.581889 4.661280 4.138599 -2.894661 3.049621 2.218959 -0.529895 2.531557 -3.903163 -0.699873
1.271682 4.474964 -3.809000 4.250888 -0.258962 2.605481 -0.424078 1.679256 2.633076 -0.504284 -4.531956 -0.608023 3.438187 3.141243 -3.602356 4.350676 -2.640010 -4.919042 -0.725150 3.764987 -2.848241 -3.369374 4.429355 -1.142477 -4.459834 2.168094 -2.694831 3.687740 1.457539 3.434414 0.340103 -4.974853 -3.564614 -0.463677 1.270272 -2.618881 3.272385 1.198060 -4.368808 -1.329996 4.397918 3.531855 -3.055816 -3.046703 4.820818 -1.267538 1.170990 -2.565627 1.755523 -2.931446 0.383547 -1.497943 -3.759186 -1.070732 4.329857 -0.145493 -4.655347 -0.390436 -2.374028 -3.880295 0.040730 4.334582 -3.089725 0.872402
-4.433951 3.372169 -0.075729 -3.705470 -2.598822 3.494881 -1.256422 2.554514 -0.634999 -1.123949 3.725449 -0.836804 3.996537 0.463896 1.690625 1.296836 -0.081807 0.423902 0.608158 2.049297 -2.413579 -0.271252 0.744059 -1.018823 2.032470 -0.591087 -1.117119 0.367382 2.514158 2.271771 4.906097 2.710853 2.913253 1.788186 0.372163 -0.228422 -0.560815 -4.365675 1.746865 0.883359 -2.241180 -2.908040 3.138365 2.480013 1.839827 4.566936 -3.067263 -2.215369 3.351122 -2.862810 -4.778687 4.266697 3.154553 -1.343660 -3.883580 -1.797979 -0.166080 -1.807830 0.062353 4.834080 4.862993 0.709538 -0.062415 0.302634
1.759550 2.626453 -0.565847 -4.656890 -4.620304 1.948525 -0.923423 4.972544 1.282828 2.312431 1.568203 2.691879 1.941295 -0.738245 2.772512 -4.797338 0.359179 2.491188 1.763241 -3.088110 3.812570 1.451928 -3.165388 4.596375 2.816072 2.741679 0.930713 -1.292823 2.870851 1.826682 -0.742746 -3.657800 4.252427 -0.908831 1.054035 0.061478 0.302076 3.640306 -1.052662 1.396907 2.577691 -1.426224 3.861515 -3.555062 -3.734510 2.343847 2.362482 -2.820303 1.445238 -4.387217 1.971114 -0.698163 -2.452581 3.355817 -4.908962 4.900442 -1.421764 -3.475715 -0.142948 -4.900975 -1.296989 0.462520 -4.411472 -2.901662
1.582772 4.877380 -2.156465 -2.050533 -1.973912 -1.448587 1.788153 -1.401757 -0.012075 -2.823171 3.974480 3.638445 3.208401 3.015833 0.872313 -4.713619 0.880731 -3.883998 4.091701 3.449612 2.625166 4.970077 -2.528689 0.710253 2.043430 -1.807644 -2.630449 3.853600 -0.930144 4.512353 -1.539501 4.779955 0.569233 1.386772 -1.181504 1.127493 -3.963199 -4.431049 3.503788 -4.859048 4.509515 3.377993 -3.131980 4.747828 -3.255264 -0.189272 -0.511357 -3.783606 4.113982 1.764969 2.332570 1.197038 -4.188906 -4.464832 -0.120450 -4.614083 2.463171 2.188964 1.746761 4.208648 -0.516391 2.504948 4.469859 2.142954
0.382301 0.113334 0.993318 4.142434 0.807830 1.725069 -0.730773 4.614629 0.592871 -3.620835 2.540838 -0.050195 -4.660447 4.432674 -1.465254 -3.261672 4.085789 2.424278 1.103567 -2.816808 -3.756353 -1.974903 4.678081 0.475417 1.754291 -3.016959 -0.318536 -4.615508 3.148745 3.158787 3.918888 1.287245 3.138611 -1.212074 1.297657 -3.750021 -4.649459 1.128782 3.433840 -1.817737 2.355688 1.936876 -4.753669 -1.241123 -1.131370 -2.801383 -1.187679 -4.711267 0.445826 1.864691 -2.032232 1.131384 -0.208018 -2.164497 1.270179 2.775295 4.188335 -2.174729 -1.646030 -1.661920 2.448192 0.458768 4.429903 1.094169
-1.408346 3.616694 4.924552 -1.310607 -2.070285 -3.105878 -1.895570 1.421510 4.293990 3.209064 -4.633357 -3.595475 0.302031 -2.838286 0.668247 -2.515660 -4.459401 -1.321317 -3.633303 -2.995823 -1.235964 1.064192 -2.410615 1.605366 -4.179491 -4.554337 1.488514 -4.128257 -4.968328 -2.795203 -4.354246 -1.738805 0.681572 2.256783 -0.865089 -2.570439 4.524441 -0.697694 -2.254595 -1.387646 -4.531952 -4.939033 -2.591810 1.651915 0.233154 -4.369728 -2.333905 -4.335626 0.256720 1.883484 -4.002917 -2.463219 1.516180 3.129162 -3.552422 1.529907 -4.550757 -1.777502 2.118339 2.164654 -1.971463 3.777052 -0.843379 -2.951181
-0.728694 -2.602261 -2.356916 2.758031 -1.525445 -1.612047 0.297892 -4.659262 2.725601 -3.641811 0.511328 2.973697 4.745435 -1.348608 2.093207 -0.054455 2.008407 -0.694108 1.250427 -0.402778 -1.805592 -3.738795 2.546130 -0.842268 -3.130003 1.475983 1.038269 -3.595611 1.576382 -3.282869 4.969349 2.504391 -4.124160 -4.368944 -3.854668 1.372503 -3.353387 1.221108 2.704684 -3.471574 3.957303 -3.049970 2.459970 4.018692 0.026477 -0.118925 0.461599 2.702658 4.715170 -1.572576 -4.343147 4.998404 -2.176674 -2.093400 -3.409144 -0.311796 -0.442244 -4.735380 4.750318 3.128558 0.532664 -0.819643 3.977416 4.338912
2.240799 -2.625795 -2.476760 3.828175 -3.049739 -4.949842 -4.730547 4.362487 4.962391 2.954626 2.842806 -3.444113 4.545288 -1.188220 -0.026758 2.565199 -2.804145 2.389494 -1.856799 0.800048 -3.694081 3.871865 2.922537 -2.208512 -3.333736 -2.208492 3.690384 -0.523509 3.420397 -1.536369 -3.871027 -4.672867 4.862639 -2.795597 1.295421 -4.793314 1.027626 1.313207 -4.683582 -0.837060 -2.390100 4.500761 1.707734 -3.398599 1.631843 -2.556634 3.508046 3.343745 -4.133259 -2.132195 -2.712489 1.879485 -3.924299 3.645244 1.599907 -2.259869 -3.664803 4.966184 0.264020 -3.956476 -1.642419 -2.244640 -0.446565 0.984002
4.568540 3.135177 4.254762 -1.565011 -1.906023 0.473726 0.878190 -3.136760 -4.861142 3.825360 -3.683745 3.768087 2.127271 3.305800 -0.387916 -2.619461 4.548543 0.802475 2.063627 -2.280852 1.410995 4.122217 -1.524679 -3.999538 2.640389 -0.587783 -3.761274 1.752607 -3.080140 2.341758 3.041579 2.755250 3.123424 2.083499 2.490460 3.986608 3.699367 -0.105002 4.844716 4.467848 -2.161826 2.628166 0.100779 0.802627 2.080061 0.507383 -4.768615 -1.793986 3.872749 4.474877 1.736181 4.013730 0.395620 -3.870345 3.867676 -1.337838 -2.678397 -3.451945 2.382112 -2.023903 1.752832 2.319319 -0.966381 2.997442
3.992638 -1.154847 0.775997 -3.105258 1.233566 -0.947056 0.728482 -0.495311 0.123911 -4.042175 3.586743 2.522786 2.083373 -2.378335 2.667795 1.645288 -4.242414 2.732758 3.651117 -4.292102 3.314384 -4.207227 -3.077921 2.602812 -1.137818 3.513701 -4.757894 -0.656034 -1.233369 -2.228197 -0.844858 4.493211 -0.387548 -0.778605 0.355775 3.599977 -1.877492 2.259411 2.825941 4.480334 -3.149839 2.707429 1.303588 -1.406073 2.333772 4.936074 -1.674766 -3.364020 -4.677184 -1.196340 3.127567 1.359975 -2.441355 3.619863 -2.391357 -0.260769 -3.309336 -4.680033 -1.976502 -1.101261 3.770507 -1.357117 -0.006144 4.804716
-0.875422 0.004724 0.950365 0.793485 -2.054263 -1.154630 0.591118 -3.930296 0.549753 -4.911794 3.700019 3.152671 -2.899166 -2.278304 -0.303040 2.297239 2.217254 3.716709 2.963764 -1.974135 -4.772483 0.834332 -1.485463 4.373147 -1.782765 4.160720 -0.355896 0.268242 -2.603206 4.517516 3.060071 1.693676 -3.661628 2.197686 2.846255 -1.978862 2.182749 0.496288 -1.143702 0.836395 -3.532073 -2.991103 -3.284831 -2.088721 -3.352050 -2.783898 4.485940 -2.639658 -2.166440 -0.556903 -4.347714 -4.623564 -1.992167 2.689785 1.056669 -1.391488 -2.671528 1.266693 -1.364229 -0.757487 4.782574 -2.295980 -1.451029 3.137438
1.936672 3.905421 -0.086904 -4.536476 0.713882 -4.218581 4.461097 -3.750813 3.784396 -3.422005 1.125828 -4.760838 0.182411 0.864016 -0.649438 2.270545 -1.255590 -4.956871 1.009909 0.380112 1.114668 -3.620657 2.878368 -4.618422 4.088021 -1.994226 -0.997218 1.531670 -2.386825 -3.236058 2.425722 -0.705945 2.626364 0.232697 -4.191401 -1.952782 4.019608 -0.605772 -2.250835 -4.022281 -3.856445 1.286756 4.855308 3.163937 4.556955 -4.416233 4.489910 3.686218 3.100091 1.340271 -1.717313 3.324900 -0.867462 0.981440 4.039969 2.875799 0.029674 0.332326 3.273612 -3.636671 -3.695182 -3.739357 -3.244535 3.430081
3.290855 -2.418361 -2.718116 4.792044 2.569872 3.257325 -4.509634 4.907019 4.884697 3.979288 -2.961485 -4.200248 0.508446 -4.129713 0.936097 1.398437 -1.202440 -1.348677 2.084158 -1.658936 -1.213505 0.974120 -3.217675 2.916091 4.801976 -3.096585 -4.528126 3.228612 -3.604335 -1.721041 4.741247 4.384222 -4.075143 -1.932288 4.177040 4.147242 -0.555769 2.571668 4.500191 -3.661470 1.789168 3.073300 0.257175 -4.635053 -3.363933 3.272811 2.101281 1.820592 -4.018921 2.420715 0.079916 1.538918 4.196212 -2.685021 -3.037674 -2.499517 1.879486 -1.125755 -4.595322 -4.383201 -2.957316 1.453190 2.597894 1.889899
-4.772686 1.802152 3.761520 1.729624 -0.887225 0.219409 1.836567 4.896006 -3.485276 3.391471 -0.545333 -0.047391 -1.444126 2.998658 -0.605154 -3.568864 2.582744 -4.268475 3.008302 -3.604068 3.924848 2.409074 -3.527422 4.279025 4.836219 4.326893 1.157333 2.264839 0.231967 -0.994278 -3.444877 1.517019 4.029842 -4.263100 -2.562389 -0.783593 -2.843496 3.304051 0.246718 -2.032264 4.705710 -4.861047 0.806218 0.248290 2.114555 -0.997051 3.630884 -0.599244 3.862907 -3.268874 4.043016 -4.805360 2.589389 0.553724 -4.230345 1.598738 -4.769577 -0.744253 -0.197810 -0.161111 -1.252255 -3.922072 0.005871 -3.778647
-4.230740 1.746467 -0.449274 1.949364 3.493055 -4.671233 -0.649494 3.658513 -3.173215 3.509950 2.372188 4.403075 -0.351285 1.875969 -2.405394 1.261403 -3.152645 -1.382373 1.956977 0.236922 4.308283 -1.479362 0.232082 2.351354 -0.847163 -0.440672 4.803697 -1.385830 -2.587184 -4.462486 1.082881 0.391690 -3.587857 -0.645714 1.715876 -2.521096 3.280936 1.615047 -2.076082 1.439822 4.866992 2.113242 0.510986 -3.620248 -1.748476 -0.711406 0.692942 -3.621597 -1.332198 -4.904384 3.318957 2.789631 0.531468 -4.968682 -1.357323 -2.124407 -4.059025 -2.151270 2.899004 -0.493861 -4.176577 -3.954357 4.710943 -3.017079
-2.876619 3.502214 4.735951 4.532821 -0.726070 -2.185934 3.868865 -4.247999 4.196440 -2.548461 3.939917 0.542664 -2.371062 4.303851 3.915227 -3.456935 -0.839844 -0.705104 1.424525 2.776654 -0.857412 2.493640 4.433539 2.678247 -4.523743 4.646808 0.676404 3.898139 1.676450 4.362961 -3.761958 -4.818219 -3.067917 1.948387 -4.943951 -3.652248 -0.798817 4.818884 -2.199779 -2.429838 4.005174 2.570292 -4.796559 -2.801237 1.295768 2.151120 -0.088613 4.877495 3.387653 3.310108 -3.848281 -4.287866 3.029816 -4.563443 3.656125 3.035953 3.414495 -1.183105 0.828689 -0.219728 4.485275 4.446808 2.070055 4.900224
-4.960494 4.020317 -1.940568 -0.961865 -0.855137 0.916158 4.331034 -3.811694 -2.831816 0.936276 -1.474412 -0.976229 2.903971 -0.177863 0.414911 0.057441 1.940548 -4.939956 1.694957 -0.818209 0.172771 -4.507402 1.567924 1.436333 3.568976 -1.540127 1.762885 0.968900 -2.467921 4.404323 0.532288 -2.502575 -4.307711 -0.393625 0.750287 -0.371114 -1.400208 3.051810 -1.393921 -2.264548 -0.051372 1.343692 -3.340286 -2.769376 -1.295891 -2.641127 0.999841 4.740621 -2.096097 -3.278387 0.456543 -2.815218 3.402366 4.461602 1.068712 -1.485148 0.751423 -0.881675 3.489179 4.018864 4.770406 0.748263 -3.321883 -4.700547
4.180136 -2.531477 0.593097 2.610468 -0.759244 -0.527883 2.111216 3.499105 1.976462 2.397842 -2.747258 1.706805 -0.689446 -4.256026 -3.652614 -1.144260 3.050489 4.612868 4.705900 1.678061 -1.728627 3.185385 2.283857 -4.101314 -3.400446 0.941362 -3.809680 0.509601 -2.441731 -0.246753 4.604289 0.229495 -1.943500 2.939596 -3.986653 3.396110 -2.499833 -2.275285 -2.724759 3.864075 2.749999 4.673085 -4.883670 -1.872357 4.985345 2.852869 0.518609 0.908081 -2.362737 -3.600220 -3.656662 0.898030 2.840867 4.850954 -0.723648 3.487945 4.673022 -3.505551 2.800902 3.427147 0.967802 -4.118118 -3.844624 2.715732
-2.340372 -1.162847 4.883336 -3.120231 -2.970826 -0.682425 -3.440496 3.381873 2.073276 -2.351424 0.521733 -4.782137 -0.264119 4.419298 4.411860 -1.720077 2.096874 2.164499 4.588679 -4.201506 0.881102 0.128791 -0.509320 1.969417 -3.103445 -0.563093 4.039354 -4.167445 1.642510 3.917149 -2.791671 3.093426 -1.228200 -2.193662 4.367240 4.633566 -4.379314 1.975174 -3.166130 1.722285 3.587912 3.142504 1.145769 -0.419556 -4.548180 1.963926 1.650646 -4.037241 0.984042 4.378768 3.944667 -0.322325 0.696967 -1.037184 2.545610 0.402055 -4.089564 -3.639289 -3.861880 2.551571 -0.261998 -2.698916 -3.639705 3.904035
-3.896842 0.177748 -0.880120 1.164189 0.521221 2.236372 4.807370 -1.121734 -4.541606 -3.566905 0.972191 2.748565 0.380207 -0.151658 -3.805365 -1.113726 -1.554808 -1.260958 -1.244592 -4.146072 3.189335 0.260435 3.474881 0.686288 -3.347586 -2.490281 2.197063 0.003293 0.472609 4.403601 -0.688195 0.007367 -0.806836 -4.995531 3.496129 -1.954095 -2.855962 -0.961414 -4.816473 -3.788458 -4.238986 4.158476 -3.108387 -1.623093 2.891427 1.746030 -2.712639 0.508668 3.990368 4.048799 0.537247 4.673317 -0.037154 -0.421593 -0.823972 4.994156 1.698943 1.210939 -4.877806 2.123755 -4.197951 -3.424279 3.016170 -4.965083
-1.873829 4.712978 2.151541 -2.123431 -3.528039 -4.397225 1.576656 -0.154415 -0.258978 2.518553 4.990020 -0.889712 2.689115 1.048772 3.270084 -3.924561 1.624616 -0.473040 -1.349830 1.473627 2.220026 -4.557702 2.331547 4.594747 3.751930 2.571123 2.459682 -0.783175 -2.981282 4.244022 0.566902 -3.273126 4.888920 4.247919 4.405838 -2.311163 2.758861 0.926905 -4.588832 3.091766 3.195726 3.281609 -1.783655 -4.787890 4.399105 2.772158 -0.462245 3.293469 0.765182 3.212935 3.522359 1.982612 -4.078290 2.950631 4.448762 -2.774198 1.618318 -0.570562 1.382568 -1.393162 1.839910 -2.551497 4.798161 -3.397857
2.767751 -4.976845 -2.726911 4.906643 4.557395 -2.051294 -2.329952 0.085621 -0.659546 -0.397853 3.556736 0.502865 -0.490359 0.946550 2.402002 -4.213213 -2.412227 0.228021 3.408164 -4.012504 -0.515897 -2.367007 0.267978 4.969355 -0.256319 -1.651593 0.301405 -2.596291 1.643651 -1.286260 4.504986 4.666999 0.117923 4.401037 0.846649 -4.464054 -3.654167 3.740150 2.291727 2.058313 -1.361720 -3.460737 -1.309855 0.226815 -4.540628 4.638112 -4.868419 -0.495761 0.200311 4.335780 3.774832 -0.781880 -0.349705 -1.084552 3.273049 -1.384914 -0.097345 3.150842 2.647303 -3.109805 -0.887101 -3.652224 2.178878 2.850557
1.155411 1.020618 0.697774 1.120620 1.917872 1.273645 1.857050 0.978619 1.870321 1.266259 1.291833 0.977407 1.454964 1.779132 1.593108 1.310659 0.623322 0.931384 1.682042 1.431764 0.719554 1.354983 1.718828 1.777319 1.103486 0.804993 1.753691 1.710013 1.859497 1.806328 0.946006 1.618545 0.645458 1.011910 1.504144 1.689570 1.995130 0.866344 1.780289 1.837797 1.024320 1.594628 1.285459 0.885764 1.593052 1.491166 1.223305 1.004212 1.850460 1.027674 1.616627 1.266823 1.108752 1.546443 0.802504 0.696901 1.812169 0.753557 1.400790 1.551741 1.579047 1.616283 0.762668 1.933553
0.338919 -0.840177 -0.134867 0.689615 0.625432 0.003290 0.966266 0.200383 -0.287918 0.683161 -0.169377 0.021472 -0.228539 -0.436380 0.022620 0.306776 -0.103479 0.413509 -0.877174 0.188833 -0.904317 -0.603664 -0.577791 0.442978 -0.335154 0.302333 0.294380 -0.047611 0.429090 0.369847 -0.421244 -0.374231 -0.050554 -0.389536 -0.805103 -0.682624 -0.935367 -0.004610 0.470620 -0.165523 0.696148 0.097808 -0.638961 0.393027 -0.161813 -0.626397 -0.159465 -0.708493 -0.491387 -0.296346 -0.543032 0.441149 -0.832832 0.612546 0.908786 0.813879 -0.586774 -0.811462 -0.108637 0.092082 0.680673 -0.837673 0.628873 -0.878611
1e-05