14
62 100 12 12 15 22 0 0 58 71 86 22 31 63
52 15 61 85 50 4 27 16 64 0 85 11 6 83
16 38 49 89 52 8 85 87 10 26 18 79 82 80
57 42 0 83 13 18 13 20 11 33 23 0 3 19
0 57 89 31 37 61 0 0 84 77 42 40 0 100
6 0 11 0 7 86 57 14 5 0 34 91 40 46
62 3 89 78 19 0 0 0 50 88 49 10 65 49
25 40 20 21 63 41 73 0 43 75 75 81 14 0
85 21 81 69 98 0 90 65 94 74 22 0 22 75
84 0 57 62 0 0 64 86 65 23 25 33 46 0
81 38 81 79 33 71 92 74 3 11 68 38 0 62
70 26 81 71 98 0 16 31 84 99 49 18 92 74
24 88 24 34 0 54 50 0 79 31 33 34 29 29
67 77 41 11 27 68 51 15 44 62 24 8 0 46
0 0 0 0 1 1 0 1 1 0 0 1 1 1
12 4
