15
95 0 63 89 45 13 83 95 65 60 22 40 99 0 0
32 84 19 88 93 95 24 40 0 21 65 39 27 11 66
43 41 0 11 0 91 51 80 37 26 27 0 61 41 37
27 0 0 54 0 7 86 24 6 15 35 82 66 44 11
0 0 42 7 58 91 17 8 32 83 87 0 0 46 82
34 28 72 13 72 38 30 0 100 68 0 34 0 15 14
76 19 0 15 42 8 0 83 5 23 59 50 0 0 99
16 55 21 25 40 66 30 4 0 59 52 28 41 0 20
97 25 0 36 78 47 73 17 0 50 82 10 76 4 84
38 0 74 78 1 56 28 52 5 5 89 45 48 94 75
14 34 30 0 67 14 56 73 32 31 99 0 77 39 46
54 28 87 22 98 43 84 21 0 21 56 89 83 61 0
55 5 23 30 64 58 32 51 77 57 0 55 73 75 13
0 52 52 33 90 88 16 13 52 64 88 64 95 2 85
97 11 0 0 57 69 62 14 58 20 6 56 0 46 90
1 1 1 1 1 1 1 1 0 1 1 1 1 1 1
1 4
