28 108
2 23
13 10
3 19
21 4
13 14
1 18
8 23
28 23
20 26
27 23
18 15
3 20
16 17
25 1
10 15
19 16
23 14
19 17
27 22
28 13
9 4
3 14
19 20
12 15
12 22
12 16
20 7
8 1
25 9
11 18
12 8
27 7
19 4
6 16
26 5
23 4
11 15
27 8
14 15
8 3
26 14
21 5
25 14
27 9
24 15
2 19
19 14
3 17
28 22
23 9
22 18
10 26
17 15
22 4
25 24
20 14
23 26
11 17
11 28
11 6
12 10
11 8
16 21
16 9
9 15
8 5
3 21
21 26
20 1
6 24
12 26
12 23
8 28
12 14
14 24
7 15
8 24
2 27
18 24
20 5
13 17
27 16
13 26
16 18
1 7
17 9
18 14
16 5
8 20
9 5
28 9
22 23
12 9
13 1
6 8
2 5
12 6
7 14
11 14
6 14
3 25
11 1
17 18
21 1
6 25
12 5
27 4
17 4
8 5
