16 16 16 8 0.5000
0.0912 1.0913 -1.9470 -1.3863 -2.2965 2.4098 1.7278 2.2046 0.7948 0.9764 -1.1834 1.9164 -1.1233 -0.6640 -0.3784 -0.7916
0.8595 -0.2308 -0.0657 -0.2086 1.3469 -0.6070 -0.1742 0.4241 -1.6460 -0.4835 0.5355 1.1661 0.1617 -0.6728 1.4425 -0.2215
0.0313 0.1819 -0.0629 -0.5416 0.4745 -1.1646 -0.5009 -0.4086 -0.9343 0.0845 0.1437 0.0755 -0.1556 0.5509 1.7020 1.0061
-3.1349 1.1395 -1.8698 -1.7791 0.1278 -1.3510 1.5540 0.6970 -0.8115 -1.6433 0.3307 1.2250 0.0962 1.8768 0.5338 0.7984
-0.3061 0.3780 -0.2265 -1.8857 2.4725 -0.1469 0.1156 1.3304 0.1096 0.2155 0.4291 -1.1513 1.5248 0.3605 -0.6109 0.9302
0.3565 -0.9522 0.1519 0.0006 0.3350 0.3748 0.7138 -1.2008 0.0014 -0.9215 0.4962 -1.3317 -2.1906 -0.4361 2.5451 1.1501
0.0844 2.4862 -0.1944 -0.1862 0.8539 0.3074 -0.0722 -0.4688 -0.0654 1.0526 -1.3096 -0.6687 1.3414 2.5314 -1.8405 0.4050
1.6323 -0.2227 -0.5778 1.2422 -0.5535 -0.7227 -0.5715 -1.3900 -2.3952 1.1540 1.6881 0.2238 -0.2016 0.4996 -0.1813 -1.7498
-1.2104 0.4242 -0.3888 -1.5565 -1.4392 0.9489 -1.5265 1.1369 0.4845 -1.0018 -0.3185 0.1581 0.3609 0.2555 1.4261 0.9273
-0.5106 -0.1716 -0.9104 -0.5229 0.0740 -2.3468 0.0997 -0.0464 -0.2476 -1.3054 -0.5763 -0.7645 -0.0607 -2.4345 -0.3310 0.4726
-0.8852 -0.9440 0.7346 2.6429 0.6118 0.6577 0.0460 0.7703 0.5931 -0.9334 0.3754 0.9198 -0.7141 0.3745 1.2572 0.9761
-0.0222 2.0659 1.0319 -0.2493 -1.9691 -0.3270 0.1339 -0.3812 0.0248 1.6381 0.8197 1.3465 -1.3748 0.0096 1.3314 -0.8276
1.9349 -1.2749 -0.6569 1.5132 -2.1842 0.7989 -1.2746 -1.1729 0.0296 -0.0740 0.5428 -0.1689 -0.3203 -1.1946 0.2615 -2.5082
0.6222 0.1922 1.3536 1.3915 -1.4449 0.5750 -0.8151 -0.5219 0.7594 0.4425 0.4379 -0.0908 0.1770 -1.1341 -0.6527 0.5918
-1.1898 -0.6489 0.7356 -0.0559 -0.8392 0.2828 1.2904 -0.9957 -1.5342 0.1053 -0.8846 -0.3676 -0.5786 -0.9080 -0.0628 0.1680
-1.1218 0.9599 1.2911 -0.2415 0.1285 1.4489 -1.3601 -1.1374 -0.4482 -0.1144 0.5374 0.1631 -1.9429 0.9787 1.1334 -1.0442
0.4555 -0.7262 -0.5092 -0.7778 1.4744 -0.9636 -0.1434 0.4546 -0.9634 -0.3503 -0.1991 1.6124 -1.3679 -0.0807 0.1434 -0.3426
1.2978 -0.0673 -0.5008 0.7633 1.2087 -0.9073 0.8194 0.6622 -0.0884 -0.8400 0.8448 0.6130 -0.9812 -0.5322 1.7238 -0.6865
-2.0786 -0.3227 0.1333 0.6982 -0.4107 1.9592 -0.4944 0.1882 1.0962 0.0741 -2.4145 0.7082 0.2550 -0.6844 1.1479 1.0659
-0.5373 -1.4766 -1.8084 -0.1897 -0.5923 -0.1448 -2.6861 -0.0202 -1.2643 -0.4018 2.2063 -0.0327 0.9876 0.3710 0.7166 0.1426
-0.1461 1.0858 -1.2950 -0.6332 0.5019 0.1703 2.0465 0.0702 -0.0531 0.3539 -1.4939 1.5027 -0.3116 0.6482 -0.8127 -1.3599
-0.0733 -0.2261 0.5404 -0.5126 2.4855 0.1469 -1.1438 -0.0586 1.3880 0.1512 -0.9753 -0.5228 0.7633 1.4769 -0.7613 1.4271
-0.7528 2.0360 -0.2485 -1.2566 -0.2843 -0.0516 0.7413 1.0545 0.5658 -0.9905 0.0725 -0.3727 0.1028 -0.4037 -0.7778 2.5809
-0.3664 -1.8373 -0.4485 1.1256 0.4634 -0.8752 1.0141 2.2226 -1.4403 -0.0079 0.7205 1.2195 0.2998 0.9462 -1.1141 1.4932
-0.8651 -1.9859 0.1174 0.0081 -0.9839 -0.5413 0.3610 -0.4730 -0.6700 0.7703 0.5627 -0.9933 -0.0448 -0.6925 0.2114 0.7103
0.9692 -0.4139 0.2748 -0.7872 0.8327 0.2931 -0.2709 0.3876 -1.7938 -1.0048 -0.0024 1.2681 -0.5927 0.3262 1.1671 -0.6963
0.3934 -0.5743 2.0947 0.1451 0.8251 -0.6819 0.2639 -0.5067 1.2678 -1.2479 1.9331 0.1834 0.5936 -0.6570 0.2697 0.1916
-0.0078 0.3946 -1.3727 -2.8515 0.7418 -1.5187 0.5708 -1.4433 -0.5323 2.3064 1.6564 0.0189 -0.5324 0.9509 -2.2165 1.4849
-0.5925 -0.8654 0.0854 -0.6326 -0.7313 0.8879 -0.0496 -0.7812 0.3813 0.5897 0.7909 -0.2920 -0.7704 1.1302 -0.1372 0.8726
-1.4431 -1.0646 0.1978 0.3175 0.6107 1.2174 1.4150 -0.3549 0.0453 0.8427 0.2663 0.1111 2.0924 1.2921 -1.7515 -0.5631
-0.3240 1.8838 -1.6615 0.5889 0.2362 -0.6134 0.8132 -0.3470 -1.6011 -1.1937 1.3619 -0.6152 1.3442 0.1378 -1.7786 -1.6543
0.4150 1.5689 -0.1037 -0.3722 -0.2687 -0.1474 -0.0291 -0.5287 -0.4181 -0.6320 -0.2205 -1.3554 -0.1713 0.6229 0.2182 -1.1164
1.0613 1.6466 -1.6538 1.2117 0.9180 -0.5450 -1.9590 0.7788
1.2032 1.0446 1.1886 1.1965 0.0904 1.1701 1.4186 0.3205
-1.0496 2.0805 0.0388 -1.2460 1.1018 1.4729 0.5843 0.5473
1.3372 -0.9609 0.1448 -0.5853 0.9361 -0.0261 2.5576 0.5330
-0.8718 -1.3507 1.9253 1.8463 0.4231 -0.0113 0.8883 -0.3268
-3.5595 -1.2707 -0.1178 0.4668 0.4907 0.8950 -1.0223 -0.6335
-0.3716 0.7741 -1.6230 -0.9620 0.8933 -0.2812 0.3597 -1.6022
0.5847 1.4833 0.9120 0.6269 0.3777 0.5161 0.6082 2.3750
1.6836 0.0736 0.2755 0.0174 -0.9567 0.4426 -0.2435 1.0780
-0.1337 0.2686 0.7608 -0.6075 0.7798 -1.0879 0.3157 -0.9400
-1.3033 0.1523 -0.9331 -1.6639 -1.3312 -1.0832 0.0555 -1.6110
-1.2109 0.1256 1.3500 -0.9127 0.1889 1.1731 0.3427 1.4217
0.7772 -0.9844 1.5675 0.5338 2.8110 0.4547 1.7252 0.8971
0.1149 -0.2023 0.4730 0.7994 -0.3561 0.0625 0.0736 -0.2246
1.8311 1.2042 -1.7425 0.7519 0.1031 1.0954 -0.3845 -0.4447
-0.2203 -1.2762 -0.1727 1.4465 1.0078 1.2907 -0.1980 -0.7377
-1.7108 0.1964 2.0235 1.4559 0.9911 1.4484 0.7422 0.2515 0.8493 -1.2411 -1.3311 -1.0003 -1.7530 0.3796 0.2068 0.2173
-0.3632 -0.0813 -1.0311 1.9077 1.1950 0.6714 1.5270 -0.3288 0.7574 0.2695 0.0899 0.3774 0.4776 -1.3471 1.6370 -1.0699
0.2857 -0.3722 -0.5504 -0.6612 -0.5850 -0.2373 0.8598 0.8818 -0.3758 2.9009 -0.1412 0.4660 0.1709 0.6220 -1.1083 -0.4194
-1.2713 0.0648 -0.1197 0.8472 -0.1435 0.9621 -0.0485 2.3262 -0.1360 0.7101 -1.0717 0.2245 2.3465 -2.0808 1.1686 0.3238
-0.2753 1.1137 -0.9239 -0.6804 -0.1659 1.2250 -0.9983 0.2319 -0.0159 0.0416 1.0917 -1.2235 -0.4935 -0.6253 0.9151 1.7977
0.2928 0.6418 0.3916 -0.1534 -0.3738 -1.0454 2.2139 -0.0592 -0.0398 0.2771 -0.3243 -0.4816 0.0637 0.5067 -0.2820 1.2525
-1.5894 0.3728 1.1840 0.2369 -1.1276 0.3302 -0.7674 0.5309 1.3458 1.7723 -0.6754 -0.3340 -0.4601 0.5291 1.0399 -1.5711
1.1601 1.8927 -1.9879 0.4298 -0.5909 -0.2130 -0.6602 0.9516 0.6925 0.1059 0.4221 2.0935 -0.8098 -0.5074 -2.1616 -0.6964