1500
19846
5708
43742
27661
11415
29156
21381
28084
22104
31267
15033
38487
14926
48874
44594
40854
40393
6975
10834
41312
40839
46961
4539
22800
17133
24002
9731
37123
47881
43445
14618
16474
48317
46785
21704
45808
21532
16474
5175
28855
47103
29706
48488
13995
40228
39593
26793
43642
19525
39425
41605
155
47432
35704
7385
2351
49380
49373
38268
24037
9974
31240
36616
2
9955
14409
20330
26915
26793
48405
49260
380
9670
8026
32399
34772
13459
28888
8384
48070
48488
12170
45134
7256
40975
23759
10741
3055
35048
23845
47187
1863
30737
18686
9065
37119
36704
23886
36021
18180
1568
1352
1613
26997
20330
4618
30987
22497
31478
41207
39441
49163
34363
13180
48430
23907
4124
37123
24981
21273
38507
18413
3210
5422
30736
26498
32848
14872
24796
46767
20937
7052
25707
13609
4066
35372
9318
34946
2778
41786
22342
48430
19557
20660
623
38833
18181
13995
13150
17877
2243
29906
22701
39863
22703
24230
31264
32523
9044
2743
1568
3061
15223
43642
16191
5618
28814
11695
26629
16177
37206
13011
43293
10242
20100
8951
44748
33752
6231
45028
29133
4690
14633
10160
19628
13378
44127
12092
46787
46654
23297
10755
37338
27150
26380
47881
19628
2122
13995
47596
22504
33284
29191
37522
8914
5708
23108
41248
4401
45134
21038
17133
4690
30437
34089
22314
13609
31755
23275
28888
48488
10578
18850
36156
49286
525
26562
34946
12595
4950
48298
31069
23423
42587
15104
28415
29643
18279
48574
525
27661
22439
17967
38507
26629
35645
17432
3951
12949
5852
13146
25144
29651
34310
46299
47661
49163
30582
11872
7523
21826
5852
19565
48298
33874
33478
37917
23785
8591
35542
38638
16191
40802
22665
26552
21704
10834
623
2725
48879
12170
13085
18527
30755
37685
33362
24331
31755
42356
46299
7508
34925
35549
40975
3355
46299
39593
6583
41154
23646
37601
2164
3080
5088
38645
23218
33492
28720
24002
20780
49380
23417
44127
26137
40947
45271
44748
7130
37582
1927
48778
4504
12801
29002
48749
12284
28546
49922
5374
11052
38031
20198
33096
37188
26137
40120
42159
3716
20689
12170
19628
29651
5835
47840
31607
38031
45480
37084
31223
37735
14964
48227
27066
4783
45904
10834
24573
25602
49219
10755
12108
12284
13564
41061
48826
36997
19222
19484
38973
40176
21704
380
25138
25689
26365
42776
26201
26683
17231
15717
39566
26453
12284
24544
33478
36337
20937
35645
31
16177
37853
36729
48705
2429
26069
16438
28888
1541
10321
10640
525
48593
48405
1613
35813
30194
46767
27256
36035
49144
26793
22544
29669
48587
21071
46654
19628
40802
15141
414
23285
24388
19154
29097
33478
20774
17133
3080
49738
27368
2725
26793
46295
3061
41353
41300
2771
33071
44704
5113
25679
27150
39274
5374
16007
21838
34772
41636
24826
41458
38959
4121
1223
27256
5113
5175
11872
32122
46654
18011
40108
20932
28415
12334
21356
47054
10847
36200
38555
42675
30486
41312
7868
40345
5417
23646
42939
42059
9065
20134
26223
44809
8951
42784
29176
31975
38617
2725
41300
30854
37932
44815
4401
4783
41207
39730
44748
45272
15033
1613
1583
39751
15139
31975
23709
11479
33209
21322
27576
23246
26395
5113
22439
43293
48211
19227
14696
20160
44939
4401
16440
26747
5746
47881
41326
31264
32792
31051
28084
41248
3055
4690
9830
26124
44195
18579
28546
12501
16225
6975
1477
38715
40293
48227
1805
14926
40672
44195
26695
39183
10315
42434
39884
49609
5113
10039
34907
5273
19309
10390
34827
3209
34422
19309
27071
16091
39183
20011
414
27237
42221
32461
41120
25144
9955
13146
26640
39006
48749
10342
43694
8180
10663
49333
7255
19628
4998
32792
41300
477
49666
28081
20276
22314
27620
24178
46549
24002
1704
8026
12801
37119
17071
26272
5618
13609
31268
46668
9092
17967
24178
40975
44549
26124
10794
22256
40346
31588
31152
6376
40176
11479
48826
7135
23781
12884
26137
31162
46767
49968
42695
27256
41605
5746
35549
42356
2351
41353
12799
31264
2937
2122
11040
40622
14926
9955
2
42913
26653
23288
36200
9955
33478
15465
26999
30401
47881
49219
7052
13385
16191
40929
37917
12716
5498
12814
34089
5399
22104
4401
15495
48597
25316
25249
20165
21532
16790
45727
23129
414
39566
31264
5273
28970
2197
42695
20770
18527
6750
17071
25316
35424
26734
25296
35549
32262
5898
26246
46294
35138
32172
44594
39884
15016
26640
24544
26223
42185
4885
46767
46070
28231
42255
25013
13970
48282
3246
31814
3080
43053
33605
3375
9393
26106
30854
35424
1927
22925
42356
26054
20070
31069
9974
20660
12023
30934
45432
4841
38715
49482
44930
833
48405
17477
19565
32126
1613
49666
23867
46654
4812
7052
1352
40315
48574
26223
19350
1591
21532
3639
28888
46244
34907
22530
16575
33366
29177
45770
7052
46070
44939
3565
48619
46549
3055
1687
34051
41353
15708
21337
28888
22876
45885
19271
28260
44704
31
25194
28888
42587
41300
1960
31069
32848
34847
12801
46767
35424
623
35048
48778
4690
19676
38662
618
11872
7052
19350
26380
34907
21535
3871
46767
14413
3004
21322
14618
23423
8284
22739
1477
11872
36536
16376
13011
17907
34907
21381
48455
10505
35517
7130
1927
40814
20410
32461
18527
45779
31300
36536
28970
20678
41201
9092
37338
26997
29002
36025
11669
34926
39371
37599
16575
46767
41300
44731
29284
3689
37685
13385
2197
36375
19846
4613
4935
47035
43523
15348
49847
33478
26069
44263
10428
16091
12814
23845
34907
45047
15320
21337
29176
46654
833
10428
22800
11872
29860
10578
24272
24511
21791
35549
9268
7442
24826
27429
15097
18445
7396
5163
29176
21684
21581
4624
25144
24573
36200
48574
49504
25865
8378
1407
13191
47921
2771
14872
20893
21634
29113
42159
12284
21960
30194
16120
42867
22233
19154
32523
25144
35256
17432
46654
19306
33478
28171
22891
43084
24331
22264
37442
28619
10767
34448
7255
5374
27697
15016
23246
4950
32968
38609
23297
28546
19350
41455
2174
47661
41605
23297
17432
31264
38959
30584
26683
12949
18579
18824
29578
17212
43478
35429
44809
7256
5374
40802
45698
5198
21704
15495
21532
37123
15570
13564
9656
4950
36676
32881
21581
15152
12722
14758
16816
2409
20099
11052
10085
10410
48574
49286
3
16310
41207
47716
27576
43810
24002
33346
6244
25138
31755
10767
48574
30934
23571
26793
19846
7052
29133
48227
8744
17698
3565
21786
33158
25668
22665
14513
41636
27489
30854
37442
2409
21322
37735
40294
8107
10180
33977
40315
6583
15465
11490
29273
21450
6975
46475
8571
12268
46916
48312
24782
35325
10802
24002
37932
14693
23288
18191
23571
20330
24981
9711
34575
4783
10741
11479
26170
44263
41786
7052
26170
43084
26137
29965
40854
32708
24890
25859
46299
8494
12308
25678
4504
37522
46299
44748
38254
6583
26734
23414
27368
17907
26683
1907
18180
19846
38662
16982
47187
23414
45267
38715
47289
16474
16157
44247
42159
14792
23751
12092
45565
38732
23297
7070
47054
43635
5022
47611
39425
14909
26304
35549
47661
40672
9974
9447
4950
33171
20937
20933
18445
18279
43084
23218
38440
31966
23434
43694
49504
1907
45573
1979
41305
23293
26635
9260
21704
21322
23434
7602
22739
33171
30688
38487
35795
25138
48298
7602
47859
30097
18850
29373
25144
20780
16091
9500
26997
21650
48574
15637
37582
1352
45255
25703
46352
7336
30194
23099
14221
34127
414
24796
31267
34513
13080
49596
43103
10195
16626
32130
45885
8780
36156
26054
23218
46299
19084
4401
22325
22252
27429
13011
47661
42356
22383
15033
22925
23434
23353
2053
24796
29133
32126
34195
6057
48312
25236
40197
13346
11481
25668
2351
21791
19038
34847
37864
7070
42195
34853
13180
29967
20780
18919
39441
48405
39566
48749
43742
3055
40316
48862
35549
21418
25679
48879
1369
1591
21337
21356
17967
23129
3355
47881
31
46299
4887
37522
5352
38507
14618
12268
23099
8784
32913
13110
47659
1223
11506
27632
41300
3911
41305
4201
49333
39751
3685
47859
29784
34413
5374
37932
37123
29142
10214
3055
3061
10198
37981
39730
24002
34907
41248
25437
28941
19222
10578
11669
13564
26683
20801
6231
29651
48405
28081
42867
13561
48488
3055
28888
6505
47723
23845
11478
17133
15335
414
47151
15165
23423
10195
4887
43810
41312
44263
34990
4793
25399
6246
40921
5600
49333
6439
13628
39592
23915
48749
21532
49706
14909
4998
30987
28415
2174
16157
25865
16816
3283
5442
10315
35325
15708
34717
17093
23851
11479
21322
13561
34907
46767
11925
24388
6975
45056
44010
8244
35859
12733
33209
48317
45028
34790
38715
31351
8784
4624
22925
28171
25144
6057
14618
2913
25389
33874
41400
16816
39751
10755
42395
39593
16879
44549
21169
11669
46510
49503
15139
6750
23427
46787
15033
45028
12284
33209
24272
40315
46155
46654
48227
31264
4376
23218
30987
19038
25295
4094
13191
9628
38863
20267
4885
14872
1681
34089
9955
21322
15033
32847
27586
26695
14618
5058
12393
9065
12023
45158
26170
32122
21704
27071
40802
12268
146
37119
48863
6317
14696
13048
7868
28814
37529
39762
11052
10195
4001
4624
24388
27671
13085
21595
23285
48778
8453
19525
33731
17133
4998
46961
4885
27237
21838
12170
32130
13904
26170
35881
21704
23427
8947
48539
8284
43636
36704
35549
4001
6554
19525
19746
4820
43293
21322
17778
29723
46767
11479
477
39730
6376
29097
25295
48727
1600
32847
4912
2633
49596
26058
12442
12667
8487
38912
31320
10039
33785
24413
16470
48396
33012
20647
34668
31267
43742
16203
48131
8128
414
24272
8744
43445
3151
16440
15967
18973
44137
1696
43124
18585
14618
41789
41061
41458
18775
40345
10428
48593
26793
26804
44637
1854
29087
48590
19049
12692
3871
32881
28707
28619
12667
27846
37340
31755
522
18585
16306
7070
34853
16790
45727
37814
38863
17291
43445
25295
16651
6329
359
32212
44263
42888
4991
38507
37460
12464
12949
28371
7576
19049
3520
47881
2743
44247
8914
5417
23423
21981
38778
13611
3716
49271
26031
6271
29373
13834
26063
30249
5376
22199
10555
13102
27846
45047
46476
27673
1266
35116
30489
45953
9220
3146
19796
3395
28814
45779
7592
36540
44788
15891
32747
45047
31
44010
8208
49994
46352
14926
36025
42234
6614
15944
48417
49082
44549
34310
11045
47325
3911
45015
40276
3581
9234
32325
31264
10938
40635
42255
10834
3783
33078
7868
22256
44121
25602
18729
49936
12667
26804
31814
18627
3209
17822
17196
6329
45015
5304
14926
43236
49994
21684
39441
41505
3581
29140
10281
43124
15497
32130
21137
25825
3145
33217
1863
16470
9236
7602
9447
23505
6800
48644
8453
32229
1881
35249
5666
27300
33731
47606
34706
44939
41339
345
34539
23414
78
37727
41484
16589
32126
39026
41346
19381
24413
25296
42936
49260
21917
39221
45233
2778
30393
31097
26182
30393
22612
18279
20801
34961
17923
36392
45904
5304
22010
1478
15004
46475
14431
26695
16143
46476
49097
23099
3502
13556
1453
13834
19633
20134
4214
44333
31209
34294
26774
13862
7296
21509
23322
48455
12
7870
22703
45044
38507
7858
44815
46549
30749
41312
39441
16470
25296
43053
22439
43445
40289
5198
39533
3689
17923
17936
45134
2309
46982
15115
11925
28121
21017
35116
17231
48003
21498
8494
39371
45772
40898
12115
45530
17806
6097
13995
26915
45612
44721
32548
48131
34668
46946
618
23456
32946
23293
37129
32122
25799
17348
15348
5956
45540
10214
44666
9236
17936
41117
39751
30254
26272
3198
26734
8591
40672
40648
27586
10834
3997
42384
843
8914
18956
24842
29852
4504
31351
25817
35325
17923
27429
34404
14183
25296
32122
46476
36025
40079
44595
3908
12716
42847
3783
26876
8914
16236
41576
32126
45772
13150
1110
26565
31420
34422
19519
23785
46982
12501
21548
47324
30350
7870
44815
12799
3889
40898
31671
46899
12
27495
26863
22256
43685
36146
1979
9592
39026
42888
26272
28411
44686
16236
15278
31667
26370
21962
44240
38436
45486
42255
27697
32240
39208
45047
42867
37685
35645
31966
23152
5422
38047
7870
16589
41484
27574
27832
26415
22147
3395
21509
13671
10410
13025
623
32548
47616
29947
41451
24511
48619
30535
5058
359
28201
24523
44567
11164
32122
16399
8128
26565
439
3520
16447
11132
12494
44263
21457
13080
359
11815
12284
1696
21791
41045
3581
21071
11669
18003
46218
1478
9268
12344
23613
34310
3227
10518
34554
2725
19624
41728
4066
42017
30520
1979
30535
15251
3889
4066
30535
18585
29112
12015
48488
31964
45226
29852
15004
48734
38536
359
46767
30179
18235
38778
4783
3997
40898
21457
24790
47166
47246
49609
19049
26182
29112
15542
21577
41889
46476
5163
4896
12676
22825
41345
37602
12972
43320
35881
1770
24511
26453
37685
32122
43742
31686
5509
17594
22256
31966
9447
8850
47246
21962
13190
23920
29542
29574
26223
48874
38662
12464
3151
48172
12972
1979
44733
12904
32325
21071
46982
28121
3701
38715
15885
41576
4214
28757
11114
10518
17594
25370
43068
31560
35027
28707
36644
10390
32847
38313
10039
4958
38617
31755
25034
8923
44686
38572
12589
4912
23290
28081
3192
16246
33874
37602
20366
12334
26453
34535
15885
17652
41772
43018
25437
6271
1881
26915
41484
17907
23290
3558
43594
4896
11925
25689
42552
33282
45464
43103
35784
1223
33842
14696
46107
48003
11835
47503
42468
19260
35795
36146
17923
1363
22631
3879
27586
32328
22631
35249
25056
12676
22497
4885
26442
19743
39279
40601
43653
49936
31540
48909
3545
3889
42116
29723
7621
12931
16246
42255
44984
34310
25905
21891
39133
40345
31814
40316
21700
39425
23114
503
1696
5751
21577
13966
41889
30584
10938
43236
38815
33171
39425
10039
34722
30393
8914
3685
27392
40947
24853
44240
16236
39504
21498
39448
33478
5304
23099
32106
35627
30294
13671
9045
31268
32881
2743
5399
623
42171
39133
22939
12716
2309
19727
21599
49994
48734
16143
44704
21509
44939
49148
25689
3685
47325
32548
23456
3536
33018
28301
26223
16246
31209
33415
13025
35685
29856
40918
1527
40553
38863
13561
3145
6271
12980
25825
46982
44964
24120
18585
1609
33785
32172
7353
4991
47324
23851
23456
47289
46290
22530
9470
41326
30940
41288
26415
16440
37598
28
5058
21509
30940
1996
1478
37814
35901
38617
2633
28284
44788
42901
40079
26124
345
42017
35795
1996
44939
32913
5956
22256
5422
37340
21791
13671
29856
15115
33842
42031
41201
44859
32240
1060
47859
43018
23372
17936
27210
2633
30489
29651
17071
43638
9268
12972
23456
38737
5835
29583
25385
11695
48734
38704
42901
3355
3210
21595
17652
45573
31228
3879
41005
41305
41789
36470
3150
20134
13191
13995
48590
44788
42468
15495
30249
28081
14926
42847
43642
26272
24890
41786
14087
15891
22173
13102
45271
33678
2174
26063
34535
49503
31209
23143
45808
30520
1887
45047
44987
21253
10834
18235
10396
49271
5058
40898
32847
40315
31209
4011
19525
12598
43874
41728
31351
41363
49260
42847
15251
12676
24272
38031
3470
9974
38617
8947
8149
10938
11815
30849
20410
18003
78
46218
42395
3783
15605
2167
13190
5397
24523
40898
47054
33519
46961
5956
15289
35395
32262
14409
3911
14601
25370
49144
1189
31841
36535
32946
41288
49994
37556
14508
17475
27066
24782
42059
27066
21842
30406
8218
20770
22612
34310
48122
2593
25295
31650
30294
12284
3911
38572
29128
23117
3879
38715
45530
20932
24413
42031
41061
5304
41616
15623
9161
14431
21634
42468
16757
31451
10518
23288
10061
49936
5273
3951
25602
1672
33078
16447
41482
5041
34195
31209
8494
15944
38617
9643
34099
16316
37932
14909
24787
34706
32847
25668
33072
43445
16662
11405
11479
2338
9629
45727
25905
24782
41288
17594
33415
34772
21643
47147
22825
45457
25056
14513
40288
28859
18956
8218
25437
32876
34337
46946
31267
26378
7121
48406
3581
12931
48597
13966
18956
26562
22530
42537
12598
25056
721
19309
16757
37932
1791
16662
11169
15635
45331
142
41353
21700
12799
49248
15497
7870
439
34668
24782
1996
26550
28859
30348
16757
32328
6800
31964
43771
30159
15104
16982
3151
49201
30249
22939
16857
12171
4958
13920
45134
37599
3951
27697
27697
39279
5140
14618
12003
44202
23353
17923
5163
8073
16246
21085
26989
42847
6408
33362
38737
21577
19624
12442
42395
9318
3192
47324
41484
5956
27238
13556
37627
4783
11774
22104
9236
18235
43771
19687
10321
26653
4214
5520
46767
45015
45573
11831
40921
33785
37340
11405
38313
16447
12464
36055
38617
23920
45174
40898
48312
32662
32938
21786
35256
49645
11815
15510
40947
41353
43636
46295
34706
43874
9153
21786
16879
26653
19624
12079
47723
39504
21700
13412
27661
4346
9643
17475
47225
3716
1613
12931
33874
23117
28121
22939
1478
28371
15115
16091
23143
48619
4033
45200
32126
3150
47655
8378
3016
10802
25689
6097
20647
10834
37727
7719
21736
35901
40337
16237
5956
47673
20774
16484
13307
40342
13650
16942
25414
21838
39738
1672
24272
30097
3209
27574
15885
4066
45015
14221
27300
24523
26453
2084
14618
12494
12414
47160
1650
47009
42784
48874
7336
45200
36200
9500
3355
45015
19156
22332
35881
18907
39965
21684
1426
27846
48003
45028
37340
31209
12931
28616
46476
17923
5885
44121
843
15944
10663
32665
45530
30561
37812
3581
41326
25056
12715
38951
4624
3545
20099
30584
5956
7592
14618
23153
43746
1909
45486
3545
29643
37556
12801
4690
47009
19478
15152
47432
37460
18279
760
35881
45331
39279
3068
22530
26453
43478
7869
21684
7590
44608
16245
48909
18003
39965
8947
18919
15004
31671
26453
21344
40037
32747
49596
13190
17029
21791
28231
40276
45200
47225
2488
3536
34668
25056
17594
25370
30097
45486
16662
38572
11478
42888
23915
20932
12716
46768
30097
13307
23146
12339
8149
41061
32231
29879
17936
9854
14394
19484
19222
33519
48508
8487
9643
4690
1672
21595
45155
41779
22256
27827
24423
26272
20774
48172
2835
45015
39425
22817
45530
21548
26140
45824
7225
8494
16157
12523
18235
29142
49248
5666
38536
17231
41484
35122
40294
45028
17594
35028
10321
3997
3068
33603
38801
48924
9731
27302
31560
42537
21917
28616
18775
21791
30294
3334
17923
42942
44595
42272
36392
27827
8744
22833
8492
3209
33614
24782
8850
359
9656
15967
29373
32957
22631
37727
3209
42939
5547
14601
31650
12414
21498
2593
9661
42395
42537
9997
10321
29140
12904
2013
49220
47677
46982
26637
29669
18907
8384
1591
38959
46995
9
42116
10847
37685
46479
31966
42018
37269
47225
45134
8208
11815
20686
13102
31036
41363
3689
359
25056
32881
19525
44263
37529
12820
32847
32792
33415
20198
21891
28707
49082
15115
42092
37269
5140
9643
42888
42537
43445
21509
13532
8494
18527
41482
13346
32548
13528
18919
27368
29651
1266
35645
44686
13102
7602
17348
10518
30470
45530
46037
1583
39738
4723
45612
23920
3879
3502
18907
23920
44263
41616
49994
32338
16306
48339
8914
11347
48003
1266
29818
27846
30520
11835
5422
44137
48339
18585
44733
21684
12115
39208
45200
33362
27186
4896
21257
43443
40293
10390
2725
14264
14560
32724
44247
23254
46037
4690
3558
23785
2243
21684
15885
43085
3355
26562
30749
35881
43068
46068
37939
32172
30393
10321
12949
30470
11815
10859
8966
46955
31267
34535
35116
45772
8218
47160
32708
28072
37350
1805
44809
38815
27638
7070
15104
14696
13611
5509
42867
22939
39738
5488