71
0 0 0 0 0 44 -1 -1 35 0 81 55 0 -1 -1 46 34 91 0 38 0 -1 0 36 0 82 -1 0 0 0 0 -1 0 0 0 0 0 0 -1 -1 0 -1 -1 0 0 0 0 0 79 -1 0 -1 0 0 0 96 0 25 -1 74 0 0 0 88 0 0 0 -1 43 63 57 
-1 0 0 63 73 0 10 0 94 0 90 0 0 0 0 0 79 0 0 87 0 0 -1 0 0 0 0 0 73 -1 -1 -1 0 0 14 0 14 68 -1 0 -1 0 47 0 0 0 -1 0 98 56 98 -1 0 72 71 -1 89 -1 90 0 0 68 0 0 0 -1 0 0 0 43 51 
0 -1 0 0 0 0 0 0 0 -1 0 0 0 0 0 25 7 -1 0 0 -1 27 0 -1 -1 -1 0 0 -1 0 0 55 0 0 -1 0 9 0 -1 0 91 -1 -1 -1 -1 72 0 -1 -1 0 53 95 0 0 0 24 23 0 40 94 -1 0 0 -1 1 0 0 -1 0 0 88 
0 64 0 0 -1 -1 39 0 0 69 0 0 -1 69 58 0 92 0 0 0 0 0 68 0 -1 0 -1 0 0 -1 30 0 10 0 0 63 58 -1 0 0 0 26 0 0 0 0 7 49 -1 9 0 0 19 0 73 83 -1 67 0 -1 0 0 70 0 0 17 53 0 0 58 0 
-1 0 0 0 12 0 19 -1 37 41 0 58 29 0 0 0 0 76 41 -1 78 0 -1 0 0 0 0 22 29 0 0 0 0 0 -1 0 0 0 -1 -1 26 0 75 0 0 0 96 0 6 -1 0 0 0 -1 0 -1 0 0 36 73 0 0 0 -1 -1 0 -1 0 0 0 0 
0 0 24 0 0 0 0 0 53 0 -1 -1 0 -1 0 0 -1 97 0 0 0 0 0 50 0 -1 -1 25 0 -1 0 0 0 0 0 0 0 0 0 0 -1 0 63 -1 0 12 0 -1 0 0 0 70 0 87 -1 23 -1 92 -1 0 57 -1 57 0 0 0 30 50 0 83 0 
0 0 0 0 66 0 0 0 -1 100 0 -1 -1 -1 0 41 0 76 -1 0 0 0 -1 0 77 0 16 0 29 36 86 0 65 77 -1 63 0 56 -1 0 0 5 46 68 0 23 0 0 0 72 -1 0 90 0 0 -1 0 0 0 0 0 0 -1 -1 0 0 83 0 0 0 0 
-1 0 -1 0 -1 -1 13 0 0 60 0 -1 59 0 -1 0 0 0 0 -1 30 0 -1 0 0 67 0 -1 0 82 0 0 0 0 -1 0 0 0 0 21 -1 0 0 -1 0 0 0 0 0 -1 24 79 44 55 0 68 0 0 0 -1 27 86 0 0 0 -1 57 0 0 -1 0 
85 -1 -1 94 0 -1 6 0 36 93 0 0 71 -1 0 56 40 0 0 51 0 4 34 53 -1 0 70 3 71 30 0 0 57 0 0 72 0 0 0 52 0 0 0 0 0 0 0 0 -1 -1 0 0 -1 -1 0 0 -1 0 77 -1 36 0 0 83 0 -1 4 72 -1 0 0 
-1 0 0 0 48 0 0 0 -1 42 61 0 -1 0 0 0 73 1 0 5 0 -1 0 0 0 0 0 48 -1 0 0 0 70 37 0 -1 0 -1 -1 -1 53 0 0 86 -1 0 0 0 0 7 0 -1 55 0 92 66 63 0 0 -1 -1 0 55 6 0 -1 18 0 0 -1 74 
4 -1 -1 -1 -1 -1 0 -1 70 -1 64 -1 0 0 43 78 0 90 -1 0 51 94 0 -1 0 57 66 0 0 35 0 57 74 -1 0 0 0 96 -1 -1 -1 0 0 0 0 13 0 0 0 -1 0 32 0 0 0 90 96 -1 0 0 -1 38 0 61 61 30 0 0 0 0 70 
0 0 26 38 57 0 0 0 0 -1 22 0 0 94 0 0 -1 30 54 56 53 -1 0 -1 -1 0 0 0 -1 -1 47 38 0 29 -1 0 0 0 0 0 0 -1 89 0 0 -1 0 0 0 -1 51 0 52 46 0 -1 0 87 0 -1 0 -1 0 0 97 -1 76 0 0 0 0 
-1 0 -1 64 0 0 93 63 -1 0 0 0 59 0 -1 0 0 0 0 -1 0 39 0 0 0 0 0 0 0 70 -1 1 49 0 -1 0 87 15 -1 -1 52 0 -1 87 0 0 0 50 9 0 0 12 91 0 0 -1 0 0 0 0 1 88 81 26 40 0 0 97 0 -1 0 
0 64 98 0 -1 0 0 -1 0 0 0 0 0 0 0 0 0 28 0 36 0 -1 0 0 -1 0 19 0 0 0 0 -1 16 0 0 0 -1 89 -1 0 54 0 0 -1 -1 0 0 0 0 71 98 0 0 0 -1 -1 63 0 0 55 0 -1 0 93 5 0 0 0 0 -1 93 
0 0 52 0 -1 0 0 59 0 0 0 46 0 0 -1 79 -1 3 -1 0 0 0 0 0 0 0 40 94 0 0 0 0 58 0 -1 88 0 95 0 0 4 -1 -1 0 0 0 0 89 0 0 22 15 -1 0 67 0 87 0 0 15 41 -1 0 0 0 0 25 0 0 31 -1 
0 0 0 0 0 70 8 0 -1 0 49 9 0 0 0 -1 -1 -1 70 0 -1 0 0 -1 60 15 77 0 65 -1 0 69 0 0 0 0 -1 0 0 0 32 0 76 -1 -1 -1 -1 0 0 0 0 0 0 0 58 30 0 0 0 0 0 0 48 0 -1 0 75 87 0 0 0 
0 -1 0 23 0 1 0 68 0 -1 0 0 0 41 -1 0 0 0 -1 0 52 -1 0 0 73 -1 6 0 0 0 0 0 0 -1 0 -1 -1 0 60 98 -1 0 7 -1 0 0 0 0 0 32 -1 -1 0 -1 0 0 0 -1 0 -1 0 0 0 -1 0 0 0 0 0 0 21 
0 0 71 0 -1 0 -1 0 0 0 0 87 0 16 0 0 0 0 -1 0 92 -1 0 -1 33 -1 0 -1 23 -1 0 29 40 0 0 28 -1 -1 0 -1 -1 99 -1 0 -1 -1 -1 -1 89 -1 0 21 0 -1 83 31 0 53 77 0 0 9 42 0 0 0 24 0 0 70 39 
91 0 0 0 48 0 0 0 93 56 0 0 -1 0 0 0 0 -1 0 60 -1 -1 0 21 70 -1 89 0 -1 0 71 0 0 0 0 -1 -1 0 -1 6 74 26 0 -1 0 0 -1 97 0 0 0 0 0 0 44 -1 0 95 49 0 0 87 97 75 63 -1 0 0 -1 0 0 
0 55 66 47 68 0 0 72 -1 -1 -1 0 -1 0 -1 39 93 81 0 0 0 33 -1 0 35 0 0 0 0 0 0 0 41 0 0 37 0 0 0 0 79 75 0 0 0 -1 0 0 1 -1 0 -1 0 0 0 0 89 0 33 -1 -1 -1 0 26 0 0 0 0 0 4 0 
0 56 0 0 92 0 24 0 0 0 0 -1 0 33 55 0 0 0 59 0 0 0 32 -1 -1 0 0 0 37 0 84 50 0 39 -1 0 0 0 0 0 0 0 0 0 -1 0 0 0 3 0 -1 0 0 8 0 -1 0 44 -1 -1 0 0 23 44 -1 0 44 87 0 -1 0 
30 88 0 0 0 -1 0 0 0 64 82 0 0 0 0 -1 0 0 0 0 -1 0 -1 0 88 -1 0 0 -1 88 0 0 16 96 0 0 80 94 39 0 0 -1 -1 -1 0 37 83 -1 0 0 0 33 28 46 0 0 0 0 -1 0 0 -1 55 8 0 49 70 65 0 100 -1 
0 0 97 0 0 0 0 0 0 0 0 -1 0 0 0 0 -1 77 0 18 21 59 0 -1 25 -1 0 42 0 0 0 27 0 -1 13 0 9 -1 0 0 0 11 0 -1 0 0 35 37 -1 23 49 49 66 53 0 0 37 0 0 0 0 31 0 -1 0 0 -1 0 0 19 0 
0 0 0 0 0 0 -1 0 0 41 0 0 14 52 0 0 74 0 0 0 -1 0 48 91 81 -1 -1 48 37 0 0 77 0 0 78 0 -1 0 62 91 -1 -1 49 -1 34 23 0 44 0 -1 0 -1 0 0 0 0 0 27 99 0 -1 84 0 26 0 0 0 -1 -1 35 0 
0 0 -1 0 0 0 0 0 93 80 -1 -1 0 90 0 0 99 0 0 0 17 0 21 -1 -1 -1 0 50 0 100 0 0 0 -1 0 19 36 0 0 0 -1 0 0 -1 0 0 0 62 0 86 93 62 0 -1 0 62 -1 -1 0 0 0 0 0 0 0 0 0 0 33 0 -1 
0 86 0 -1 0 0 -1 0 0 -1 92 23 83 -1 -1 0 34 0 -1 0 54 -1 0 76 0 -1 90 0 86 0 0 0 32 20 -1 14 0 0 19 -1 97 0 0 0 0 91 0 11 0 0 0 0 0 0 83 -1 0 18 60 36 92 0 0 0 -1 0 0 -1 18 -1 38 
-1 0 82 45 0 26 -1 46 0 -1 0 2 69 0 -1 15 41 0 0 -1 0 0 -1 4 0 -1 0 0 0 0 0 0 0 0 0 0 43 0 0 0 -1 0 0 73 -1 30 0 0 0 77 0 0 83 -1 8 0 0 0 0 0 0 0 11 -1 0 -1 0 0 -1 -1 -1 
-1 0 0 9 -1 27 0 0 -1 2 0 75 0 -1 76 35 43 37 0 0 84 0 -1 0 14 11 0 0 0 0 -1 0 -1 0 0 79 0 0 0 0 0 20 0 0 0 0 0 0 0 25 0 0 0 0 98 36 0 0 0 0 0 0 0 0 43 -1 0 0 0 24 6 
0 62 -1 9 0 74 0 0 0 64 0 0 21 -1 0 55 19 0 0 32 0 0 0 -1 0 0 0 -1 -1 0 0 -1 45 13 0 94 0 -1 14 0 -1 59 84 -1 41 0 0 0 -1 0 0 0 0 -1 0 0 43 0 0 0 0 71 0 0 89 0 43 0 13 0 77 
0 0 0 0 0 0 0 0 -1 -1 -1 -1 0 -1 50 7 0 -1 -1 0 0 0 0 0 93 0 0 0 27 0 0 44 81 0 46 88 0 0 0 0 0 0 33 0 -1 48 8 0 0 8 0 -1 -1 55 0 0 0 0 -1 0 -1 0 0 67 0 0 0 0 -1 87 0 
-1 17 93 35 -1 -1 -1 0 0 0 36 0 0 0 -1 0 51 0 -1 0 48 0 36 12 0 0 -1 -1 -1 86 0 0 37 68 0 50 0 77 88 98 -1 0 22 0 22 0 0 0 0 74 89 0 0 5 0 0 -1 99 90 0 16 0 0 -1 92 81 -1 24 86 0 43 
-1 -1 44 0 -1 48 0 0 -1 22 0 0 0 86 -1 75 0 -1 56 0 0 37 0 8 -1 1 0 -1 9 0 70 0 0 -1 0 0 94 0 96 0 0 35 0 -1 0 0 -1 3 0 -1 45 0 97 -1 0 -1 0 -1 47 0 21 0 26 0 0 9 49 0 0 0 0 
0 6 33 0 59 33 0 70 -1 29 0 0 0 11 -1 61 26 0 0 11 87 0 -1 15 -1 0 43 0 42 99 0 44 0 21 12 -1 0 88 0 57 0 45 -1 -1 26 41 0 0 0 0 -1 0 -1 -1 0 -1 -1 0 75 0 0 -1 0 0 85 -1 -1 8 79 0 -1 
31 17 0 0 71 0 0 0 -1 18 -1 0 0 0 58 33 22 0 0 -1 -1 0 0 86 -1 0 99 -1 17 0 -1 -1 0 0 0 20 -1 0 0 54 0 44 52 0 0 70 0 0 14 0 6 0 -1 0 0 0 0 0 -1 0 0 -1 0 17 0 0 0 0 46 -1 86 
0 0 0 0 0 30 0 64 0 52 0 0 86 0 33 23 0 0 88 0 0 28 0 94 0 0 0 0 0 -1 0 76 0 -1 0 -1 0 0 61 0 -1 0 13 -1 50 -1 -1 0 -1 0 50 0 0 0 54 0 85 0 -1 0 -1 74 -1 -1 0 0 0 90 0 55 0 
0 -1 -1 0 0 -1 0 48 0 18 0 0 -1 0 -1 0 65 34 0 13 0 0 40 -1 -1 0 0 46 0 46 0 25 -1 0 85 0 28 32 -1 0 0 63 0 0 0 45 -1 0 -1 0 0 27 -1 0 92 0 0 0 0 0 -1 0 0 95 0 -1 30 0 0 0 75 
0 -1 0 94 29 73 -1 11 0 0 0 0 0 0 0 0 0 0 0 -1 0 26 0 65 27 26 5 64 0 -1 0 0 -1 71 43 17 12 0 0 -1 62 0 74 0 -1 0 61 75 0 0 0 0 82 49 0 0 0 66 97 -1 -1 79 42 -1 0 46 -1 0 -1 0 74 
0 81 29 0 73 14 0 0 -1 0 26 0 -1 0 80 41 -1 0 0 -1 0 0 0 0 0 81 0 95 0 0 8 0 0 0 65 78 -1 1 10 0 56 0 0 0 0 0 0 0 0 0 0 0 0 0 -1 0 -1 73 51 57 0 0 -1 65 0 0 -1 10 1 0 0 
0 0 0 2 47 0 34 0 0 0 0 74 0 24 0 59 0 100 0 -1 1 -1 0 -1 0 0 61 0 -1 0 62 19 -1 -1 0 0 0 80 0 0 58 0 75 0 0 -1 0 0 97 0 39 62 0 69 0 18 0 0 0 0 0 0 40 0 51 0 43 87 0 0 0 
0 73 0 -1 44 0 0 0 -1 0 0 9 -1 0 0 20 51 -1 1 -1 0 70 0 0 -1 3 -1 12 0 0 69 -1 0 0 31 0 0 0 0 0 92 -1 -1 74 0 0 0 -1 0 53 0 0 39 0 0 0 -1 -1 0 0 38 9 0 -1 0 86 68 -1 0 -1 11 
0 -1 7 0 43 0 0 46 0 -1 0 0 -1 0 0 -1 -1 0 0 0 84 0 -1 90 -1 0 31 -1 87 -1 -1 0 -1 -1 56 0 -1 0 0 -1 0 -1 -1 94 0 0 0 64 88 -1 21 93 0 0 0 0 0 5 -1 0 66 -1 -1 0 0 -1 39 44 0 88 0 
26 76 0 0 60 0 0 -1 0 93 10 0 0 0 94 0 57 -1 24 94 57 6 -1 -1 -1 81 62 0 40 98 0 0 74 42 -1 -1 78 93 0 0 22 39 0 74 -1 -1 0 -1 0 -1 0 54 4 63 0 0 1 54 -1 0 0 0 2 0 -1 41 0 0 -1 0 97 
0 0 0 -1 0 -1 0 0 -1 -1 -1 50 98 -1 71 52 0 0 31 28 40 64 0 0 -1 0 0 0 0 0 0 2 0 30 -1 -1 0 0 0 0 0 -1 -1 98 0 53 0 0 0 91 0 0 0 76 0 93 -1 -1 0 0 0 0 0 -1 0 0 0 47 84 56 0 
0 0 -1 17 86 9 -1 93 0 35 0 0 -1 70 0 -1 -1 0 56 0 21 0 75 29 33 0 0 0 92 -1 80 0 0 0 0 0 0 48 59 -1 -1 54 -1 0 -1 -1 0 0 0 -1 0 44 -1 24 -1 0 93 0 83 0 29 38 51 0 0 9 0 0 0 0 0 
0 80 0 0 0 -1 50 0 -1 94 93 0 0 0 0 76 -1 0 0 58 0 -1 0 0 0 0 0 0 0 0 -1 -1 0 -1 26 0 0 0 -1 -1 0 0 0 -1 0 0 12 1 0 0 11 0 0 0 0 0 -1 99 0 0 0 -1 0 0 0 0 0 0 92 0 0 
46 25 0 0 0 -1 0 0 0 -1 -1 -1 0 94 59 21 0 81 56 -1 -1 0 0 -1 0 84 0 0 0 0 0 0 0 0 0 46 0 0 0 0 99 -1 0 -1 31 0 0 0 0 0 0 0 0 0 -1 0 0 67 0 79 0 81 0 45 0 0 -1 100 0 0 26 
0 0 0 -1 0 43 100 67 5 28 -1 0 96 1 21 0 0 0 0 75 -1 0 38 49 53 0 0 0 0 65 0 59 0 0 0 0 90 59 0 0 15 -1 0 0 25 50 0 -1 78 0 -1 28 0 0 0 0 94 38 42 0 0 0 0 33 82 71 0 0 0 23 0 
-1 0 77 97 67 97 50 0 0 0 0 0 45 0 18 -1 0 0 0 0 86 0 0 8 0 0 -1 -1 -1 0 33 0 27 19 13 0 0 73 0 0 0 0 74 0 -1 -1 -1 2 0 40 0 0 0 -1 0 0 0 48 0 -1 0 0 0 -1 -1 0 59 0 -1 -1 0 
0 56 79 -1 0 0 22 -1 0 63 84 0 -1 92 23 0 -1 -1 30 0 -1 8 0 0 0 0 -1 0 0 0 0 0 75 -1 0 57 0 26 0 0 15 0 0 0 34 0 0 0 -1 51 0 -1 86 0 100 0 -1 0 0 0 83 0 0 0 -1 0 0 8 -1 0 -1 
0 0 76 37 0 52 0 39 0 0 77 0 0 15 0 -1 0 0 0 54 -1 71 0 0 0 0 0 0 0 -1 0 -1 87 -1 0 0 0 81 65 64 4 92 0 0 37 76 0 -1 0 20 0 0 -1 0 -1 77 0 -1 0 0 0 -1 0 -1 0 37 -1 0 95 47 86 
9 -1 -1 0 0 40 45 0 0 -1 -1 0 0 0 80 40 0 0 0 0 -1 0 -1 0 0 0 0 -1 16 81 0 58 0 12 0 0 0 0 0 15 -1 30 0 -1 0 75 0 47 0 100 0 -1 0 0 5 0 -1 0 0 0 0 0 37 0 1 0 0 0 0 0 0 
55 70 -1 -1 0 71 0 0 -1 40 0 0 0 -1 0 0 0 0 0 -1 0 0 0 -1 0 100 86 -1 58 -1 82 0 -1 0 5 -1 0 0 55 0 0 71 0 0 0 20 0 0 39 0 0 34 -1 56 0 0 59 0 0 38 -1 0 45 0 0 0 88 83 44 7 37 
0 0 0 0 -1 0 0 0 -1 0 0 0 82 44 -1 0 71 0 0 23 0 -1 -1 0 0 99 0 -1 0 52 -1 0 0 -1 0 0 -1 0 0 0 0 7 27 -1 0 99 89 0 55 0 18 3 13 0 67 0 66 60 89 0 57 0 31 0 0 0 0 0 0 -1 1 
0 -1 0 67 27 26 -1 0 0 38 -1 0 0 0 0 0 30 0 4 3 -1 0 70 0 32 0 0 0 0 37 0 0 0 40 0 38 0 52 0 46 -1 0 -1 0 0 -1 0 71 0 0 57 -1 86 0 31 0 0 0 47 -1 51 27 0 -1 66 0 -1 -1 0 0 0 
0 0 0 37 0 0 0 0 -1 -1 -1 89 -1 -1 -1 90 0 -1 91 0 -1 -1 0 -1 -1 23 6 58 0 -1 25 96 0 -1 93 0 34 0 -1 0 40 0 0 0 -1 0 9 0 37 85 0 0 0 0 37 -1 0 62 0 -1 0 47 -1 0 12 0 -1 0 -1 -1 51 
0 -1 0 0 19 0 0 39 0 0 31 0 0 0 0 0 0 15 -1 0 0 0 94 0 66 0 0 0 0 -1 77 66 0 -1 0 77 0 0 0 87 0 -1 79 0 0 24 37 76 0 0 0 0 0 0 64 -1 0 0 0 0 -1 0 0 0 0 0 0 0 0 0 8 
0 57 23 0 0 0 32 0 76 -1 2 91 7 0 22 18 43 41 0 -1 -1 67 0 0 -1 -1 0 0 0 50 0 -1 -1 0 10 -1 99 -1 0 0 -1 -1 0 16 62 0 0 0 98 0 0 0 0 0 0 0 0 0 0 -1 89 0 0 0 25 79 0 72 0 0 0 
0 0 12 0 0 -1 0 81 6 37 0 0 19 0 0 -1 0 -1 0 -1 0 0 34 0 21 0 0 90 99 0 0 -1 0 0 70 20 0 -1 35 0 0 0 0 0 0 0 78 72 0 0 -1 -1 0 25 0 57 0 52 0 0 87 0 0 -1 0 4 0 0 -1 0 0 
0 68 35 -1 0 -1 0 0 0 0 0 13 -1 0 26 0 0 42 -1 -1 0 37 29 53 0 -1 0 90 43 83 0 0 0 0 34 -1 11 -1 24 0 0 0 0 99 0 0 0 51 0 0 -1 0 0 22 -1 0 -1 0 0 -1 83 0 10 0 0 0 74 0 0 -1 -1 
61 -1 25 0 48 93 0 48 0 0 95 0 86 0 -1 0 -1 0 -1 -1 0 0 0 89 0 -1 -1 0 45 0 0 52 0 35 0 0 59 -1 0 -1 0 72 0 0 35 0 0 0 0 0 69 15 0 0 78 0 -1 91 0 0 67 0 68 0 -1 84 0 79 91 0 0 
-1 0 0 -1 0 -1 0 72 -1 0 0 0 0 0 0 89 -1 0 50 69 0 -1 -1 32 -1 0 63 0 -1 0 70 65 0 38 0 0 0 0 0 -1 0 49 0 0 0 0 -1 0 62 0 0 61 0 0 73 0 -1 0 0 0 0 -1 -1 0 0 0 0 85 3 0 62 
0 0 73 0 17 0 8 -1 0 57 0 0 0 -1 39 0 0 0 -1 0 0 36 0 -1 78 34 -1 -1 0 0 0 55 6 0 0 -1 28 0 0 0 83 0 -1 0 32 0 0 -1 78 -1 -1 0 0 -1 0 0 65 0 0 -1 64 0 41 0 0 0 43 24 -1 0 0 
0 32 0 31 55 0 0 0 39 0 0 11 0 95 0 75 -1 -1 -1 0 -1 0 73 88 -1 47 0 0 0 91 0 -1 42 92 0 0 0 -1 41 0 0 0 0 -1 0 71 6 -1 0 35 0 0 89 94 97 18 0 0 62 84 0 0 0 0 0 0 0 0 18 0 -1 
65 17 0 0 0 71 45 -1 0 18 13 0 64 0 -1 47 0 0 84 0 73 0 0 -1 50 0 80 -1 0 0 0 0 54 34 0 -1 -1 0 24 0 0 0 0 84 -1 0 0 0 -1 79 0 0 0 65 0 -1 0 26 25 -1 -1 0 54 -1 46 0 0 0 0 0 0 
0 0 0 0 -1 0 0 -1 0 0 0 0 0 0 95 0 0 -1 -1 -1 0 0 0 0 92 85 81 0 26 0 0 0 0 0 -1 -1 -1 48 96 73 0 0 0 6 0 0 0 93 0 -1 0 -1 0 55 0 96 0 0 0 0 0 14 -1 0 0 85 0 0 58 0 0 
0 -1 0 0 0 92 0 0 0 88 0 -1 0 0 -1 0 0 0 15 0 38 0 0 0 0 74 19 0 -1 -1 0 40 0 0 23 0 7 0 0 0 -1 -1 74 0 0 0 0 0 0 0 0 0 0 0 0 64 0 -1 0 71 0 64 87 0 0 43 -1 0 0 0 0 
-1 -1 0 0 0 36 2 23 0 -1 0 -1 46 0 0 75 0 0 0 -1 0 89 51 4 0 23 0 -1 -1 0 -1 0 0 19 0 27 0 43 0 58 0 35 0 -1 0 0 0 -1 79 39 -1 0 0 39 85 0 0 41 0 0 0 0 0 0 77 -1 0 -1 -1 0 0 
0 0 0 78 0 0 0 58 -1 0 0 49 -1 -1 0 0 0 46 -1 89 0 0 11 0 -1 -1 -1 0 0 0 100 0 0 0 0 0 0 0 19 0 0 0 -1 0 -1 96 0 0 0 0 0 11 0 40 0 0 -1 -1 -1 80 68 -1 0 0 0 -1 93 -1 0 92 0 
-1 0 18 18 67 43 0 -1 90 21 0 -1 0 30 -1 1 0 0 0 -1 89 -1 0 0 0 0 0 0 -1 0 -1 0 -1 0 30 0 0 0 19 0 0 0 0 56 0 0 14 -1 0 70 0 0 0 45 -1 -1 -1 25 35 0 0 88 0 0 0 0 0 0 86 0 0 
66 0 0 -1 9 0 12 0 0 54 44 0 -1 30 64 0 43 0 -1 43 0 0 23 0 0 0 0 10 -1 44 97 0 0 0 0 -1 0 -1 0 0 -1 0 0 90 -1 -1 0 0 53 1 -1 29 0 -1 0 0 0 0 0 0 85 2 0 73 0 0 0 0 -1 0 0 
81 0 -1 0 0 -1 -1 0 62 -1 -1 12 52 0 3 0 0 0 0 0 0 0 0 0 0 94 0 0 18 -1 0 100 0 16 0 0 82 0 0 5 61 15 -1 -1 0 -1 0 -1 -1 0 0 0 0 69 0 0 0 -1 -1 0 0 -1 -1 -1 0 0 56 0 -1 0 59 
