10
8 50 51 52 53 54 300 301 302
6 100 101 300 400 401 500
5 500 450 300 451 452
4 70 71 72 73
28 1662 98 198 625 485 1530 1969 1492 84 1166 848 13 14 784 896 1509 131 1651 980 566 383 1945 487 508 849 557 1836 1110
14 169 147 1494 1801 358 360 953 207 635 329 92 1480 26 25
15 664 1879 1972 1747 1807 112 968 1673 873 1616 949 564 1660 1662 1328
9 932 1869 1932 1685 1242 445 1921 1894 1775
18 1893 1259 1583 1317 1117 1210 1014 1732 575 1832 712 446 552 1282 263 1587 982 195
19 823 1064 976 185 1978 203 1907 1526 1635 889 557 623 961 70 5 71 1807 1680 1613
50 500