20 80
60 32 123 109 108 53 191 84 196 15 194 127 90 123 141 73 84 9 85 135
2 17,71,42 55
1 36
0
3 37,60,6,56,19 35,28,22,33,121,99 76,32,34,78,38,24,64
5 35,28,22 79,29,9,40,56,31 37,60,6 57,4,92 61,59
4 61,59,79,60,103,83 65,45,45,113,135,112,148 37,60,6,56,19 35,103
3 76,32 25,60,3,33,19,56 15,133,110
4 35,28,95,88,94,110 37,93,145 15,138,114,135,102 76,32,34,78,38,24,64,123,117
2 55,39,14,20,123,86 36
1 37
1 37,60,6,56,19
5 55,39,14,20,45 79,29,9 35,28,22,33 15,65,36,86,129,130 25,60,3,33,19
1 65,45,45
5 15,136 61,59,92,116 79,29,9,40 76 57,4,61,136,102,147,101
1 79,29,9,40,56,113,98,120
0
1 37,60,6
1 37,60,6,143,150,85
0
3 37,60,6,121,82 35,28,22 17,71,42
250 291 287
61 59 79 86 165 107
17 118 165
15 183 163 115 154
234 278 363 325 330 390 362 363
282 337 213 399 284 374
25 60 3 33 19
65 45 45 131 192 165 125 125
79 29 9 40 56 31 41 96 198 103 125
76 32 34 169 200 160 190
57 186 171
36 16 12 123 104 198 143
36 135 100 200 112
76 32 34 104
308
273 257
61 59 79 60 33 32 94 156
25 60 3 124 166 169 152 135
228 362 381 339 202 207
15 90 187
57 4 174 121 140
35 28
79 29 9 151 138 140
55 39 169
384
79 29 9 40 56 31 41
17 71 42 53 153
266 395 315 233 305 224 397
25 139 181 95 127 81
303 241 288 306
36 16 126 94 119 192
35 28 22 186 180 104 196 130
25 60 3 33 19 56 132
57 4 173 111 98
230
17 71 42 165
57 4 61 18 81
202 313 302 279 348 318 371 367 267
15 65 36
15 65 135
17 71 177 177 137
354 268
57 4
15 65 36 138
211 335 217 226 376 361 266 339 213
35 28 138 126 87
311 261
35 28 22 33 199
79 29 9 40 56 31 41 8 194 157 167
285
15 65 36 132
61 59 79 60 165 153 191
17 71 42 102 139 103 175
36 16 12
338 220 289 285 267 233 363 248 325
76 32 34
35 28 22 33 101 158 108
336 373 296 276 275 266 243 269 379
25 60 3 160 87 137
36 16
35 28
65 131
15
37 60
36 16 12 106 111 95 200
365 364 225 202 284 311 390
55 39 14 177 130 128 169 195
57 4 107 161 141
276 231 237 309 392 356 391 253
376
65 45 45 75 103 116 169 139
15 65 36 199
35 28 22 33 109 161 177 136
17 71 42 53 3 127
356 213 220 245 289 202
226 249 230 225 225
79 29 9 124 146 88 173 199
379 367
57 116 100 151 186
37 60 6 56 126 163