50 200
56 161 144 137 40 425 384 6 361 210 223 410 413 308 209 443 395 118 397 275 339 78 335 369 289 186 63 103 175 359 388 58 301 277 102 373 495 81 250 248 65 411 376 162 380 324 469 469 427 155
1 29,39,163,93,33,95,97,187,149,415,380
3 37,272,120,65,3,295 86,156,272,175,165,225,45,233,481,593,408 25,50,148,93,267,123,185,188,54,118,35,9,52,83
4 140,77,205,172,136,13,254,470 240 165,43,282,22,275,57,244,135 92,114
3 37,272,120,65,3,295,237,264,42,29,250,25,435,410,533,495,473 1000,1001,1002,1003,1004,1005,1006,1007,1008,1009,1010,1011,1012,1013,1014,1015,1016,1017,1018,1019,1020,1021,1022,1023,1024,1025 196,285,57,233
4 29,39,163,93,33,95,97,187,596,304,508,513,522,596 240,140 89,197,369 252,268,54,225,271,186,108
3 89,197,155,14,241,12 288,300,267,98,89,563 109,233,144,23,245,126,78,42,415,512,569,581
2 109,233,144,23,324 254,151,208,147,268,186,13,76,199,29,170
6 140 114,13,55,59,104,191,142,52,246,166,222 254,447,330,375,439 252,268,54,225,271,186,108,123,401,451,379 240,140,205,221,211,77 109,169,141,13,297,179,103,70,103,220,43,182,151,449
2 252,268,54,225,271,186 252,268,479,407
5 25,457 109,233,144,23,245,494 25,50,148,93,267,123,185,188,54,118,35,9 1000,1001,1002,1003,1004,1005,1006,1007,1008,1009,1010,1011,1012,1013,1014,1015,1016,1017,1018,1019,1020,1021,1022,1023,1024,1025 128,17,45,99,167,92,71,30,316,354
4 188,225,594,338,322 252 25,50,483 140,77
6 114,13 240,140,205,221,211 114,13,55,59,104,191,142,52,246,166,222,94,85,99,42 109,169,141,13,357,516,441 229,16,63,226,158,57 254,151,208,147,268,186,13,76,199
3 229,16,63,226,358,572,387 140,77,205,470,309 36,72,77,533,389,330,391,467,569
5 86,156,272,175,165,225,45,233,22,167,139,215,303 92,114,146 188,225 89,197,155,14,241,12 254,151,208
5 229,16,63,226,158,57,19,212,62,186,288,338,589 188 254,151,208,147,268,186,13,76 229,16,63,226,158,57,19,212,62,186,288,464,431,394,363,336 86,156,272,175,165,225,45,233,22,167,139
2 188,225,377,471,321 114,13,55,59,424,337,398
6 254,151,208,147,268 36,72,77,96,50,474 240,140,205,221,211,77,219,149 128 288,300,267,98,370,442,480,354,501 109,169,141,13,297,179
5 92,114,146,163 165,484,485,469,447,321,496 92,114,146,163,101,38,206,334 86,156,272,175,165,225 240,140,205,221,211,77,219
1 140,77
6 188,225,224,251,173 89,197,155,14,241,12 188,225,224,251,173 37,272 25,50,148,93,267,123,185,188,54,118,35,9,52,83,382,512,330,318,454,390 92,114,146
2 114,13,55,59,104,191,142,52,246,166 86
6 229,16,63,226,158,57,19,212,62,186 37,272 36,331,478,425,455,441 92,114,146,163 128,17 196,285,57
5 254,151,208,147,268,186,13,76,199,29,170,349,574 1000,1001,1002,1003,1004,1005,1006,1007,1008,1009,1010,1011,1012,1013,1014,1015,1016,1017,1018,1019,1020,1021,1022,1023,1024,1025,1026 37,272,120,65,3,295 1000,1001,1002,1003,1004,1005,1006,1007,1008,1009,1010,1011 89,197,155,342,359,555,394,431,564
1 92,114,146,163,101
5 196,285,57,323,486 36,72,77,569,477,543 37 254,151,208,515,489 114,13,55,59,104,191,142,52,246
3 1000,1001,1002,1003,1004,1005,1006,1007,1008 25,50,148 196,285,57,233,269,186,159,241,589,515,458
4 86,156,272,175 109,169,141,13,297,179,103,70,103,220,43,561,467,366,570,523,314 114,13,55 109,233,144,23,245,126,78,42,56,257,363,481,535,441
4 128,17,45 240,140,205,221,211,77 140,77,205,172,136,13 109,169,141,13,297,179,103,70,103,523,423,446,338,587,386
1 165,556,508,338,490,345,547
5 1000,1001,1002,1003,1004,1005,1006,1007,1008,1009,1010,1011,1012,1013,1014,1015,1016,1017,1018,1019,1020,1021,1022,1023,1024,1025,1026,1027,1028,503,470,587 92,114,146,163 114 109,169,141,13,297,179,103,70,103,220,43,182,432,461,506,303 109,169,141,13,297,328,331
2 37,272,120,65,3,295,237 165,43,282,22,275,57,244,135,79,280,114,7
4 252,268,54,225,271,186,108,123,87,42,118,189,6 114,13,55,59,104,191,413,368,364 252,268,54,225,271,186,108,123,87,42,557,471,368,412 165,43,282,22,275,57,244,135,318
5 240,140,205 254,151,208,147,268,186 36,72,77 36,72,77,96,304,593,349,599 252,268,54,225,271,186
5 37,272,120,65,3,295,237,264,42,29,250,438 109,579,323,593,425,493,316 92,114,146,163,101,38 1000,1001,1002,1003,1004,1005,1006,1007,1008,1009,1010,1011,1012,1013,1014,1015,1016,1017,1018,1019,1020,1021,1022,1023,596,318,423,398,529 196,285,57,233
3 254,151 252,268,54,225,271,186,108,123,87,42,118,189,6 196,285,57,233,269,186
6 29,39,163,93,33,95,97,187,149,219,476,340,399 29,39,163,93,33 1000,1001,1002,1003,1004,1005,1006,1007,1008,1009,1010,1011,1012,1013,1014,1015,1016,1017,1018,1019,1020,1021,1022,1023,1024 89,197,155,14,241,12,71,72,153 288,300,267,98,89,293,104,20,24,183,88 36,72,77,96,50,375,347,533
5 109,169,141,13,297,179,103,70 229,16,63,226,158,57,544,584 37,272,120,65,3,295,237,264 25,50,148,93,471,400,409 229,16,63,226,158,57
4 37,272,120,65,3,295 240,140,205,221,211,77,219,322,367,417,419 240,140,205,221 25,50,148,93,267,123,185
2 89,197,155,14,241,12,71,72,153,63,229,78,187 37,272,120,65
1 240,140,205,221,211,77
3 1000,1001,458,538,576,418 109,233,144,23,426,556 92,114,146,163,101
1 109,233,144,23,245,126,78,567,304,312,409,312
3 37,272,120,65,3,295,237 196,285,57 86,156,272,175,165,225,45,374,549,438,457,595,445
4 1000,1001,1002,1003,1004,1005 196,285,57,233 37 29,39,163,93,33,95,97,187,149,219,376,443,450,567
2 36,72,77 114,13,55,59,104,191,142,52
2 109,169 165,43,282,22,275,57,244,135,79,280,114,7,25
3 288,300,267,98 37,272,120,65,3,295,237,264,42,29,250,25,496,485,558,375 240,140
6 240,140,205,221,211 109,315,569,544 140,77,205,448 89,197,155,14,241,12,480,593,575,471,523,321 86,156,272,175,165,225,45,233 252,268,54,225,271,186
5 114,13,55,59,104,191,142,52,246,166,222,94,85 1000,1001,1002,1003,1004,1005,1006,1007,1008,555,551,376 254,151,208,147,268,186,13,76,199 188,225,224 25,50,148,93,267,341,469,444,444,432
4 229,16,63,226,158,57 188,225,224,540,390,459,393,572 254,151,208,147,268,186,529,517,453,320,333,363 109,233,144,23,245,126,78,42,56,257,76
288 300 267 98 89 293 104 20 701 681 634 882 874 601
1000 1001 1002 1003 1004 1005 1006 1007 1008 1009 1010 1011 1012 1013 1014 1015 1016 1017 1018 1019 1020 1021 1022 1023 1024 1025 1026 1027 2101 2031 2449 2354 2173 2197
1000 1001 1002 1003 1004 1005 1006 1007 1008 1009 1010 1011 1012 2021 2107 2186
3166
1000 1001 1002 1003 1004 1005 1006 1007 1008 1009 1010 1011 2004 2407 2341 2358 2023 2459 2419
165 43 282 22 275 57 244 135 79 280 672 865 612 713
1000 1001 1002 1003 689 806 661 661 730
109 233 144 23 245 126 651
3078 3200 3259 3466
188 225 224 251 173 875 818 752 652 855 620
196 285 653
240 140 205 221 701
1000 1001 1002 1003 1004 1005 1006 1007 1008 1009 1010 1011 1012 1013 1014 1015 1016 1017 1018 1019 1020 1021 1022 1023 1024 1025 1026 2177 2038 2008 2361 2269 2413 2347 2439
37 272 120 65 628 618
25 50 148 93 267 123 638 844 701 765
1000 1001 1002 1003 1004 1005 1006 1007 1008 1009 1010 1011 1012 1013 1014 1015 1016 1017 1018 1019 1020 2178
1000 1001 1002 1003 1004 1005 1006 1007 1008 1009 1010 1011 1012
240 140 205 221 704 751 739
252 268 54 225 271 186 108 123 833 878
92 114 742 883 652 740
89 197 155 14 241 12 71 72 153 63 229 78 187 52 782 627 655
3442
1000 1001 1002 1003 1004 1005 1006 1007 1008 1009 1010 1011 1012 1013 1014 1015 1016 1017 1018 2106 2178 2159
240 140 205 724
1000 1001 1002 1003 1004 1005 1006 1007 1008 1009 1010 1011 1012 1013 2267 2173 2105
1000 1001 1002 1003 1004 1005 1006 1007 1008 1009 1010 1011 1012 2138 2482 2114 2039 2474 2500
1000 1001 1002 1003 1004 1005 1006 1007 1008 1009 1010 1011 1012 2484 2146
36 72 77 96 778 895
109 169 141 13 297 179 103 882 859 603 696 841
86 156 272 175 165 225 45 233 22 167 139 215
188 225 224 251 173 232 880 738 708
1000 1001 1002 1003 1004 1005 1006 1007 1008 1009 1010 1011 2192 2499 2062 2402 2362 2090 2126
36 72 77 96 50 879 816 716 887 891 871 670 612
252 268 54 225 271 186 108 123 793 862 842 696 708
109 233 144 23 245 126 78 42 56 257 860 774 894
188 726 847 846 855
1000 1001 1002 1003 1004 1005 1006 1007 1008 1009 1010 1011 1012 1013 1014 1015 1016 1017 2113 2275 2237
3125 3184 3013 3179 3066 3358 3284 3434 3123 3267 3113 3118 3237
1000 1001 1002 1003 1004 1005 1006 1007 1008 1009 1010 1011 2454 2211 2091 2368 2484 2450 2107 2307
109 169 141 13 297 179 836 799 719 873 870 610 843
1000 1001 1002 1003 1004 1005 1006 1007 1008 1009 1010 1011 1012 1013 1014 2263 2223
1000 1001 1002 1003 1004 1005 1006 1007 1008 1009 1010 1011 1012 1013 1014
36 72 77 96
1000 1001 1002 1003 1004 1005 1006 1007 1008 1009 1010 1011 1012 1013 1014 1015 1016 1017 1018 1019 1020 1021 1022 1023 1024 1025 1026 2240 2231 2388 2078
3370 3124 3052 3170 3004 3171 3190 3438 3308 3016 3227 3142 3342 3345 3498 3180 3136 3326
3476 3298 3425 3215 3380 3314 3459 3106 3162 3499 3438 3248
109 169 141 13 297 179 103 70 103 220 43 182 151 819
165 43 282 22 275 57 244 135 79 280 114 821
1000 1001 1002 1003 1004 1005 1006 1007 1008 1009 1010 1011 1012 1013 1014 1015 1016 1017 2498 2308 2084 2378 2064
288 300 267 98 89 774 607 743 703 880 741 604 738
128 17 45 99 167 92 71 30 176 624 693 788 810 704 744 835 753
36 72 754 814 818
1000 1001 1002 1003 1004 1005 1006 1007 1008 1009 1010 1011 1012 1013 1014 1015 1016 1017 1018 1019 1020 2171 2081 2245 2224 2139
3445 3092 3383 3111 3001 3202 3147 3006
252 619 792 691 842
3018 3237 3401 3456 3423 3068 3396 3102 3270 3235 3078 3080 3045 3126
109 233
1000 1001 1002 1003 1004 1005 1006 1007 1008 1009 1010 1011 1012 1013 1014 1015 1016 1017 1018 1019 1020 1021 1022 1023 1024 1025 1026 1027 1028 1029
36 855 890 731 839
229 16 63 226 158 57 19 212 766 774 786 864
1000 1001 1002 1003 1004 1005 1006 1007 1008 1009 1010 1011 1012 1013 1014 1015 1016 1017 1018 1019 1020 1021 2492 2065 2397 2144 2094
1000 1001 1002 1003 1004 1005 1006 1007 1008 1009 1010 1011 2325
25 50 148 93 267 123 185 188 54 118 35 9 817 874 647 689
1000 1001 1002 1003 1004 1005 1006 1007 1008 1009 1010 1011 1012 1013 1014 1015 1016 1017 1018 1019 2119 2013 2305 2311 2091 2122 2144
128 17 45 99 769 671 858 714 800 619 843 763
37 272 120 65 3 295 237 264 42 29 250
3189 3222 3394 3373 3167 3146 3469 3316 3207 3266 3331 3026 3400 3353 3227 3208 3379 3357 3261
1000 1001 1002 1003 1004 1005 1006 1007 1008 1009 1010 1011 1012 1013 1014 1015 1016 1017 1018 1019 1020 1021 1022 1023 1024 1025 1026 1027 1028 2353 2230 2035 2312 2247 2452 2239 2119
86 156 272 175 165 225 45 233 825 807 843 615 891
165 43 282 22 275 57 782 781 810 633
89 197 155 14 241 12 71 72 153 63 229 78 187 717 717 616 685 877
1000 1001 1002 1003 1004 1005 1006 1007 1008 1009 1010 1011 1012 1013 1014 1015 1016 1017 1018 2480 2304 2163 2318
3219 3454 3128 3261 3124 3423 3349 3246 3207 3156 3020 3411 3419
1000 1001 1002 1003 1004 1005 1006 1007 1008 1009 1010 1011 1012 1013 1014 1015 1016 1017 1018 1019 1020 2188 2470 2092 2375 2351 2338
1000 1001 1002 1003 1004 1005 1006 1007 1008 1009 1010 1011 1012 1013 1014 1015 1016 1017 1018 1019 1020 1021 2330 2412 2409
1000 1001 1002 1003 1004 1005 1006 1007 1008 1009 1010 1011 2165 2233 2172
1000 1001 1002 1003 1004 1005 1006 1007 1008 1009 1010 1011 1012 1013 1014 2166 2117 2045 2193
252 268 54 225 271 186 108 123 87 42 118 189 828
140 77 205 172 136 13 645 795 748 892
109 659 781
1000 1001 1002 1003 1004 1005 1006 1007 1008 1009 1010 1011 1012 1013 1014 1015 1016 1017 2370 2443 2201 2251 2200 2403 2004 2297
29 39 163 93 33 601 684 708 646 744 689 682
1000 1001 1002 1003 1004 1005 1006 1007 1008 1009 1010 1011 1012 1013 2242 2350 2283 2377
1000 1001 1002 1003 1004 1005 1006 1007 1008 1009 1010 1011 1012 1013 1014 1015 1016 1017 1018 1019 1020 1021 2498 2488 2068 2242 2236 2184 2054 2280
1000 1001 1002 1003 1004 1005 1006 1007 1008 1009 1010 1011 1012 1013 1014
109 233 144 23 245 126 78 42 56 878 675 828 783
1000 1001 1002 1003 1004 1005 1006 1007 1008 1009 1010 1011 1012 1013 1014 1015 1016 2103 2208 2105 2374 2254 2004 2437 2180
1000 1001 1002 1003 1004 1005 1006 1007 1008 1009 1010 1011 1012 1013 1014 1015 1016 1017 1018 1019 1020 1021 1022 1023 1024 1025 1026 2352 2410 2174 2183
1000 1001 1002 1003 1004 1005 1006 1007 1008 1009 1010 1011 1012 1013 1014 1015 1016 1017 1018 1019 1020 2137 2117 2388 2400 2236 2498 2093
37 272 120 65 3 885 739 644 835
114 13 55 59 104 191 142 52 246 846 785
1000 1001 1002 1003 1004 1005 1006 1007 1008 1009 1010 1011 1012 1013 1014 1015 1016 1017 1018 1019 1020 1021 1022 1023 1024 1025 2314 2334 2027 2016
1000 1001 1002 1003 1004 1005 1006 1007 1008 1009 1010 1011 1012 1013 1014 1015 1016 1017 1018 1019 1020 1021 1022 1023 1024 1025 1026 1027 1028 2199 2250
1000 1001 1002 1003 1004 1005 1006 1007 1008 1009 1010 1011 1012 1013 1014 1015 1016 1017 1018 1019 1020 1021 1022
1000 1001 1002 1003 1004 1005 1006 1007 1008 1009 1010 1011 1012 1013 1014 1015 1016 1017 2031 2261 2343 2357 2111 2282
288 300 267 98 89 753 735 741 682 876 788 760 736
240 140 849 851 627 894 752 784 706 759
188 225 224 251 693 806
165 43 282 22 889 613 694 731 848 897 875 850
1000 1001 1002 1003 1004 1005 1006 1007 1008 1009 1010 1011 1012 1013 1014 1015 1016 2117
1000 1001 1002 1003 1004 1005 1006 1007 1008 1009 1010 1011 1012 1013 1014 1015 1016 1017 1018 1019 1020 1021 1022 1023 1024 1025 2099 2389
114 13 55 59 104 191 142 52 246 166 222 94 85 99 42 622
89 197 155 14 241 12 71 72 153 63 819 656 756 786 770 727
3086 3321 3337 3439 3007 3499 3145 3414 3442 3420 3245 3156 3375 3119 3449 3449 3203 3338 3165 3089
1000 1001 1002 1003 1004 1005 1006 1007 1008 1009 1010 1011 2107 2292 2044 2139 2323 2497
3210 3070 3407 3236 3139 3499 3095 3088 3486 3321
140 77
165 43 282 22 275 57 244 135 79 280 727 671 744 745 726 621 622 613
288 300 267 98 89 293 104 899 604 666 690 692 877 840 799
1000 1001 1002 1003 1004 1005 1006 1007 1008 1009 1010 1011 1012 1013 1014 1015 1016 1017 1018 1019 1020 1021 1022 1023 1024 1025 1026 1027 2005 2378 2031 2451 2184 2361 2237
92 114 681 893 817 823 737
252 268 54
240 140 205 221 612 830 816 780 783 746 749 819
1000 1001 1002 1003 1004 1005 1006 1007 1008 1009 1010 1011 1012 1013 1014 1015 1016 1017 2000 2426 2258 2359 2158 2466 2498
37 272 120 65 3 295 237 264 42 29 250 756 822 813 618
188 225 224 251
3306 3314 3093 3020 3122 3103
288 300 267 98 89 293 104 628 612 780 845
1000 1001 1002 1003 1004 1005 1006 1007 1008 1009 1010 1011 1012 1013 1014 1015 2198 2268 2199 2194 2310 2500 2374 2156
1000 1001 1002 1003 1004 1005 1006 1007 1008 1009 1010 2500 2334
1000 1001 1002 1003 1004 1005 1006 1007 1008 1009 1010 2012 2109 2128 2160 2001 2285 2128 2216
92 844 659 640
3289 3013 3476 3060 3038 3452
1000 1001 1002 1003 1004 1005 1006 1007 1008 1009 1010 1011 1012 2160
252 268 54 225 721 879 811
1000 1001 1002 1003 1004 1005 1006 1007 1008 1009 1010 1011 1012 1013 1014 1015 1016 1017 1018 1019 2234 2181 2011 2372 2308 2126 2232 2185
1000 1001 1002 1003 1004 1005 1006 1007 1008 1009 1010 1011 1012 1013 1014 1015 1016 1017 2288 2057
128 818 678 705 853 766
288 300 267 98 89 293 104 20 24 183 88 660
3261
1000 1001 1002 1003 1004 1005 1006 1007 1008 1009 1010 1011 1012 1013 1014 1015 1016 1017 1018 1019 1020 1021 1022 1023 1024 1025 1026 1027 1028 2013 2335 2360 2413 2168 2092 2337 2263
1000 1001 1002 1003 1004 1005 1006 1007 1008 1009 1010 1011 1012 1013 1014 1015 1016 1017 1018 2355 2001 2052 2199 2021 2460 2425
1000 1001 1002 1003 1004 1005 1006 1007 1008 1009 1010 1011 2215 2084 2253
1000 1001 1002 1003 1004 1005 1006 1007 1008 1009 1010 1011 1012 1013 2097 2448 2354 2292 2277 2311 2221 2042
1000 1001 1002 1003 1004 1005 1006 1007 1008 1009 1010 1011 1012 1013 1014 1015 1016 1017 1018 1019 2340 2067
3035 3176 3158 3248 3403 3020
37 715 688 793 628 829 700 807
37 272 120 65
288 300 267 98 89 293 104 20 612 867
229 16 63 643 897 700 631 766 717 601 687
36 72 77 759 719 743 719 769 641 641 728
1000 1001 1002 1003 1004 1005 1006 1007 1008 1009 1010 1011 1012 1013 1014 1015 1016 1017 2036 2002 2426 2328
1000 1001 1002 1003 1004 1005 1006 1007 1008 1009 1010 1011 1012 1013 2028 2286
1000 1001 1002 1003 1004 1005 1006 1007 1008 1009 1010 1011 1012 1013 1014 1015 1016 1017 1018 1019 1020 1021 1022 1023 2242 2243 2280 2324 2022
1000 1001 1002 1003 1004 1005 1006 1007 1008 1009 1010 1011 1012 1013 1014 1015 1016 1017 1018 1019 1020 1021 1022 2342 2426 2339 2138 2069 2121 2394
1000 1001 1002 1003 1004 1005 1006 1007 1008 1009 1010 1011 1012 1013 1014
188 225 224 251 791 714 697 816
109 233 144 23 245 126 660 651
1000 1001 1002 1003 1004 1005 1006 1007 1008 1009 1010 1011 1012 1013 1014 1015 1016 1017 1018 1019 1020 1021 1022 1023 1024 1025 1026 2076 2205 2109 2321 2113
3083 3346 3488 3013 3143 3251 3194 3417 3159 3232 3224 3413 3031 3092 3308 3082 3202 3099 3443 3010
1000 1001 1002 1003 1004 1005 1006 1007 1008 1009 1010 1011 1012 1013 1014 1015 1016 1017 1018 1019 1020 1021 1022 1023 1024 1025 1026 2086 2464
1000 1001 1002 1003 1004 1005 1006 1007 1008 1009 1010 1011 1012 1013 1014 1015 1016 1017 1018 1019 1020 1021 1022 1023 1024 1025 1026 1027 1028 2372
165 43 282 22 275 626 768 648 785 615 827 810 762
3497 3189 3271 3133 3165
3234 3349 3455
165 43 282 22 275 57 244 135 79 280 114 872
3332 3391 3492 3425 3387 3221 3207 3032 3473 3389 3488 3177 3478
114 13 55 59 104 191 142 52 246 166 222
36 72 77 96 900
140 77 205 172 761
1000 1001 1002 1003 1004 1005 1006 1007 1008 1009 1010 1011 1012 1013 1014 1015 1016 1017 1018 1019 1020 1021 1022 1023 1024 1025 1026 1027 1028 1029 2330 2423 2031 2486 2266 2099 2059 2110
86 156 272 810 713
109 169 141 13 297 179 103 70 103 220 43 802
165 43 282 22 275 57 244 135 79 280
3158 3119
1000 1001 1002 1003 1004 1005 1006 1007 1008 1009 1010 1011 1012 1013 1014 1015 2358 2388 2096 2018 2002 2256 2294
3165
229 16 63 676 755
86 640 675 741 621 763
1000 1001 1002 1003 1004 1005 1006 1007 1008 1009 1010 1011 1012 1013 1014 1015 1016 1017 2473 2147 2471 2109 2381 2119 2322
1000 1001 1002 1003 1004 1005 1006 1007 1008 1009 1010 1011 1012 1013 1014 1015 1016 1017 1018 1019 1020 1021 2303 2000 2171
37 272 120 65 618 767 633 821 695 778
1000 1001 1002 1003 1004 1005 1006 1007 1008 1009 1010 1011 1012 1013 1014 1015 1016 1017 1018 1019 1020 1021 1022 1023 1024 1025 1026 1027 1028 2171 2258 2348 2215 2120
86 156 272 175 165 225 45 233 22 167 139 215 158 138
37 272 120 65 3 295 237 264 42 29 250 25 817
1000 1001 1002 1003 1004 1005 1006 1007 1008 1009 1010 1011 1012 1013 1014 1015 1016 1017 1018 1019 2270 2172
1000 1001 1002 1003 1004 1005 1006 1007 1008 1009 1010 1011 1012 1013 1014 1015 1016 1017 1018 1019 1020 1021 2403 2481 2305 2292 2000 2164 2103 2224
1000 1001 1002 1003 1004 1005 1006 1007 1008 1009 1010 1011 1012 1013 1014 1015 1016 1017 1018 1019 1020 1021 1022 1023
1000 1001 1002 1003 1004 1005 1006 1007 1008 1009 1010 1011 1012 1013 2469 2264 2180
1000 1001 1002 1003 1004 1005 1006 1007 1008 1009 1010 1011 1012 1013 1014 1015 1016 1017 1018 1019 1020 1021 1022 1023 1024 1025 2079 2275
1000 1001 1002 1003 1004 1005 1006 1007 1008 1009 1010 1011 1012 1013 1014 1015 1016 2476 2039 2216 2271 2437
1000 1001 1002 1003 1004 1005 1006 1007 1008 1009 1010 1011 1012 1013 1014 1015 1016 2027
92 114 146 163 101 38 206 798 893 840 857 777
114 13 55 59 104 191 142 52 246 166 222 94 814 635 720
1000 1001 1002 1003 1004 1005 1006 1007 1008 1009 1010 1011 1012 1013 1014 1015 1016 1017 1018 1019 1020 1021 1022 1023 1024 1025 2408 2360
3465 3038 3275 3110 3189 3016 3333 3184 3385 3426 3325 3394 3100 3325 3249 3462 3445 3393 3233
3136 3259 3317 3106 3237 3237 3024 3465 3043 3141 3015 3428
196 285 57 233 269 746 841 787 649 805 840 856
254 151 208
1000 1001 1002 1003 1004 1005 1006 1007 1008 1009 1010 1011 1012 1013 1014 1015 1016 1017 1018 1019 1020 1021 1022 1023 1024 1025 1026 1027 1028 2244 2124 2318 2476 2488
109 169 141 13 297 179 103 70 103 220 43 182 151
3409 3109 3415 3398 3478 3262 3038 3329 3048 3176 3286 3244 3349 3326 3311 3033 3182
229 16 63 226 158 867 893 778 894
1000 1001 1002 1003 1004 1005 1006 1007 1008 1009 1010 1011 1012 1013 1014 1015 1016 2033 2400 2001 2305
240 140 205 679 749
1000 1001 1002 1003 1004 1005 1006 1007 1008 1009 1010 1011 1012 1013 2376 2056 2391 2044 2499 2351 2474
1000 1001 1002 1003 1004 1005 1006 1007 1008 1009 1010 1011 1012 1013 1014 1015 1016 1017 1018 1019 1020 1021 1022 2393 2105 2480 2121 2393 2455 2434
1000 1001 1002 1003 1004 1005 1006 1007 1008 1009 1010 1011 1012 1013 1014 2118 2024 2028 2104
1000 1001 1002 1003 1004 1005 1006 1007 1008 1009 1010 1011 1012 1013 1014 1015 2364
140 673 778 762 651 762 643 783