2000 4000
34 34 34 48 48 68 105 160 160 167 167 168 168 168 190 190 195 202 202 210 210 213 213 213 216 216 216 216 239 247 247 257 257 257 286 286 297 297 297 297 298 298 298 298 310 310 310 310 347 347 353 376 376 376 399 399 399 405 405 411 411 414 414 414 418 418 418 421 421 423 423 457 457 457 460 470 470 470 470 474 474 474 474 500 500 500 500 500 500 500 500 500 500 500 500 500 500 500 500 500 506 506 506 506 508 508 508 508 522 524 541 541 541 544 553 553 560 560 566 570 570 570 570 575 575 575 576 578 578 578 584 584 584 584 593 593 593 594 594 594 594 601 601 601 601 624 630 630 630 636 636 638 638 638 638 648 648 648 648 654 654 654 664 664 664 664 668 668 668 668 674 674 680 680 731 746 754 754 761 761 761 793 793 793 800 801 801 801 801 803 803 803 803 810 810 810 810 834 834 834 847 847 847 857 857 857 865 875 875 875 875 889 889 895 905 905 905 911 913 921 921 923 940 941 941 941 952 952 966 966 966 966 980 980 980 990 990 990 992 992 995 995 995 995 996 996 1000 1000 1000 1000 1004 1004 1004 1004 1020 1020 1022 1022 1026 1026 1026 1026 1046 1052 1052 1052 1057 1057 1062 1062 1062 1062 1064 1064 1064 1068 1068 1068 1076 1076 1076 1076 1077 1092 1092 1092 1092 1109 1109 1116 1124 1124 1124 1124 1127 1127 1127 1127 1136 1136 1136 1136 1139 1139 1149 1150 1150 1150 1150 1162 1162 1162 1169 1169 1169 1175 1175 1175 1175 1177 1182 1183 1183 1183 1183 1188 1188 1188 1192 1192 1192 1192 1229 1229 1229 1229 1229 1229 1239 1239 1239 1244 1244 1244 1244 1247 1247 1247 1247 1248 1248 1248 1285 1285 1285 1286 1296 1316 1316 1316 1316 1357 1357 1361 1361 1369 1369 1369 1369 1370 1373 1373 1373 1394 1394 1399 1399 1399 1400 1406 1406 1406 1412 1412 1412 1412 1414 1414 1445 1445 1445 1445 1447 1447 1458 1458 1458 1458 1458 1458 1458 1460 1460 1460 1463 1463 1464 1464 1464 1464 1470 1470 1470 1470 1472 1472 1475 1488 1495 1495 1495 1495 1498 1498 1500 1500 1500 1500 1500 1500 1504 1504 1504 1504 1512 1512 1514 1514 1520 1526 1528 1540 1540 1555 1555 1555 1555 1560 1561 1561 1570 1570 1570 1571 1571 1571 1572 1576 1576 1576 1576 1584 1614 1624 1624 1642 1642 1642 1642 1652 1652 1655 1655 1655 1655 1666 1666 1666 1677 1677 1677 1693 1693 1705 1706 1706 1706 1707 1707 1712 1712 1712 1734 1734 1734 1750 1750 1750 1750 1750 1752 1752 1759 1759 1759 1759 1760 1760 1763 1763 1763 1763 1772 1772 1816 1816 1816 1820 1820 1820 1838 1849 1849 1852 1911 1911 1911 1911 1912 1912 1912 1914 1914 1914 1914 1916 1916 1920 1923 1923 1925 1935 1935 1941 1941 1941 1941 1944 1947 1947 1947 1960 1960 1960 1965 1968 1968 1968 1971 1989 1989 1989 1989 1991 1991 1991 2002 2002 2008 2008 2008 2012 2012 2012 2012 2019 2019 2020 2020 2020 2021 2021 2021 2021 2022 2022 2022 2036 2057 2057 2057 2057 2084 2084 2084 2084 2097 2097 2097 2097 2129 2129 2139 2139 2139 2147 2163 2171 2171 2171 2181 2211 2211 2211 2243 2256 2256 2256 2256 2404 2404 2406 2406 2406 2407 2407 2407 2407 2420 2420 2420 2420 2480 2480 2480 2480 2495 2495 2495 2495 2520 2520 2520 2520 2584 2608 2608 2667 2667 2719 2735 2735 2735 2735 2735 2735 2735 2735 2744 2744 2754 2754 2754 2754 2931 2931 2931 2931 2969 2969 2969 2969 3036 3036 3036 3108 3108 3168 3168 3168 3168 3241 3241 3241 3310 3310 3504 3504 3504 3521 3521 3544 3554 3554 3554 3554 3573 3573 3573 3607 3641 3641 3641 3641 3658 3751 3751 3751 3904 3953 3995 4125 4125 4125 4125 4175 4175 4177 4248 4248 4385 4385 4385 4568 4568 4586 4586 4608 4608 4610 4633 4633 4633 4719 4900 4945 4945 4945 4945 4953 4953 5032 5032 5032 5032 5054 5054 5054 5066 5084 5084 5084 5084 5098 5156 5156 5156 5156 5492 5492 5492 5552 5592 5592 5592 5592 5656 5656 5795 5919 5919 5919 6003 6290 6290 6290 6290 6290 6290 6290 6290 6488 6488 6874 7118 7118 7118 7118 7128 7128 7328 7328 7428 7428 7428 8065 8069 8069 8069 8175 8175 8240 8240 8240 8394 8394 8499 8501 8501 9180 9180 9180 9180 9215 9215 9215 9252 9252 9456 9535 9622 9622 9622 9644 9648 9648 9688 9688 9688 10247 10247 10247 10247 10390 11036 11036 11129 11129 11129 11129 11139 11404 12543 12549 12549 12549 12570 12570 12570 13550 13550 13550 13550 13581 13894 13894 14430 14430 15044 15044 15668 15668 15805 15805 15805 15805 15810 16495 16495 16495 16495 16677 16677 16677 16677 16921 17320 17320 17372 17372 17372 17372 17444 17444 17444 17647 17647 17780 17840 17869 17880 17880 17880 17927 17927 17927 17927 18157 18157 18291 18291 18291 18291 18659 18997 18997 20116 20116 20116 20116 20240 20240 20240 20240 20250 20250 20462 21010 21010 21361 21361 21361 21621 21621 22091 22091 22649 23776 23776 23776 25765 26132 26132 28343 28343 28819 28819 28819 28819 29918 29918 29918 30539 30539 30539 30539 31636 32471 32920 32920 32920 32920 33057 33057 33282 33282 33282 33617 33617 33617 33625 33625 33625 33625 33726 33756 33756 33756 33828 33828 33828 33828 34224 34224 34264 34264 34264 34264 34467 34467 35544 38056 38641 38641 40240 40240 40240 40240 40391 40391 40391 40391 47120 47120 47274 47274 47274 47274 47381 47381 47381 48095 48095 48095 48095 50823 50823 50857 50908 50908 51154 51154 51154 51154 51203 51203 51203 51858 52150 52316 52316 52316 52316 56459 59606 59606 59606 59606 59616 59616 59616 59616 60240 60987 60987 60987 60987 66026 66026 66073 66073 66073 66472 66472 66472 66524 66596 66596 66596 66932 66932 66992 66992 66992 67032 67032 67096 67096 67096 67096 67161 67443 67443 78168 78168 78168 78310 78310 78310 78310 78995 78995 78995 78995 79177 79177 79177 79177 83544 83706 83706 84182 84898 84898 100247 100247 101036 101036 101129 101139 101404 101404 101404 105063 105632 105632 106354 106472 106572 106572 106572 106572 112959 113392 118489 118489 118489 118489 118769 118769 118769 118999 124123 125745 130336 130336 130336 130336 131531 131531 132060 132060 132060 132060 132132 132132 132528 132528 132528 132528 132568 136130 138557 143007 145167 145167 147429 152831 157385 160175 160175 160175 161454 161454 161535 161622 162215 162215 162215 162215 162951 163665 166879 170182 171472 177079 177704 177714 177714 177714 179085 179085 180563 181545 182667 183890 184717 186106 189326 193654 194676 194676 195279 195610 195610 195610 195610 198240 215466 219079 221002 221894 223399 234985 236178 245120 249106 249434 250745 250745 252847 254199 262296 262433 262433 262433 262433 262615 262658 262658 262658 262681 262993 262993 263001 263001 263080 263102 263102 263102 263102 263132 263132 263204 263204 263204 263204 263540 263540 263540 263540 263600 263600 263640 263640 263640 263640 263843 263843 264051 264051 265986 266060 268660 270759 279423 280217 280223 280223 280223 280400 280400 280400 280400 280554 280661 280661 280661 281224 281224 281375 281375 281375 281568 289786 290086 294391 301011 319069 332382 332382 332382 339558 342883 347023 349047 349480 352978 356778 362830 366529 371689 372587 372650 372650 373271 373271 384997 390668 390668 390668 390810 390810 391495 391495 391495 391677 391770 396685 416919 418521 419900 426376 426917 431245 435941 437585 438932 447122 447275 452917 454336 458059 458059 458397 460848 463800 469519 476413 477901 483853 493326 498602 506436 507949 525276 525276 525276 525276 525348 525348 525348 525348 525744 525744 525784 525784 525784 531874 531874 531998 531998 531998 532008 532008 532008 533119 533119 533119 533379 533379 538049 538049 538049 538049 539648 539648 539648 539799 539799 546208 546371 548401 548565 555805 558130 558166 579318 580324 583182 596409 602311 607112 614795 616480 616480 616480 616480 621473 625874 625874 631781 635592 646408 654522 656375 656474 660146 660146 663227 671353 676117 677238 682029 684243 687980 694861 699059 706157 706948 708387 709024 709024 712019 721968 726108 726548 733171 734811 734811 735096 740330 744667 749502 750063 750294 757817 759573 759573 759573 759573 759607 759607 759607 759607 759658 759658 759658 759904 759904 759904 759953 759953 760608 760608 760608 760900 760900 760900 760900 761066 761066 761066 762373 775521 775746 782930 787642 797087 800620 802024 803273 811343 811343 811343 811819 823098 824383 824383 824383 824663 824663 824663 824663 824893 824893 828936 829001 833450 842796 847533 850929 852668 857233 857310 860909 864759 866934 877309 878527 878527 880012 882650 882650 892986 894881 909278 914023 916962 924173 935856 952332 952332 955227 960402 967665 969554 972386 976014 976133 977273 985562 989067 1000247 1000247 1001036 1001036 1001036 1001036 1001129 1001129 1001139 1001404 1001404 1001404 1001404 1003390 1010018 1012716 1016016 1018714 1019769 1024449 1027002 1027021 1038682 1041871 1041871 1049066 1049066 1049066 1049066 1049113 1049512 1049564 1049564 1049564 1049564 1049636 1049636 1049673 1049972 1049972 1050032 1050032 1050032 1050032 1050072 1050072 1050072 1050136 1050136 1050483 1050483 1050483 1050483 1056867 1060652 1064849 1065586 1067665 1073425 1084054 1084054 1086695 1087141 1093267 1096151 1097721 1108483 1111123 1133971 1136406 1137128 1139627 1143958 1160902 1164479 1166319 1166588 1172661 1185752 1191101 1202480 1203658 1210161 1210411 1214659 1220448 1224634 1225681 1239301 1244227 1244365 1245783 1246617 1273944 1275320 1278250 1278250 1285857 1287268 1296692 1298509 1298565 1304822 1306042 1316078 1324148 1331594 1342142 1342608 1351829 1354521 1357223 1357223 1359667 1360904 1360904 1365405 1367885 1376546 1379707 1381523 1382563 1390236 1402371 1414868 1415296 1420042 1421234 1421234 1421234 1422191 1423892 1426365 1428839 1429330 1440418 1446022 1446022 1455451 1457956 1464683 1464897 1468661 1480709 1485176 1488160 1491256 1497079 1498318 1505224 1513115 1522119 1532136 1537591 1548158 1556591 1556872 1558973 1562598 1563283 1565423 1580495 1586592 1591136 1591689 1594880 1594880 1594880 1594880 1594890 1594890 1594890 1594890 1595689 1596261 1596261 1597514 1602795 1602795 1602902 1609730 1614902 1617231 1620677 1625856 1634938 1635672 1637912 1639967 1643773 1643773 1648492 1654650 1656436 1657592 1660590 1663502 1664456 1670763 1676342 1680080 1680080 1680234 1680234 1680234 1680341 1680341 1680341 1680341 1681055 1681055 1681055 1690311 1696848 1699396 1699649 1705675 1707463 1710592 1712148 1721784 1729418 1730570 1735343 1740451 1742379 1744318 1744318 1746342 1755263 1756297 1767536 1769047 1771964 1772725 1772725 1772725 1773007 1776935 1785204 1792363 1792959 1799678 1808021 1808296 1810673 1821484 1828789 1832414 1834089 1842143 1845507 1848710 1855086 1857108 1858002 1860582 1863012 1866396 1874445 1876108 1889655 1889655 1889655 1889655 1890224 1890224 1890506 1891064 1891064 1891064 1891164 1891164 1891164 1891164 1892507 1893862 1896326 1897033 1899693 1908600 1914342 1919804 1925097 1934096 1935381 1936756 1941033 1950043 1953168 1953168 1953168 1953168 1953310 1953310 1953310 1953310 1953995 1954177 1954177 1954177 1954177 1956025 1977704 1994410 1996910 2097304 2097304 2097304 2097304 2097441 2097441 2097441 2097441 2097666 2098001 2098001 2098001 2098001 2098009 2098009 2098110 2098110 2098140 2098212 2098212 2098212 2098212 2098608 2098608 2098648 2098851 2098851 2203411 2264571 2435575 2476114 2476114 2476114 2477309 2477309 2477309 2477309 2477309 2477309 2477309 2477309 2477309 2477309 2477309 2480963 2523701 2571635 2659794 2861278 2986258 2986258 2987897 2987897 2987897 3011411 3200175 3200175 3200175 3201535 3201622 3388515 3512930 3557339 3660011 3803136 3922542 4084296 4084296 4084296 4084296 4085230 4085230 4194841 4195240 4195240 4195240 4195240 4195292 4195292 4195364 4195364 4195700 4195700 4195700 4195760 4195760 4195800 4195800 4196211 4196211 4196211 4196211 4283208 4382994 4546088 4677882 4677882 4783526 4783536 4783536 4783536 4784907 4828166 4828166 4828787 4828787 4828787 4828787 4910071 4935949 4947211 4947211 5113369 5115942 5155554 5465467 5480480 5749478 5749478 5765641 5765641 5765641 5765641 5765921 5765921 5765921 5766151 5766151 5766151 5766151 5775388 6436719 6436719 6436719 6436719 6436725 6437726 6437726 6438070 6438070 6438070 6438070 6518895 6579332 6718021 6718021 6777646 6817566 7058020 7424143 7529761 7529761 7529761 7531360 7531511 7531511 7531511 7613969 7631833 7746300 7759715 7794225 7963230 7973872 7986812 8102682 8206987 8224011 8266236 8389596 8389596 8389596 8389668 8389668 8389668 8390064 8390064 8390064 8390104 8390104 8462727 8500963 8744126 8808873 8926029 9110478 9262769 9737180 9765668 9765668 9765668 9765668 9765810 9765810 9765810 9765810 9766495 9766495 9766677 9766677 9822063
8 857
8 514
8 1075
18 87
23 382
29 796
15 529
5 870
1 215
8 1699
20 16
23 1390
2 988
4 537
10 1404
28 139
3 557
6 725
5 1284
20 16
3 567
9 221
18 72
3 1810
30 1834
3 1810
13 1619
4 936
20 1535
5 1052
3 1810
7 840
8 1075
20 1535
14 1824
5 185
21 1129
0 1769047
8 857
0 6438070
15 232
14 225
15 1997
1 280222
10 247
18 1192
8 857
6 464
3 865
18 222
18 1192
4 537
3 567
6 1197
2 1496
8 1699
20 1622
3 865
17 185
27 433
23 376
16 490
19 1210
13 753
0 2097441
15 578
20 1535
0 262993
8 857
17 1377
20 954
14 1975
2 1060
5 43
0 1359667
15 529
2 988
26 1083
16 490
5 1052
26 1421
14 225
20 175
17 1074
7 840
10 1404
0 78310
15 232
1 1692
16 1053
21 195
20 1535
9 221
14 225
23 1390
7 840
15 1997
23 962
10 247
23 1383
6 1439
30 1834
30 1872
1 811342
30 1872
3 865
18 656
0 824383
4 914
20 882
6 1197
15 283
7 1120
11 1926
1 184716
21 1129
3 567
0 11129
15 283
15 283
20 1535
5 43
4 914
2 988
13 1357
7 1350
1 38640
30 1834
4 1907
27 433
10 1036
6 12
2 988
8 857
16 1053
5 1052
1 833449
1 33725
4 537
8 857
18 222
29 1743
19 1210
15 529
7 1120
14 1975
23 376
5 870
23 376
18 1596
21 1129
6 618
3 1938
23 962
1 12548
24 606
21 195
4 914
23 1390
9 221
18 656
15 1691
2 385
10 247
8 152
3 557
20 1535
19 1210
26 1083
15 1233
16 1560
10 1129
16 1560
21 1129
2 1456
24 606
5 43
27 1678
8 958
8 958
16 1560
0 625874
6 1197
1 1001403
13 1978
1 1091
29 1743
11 1164
15 1525
21 1129
0 1127
6 12
1 1511
4 1396
30 1870
26 1421
17 1377
18 1496
15 232
12 274
6 1439
20 16
0 21010
10 1036
0 2022
4 1907
2 1496
8 849
11 1926
16 1053
15 283
15 232
8 1699
8 849
8 857
23 1727
15 529
3 557
20 16
3 567
10 247
9 221
18 222
10 1036
0 2987897
30 1343
24 1179
13 1619
28 1213
9 221
5 185
15 232
4 1907
27 1678
16 490
3 567
11 1164
24 1004
23 988
2 1060
16 1053
17 1377
2 1456
2 385
5 43
8 514
17 1377
1 67442
1 1857107
15 283
26 1421
14 225
13 1619
20 175
2 385
12 74
21 195
17 185
22 1922
28 139
3 567
1 802
18 1496
10 1139
27 433
6 1439
6 618
20 882
8 958
12 74
6 725
30 1834
4 936
8 289
13 1619
6 618
14 225
6 618
13 1978
3 567
23 1727
20 175
23 1390
1 1855085
0 5765641
14 225
0 18157
30 1819
1 1414867
5 185
23 1383
19 15
7 1120
28 139
20 954
5 870
5 1532
10 1129
10 1404
10 1036
4 914
17 872
15 283
14 1975
23 1383
4 914
10 247
1 33
7 1120
12 274
13 1357
7 840
7 1120
13 1357
7 840
15 283
17 1074
18 87
15 232
8 1075
4 936
30 1872
29 1743
0 1773007
1 15804
1 1513
23 382
0 1977704
24 606
8 1699
13 1619
18 87
5 1052
30 1343
11 1164
23 1383
23 1383
5 185
19 15
15 1997
11 1926
18 87
3 567
0 2097441
20 882
13 753
9 221
18 87
6 725
27 1678
8 849
20 1622
17 872
0 548401
24 1004
30 1834
6 464
5 1052
17 1377
5 1532
29 1743
17 872
19 15
24 1179
6 464
0 5775388
27 1678
14 1824
23 1727
6 725
10 1139
24 606
5 1532
14 225
23 382
3 567
7 1350
0 1935381
4 537
15 1233
20 1535
10 1404
13 1978
18 656
30 1343
2 1456
2 1060
18 222
6 12
16 490
26 1083
15 198
0 2002
4 1817
3 1810
21 195
20 954
18 1596
18 1192
14 1824
0 4953
20 175
17 1377
28 1824
8 958
15 578
6 618
5 870
16 1560
15 1233
23 988
30 1819
6 725
2 1496
3 865
23 382
10 1036
12 274
5 1532
4 1396
15 1233
8 1699
1 525347
18 87
20 1535
6 1439
4 936
6 12
8 958
24 1004
30 1834
8 152
7 1350
29 796
5 1052
2 385
6 12
6 725
0 1500
24 1179
11 403
5 185
22 1922
15 578
24 606
0 1936756
12 74
8 849
15 1233
5 1532
20 175
2 385
6 618
20 1535
18 1596
18 1596
30 1343
19 15
23 382
3 865
15 529
23 1390
14 1975
30 1872
8 857
14 1975
4 1907
4 936
20 175
15 1997
18 222
4 537
1 2097440
30 1343
11 1926
2 1060
1 9214
4 936
4 1907
0 500
14 225
29 1743
4 914
2 988
18 87
26 1421
1 14429
30 1819
0 2097441
22 489
16 1560
11 1926
23 376
5 1052
12 274
23 1727
18 222
23 988
5 43
4 1817
19 1210
3 865
16 1053
27 1678
5 43
16 1053
23 1727
1 6437725
3 1938
3 865
24 1004
16 1053
4 936
6 464
6 464
20 175
10 1404
3 1810
22 1922
0 28343
18 1496
22 489
8 1699
11 1164
3 865
4 1817
0 654
29 1743
13 1978
1 60986
27 224
13 753
20 175
14 225
4 537
4 1907
18 222
2 1496
0 1463
12 274
4 936
10 247
15 578
5 43
4 1396
27 433
6 1197
20 175
20 1622
1 4194840
18 222
1 1499
10 745
17 1377
6 464
19 1210
30 1343
3 567
0 1245783
10 745
11 403
0 607112
13 1978
0 268660
23 1383
18 1192
12 74
16 1560
3 865
4 936
5 1284
20 175
0 500
13 1357
5 1532
20 1535
20 954
5 870
3 1938
15 529
20 1535
1 712018
23 382
15 198
0 78310
10 1129
30 1819
2 1496
24 1004
29 796
17 185
14 1975
17 872
23 988
30 1870
23 1390
15 198
23 1727
2 385
6 12
1 11035
1 1050031
24 606
18 1496
7 1120
7 1350
1 373270
1 1244364
9 221
1 1243
15 578
12 1913
6 725
2 385
0 2735
18 1192
18 87
20 1535
20 954
15 232
23 1727
16 1053
13 1619
13 753
1 991
0 390668
17 872
4 936
8 1075
29 1743
8 152
5 1052
30 1834
4 914
8 857
0 1680341
0 29918
0 20240
30 1870
19 1210
0 860909
10 247
5 185
23 1390
11 1164
1 83543
17 1074
13 1978
5 43
19 1210
0 16677
6 464
2 1496
18 72
2 1496
16 1053
6 1439
2 988
8 289
20 1535
23 988
0 1192
2 988
11 1164
8 1699
5 185
12 1913
6 12
8 1699
18 1192
24 1004
15 578
9 221
13 1357
3 557
2 988
16 1560
5 1284
3 567
23 1727
10 247
14 1824
1 1421233
8 1699
8 514
3 865
16 490
5 1052
10 745
8 514
16 490
15 198
22 489
10 1404
1 679
18 656
6 1197
20 1535
3 557
20 16
15 1233
26 1083
10 745
18 72
15 198
20 175
6 618
8 152
2 1456
10 247
8 857
10 1139
11 1164
30 1834
3 1810
10 1139
12 274
12 1913
1 391676
10 1404
23 962
8 289
0 1912
0 4945
23 962
26 1421
0 396685
18 1596
6 464
16 1053
6 12
15 529
0 810
8 152
22 1922
23 1727
17 1377
15 1997
21 195
15 529
0 709024
30 1819
1 101403
28 139
9 221
14 1975
10 247
4 914
29 796
0 1991
15 283
7 1350
15 529
15 1997
12 1913
18 1596
23 1383
5 870
15 1691
16 1560
5 1532
16 1560
7 1350
23 1383
18 1192
8 1699
19 15
8 849
6 464
2 1456
4 1817
26 1083
23 988
8 514
2 988
30 1834
8 849
6 464
18 656
7 1120
13 753
4 1907
18 656
16 1053
30 88
2 1456
5 1284
24 606
18 222
26 1421
1 2476113
15 529
1 7127
20 882
20 882
1 160174
24 1179
12 74
28 1824
7 840
29 796
10 1404
8 1699
24 1004
7 840
8 849
26 1083
4 936
1 1772724
0 1000247
4 1907
6 464
4 1396
19 1210
7 840
0 33617
30 88
27 1678
5 43
16 1560
2 385
1 531873
13 1978
18 222
10 1129
8 289
15 578
14 225
0 2407
18 1192
30 1870
30 1834
5 1532
14 1824
26 1421
18 72
18 656
24 606
24 1004
23 376
1 5591
3 1810
10 1036
14 1975
20 882
15 198
20 175
23 1727
30 1819
1 101403
1 5655
15 1233
0 7424143
16 1560
4 1817
23 1383
2 385
23 376
18 72
15 1233
27 433
24 606
15 1233
9 221
8 152
5 185
8 289
28 1824
13 1619
8 152
5 1052
5 1532
8 1075
6 1197
15 232
0 1947
14 1975
8 857
13 753
10 1404
21 195
5 870
20 1535
7 1120
26 1421
23 1390
10 745
20 954
30 88
30 1872
7 840
3 567
1 22648
13 753
15 578
18 87
6 1439
27 433
23 962
24 606
17 1377
1 2170
1 1019
3 557
18 72
8 1075
2 988
5 1052
20 1535
28 139
8 1075
0 1914342
8 958
20 16
4 1396
20 175
15 1233
29 1743
6 618
2 988
6 1197
12 74
10 1129
26 1083
12 74
17 1074
3 865
16 490
11 403
2 988
15 578
24 1004
30 1343
6 725
5 1284
6 618
8 152
26 1421
18 87
11 1926
11 1164
10 1139
27 224
15 1233
2 1456
11 1926
8 152
18 1496
8 1075
16 490
23 376
26 1083
4 537
22 1922
5 870
23 382
18 656
2 385
15 578
6 618
14 1975
23 1390
9 221
30 1819
4 1396
12 74
0 1947
1 635591
4 936
11 403
26 1421
4 1907
8 857
0 262433
0 1960
20 16
17 872
10 745
0 1220448
13 753
11 1926
20 1535
15 578
24 1179
0 5032
10 745
22 1922
2 1456
0 1750
20 1535
23 988
24 1179
5 43
3 1810
29 796
30 1872
21 195
6 1197
7 1350
8 1075
20 16
4 1907
11 403
13 1978
23 1390
1 3557338
23 376
30 1343
3 865
29 1743
7 1350
16 1053
5 1532
13 1357
23 962
12 74
11 1164
0 596409
0 2987897
5 870
7 840
29 1743
5 1052
1 2734
3 567
20 1535
15 1525
0 1354521
15 232
22 489
24 1179
4 1907
28 139
20 1622
1 447121
6 1439
8 152
3 865
30 1834
30 88
20 1535
10 247
8 857
18 87
0 263080
14 225
4 1817
30 88
20 16
13 753
0 47120
15 1691
23 988
1 332381
18 1496
18 1596
10 247
5 1284
6 12
0 418
15 1691
5 1532
0 194676
15 1233
15 1691
18 87
0 101404
8 514
15 1691
8 514
0 1923
15 1525
23 382
23 988
24 606
21 1129
19 15
20 16
18 1496
30 1870
8 857
0 923
7 1120
7 1350
14 1975
15 283
1 2098211
30 1872
6 1439
4 936
14 1975
1 2734
21 195
20 1622
30 1819
4 1907
5 1284
22 1922
1 28342
26 1083
1 1751
15 578
15 1525
2 1060
4 1907
23 376
8 958
4 1817
5 43
18 1496
6 618
26 1421
20 954
30 1343
0 435941
6 618
22 489
30 1343
30 1872
20 1622
18 1496
20 1622
1 2405
17 185
0 1412
2 988
10 1129
20 1622
11 1926
20 175
4 914
30 1343
11 1926
1 183889
4 914
2 385
27 1678
23 1727
30 1343
2 1060
5 185
27 1678
14 225
29 796
1 1699648
10 247
8 289
17 185
11 1926
29 796
23 1390
19 1210
2 385
27 433
16 1560
4 1907
10 1404
3 1810
19 1210
4 936
0 342883
15 232
4 914
30 1872
26 1083
10 745
9 221
21 195
1 2477308
1 671352
15 1997
23 376
5 185
8 514
5 185
18 1596
18 222
15 1233
27 224
6 1197
3 865
8 857
6 725
2 1060
4 936
1 473
2 1060
18 72
5 870
10 1404
12 274
13 1978
7 840
5 1052
28 139
5 870
13 1619
0 852668
3 1938
17 872
6 725
20 882
15 1525
10 247
29 1743
23 1727
18 1596
18 1496
30 1872
16 1560
2 385
30 1819
23 382
0 1306042
23 1390
5 1052
18 72
16 1560
8 1075
24 1004
27 1678
8 289
21 195
0 1172661
21 1129
26 1421
10 247
0 638
17 872
18 1596
4 914
5 1284
24 1179
4 936
10 745
30 1872
1 1003
14 225
1 5491
11 1164
15 1233
12 1913
20 882
2 1456
5 1052
10 1139
1 2096
3 567
23 1383
23 962
2 1456
29 1743
1 616479
5 1052
23 988
6 1439
11 1926
1 179084
28 1824
10 1404
19 15
15 1997
22 489
17 1074
0 452917
30 1872
10 1129
30 1872
3 865
23 1383
8 857
28 1824
30 1343
11 1926
8 849
6 618
4 936
5 43
24 606
22 1922
6 12
4 936
1 1091
23 988
15 198
17 185
6 464
8 514
13 1619
2 1060
0 1096151
5 1532
23 376
17 185
6 618
24 1179
24 606
0 3751
1 195278
15 529
13 1978
23 988
0 759904
22 1922
6 464
4 1907
22 1922
8 857
18 1596
22 1922
20 1535
12 1913
23 988
23 962
6 618
19 1210
30 1834
7 1120
3 557
7 840
23 1383
6 1197
17 1074
20 175
0 3241
23 962
30 1819
2 1456
3 1810
29 796
3 567
5 1284
15 198
10 1404
23 1390
27 433
16 1053
18 1496
19 15
3 865
15 1525
30 1872
17 185
5 185
22 489
3 865
6 725
5 870
27 433
24 606
10 1036
7 840
30 1872
0 558166
7 1120
3 1938
5 1052
10 247
23 376
1 1021
13 753
2 1060
18 656
17 872
10 745
3 557
1 1597513
14 225
10 1036
12 274
5 1532
19 1210
4 936
14 225
7 1350
14 225
15 1691
13 1619
8 1075
7 840
15 578
12 1913
1 215
15 1525
24 1004
22 1922
23 376
23 376
12 1913
11 1926
2 988
4 537
18 87
15 578
5 1284
5 870
10 247
24 1004
2 385
30 1343
4 1907
10 1129
13 753
1 132059
2 1456
5 185
15 198
15 578
15 232
18 1192
0 1247
10 1404
10 1139
6 1439
10 1404
23 988
2 1060
11 403
1 66471
8 958
0 2098001
29 796
3 1938
14 225
9 221
2 988
0 1458
6 618
14 1824
27 1678
7 840
1 33
4 1907
5 1052
22 489
15 1691
10 1404
9 221
1 1019
8 1699
18 1596
15 1997
30 1870
28 1824
17 1074
14 1824
0 857310
14 1975
17 185
27 1678
7 1350
30 1872
4 1396
1 1056
16 490
21 1129
23 988
8 1075
14 1824
5 1052
15 1691
4 1396
1 1168
8 849
0 555805
11 403
1 1359666
0 1285
16 1560
30 1872
23 382
21 195
10 1404
18 656
8 152
20 16
5 185
15 198
13 753
0 759658
17 1074
23 962
5 185
10 1036
21 1129
2 1456
27 1678
15 578
6 1439
2 1060
23 988
20 1535
4 936
4 537
8 1075
8 849
10 247
2 1496
24 606
27 433
29 1743
20 954
9 221
0 18157
0 1369
26 1083
6 618
28 1824
12 74
2 1496
2 1496
8 857
15 1997
8 857
10 1036
3 567
20 1622
17 872
4 1907
17 185
17 185
6 12
15 1525
16 490
5 185
1 2734
19 15
24 1004
17 1377
23 1390
5 43
6 1197
12 74
1 13580
14 225
10 745
2 385
15 283
18 1496
30 1870
22 489
23 962
12 1913
15 198
21 195
18 222
8 857
22 1922
0 339558
5 1532
8 289
3 865
20 954
30 1870
19 1210
17 1377
0 9622
28 1824
4 1907
28 139
0 1136
18 222
15 198
29 796
9 221
27 1678
30 1834
27 433
8 152
27 1678
4 1907
24 1179
24 606
17 1074
12 1913
5 1052
5 1532
14 1975
7 1350
13 753
8 1699
18 87
4 914
8 514
10 1139
12 1913
15 529
30 1870
8 849
29 1743
30 1819
18 1596
29 1743
0 1026
1 1393
4 1907
21 1129
26 1421
30 88
1 78994
18 656
8 1699
18 1496
1 157384
20 954
18 222
1 857309
5 43
10 1139
5 185
22 1922
0 59616
7 840
3 865
3 865
2 1496
10 1129
0 84898
0 2495
15 1233
6 725
1 894
20 16
4 936
23 1727
23 988
1 2734
18 656
16 1053
15 283
11 1926
8 1075
0 160
14 1975
8 1075
11 1164
28 1213
14 1824
18 87
1 1372
18 72
15 1691
24 1004
23 1727
16 1560
3 1810
15 198
10 1139
10 247
17 1377
15 283
14 1975
18 656
18 1596
5 870
20 1535
27 224
30 1870
13 753
24 606
0 1712148
17 1377
15 1691
23 376
6 1439
8 958
20 1535
0 625874
24 1179
13 1357
15 283
18 87
4 1817
28 139
17 1377
7 840
6 725
6 618
9 221
4 914
17 185
3 557
30 1343
4 1817
26 1421
20 954
1 1001403
13 1978
12 74
20 1535
20 1535
21 1129
22 489
15 1525
14 1975
30 1872
13 1978
1 460847
12 74
17 1074
13 1978
8 849
2 1456
13 1978
1 2734
5 185
4 1817
8 289
3 1810
15 198
1 1225680
15 198
8 1075
23 382
29 796
8 289
28 1824
26 1083
15 232
13 1357
11 1164
14 1824
0 5766151
3 865
18 1192
15 578
8 152
28 1213
16 490
20 175
23 376
14 225
4 914
8 857
17 1377
8 849
6 1439
15 1997
6 1439
4 537
26 1083
30 1870
15 283
2 1060
30 1834
8 1699
24 606
8 289
26 1083
5 870
23 1383
8 1075
3 557
3 557
2 1060
21 1129
16 1053
18 1596
14 1824
20 1622
4 936
7 1350
21 195
15 232
1 14429
1 1891063
0 2097304
27 433
18 656
4 1817
20 882
3 1810
6 12
8 857
3 865
18 87
28 1824
29 1743
15 232
8 857
18 656
0 15805
0 1429330
1 9687
5 1284
19 15
19 1210
3 557
0 161454
5 43
0 1876108
8 857
5 1284
0 1406
5 43
2 1496
20 882
0 280400
8 152
30 88
19 15
3 557
24 606
23 988
12 274
16 490
20 175
16 490
0 17444
2 1496
28 1213
30 1343
13 1357
5 1052
8 514
23 1383
21 1129
8 289
3 1938
30 1343
18 1596
3 557
16 490
8 849
21 1129
0 6438070
15 1997
23 1727
30 1819
9 221
1 347022
4 1396
0 1889655
24 1179
15 578
8 514
1 17926
6 464
26 1421
18 1596
2 385
27 1678
3 1810
3 1938
4 1907
1 1919
30 1872
0 1989
17 872
7 840
30 1870
10 1404
8 514
8 1075
13 1978
30 1819
18 1596
23 1383
0 594
18 1496
3 567
1 249433
23 376
10 1139
27 224
12 1913
30 1872
24 1004
4 1907
18 1496
3 1938
30 1343
6 618
21 1129
7 1120
4 914
10 745
4 936
30 1872
15 529
27 433
18 1192
19 1210
3 557
7 1120
30 1343
16 1053
15 1525
20 1622
24 606
2 385
10 745
5 43
5 185
20 1622
15 1997
21 1129
15 578
2 1456
8 849
10 1404
23 962
17 185
6 618
11 1926
24 1179
18 1496
7 1120
6 1197
30 1872
20 175
19 1210
0 280400
0 17444
1 1298508
8 857
17 1074
15 283
15 529
15 1233
15 1525
8 1075
0 280400
20 1535
23 962
17 872
0 3521
10 1404
10 745
13 753
15 283
30 1870
16 1053
11 1926
6 725
15 1525
12 74
26 1083
1 1360903
15 198
26 1421
18 656
23 962
6 1439
0 1526
18 72
4 1396
15 232
8 958
1 1625855
30 1872
5 1532
24 1004
1 1657591
20 16
18 87
10 247
4 1817
15 529
2 1456
13 1978
8 289
15 1525
2 988
28 1824
0 2012
18 656
27 433
24 606
27 224
0 1681055
18 656
10 1404
0 1027021
1 2753
7 1350
11 1926
23 376
15 1691
18 87
29 796
27 1678
3 865
18 1596
6 725
8 289
1 1977703
2 1496
28 139
9 221
23 962
1 1704
3 1810
7 1120
23 988
15 1525
18 656
15 1525
8 289
3 1810
29 796
5 870
1 847532
6 1439
4 1396
8 1699
28 1213
4 1396
23 1383
22 489
13 1978
19 15
17 185
15 283
0 1097721
6 1439
29 796
16 1053
14 225
30 1834
22 489
5 185
4 936
1 2162
21 1129
13 753
22 1922
16 1053
13 1357
15 1233
1 21009
22 1922
11 403
13 753
30 1872
1 2753
16 490
17 1377
8 289
8 1075
6 725
8 1699
0 1440418
4 1907
4 537
2 1060
0 1772725
15 198
18 72
15 1525
5 1532
15 1997
8 958
30 1343
1 1680340
22 1922
0 1068
16 1560
6 618
26 1421
0 12570
1 132059
8 849
10 247
18 72
0 1860582
20 175
4 1396
20 16
13 1978
0 40391
14 1824
10 247
8 289
6 464
23 1727
0 5765641
15 578
23 1383
0 59606
3 1810
6 12
10 1129
30 1819
1 4952
15 1691
1 9621
14 1975
23 1727
28 1213
13 1357
28 1213
1 759657
15 529
5 870
29 796
16 1560
19 1210
3 865
2 1456
13 1357
5 43
4 1907
6 725
8 857
6 1197
24 606
14 1824
28 1824
26 1083
3 865
20 954
6 12
1 47273
4 936
1 17443
17 872
29 796
6 725
26 1083
0 2008
18 1496
13 1357
13 753
5 1052
23 382
27 224
18 1596
15 198
17 185
20 954
18 1192
20 1535
13 753
28 1213
20 954
7 1120
3 1810
0 539799
12 274
16 1560
4 1396
3 557
2 1060
6 618
14 1824
23 376
15 1525
23 1383
6 12
7 1350
27 433
18 87
2 385
24 1179
3 1938
3 865
6 725
3 1810
13 1357
30 88
20 1535
20 1622
2 385
14 225
5 1532
11 1164
15 529
1 3200174
15 232
18 87
4 1907
18 1192
0 1891164
7 840
22 489
23 1727
8 289
16 1053
5 1052
6 1197
16 1053
15 232
2 385
22 489
5 1532
11 1164
7 840
2 1060
1 1284
14 225
18 222
22 489
5 43
15 1691
23 382
3 1810
16 1053
3 1938
13 753
1 2930
13 753
11 403
15 1233
5 43
18 222
1 212
0 1752
8 152
17 1377
18 1192
10 745
4 1396
10 745
30 1834
19 1210
4 936
13 1619
13 1357
0 1620677
1 473
13 1357
26 1421
2 385
16 1560
5 1052
22 1922
8 1075
0 548565
1 1990
3 1938
8 849
23 382
15 1525
18 222
17 872
10 247
29 1743
20 954
15 529
1 540
5 1052
1 5155
13 1357
13 1978
3 1810
12 274
15 1997
10 1036
27 433
1 3750
29 1743
12 1913
23 1727
6 12
18 222
6 1439
30 88
3 567
6 1439
14 1824
8 514
5 1284
29 796
30 1343
24 606
0 7531360
5 1052
12 274
17 1074
18 1596
8 1075
8 849
18 87
2 1496
27 224
3 865
8 514
30 1819
26 1421
13 753
26 1083
30 1834
20 16
2 988
14 1975
1 2477308
3 1938
5 870
23 962
0 265986
8 514
29 1743
5 185
21 1129
26 1421
23 382
29 796
21 195
17 185
10 745
3 557
1 1075
13 1357
21 195
5 43
14 1975
8 1699
1 673
15 529
7 1120
30 1834
12 1913
12 1913
15 1691
16 490
8 958
10 1036
20 954
12 74
21 1129
10 1404
10 745
23 1383
29 1743
4 1907
2 1496
12 74
24 606
14 225
0 578
8 152
5 1532
11 1164
30 1819
3 865
15 198
4 914
2 1456
20 1535
1 9647
20 954
2 1060
30 88
29 1743
10 1404
24 1004
0 431245
23 382
27 1678
8 1699
5 1284
0 583182
2 1496
13 1357
4 1396
1 523
30 88
5 185
28 139
23 1727
30 1819
11 1164
20 175
8 514
22 489
16 490
20 1622
1 1554
8 857
18 1496
10 1129
5 870
24 606
1 2753
26 1083
6 1439
4 1817
20 16
11 1164
15 578
26 1421
20 16
5 43
18 1496
0 5766151
8 289
2 385
23 1390
13 753
0 3544
24 606
23 382
0 801
7 1350
15 232
8 289
3 1938
1 1705
24 1179
2 385
30 1872
7 840
24 1179
28 1824
8 1699
23 1383
26 1083
10 1404
20 1535
5 43
19 1210
4 936
15 1997
2 1060
8 1699
1 456
27 433
5 43
17 872
20 1535
29 1743
20 1622
8 857
12 1913
8 857
5 1532
12 74
8 1075
0 1706
12 74
14 225
8 514
9 221
13 753
23 1390
12 274
1 2138
10 247
21 195
0 17780
14 1975
5 1284
0 560
23 962
20 954
5 185
0 759904
5 870
8 289
1 540
23 988
0 5766151
14 1824
21 1129
29 1743
21 1129
8 289
1 263000
13 1619
18 72
2 1496
14 225
13 753
15 578
0 878527
22 489
8 1699
8 514
26 1421
4 1907
12 74
6 725
5 1284
15 578
21 1129
6 1439
0 1954177
1 473
17 1074
14 225
5 870
30 1834
30 1834
18 1596
8 1075
5 185
29 1743
16 1053
18 1596
2 1060
5 1052
15 1691
30 1819
9 221
4 1907
8 289
10 1139
15 578
18 656
23 962
23 962
7 1350
8 289
30 88
1 349046
7 840
15 198
23 382
10 1404
6 1439
4 1907
28 1213
17 185
1 34223
16 490
27 433
0 2520
9 221
4 1907
4 1817
13 1357
16 1560
28 1824
0 262615
0 1457956
12 1913
8 289
10 247
10 745
5 1532
20 1622
17 1074
23 1390
3 865
23 1727
0 356778
28 139
8 849
26 1421
10 745
6 618
29 1743
17 1377
13 1619
23 962
6 12
5 43
8 514
7 1120
30 1343
5 870
13 1357
2 1456
4 936
1 809
3 567
9 221
14 1824
15 1997
0 1225681
13 1619
1 761065
5 1284
15 1997
10 1129
20 882
27 224
23 962
18 222
20 882
6 618
10 1404
30 1819
15 1233
21 195
4 936
26 1083
2 988
6 725
13 753
14 1824
10 1139
30 1870
29 796
5 1284
1 673
21 195
28 1824
15 283
1 118488
27 433
18 1596
1 66595
30 88
20 1535
18 72
8 514
20 954
24 606
10 1139
0 2098212
17 185
17 872
13 1978
9 221
20 882
21 195
20 954
0 9622
17 185
5 1284
0 2477309
12 1913
16 1053
26 1083
3 557
15 1997
10 1139
16 490
5 1532
5 185
15 1691
6 12
8 152
15 198
6 1439
5 185
27 433
30 1870
7 1120
28 139
8 152
14 225
0 1500
19 15
8 857
30 1343
0 290086
8 1699
11 403
2 385
30 88
1 34263
24 606
1 17319
18 1192
7 1350
2 988
3 557
23 382
4 936
2 988
2 1496
22 489
15 1525
23 1727
10 1139
4 1396
13 1978
20 882
18 1596
2 385
21 195
5 1284
4 914
23 962
1 1889654
12 274
3 557
18 656
3 557
0 1097721
1 263842
6 1439
28 1213
19 1210
18 656
1 289785
17 872
18 1192
27 224
21 195
10 1129
21 195
17 1377
9 221
28 1213
23 376
23 1727
22 489
5 1532
15 283
4 1907
10 745
2 1060
0 2098001
10 745
2 1456
17 872
4 914
23 1727
15 198
28 1824
23 988
8 958
0 2735
28 139
0 194676
17 872
10 1129
4 1907
3 1938
6 1439
27 1678
17 185
17 872
14 1975
17 872
3 1810
6 618
0 1296
15 1997
3 557
15 232
23 1727
15 1233
1 1654
24 1004
10 1139
28 139
14 225
20 16
11 1926
28 139
30 1819
20 1535
0 84898
11 1164
28 139
10 1139
15 1233
1 159
6 12
17 185
8 152
17 872
18 1192
9 221
0 1068
1 1819
7 840
17 1377
27 433
10 1036
8 849
24 1179
1 17926
27 1678
12 74
0 584
12 1913
0 17927
3 1810
3 557
24 1179
1 1591688
20 1622
10 247
8 1699
18 87
17 185
23 1383
27 1678
13 1978
15 529
7 840
10 1129
22 489
11 403
23 1727
0 2097441
2 1496
15 578
2 1060
16 1560
15 1691
5 1052
14 225
6 464
18 656
24 1004
10 1129
15 198
6 725
8 152
0 1057
15 283
19 15
2 1496
12 1913
3 1938
30 1872
4 1396
5 1052
0 2084
5 1052
5 870
23 382
23 962
0 9765668
15 529
1 1191
10 745
27 224
6 725
3 1810
18 72
17 1377
15 578
5 43
30 1819
6 618
28 1824
19 1210
11 403
11 403
10 1139
2 385
4 1907
0 834
23 962
6 12
18 222
3 865
17 185
5 1532
16 1560
5 1284
0 1139
30 88
0 2020
18 222
24 606
10 745
28 1213
13 1357
1 20115
1 1137127
17 185
6 1197
15 578
11 403
0 857310
1 2097303
20 954
15 529
8 1699
23 988
20 1535
15 1997
16 490
1 972385
0 18997
23 1383
27 1678
18 222
16 490
6 618
27 433
7 840
0 500
15 232
14 225
6 12
23 1390
3 567
3 865
30 88
3 865
8 289
30 1819
21 1129
10 1139
1 882649
29 796
22 489
15 1525
4 1907
2 988
28 1213
18 656
17 1074
15 1691
4 936
27 224
16 490
10 1036
18 1496
1 1583
1 5918
4 936
0 9622
16 490
5 43
30 1819
7 840
11 403
15 1233
23 382
5 43
7 1350
5 1052
0 2520
23 1383
27 1678
19 15
18 72
8 857
10 1036
26 1083
14 225
27 433
8 1699
3 567
16 490
30 1343
15 1233
10 1036
10 1139
15 1997
1 1025
30 1819
15 1525
26 1421
2 1060
24 1004
28 1824
24 1179
15 198
3 1938
18 1596
30 1870
15 529
7 840
18 87
12 74
4 537
11 1926
8 1075
23 382
18 72
23 1383
2 1496
0 668
1 2096
20 1535
2 1496
3 567
6 12
11 1926
27 433
12 74
15 232
13 753
15 1691
6 12
23 988
18 1496
23 988
15 578
8 857
23 962
23 962
14 225
15 1525
0 1994410
0 5919
6 725
19 15
1 592
15 232
15 1691
21 1129
23 382
30 1870
19 1210
17 1377
30 1870
0 101404
4 1396
8 849
20 882
5 43
30 1819
10 247
1 2021
18 87
3 1810
2 1496
4 914
20 16
29 1743
7 840
2 1060
21 1129
15 283
8 849
6 618
20 1622
20 882
10 1404
3 865
29 1743
15 1525
4 914
5 185
0 17880
30 1343
6 1197
5 43
30 1343
23 988
17 185
15 1691
17 185
30 1343
0 664
1 3543
24 1004
18 87
13 753
6 1439
24 1179
20 1535
24 1004
3 1810
8 857
22 1922
17 1377
30 1343
20 954
30 1343
23 1390
17 1377
1 6436718
22 489
3 557
11 403
23 962
2 1456
18 87
5 43
6 725
1 263203
23 382
16 1053
4 1817
5 43
13 753
24 1004
1 10246
24 1004
6 12
24 606
8 958
19 15
0 9535
30 88
1 1411
29 796
3 557
13 1357
0 625874
16 1560
26 1083
8 1075
15 283
20 1622
18 1192
1 20115
23 1383
9 221
1 67031
20 954
4 1817
5 1284
18 87
17 1074
19 15
15 578
1 7531510
2 1060
23 962
29 1743
24 606
1 263639
8 857
18 656
8 289
15 232
12 74
18 656
1 256
1 13580
26 1083
8 1075
6 464
28 139
18 222
23 1390
18 1596
5 43
29 796
13 1357
15 1691
14 1975
0 9180
5 1532
18 656
1 84897
18 1496
15 232
15 1233
18 1192
13 1357
17 872
14 1824
4 1817
4 1907
15 198
29 796
5 870
5 1532
15 529
15 1997
1 1469
22 1922
18 72
7 840
3 557
17 872
16 1053
13 1978
26 1083
11 1164
15 283
3 557
23 382
20 1622
27 433
10 1404
0 1150
8 289
24 606
16 1560
4 1907
27 224
30 1819
18 72
8 514
17 185
13 1978
5 185
17 1074
6 1197
15 198
5 1532
10 1036
27 224
1 1187
10 1139
17 185
16 490
15 232
18 656
23 376
15 283
1 1554
4 1396
12 274
30 1870
10 1404
3 557
6 618
30 1870
2 1496
30 1870
20 882
3 1810
20 882
29 1743
16 1053
5 1052
27 1678
20 175
18 222
30 1343
1 8224010
4 936
26 1083
8 514
23 376
30 1834
30 1870
17 185
2 385
6 618
18 1596
30 1819
27 1678
17 185
0 4195700
5 185
4 537
23 382
20 175
30 1343
18 72
24 606
10 1404
18 1596
6 464
18 1192
23 382
8 152
14 225
1 1758
11 1164
9 221
4 914
2 1456
28 139
18 87
11 403
7 1350
7 1120
30 1872
5 870
8 152
16 490
27 224
15 232
30 1872
7 1120
4 1907
18 1596
0 101404
16 1560
28 1824
15 198
24 1004
23 962
15 529
6 1197
15 1233
20 1535
12 1913
30 1819
14 225
12 1913
29 796
28 139
10 1129
10 745
14 225
8 958
1 130335
1 223398
2 1496
5 1052
11 403
27 433
13 1978
16 490
26 1083
1 1654
17 185
18 222
23 988
30 1872
8 514
8 289
0 78168
0 16677
15 1691
2 385
5 1532
0 1359667
5 1532
12 1913
15 529
19 1210
7 840
18 222
24 1004
20 882
3 1810
5 1052
5 43
3 1938
10 1129
12 74
14 1824
15 198
16 490
23 376
30 1870
11 1926
23 376
2 1496
12 274
26 1421
7 1120
24 1004
16 1560
2 1456
4 914
27 433
8 514
21 1129
10 1129
13 753
0 6718021
15 1525
4 537
16 490
14 1975
5 43
6 618
1 33827
23 382
10 1139
3 557
0 289786
28 139
1 1772724
28 1824
17 1377
28 1213
15 529
10 1404
20 954
4 914
19 1210
8 958
1 101403
6 1439
20 1622
24 606
7 840
4 1396
10 247
5 43
10 1139
20 1535
17 1377
16 490
18 72
27 433
23 376
3 567
21 1129
26 1083
3 1810
15 232
13 1978
1 4085229
11 403
1 12569
1 166
3 865
6 618
7 840
6 464
28 139
17 1377
8 958
30 1819
15 283
19 1210
30 1870
5 1284
26 1421
6 725
11 1164
8 1699
22 489
4 1817
8 152
13 1357
22 1922
20 1622
17 185
20 1622
8 289
1 2734
1 616479
29 1743
5 1052
1 39221929
68333765 73110392
55292098 59999359
90062471 14137304
50132358 73382100
38399997 39669228
13105501 47242675
77228052 94265345
29422222 18815459
48376998 38595856
22622662 59303841
80095873 37098949
63264584 46873360
16198791 60716447
59905629 12777107
9380840 36089294
6969677 48901855
4724311 74792193
35230884 6475330
29311409 57386820
47587811 66539195
2588445 53528487
19131174 75151176
52647372 58864069
76892985 9709566
49710429 91791828
0 94127545
57109185 98702599
75098650 25291141
93473965 6952423
65229845 24365225
79987233 25335179
90164387 6056166
31304081 91762872
0 58882281
1 1736475
49653745 8451413
64561847 97752579
51254836 60328886
93344541 23528207
31289513 45973126
71744229 96728304
44284822 97411363
86690649 57038322
61424893 80697226
1 99801659
95487068 75674013
36997666 93091169
28067633 57751901
50856807 33096011
62398652 66973381
35076663 63127402
15658972 48458429
88511466 31933573
64887621 63164087
61339781 78728298
6616097 52798434
45643280 20434403
65113999 28294262
99016031 81090846
58391231 54385380
63973265 58087692
82933878 7148040
33164585 51382096
6147212 94668168
0 44502324
98934757 36176717
44106722 71556713
79360855 53295100
49980569 62268981
75190093 90057601
60665796 49738036
4454365 12389287
30230076 95971800
37218965 92664440
92189802 72768608
0 29645580
5618456 1913925
41406297 87760322
90580914 40247345
63786730 11757046
13908486 7397756
15265805 57483222
4393272 611118
45078278 50472447
57576459 20107688
64746791 81749017
49865221 90165542
81157015 94034326
14563701 15144044
66443316 4321337
45131830 39722665
49852896 61868313
55199118 42003098
35195059 406087
57187461 43267979
84880776 76466995
35718440 92865380
6503378 60803472
84151268 47165796
96172163 71696252
12750689 9741814
83475506 62076002
11207449 44272815
21728580 68303112
1 40086842
19456822 62903057
49535093 33376460
59292799 73108317
79465165 39720078
17671373 39235391
97046516 69517522
82082521 92383302
93994973 40126127
64492213 2137989
25792109 69249340
50754905 424782
78571611 95257680
15414653 55243192
58358171 77317993
82358763 84035887
0 6850491
28901158 40094153
33210755 97289318
33232190 85349499
80631746 40008194
17804190 74144756
95503845 81155542
93101801 80334290
83009537 46166772
11839334 59926781
0 28199535
97714485 8251331
1 14809428
88854958 38247856
49541436 13957277
65860070 7803352
2904578 19492440
2221468 93141664
88721197 89505395
2709111 80264615
1 76901235
48019960 81280991
1 82323781
0 64905809
82386263 68079895
2031510 10745675
67687735 24774872
75019933 61724053
1 83575239
47244727 69114438
13014716 29616100
89712045 41530165
22914891 62587124
0 63456648
50379748 62727149
11680798 53211824
18453155 62246106
75885632 10134341
1 2285993
83409215 36357343
88910797 63284319
92472567 86905995
38311118 8733667
11798607 29672065
87941219 88324885
74678795 38335621
1 55144428
78877658 3693865
21815775 6188750
1640842 72377234
82881917 80987521
22242929 68250212
89434183 58781300
11400975 14381091
82928270 84241272
39962336 73752240
27501199 49156343
63807722 35526478
53140774 93949262
60738083 19343060
1 70597348
81979449 36241993
37505826 98032127
13860804 33986774
85706632 4136759
0 37102573
81001648 23976789
1209022 86468726
84516072 36615671
95561120 23607160
31477247 42409948
2264585 65245077
21797503 17334209
69464070 17386211
51550767 25763835
36772455 79921976
8202192 57975934
68400116 89432076
41187534 96919899
56613386 23765498
33262998 69612693
81735042 29823949
4756637 12847935
0 83465960
80108948 7506750
74965451 24842673
27185232 65242715
51406767 40613212
2960430 93281746
67302237 39317071
46310281 99965066
89812117 32339509
56569732 67098133
94146575 29875487
12867606 56847332
70036775 60341560
52155546 93356133
1099692 57185050
0 95144422
10290716 8204179
30637101 20240795
85705150 80196465
35485854 14771167
89518207 62069672
8302781 46051676
1 99039699
33778221 93079657
46843253 85834674
3933184 72331482
67928373 16054820
76324103 89760463
58322647 32383966
66887546 25529716
98174656 55384657
98635729 85048150
19570808 94294422
51646455 78261958
55285037 9006929
38444953 41927085
50025229 86659148
72472769 87151969
31360629 34891913
46843934 80031096
79671421 25814585
18355686 96943420
66259860 24173978
91783906 6961476
9343558 82154966
1 8107035
47661080 72501723
19085472 14433382
45384466 43901078
0 23971890
84393122 2004886
93243956 35816090
0 76248419
27475829 51003168
97068781 81550476
92170336 62852887
94859297 72809240
0 77659335
33303565 75443643
19152029 84355048
19904784 84708310
78382401 33782005
1025002 86389914
26121678 41741587
2835157 16785652
28795678 55546215
1467444 63981251
64235413 50645664
97722362 51279988
1 72289178
81202570 34049270
93989326 71420037
91051558 38005645
99728263 77668288
97199258 11821495
4847697 20344531
19436712 11172727
3003708 13363712
20397308 94543214
48189818 59549277
64076955 10220443
76050960 1712832
87187925 88395041
88229304 91780648
89424406 10338439
68074582 35757526
63862145 19365784
62604772 89343292
79986089 87173039
0 47728552
64118238 32967801
63282408 42442046
1 96671400
17007417 84045369
75437040 2711274
35267355 52165763
75908718 59033002
20996176 15537621
1 14006206
50028142 5141397
14396697 9565374
38537539 7482990
73388256 92592317
72041675 23525460
35225080 76919817
79000022 4557771
15205177 42928954
943890 56481052
65464727 47780742
7380308 21419518
4194361 53727041
41099653 7130698
70935647 64251885
38753257 75067692
61239500 96254746
35911704 74739386
92637369 22907424
62709551 81040272
35440775 55099017
72699426 81578226
10099568 3171276
99025095 77153942
40840156 39014504
99480397 76669526
96143776 26350350
21555141 45355070
43783793 89336536
64548010 55883725
27893387 95587693
15232799 54653218
95179121 33522286
4984565 43160604
96213218 12490529
23710385 39149141
56951941 77236471
84741227 96590336
12954324 50222335
90801061 6523346
78312565 48387171
32989817 6346711
778698 63363301
1312599 88779483
3197555 10740780
34816243 33033654
25857866 18443047
36910503 50780144
99469733 90560329
9141890 46839249
2972328 11236285
87900849 9743192
8970316 7734512
9648491 28561446
1 78618269
16314060 37291733
1 12029761
98584528 19209044
1 25670037
93382420 98095271
26893700 69732606
42841375 89358497
50475601 67466384
32180580 7078214
578331 71014378
40099243 71325347
47113454 45463114
55784590 75611021
93511666 89476836
98921465 71618435
29931132 88777605
28763211 17539329
18459606 44205585
70592046 6269315
32185097 81316342
33802400 99062841
86958852 94379031
67888212 10810714
24281085 54349266
40709827 97266073
17715212 83276141
85931428 96812198
1 4183878
53716497 1383999
42096445 96336271
15064838 89489078
97508447 82352046
30298570 85895848
57496864 55316782
61979504 73387558
89784338 87780269
87736329 37675699
19026049 28889228
16639075 91520576
1 24948563
40902902 396653
7158041 13681333
66380769 24640123
57067211 63936855
20923931 32035801
5899017 78469301
46046756 55927483
43458956 77031788
20586462 72821814
23005946 81175231
93412682 20376051
0 23861584
40385774 81481472
24785947 80863832
33643368 47952269
96889965 97080780
58023474 76606094
68517704 34613484
5825967 37223975
6279738 80181706
43826404 19574734
5931332 76399165
14755998 49238948
10260924 35497126
91554401 10685058
15848223 73214968
30204812 54238120
65137630 42981149
18545698 69185770
27312649 26966375
53841746 80282046
81347177 44152377
33485935 50551668
77585045 7441368
14670942 65839571
30673496 96570668
32802778 88800686
35214224 80598132
69015478 88451301
74426507 82990365
64350735 24544121
5559112 40700567
11293954 20417593
86983220 68140687
80872589 87252122
33088745 54318622
2719849 38098268
38199692 69920024
83892551 68801143
98926145 4781073
39959356 26256955
39232037 17920554
37821702 43448607
97617618 83575719
1 39065797
42246493 74115373
91915499 34995349
44019793 69109079
11542495 73906959
44853408 73179371
87543981 58402940
34215202 12253323
75565296 25442993
26606596 69454474
0 18409661
65651359 5053099
87700689 61769865
88842736 47044705
75186018 1635985
75399483 32062628
86697689 21827906
57187428 17365578
89143329 96952840
86993556 1355951
46992508 33474376
89371873 3421931
17550227 96923878
71097440 20748319
45381348 9524118
9487469 39094966
2069970 49969982
7870376 45804895
50037832 13131815
76576842 15890538
1 34013687
42098 44109170
87551068 71947027
16813277 7600721
626890 91090579
27141995 96309832
83630839 41794784
95365436 99177204
62256022 91337431
96645089 80062344
58646994 14780751
29561813 38169160
48929184 34118185
36955049 98987134
36266613 25094836
4272610 18497524
82002158 44849883
24303853 63474910
41440550 64922727
1 63967091
98839818 10525318
74831153 98777445
20432044 56013467
32100109 79815171
0 1318761
37960356 78475333
60115053 74160752
48259041 44699727
0 25835906
27431514 3493196
79665200 23734101
30045674 15441317
14686245 18692891
93547751 70860332
2960498 64998074
34090796 49091389
16936510 5653320
75546988 75433607
91106331 66564012
1 30644555
33565280 92465333
0 59906648
5729185 3095562
21074454 98675288
72811327 33514764
93517848 65211927
80811723 6751267
93918275 95499909
60607109 31323982
75666418 19769739
47570433 22274330
98085576 87542558
80692842 50686910
29404487 23281413
75730119 35046599
23009291 61636881
14509258 88708731
88635354 7401824
20778721 99221492
98952311 41859225
22593443 28874703
72808868 56224436
18717095 59373984
23797172 50481902
95894094 43674426
69941556 24471374
61124800 94064122
27542339 37888991
68597225 98856920
63909391 65228886
11782985 55034286
32812849 13855498
75519154 40694988
61203461 82661273
40506833 48557041
89293571 22244272
9611966 44365605
28803370 65025374
80363382 92479358
56043654 1861254
48125993 77084685
85262207 14392852
84476012 42610758
62053831 88254280
94780161 42049753
50879667 1648192
1 57373968
79423997 54496466
34097241 42626321
20443109 51527201
1 34175542
81800690 34799136
10768978 43398083
60856219 24098811
13703112 2842981
74981951 36161835
52376771 26183511
77256779 95940055
7887491 10473550
14981679 73228502
83833043 62847840
2312417 61567379
76425155 48391029
30481067 9865312
31092595 78633475
30905536 88068053
97565251 37796923
22672642 88214608
74118256 86772583
15122638 88672237
61965419 31726563
83972309 68321317
74999377 56780593
75984390 5196547
75303470 7841225
32051033 84084451
77398281 39729366
6930466 88641536
95036885 23403590