61 1000
448 377 224 41 260 322 7 321 232 68 437 484 151 107 322 266 205 429 3 440 79 74 92 386 484 54 338 453 305 8 280 25 114 125 153 95 106 289 450 175 483 154 212 361 137 2 74 466 80 83 91 93 203 64 307 430 229 287 347 338 212 113 48 412 490 340 464 249 190 342 31 483 229 339 140 114 232 124 116 225 57 110 446 448 332 391 213 274 14 232 371 176 350 259 299 113 349 25 101 460 475 387 54 381 145 28 23 42 333 494 39 375 492 163 40 160 110 296 414 116 343 105 216 34 480 496 389 11 164 192 225 16 476 289 27 151 22 224 371 37 295 13 153 190 481 462 18 349 435 431 209 90 153 181 375 234 458 369 4 342 405 301 164 124 247 243 339 271 473 158 197 407 53 157 318 435 247 433 79 171 101 471 265 304 174 454 258 71 21 35 481 355 13 105 459 97 257 194 212 145 452 272 335 203 165 456 412 299 188 140 20 358 288 161 42 118 328 113 212 99 265 274 43 322 49 202 202 419 269 280 316 352 306 126 80 138 32 264 43 461 32 92 321 383 475 334 362 309 185 282 406 64 237 197 496 133 15 234 29 94 289 203 147 409 364 252 18 304 179 456 454 254 155 235 345 66 296 98 194 264 415 103 201 120 112 241 336 266 2 238 79 458 404 356 150 162 393 299 15 11 448 58 419 230 46 493 127 435 412 98 354 142 25 332 146 17 336 55 282 60 362 409 173 477 187 308 437 196 61 448 17 93 85 198 381 184 250 73 15 108 226 438 366 98 429 262 349 426 61 119 500 428 14 442 289 81 458 275 294 16 203 206 457 488 322 358 200 493 75 284 441 326 49 371 403 385 286 240 309 465 368 228 157 50 498 340 273 310 360 490 104 246 365 25 72 32 349 153 485 22 433 192 85 390 238 142 219 478 191 73 30 131 367 98 434 286 271 320 41 366 176 404 492 346 391 223 132 30 365 26 340 72 44 186 91 71 331 215 35 226 3 98 225 464 185 6 237 32 391 485 422 128 414 108 426 153 23 295 319 81 452 366 313 298 223 214 425 57 293 280 449 127 488 92 271 466 6 62 11 411 229 409 498 457 410 254 118 378 336 457 216 133 178 280 132 205 211 30 149 20 360 112 276 475 216 141 357 26 54 467 241 339 271 415 329 442 314 357 448 439 486 223 258 36 339 173 236 482 141 112 271 198 74 7 48 383 65 381 285 108 137 494 492 405 399 406 148 124 114 59 455 70 27 309 302 135 158 141 228 334 408 360 138 475 219 389 210 236 84 1 172 55 478 161 271 362 83 346 37 464 422 244 34 431 147 160 283 108 349 52 416 114 341 321 86 264 109 456 241 348 319 467 151 371 485 136 352 35 487 284 216 325 361 63 197 61 89 282 267 2 167 375 384 199 372 307 478 17 295 128 175 212 96 21 376 308 374 94 457 313 294 429 458 490 309 386 263 474 204 104 389 439 443 196 282 45 383 450 353 47 330 387 372 96 239 158 240 479 242 418 120 43 340 104 242 95 367 186 463 89 458 187 83 136 121 242 459 96 402 152 189 178 101 64 241 163 188 81 389 443 369 72 269 203 255 403 189 147 252 224 150 130 90 276 123 145 396 399 491 261 250 300 370 411 225 342 71 34 305 58 119 107 296 432 82 200 500 337 207 307 498 499 423 451 53 144 272 191 25 135 379 383 60 127 75 57 475 494 483 137 137 324 206 53 216 80 270 101 499 6 472 6 378 445 24 29 210 413 175 28 115 440 26 117 225 317 176 364 110 464 483 482 338 76 262 470 145 305 249 63 314 158 202 140 111 58 139 159 191 331 311 55 26 101 335 194 235 440 409 446 73 9 186 344 415 105 163 68 465 499 58 329 227 150 165 51 433 208 128 104 200 43 421 452 419 142 301 456 346 108 372 418 246 467 439 85 228 15 443 245 96 27 69 264 480 2 317 480 409 280 475 144 211 331 370 5 423 78 313 5 394 174 191 361 386 187 332 463 50 457 408 201 108 276 49 368 350 325 219 110 50 107 290 43 430 431 92 186 337 382 314 498 226 36 461 74 220 253 130 364 223 47 200 175 478 438 173 163 294 422 80 84 218 101 472 48 184 415 473 257 466 384 165 441 497 175 425 45 55 280 36 455 158 379 250 363 75 213 197 489 95 359 322 55 318 264 433 345 225 158 259 238 268 279 71 349 12 268 184 79 482 390 71 300 111 242 284 108 41 336 499 256 295 425 197 320 118 130 181 312
310
448 323
41 54
68 408
107 129
322 24
266 187
3 142
92 208
386 396
54 87
338 52
305 238
280 434
153 321
95 169
450 183
154 157
361 189
137 203
2 50
74 23
466 263
93 407
64 89
287 419
347 320
48 417
412 237
342 365
31 18
229 157
339 391
114 111
232 357
225 46
57 4
332 140
213 117
371 91
176 319
350 411
259 80
113 349
349 99
25 441
101 195
475 33
381 236
28 155
492 448
163 163
40 106
160 111
116 428
105 170
216 2
496 196
389 295
11 72
192 200
16 494
476 233
151 494
22 377
224 274
295 307
190 425
481 207
18 334
90 466
181 50
458 219
405 63
301 202
243 221
271 187
473 59
158 214
53 238
157 210
247 468
433 236
79 472
171 444
265 384
304 109
174 299
454 166
71 233
21 105
35 435
355 218
459 154
257 161
212 16
272 305
203 127
165 344
188 120
161 429
99 345
274 45
49 187
419 35
306 365
138 52
32 468
321 486
282 423
406 234
237 373
133 302
234 173
29 318
364 24
66 36
98 37
194 63
264 239
103 306
120 338
336 361
238 479
356 423
150 348
393 157
58 186
230 435
46 443
493 327
142 158
55 369
362 40
409 173
187 482
308 467
437 123
61 367
85 145
198 109
184 250
250 264
73 470
108 203
226 132
438 195
366 229
429 94
262 342
426 286
500 460
442 455
294 152
488 324
326 414
286 8
240 314
465 392
368 208
228 45
50 101
273 199
490 417
246 379
390 235
30 290
131 346
434 426
320 500
391 124
223 79
132 385
365 241
26 218
72 421
44 157
6 450
485 84
422 96
319 132
81 372
298 63
214 403
293 283
449 237
127 211
411 320
498 417
457 410
118 473
178 437
149 489
20 135
112 93
141 362
329 274
314 209
439 102
486 407
258 362
36 484
236 11
148 282
124 79
59 172
309 54
1 435
478 436
83 457
346 38
37 236
464 417
147 152
283 386
341 147
86 103
456 484
348 169
467 205
136 125
284 133
325 60
89 429
267 61
375 182
384 367
307 275
175 446
96 305
376 276
374 112
313 54
263 18
474 469
204 177
196 328
45 360
353 213
330 59
387 488
479 16
418 188
43 52
340 461
367 393
443 437
269 275
403 324
252 82
130 492
276 489
123 288
145 488
399 406
261 402
300 250
370 362
34 434
337 417
451 499
135 472
494 243
206 252
270 397
24 310
210 69
440 53
483 346
63 77
331 85
311 495
335 97
235 180
9 379
186 219
227 361
51 366
208 106
128 351
104 9
200 220
452 459
372 265
245 468
317 168
480 405
144 8
423 435
78 169
408 47
201 256
219 252
110 175
382 264
461 426
220 147
253 212
80 500
84 18
218 142
497 318
425 320
455 459
379 291
197 7
359 36
345 362
279 372
242 9
312 268