1000
0 -1 59
1 0 59
3 0 74
2 1 44
363 1 34
5 2 6
29 2 39
4 3 54
65 3 47
6 4 52
33 4 99
7 5 79
99 5 31
8 6 82
81 6 89
9 7 82
28 7 25
11 8 72
35 8 56
10 9 84
14 9 39
12 10 46
16 10 5
13 11 88
20 11 6
15 12 0
80 12 62
17 13 74
21 14 47
31 14 22
39 15 62
87 15 10
18 16 68
289 16 33
30 17 79
130 17 13
19 18 23
69 18 24
22 19 52
94 19 68
23 20 35
37 20 97
26 21 10
139 21 0
119 22 44
282 22 46
24 23 28
32 23 54
25 24 38
207 24 73
44 25 54
45 25 55
27 26 46
245 26 68
53 27 27
98 27 99
89 28 22
713 28 2
40 29 58
373 29 33
38 30 14
84 30 74
48 31 1
34 32 54
112 32 64
42 33 15
51 33 83
36 34 69
111 34 17
43 35 73
665 35 8
49 36 83
85 36 16
55 37 32
322 37 30
54 38 69
131 38 14
70 39 37
203 39 44
41 40 50
60 40 2
46 41 98
114 41 6
56 42 65
196 42 74
178 43 47
451 43 20
72 44 14
79 44 56
57 45 88
205 45 99
47 46 31
50 46 46
52 47 34
138 47 41
201 48 46
214 48 42
123 49 42
61 50 31
73 50 45
67 51 39
104 51 59
66 52 78
199 52 15
117 53 10
142 53 41
62 54 52
63 54 12
154 55 48
156 55 21
59 56 78
208 56 53
58 57 33
86 57 49
64 58 50
366 58 16
71 59 45
532 59 13
74 60 11
105 60 47
108 61 27
828 61 89
408 62 87
514 62 15
68 63 88
101 63 22
93 64 26
237 64 82
158 65 81
280 65 80
77 66 18
100 66 21
83 67 86
272 67 57
189 68 0
204 68 0
76 69 81
91 69 69
118 70 6
337 70 53
116 71 50
658 71 17
75 72 44
172 72 92
82 73 32
122 73 79
92 74 64
95 74 60
78 75 99
115 75 100
427 76 26
141 77 86
215 77 61
102 78 58
132 78 69
239 79 36
88 80 77
317 80 92
167 81 83
126 82 61
97 83 9
106 84 29
121 84 34
107 85 24
476 85 48
109 86 71
321 86 0
162 87 71
209 87 26
127 88 73
946 88 13
90 89 26
236 89 94
190 90 72
221 90 78
135 91 72
223 91 22
96 92 54
198 92 33
164 93 87
480 93 20
173 94 90
110 95 78
365 95 31
103 96 41
506 96 69
163 97 99
242 97 42
220 98 77
231 98 63
147 99 33
125 100 40
144 100 80
541 101 24
140 102 12
191 102 37
128 103 77
197 103 9
134 104 57
151 104 81
758 105 41
124 106 71
553 106 24
143 107 76
367 107 55
153 108 45
487 108 42
269 109 36
206 110 31
217 110 6
137 111 73
212 111 35
113 112 5
148 112 35
179 113 1
590 113 94
368 114 34
320 115 16
646 115 72
145 116 92
146 116 54
120 117 77
186 118 59
512 118 53
149 119 49
161 119 5
136 120 34
339 120 91
326 121 79
377 121 5
229 122 60
183 123 48
626 123 48
133 124 71
188 124 7
276 126 72
294 126 74
129 127 27
381 127 0
165 129 37
966 129 85
256 130 20
265 130 98
305 132 78
343 132 45
150 133 79
619 133 70
210 134 62
157 135 48
342 135 68
192 136 49
401 136 41
160 137 42
230 137 54
254 138 83
300 139 82
387 139 22
176 140 38
297 140 8
152 141 36
168 141 57
228 142 66
869 142 48
222 143 98
194 144 29
202 144 94
181 145 57
490 145 43
247 146 14
593 146 2
177 148 35
226 148 39
155 149 67
175 149 56
240 150 1
613 150 22
244 151 33
353 151 51
193 152 53
251 152 27
284 153 14
501 153 57
182 155 76
656 155 61
227 156 19
359 156 83
159 157 6
346 157 41
166 158 91
333 158 7
243 159 10
788 160 40
795 160 18
218 161 66
249 161 88
832 162 35
932 162 38
219 163 50
260 163 59
169 164 83
324 164 51
261 165 57
511 165 23
171 166 73
356 166 10
170 167 24
312 167 36
755 168 53
974 168 20
267 169 42
580 169 56
174 170 7
283 170 12
195 171 65
458 171 1
307 172 53
184 173 31
250 174 61
657 174 55
252 175 89
211 176 12
304 176 54
180 177 66
563 177 62
291 178 70
271 179 87
376 180 57
185 181 25
438 181 4
235 182 0
338 182 95
200 183 28
432 183 90
421 184 61
829 184 99
374 185 100
926 185 97
187 186 44
216 186 35
336 187 7
299 188 31
431 188 88
285 189 85
334 189 93
259 190 66
281 190 32
444 191 4
450 191 58
481 192 33
474 193 73
982 193 24
213 194 37
682 194 6
364 195 11
290 196 65
412 196 77
232 198 37
467 199 91
238 200 50
253 200 97
296 201 95
441 202 34
475 202 49
434 203 11
981 203 95
279 204 80
386 204 54
674 205 8
653 206 94
287 207 93
277 208 36
278 208 77
262 209 27
523 209 15
246 210 0
288 211 70
263 212 83
309 214 27
637 214 85
248 215 19
607 215 96
351 216 3
303 217 47
425 217 5
969 218 73
420 219 20
380 220 6
504 221 36
257 222 49
302 222 49
224 223 17
430 223 20
225 224 59
233 224 52
313 225 94
972 225 61
973 226 34
319 227 30
857 227 93
439 228 28
241 229 40
406 229 50
575 230 49
234 232 20
554 232 57
274 233 81
344 234 98
391 235 58
544 235 8
275 236 70
402 236 36
464 237 11
410 238 88
925 238 2
301 239 28
456 239 34
379 240 100
702 240 70
266 241 70
310 242 74
414 242 59
311 243 25
565 243 69
752 244 63
518 245 72
604 245 44
394 246 27
463 246 16
258 247 70
417 247 55
273 248 83
499 248 51
547 249 24
791 249 8
839 250 91
354 251 4
384 251 10
255 252 88
355 252 52
392 253 7
270 254 94
679 254 0
491 255 34
323 256 84
340 256 33
264 257 93
293 258 98
446 258 26
349 259 57
551 259 64
314 261 84
516 261 11
538 262 9
790 262 36
286 263 54
385 263 22
268 264 83
720 264 59
568 265 71
520 266 100
587 267 57
331 268 7
459 268 20
426 270 48
306 271 55
766 271 31
400 272 93
724 272 58
328 273 30
748 274 95
295 275 3
508 275 12
348 277 83
372 277 18
630 278 73
308 279 58
801 279 3
332 280 51
632 281 65
649 281 75
361 282 70
598 282 15
398 283 8
900 283 65
407 284 2
763 284 39
813 285 76
298 286 73
497 287 7
521 287 39
352 288 47
429 288 96
482 289 85
728 289 49
409 290 90
419 290 59
292 291 60
440 291 65
382 292 90
316 294 51
350 294 9
370 295 76
592 296 69
395 297 40
318 298 3
360 299 69
742 299 39
428 300 44
453 301 89
375 302 57
730 302 100
577 303 23
329 304 58
315 305 71
687 305 94
389 306 33
357 307 73
383 308 66
404 310 7
782 310 12
991 312 77
325 313 76
502 314 72
369 316 10
433 316 51
505 317 78
335 318 5
930 318 7
341 320 79
345 320 33
938 321 41
743 322 97
327 323 22
515 324 2
586 325 30
435 326 96
664 326 0
330 327 78
493 328 23
686 329 62
867 329 91
347 332 98
688 332 59
442 333 99
876 334 88
422 335 57
947 335 85
588 338 18
818 339 25
358 340 56
557 341 70
817 341 100
717 342 35
816 342 40
745 343 86
786 343 4
513 344 39
396 345 67
403 345 84
371 346 85
693 346 97
443 347 75
470 348 87
620 348 9
639 349 70
666 350 89
944 350 18
641 351 95
495 353 70
808 354 71
362 355 96
851 355 96
411 357 74
447 357 28
424 358 96
415 359 98
779 359 71
550 360 90
917 360 92
645 361 91
858 362 96
968 362 87
416 363 56
566 363 36
393 365 90
457 365 3
468 367 41
806 367 32
448 368 51
722 368 82
413 369 51
388 370 59
455 371 74
941 371 40
762 372 99
498 373 73
700 373 57
785 374 98
811 375 5
378 376 61
399 377 99
471 377 49
423 378 60
583 379 91
625 380 23
390 381 89
887 382 59
940 382 50
754 383 16
691 384 94
697 384 20
436 386 80
524 386 93
711 387 23
715 387 41
503 388 19
528 389 50
397 390 39
489 391 74
483 392 0
510 392 90
699 393 26
608 394 45
978 394 51
737 395 98
703 396 48
479 397 37
617 397 72
990 398 37
437 399 61
540 399 37
418 400 94
405 401 30
835 401 41
585 403 86
594 403 20
452 404 20
462 405 0
469 406 64
460 407 86
500 408 30
582 408 98
595 409 87
445 410 81
696 410 21
492 412 90
486 413 12
611 413 19
484 414 99
549 414 43
571 415 100
548 416 22
727 416 14
449 418 74
485 418 3
478 419 68
496 419 65
765 420 76
560 421 78
601 422 8
618 422 82
830 424 32
569 425 45
643 426 70
525 427 68
461 428 100
759 428 47
466 429 12
893 430 1
536 433 93
705 433 40
473 434 99
624 434 82
707 435 60
767 435 14
488 436 25
746 436 7
606 437 7
824 437 55
670 438 26
915 439 68
465 440 60
477 440 48
751 442 77
527 443 2
570 443 83
509 444 4
709 445 12
753 446 42
517 447 59
531 447 8
694 449 3
454 452 33
573 453 64
472 455 82
535 455 64
983 456 67
654 457 62
956 457 70
603 458 31
652 458 42
559 459 75
576 459 58
676 460 2
522 461 35
555 462 46
810 462 73
519 463 6
627 464 82
911 464 52
729 467 69
841 467 27
684 469 88
736 469 3
552 470 12
602 470 74
494 471 37
780 472 76
842 473 69
784 474 22
629 475 71
959 475 46
640 476 8
992 476 88
961 477 91
609 478 20
556 480 94
622 480 92
628 481 63
710 482 96
600 483 92
542 484 29
596 485 24
820 485 18
708 487 60
543 488 26
741 489 91
567 491 3
581 492 71
526 493 88
634 493 59
507 494 19
989 495 83
789 497 5
883 497 9
530 498 58
562 498 42
539 499 76
823 500 29
623 502 93
614 503 93
933 503 41
861 504 41
584 505 8
650 505 48
529 506 70
955 508 71
651 510 17
537 511 53
796 511 28
695 513 71
545 514 80
572 514 97
534 517 68
895 517 55
546 519 22
781 520 1
997 521 12
731 522 32
533 524 83
826 524 74
914 525 38
564 526 27
721 527 76
843 529 10
635 530 58
698 531 100
744 532 51
807 532 30
689 535 68
815 535 99
774 536 74
644 538 2
904 539 94
597 540 85
998 541 94
871 542 75
891 542 75
591 544 18
924 544 98
912 545 16
919 546 71
662 548 69
787 548 70
561 549 70
819 549 16
660 550 62
889 551 47
616 552 82
712 552 1
642 554 98
558 555 35
589 556 29
605 556 4
675 557 24
846 557 16
574 561 20
899 561 50
778 564 25
948 565 21
663 566 51
578 567 40
671 569 62
579 570 17
615 572 90
648 574 47
681 574 35
775 576 86
844 577 94
864 578 15
631 579 40
885 579 68
638 580 64
636 581 40
723 582 53
683 583 56
942 583 0
760 585 69
678 586 85
706 587 91
668 588 94
612 589 99
879 589 38
647 590 55
704 591 100
868 592 8
949 593 21
800 595 71
855 595 88
894 596 29
599 597 76
929 598 66
831 601 21
999 601 3
610 603 97
898 603 3
845 606 50
669 607 4
714 607 3
777 609 46
667 610 56
859 610 87
750 611 67
633 612 75
685 612 9
875 613 78
874 614 66
621 615 98
659 615 30
792 616 77
793 618 65
719 619 53
863 619 60
673 620 4
798 621 61
718 622 92
661 624 47
773 625 29
655 626 3
725 626 61
953 627 97
812 628 85
881 630 41
809 632 6
677 633 48
901 636 45
734 637 72
856 640 32
771 641 33
680 645 71
716 646 16
672 648 99
701 650 83
690 659 76
921 660 64
896 662 7
733 663 30
907 663 5
834 665 32
797 666 18
872 670 67
920 671 60
977 671 64
738 673 41
945 673 16
799 674 68
735 676 59
821 676 95
825 680 22
692 682 69
747 683 45
833 686 23
943 686 48
726 687 98
764 688 79
822 690 25
958 690 47
740 693 40
865 694 42
805 696 77
880 697 25
882 697 23
922 701 44
965 702 99
814 703 60
761 704 39
936 705 50
957 705 39
770 706 2
776 709 69
852 709 36
908 711 7
987 712 50
756 721 96
749 722 56
837 725 88
769 728 100
732 731 5
739 733 9
804 733 77
967 735 99
971 735 28
757 742 53
870 745 70
886 747 36
892 748 63
768 751 12
803 753 36
902 758 75
848 760 90
903 762 3
794 764 92
954 765 34
935 766 63
772 767 93
951 769 8
840 774 66
802 775 50
916 776 100
783 779 4
836 780 20
939 781 61
827 785 69
850 786 54
923 787 93
986 788 47
913 795 20
918 796 100
909 798 24
884 803 94
970 809 48
962 819 47
995 821 92
838 823 1
877 824 21
860 827 17
906 832 53
976 833 69
853 835 3
878 835 82
890 836 53
952 836 63
862 837 60
849 838 49
910 839 7
847 840 10
980 844 86
950 845 91
854 846 82
975 846 97
873 852 89
866 858 9
897 867 94
984 871 47
888 873 23
927 875 45
993 883 72
905 884 63
988 884 75
994 885 39
963 893 78
979 898 57
931 900 2
928 909 16
934 925 82
960 925 40
937 926 64
985 945 48
964 952 82
996 957 88
