100
0 -1 -6
1 0 -6
4 0 70
2 1 8
7 1 64
3 2 -84
85 2 100
5 3 -33
8 3 27
6 4 -87
24 4 69
9 5 -98
41 5 -17
55 6 -8
10 7 -99
37 7 -62
11 8 37
14 8 32
12 9 79
64 9 35
13 10 -2
18 11 95
19 11 92
16 12 -50
15 13 27
36 13 39
26 14 -63
32 14 -38
28 15 78
17 16 32
20 17 -91
23 17 -1
31 18 -36
21 19 -54
22 20 -10
67 20 -8
33 21 -77
34 21 -61
27 22 41
61 22 -48
25 24 57
53 24 97
30 25 -19
89 25 -80
29 26 61
47 26 -76
45 27 20
60 28 95
42 29 100
52 29 2
35 30 -28
73 30 89
40 31 -85
48 31 43
39 33 49
49 33 93
77 34 81
54 35 68
74 35 70
38 36 5
84 36 -92
44 37 -70
97 39 44
43 42 -31
78 42 0
72 43 -20
46 44 73
58 44 86
65 45 -96
99 45 90
50 47 29
80 48 69
51 49 -52
83 50 55
57 51 7
63 51 -88
56 52 -39
76 52 -64
69 54 -81
70 54 27
59 55 83
75 56 -64
62 57 -94
96 58 33
98 59 -83
68 60 -10
81 60 -65
66 62 -96
82 64 97
71 65 3
86 65 -17
87 66 0
94 69 -1
79 72 77
91 72 -96
95 78 -2
88 79 -24
93 82 -38
92 83 -47
90 88 37
