200 100
105 5 87
5 106 -1
106 6 -1
6 107 -1
107 7 196
7 108 75
108 8 175
8 109 183
109 9 127
9 110 -1
110 10 -1
10 111 85
111 11 171
11 112 157
112 12 -1
12 113 -1
113 13 -1
13 -1 -1
61 -1 88
117 166 82
200 137 177
64 165 141
127 138 76
116 174 25
148 173 132
134 35 -1
78 56 -1
180 86 71
56 -1 -1
45 -1 59
152 180 167
77 -1 -1
156 192 14
42 3 115
104 117 156
74 -1 158
165 120 152
96 160 -1
79 -1 -1
90 193 36
177 147 -1
62 96 -1
16 -1 80
145 146 -1
59 44 -1
93 -1 -1
187 -1 -1
124 -1 -1
19 -1 -1
135 2 55
47 -1 145
192 -1 -1
122 150 38
46 -1 -1
166 102 52
44 -1 45
66 27 153
86 16 114
150 -1 31
4 164 -1
35 19 -1
72 -1 -1
32 24 169
41 72 -1
70 -1 99
80 -1 176
141 -1 178
76 -1 100
52 -1 190
14 -1 -1
103 51 78
55 15 17
198 134 60
98 -1 131
199 -1 -1
160 128 20
114 -1 188
75 1 -1
164 32 69
92 49 23
171 43 -1
54 123 200
188 50 67
63 -1 -1
27 197 -1
169 -1 47
20 -1 -1
102 -1 -1
130 90 18
17 65 -1
174 -1 -1
84 54 104
191 -1 -1
173 140 161
178 95 -1
144 143 170
184 133 -1
149 77 199
71 181 -1
175 -1 -1
153 -1 -1
87 68 148
167 -1 -1
193 162 28
137 116 48
196 -1 185
50 4 53
181 -1 94
194 -1 -1
57 122 -1
23 -1 -1
147 22 -1
68 -1 103
170 -1 97
25 159 198
33 121 -1
31 -1 -1
22 -1 -1
190 -1 -1
2 129 61
142 -1 -1
119 126 91
69 151 189
154 -1 -1
179 118 194
136 -1 62
131 -1 -1
28 -1 186
15 41 187
97 172 -1
30 -1 195
118 168 -1
128 -1 -1
1 191 149
126 39 42
143 73 -1
162 89 135
159 142 46
82 -1 -1
197 -1 -1
163 58 -1
29 -1 -1
146 -1 -1
83 26 -1
37 144 29
21 37 63
99 -1 -1
48 -1 124
40 64 155
168 -1 -1
161 40 -1
183 -1 -1
49 70 -1
85 -1 -1
95 74 92
172 -1 -1
51 -1 -1
36 -1 101
53 -1 30
24 -1 -1
120 -1 -1
67 -1 -1
125 93 -1
43 34 -1
18 81 -1
140 -1 -1
58 -1 -1
60 -1 -1
195 136 -1
81 -1 -1
158 -1 -1
182 125 -1
155 -1 33
65 83 179
121 -1 98
34 -1 -1
38 -1 -1
189 182 -1
3 -1 -1
73 -1 -1
39 -1 -1
139 66 -1
151 -1 184
185 119 -1
133 -1 -1
138 -1 79
115 154 130
88 -1 -1
129 -1 57
94 -1 84
26 -1 -1
89 -1 -1
186 -1 -1
176 139 -1
157 -1 -1
91 -1 -1
132 -1 163
101 -1 -1
100 21 -1
123 -1 -1