1000 100
652 552 299
552 653 845
653 553 836
553 654 -1
654 554 -1
554 655 -1
655 555 750
555 656 -1
656 556 109
556 657 -1
657 557 534
557 658 803
658 558 -1
558 659 -1
659 559 -1
559 660 36
660 560 266
560 -1 -1
646 634 46
116 747 650
290 979 813
179 -1 -1
423 -1 364
352 521 907
642 275 526
819 540 15
912 589 391
151 -1 -1
27 -1 741
752 157 861
439 361 11
936 -1 -1
645 456 978
1000 -1 -1
592 298 70
36 -1 -1
64 497 976
710 493 -1
575 367 -1
527 933 318
568 481 161
817 -1 -1
587 207 237
372 546 225
438 341 172
187 -1 -1
380 232 707
922 961 798
714 -1 -1
86 -1 276
950 638 757
408 586 892
580 281 972
270 -1 -1
377 -1 99
101 321 -1
746 -1 431
584 973 28
825 -1 349
886 -1 293
750 -1 -1
861 -1 -1
90 460 -1
299 269 802
54 881 126
577 167 681
209 721 304
574 206 23
431 929 253
935 619 759
965 477 731
382 -1 -1
814 -1 685
450 753 326
756 951 -1
829 -1 -1
163 500 71
353 -1 -1
75 -1 -1
699 996 857
862 -1 -1
780 779 598
498 73 185
572 250 -1
368 922 371
256 489 755
930 678 31
417 -1 712
529 -1 289
824 -1 726
139 123 517
771 113 -1
857 -1 767
11 781 -1
618 39 682
102 865 -1
697 -1 -1
359 428 373
122 827 889
282 982 -1
361 -1 148
180 -1 -1
702 -1 -1
678 612 3
496 -1 916
866 -1 -1
157 630 782
767 231 769
434 301 302
171 -1 -1
400 870 33
940 -1 455
184 773 5
924 954 677
904 484 316
371 739 895
315 754 -1
383 -1 -1
185 716 849
266 565 -1
881 -1 -1
535 170 246
784 873 411
644 -1 -1
444 788 -1
300 578 423
914 -1 351
737 875 667
986 999 256
956 -1 829
979 220 -1
851 -1 -1
594 -1 -1
619 -1 227
681 156 -1
50 38 890
475 307 200
854 860 551
146 -1 -1
729 -1 -1
473 701 661
18 -1 -1
582 196 215
42 724 784
865 871 -1
305 169 581
631 946 811
827 -1 -1
320 985 -1
905 -1 797
461 -1 45
996 -1 -1
759 -1 115
742 787 868
421 103 -1
846 24 -1
152 -1 -1
551 173 -1
117 -1 -1
665 974 597
240 -1 -1
31 758 242
809 407 -1
217 193 57
497 738 912
791 -1 772
455 272 154
33 -1 806
111 125 506
995 381 383
978 -1 -1
260 498 259
78 54 190
399 153 4
193 -1 -1
519 95 774
74 594 285
464 715 7
150 564 490
818 450 363
520 -1 -1
261 -1 -1
830 -1 -1
170 130 966
605 454 756
442 -1 -1
490 118 -1
968 588 261
125 960 592
598 793 419
727 -1 352
958 903 -1
518 904 -1
867 145 502
160 613 704
433 143 -1
748 422 189
115 958 389
663 88 111
44 152 855
603 -1 -1
890 939 288
492 260 -1
630 144 158
288 494 427
772 -1 -1
195 -1 734
774 -1 -1
161 9 -1
613 794 -1
6 587 -1
741 399 91
951 221 -1
479 -1 -1
29 533 164
569 679 864
166 283 789
834 -1 37
430 631 429
418 374 -1
387 853 107
719 313 89
566 621 745
724 -1 -1
333 893 950
338 -1 377
212 -1 934
291 -1 921
634 149 591
955 693 -1
273 264 718
429 -1 604
233 319 550
517 775 181
236 312 -1
374 -1 -1
713 235 -1
448 51 508
747 977 80
855 369 697
758 -1 474
189 947 737
348 -1 -1
813 -1 395
107 106 482
679 328 541
683 997 915
911 -1 85
622 728 -1
563 765 522
785 409 818
350 593 714
579 315 86
541 998 852
516 65 -1
445 927 859
237 771 -1
899 -1 -1
875 446 831
921 524 219
522 938 -1
413 -1 525
419 575 81
530 -1 642
703 30 252
119 410 468
621 -1 -1
662 -1 -1
298 -1 624
753 -1 -1
67 78 404
446 116 -1
409 27 486
669 -1 -1
360 -1 -1
58 397 -1
55 -1 -1
494 -1 -1
394 135 -1
682 -1 723
344 -1 -1
676 -1 -1
920 -1 -1
396 -1 795
495 -1 -1
88 94 92
38 -1 924
874 833 472
219 -1 690
511 270 596
793 571 345
259 -1 -1
762 778 142
916 -1 -1
269 60 236
140 -1 941
19 616 509
534 -1 120
870 531 322
99 669 -1
620 -1 963
637 -1 -1
954 -1 432
37 801 902
80 -1 -1
149 21 241
754 710 567
13 -1 -1
773 -1 -1
172 645 336
296 104 -1
145 339 720
97 -1 -1
946 485 174
624 909 919
244 69 26
159 324 247
801 -1 -1
639 343 -1
405 279 -1
779 -1 609
542 796 -1
95 936 387
272 807 -1
454 -1 -1
10 -1 -1
4 87 -1
763 822 -1
205 -1 82
882 -1 545
14 147 448
507 -1 -1
826 -1 141
329 700 635
71 -1 530
775 -1 -1
755 -1 -1
549 962 -1
844 866 666
211 770 828
515 277 379
432 -1 -1
257 -1 -1
711 -1 -1
798 -1 -1
98 949 -1
778 333 -1
81 931 -1
199 812 -1
295 376 -1
207 -1 440
483 703 -1
576 -1 -1
943 384 240
385 -1 -1
340 13 133
410 257 218
561 305 -1
167 394 -1
223 948 -1
632 -1 -1
279 -1 823
744 165 354
470 -1 -1
192 -1 -1
898 -1 -1
242 487 -1
366 955 -1
848 356 730
306 -1 -1
871 -1 702
183 6 168
704 -1 76
500 -1 -1
241 245 53
218 -1 874
463 764 -1
760 -1 -1
589 -1 -1
661 -1 -1
588 -1 401
391 -1 -1
789 134 -1
278 -1 -1
999 -1 -1
336 -1 100
672 -1 -1
858 -1 350
889 -1 -1
608 -1 -1
869 -1 -1
932 761 393
174 -1 -1
435 910 229
3 -1 -1
852 459 809
283 162 -1
937 -1 330
686 -1 -1
303 370 464
972 -1 969
485 688 -1
947 -1 518
480 -1 447
502 992 230
1 -1 466
970 673 965
8 629 47
919 -1 820
626 799 751
144 -1 -1
781 -1 684
136 -1 -1
398 -1 -1
313 438 878
998 186 131
975 953 856
913 129 -1
960 127 790
953 -1 984
794 265 -1
384 -1 -1
860 -1 -1
477 -1 -1
7 711 662
931 -1 -1
994 959 -1
925 378 -1
134 885 -1
317 -1 748
28 -1 -1
544 -1 -1
649 -1 -1
229 743 -1
232 1 41
72 -1 -1
389 808 872
118 814 -1
253 -1 -1
245 -1 499
894 -1 353
623 879 515
376 25 244
213 -1 -1
142 -1 -1
604 -1 -1
393 -1 403
126 68 671
49 338 577
693 84 622
977 -1 406
948 968 -1
513 536 651
509 -1 -1
373 -1 -1
807 -1 124
836 198 680
707 49 975
370 -1 -1
812 854 614
961 920 77
124 -1 664
980 -1 177
684 -1 -1
395 16 -1
884 -1 -1
486 -1 -1
540 -1 -1
268 -1 43
249 -1 -1
581 573 579
666 108 -1
837 -1 896
198 -1 -1
472 83 668
643 883 284
803 633 914
208 294 210
895 -1 -1
897 987 692
524 -1 943
32 -1 -1
21 675 -1
900 -1 128
301 -1 -1
214 199 278
990 -1 -1
745 687 -1
70 430 -1
104 -1 64
909 72 674
363 -1 -1
216 623 574
407 -1 -1
651 952 -1
609 178 -1
285 -1 249
668 287 102
627 917 -1
964 385 187
92 817 -1
938 -1 -1
221 880 610
908 380 930
981 821 -1
406 -1 203
94 -1 -1
82 713 222
47 -1 52
275 -1 496
650 101 463
766 542 205
436 -1 -1
460 408 862
451 937 296
687 -1 233
929 117 -1
531 365 -1
262 -1 639
664 -1 942
902 280 -1
945 396 420
175 -1 58
15 -1 -1
805 -1 -1
521 -1 -1
84 735 891
22 -1 970
16 825 -1
173 -1 527
856 -1 40
478 433 -1
585 -1 513
247 -1 -1
989 8 -1
636 -1 -1
503 132 -1
106 -1 137
258 606 983
181 -1 -1
120 964 608
610 426 258
730 686 347
510 -1 -1
25 548 839
105 -1 -1
65 -1 543
316 752 -1
578 93 -1
892 -1 -1
440 840 412
508 -1 -1
583 -1 841
487 -1 -1
252 251 762
68 632 945
795 -1 -1
327 -1 -1
726 663 -1
853 529 507
131 -1 -1
369 -1 -1
91 -1 -1
715 -1 -1
939 -1 785
441 195 918
988 -1 -1
688 -1 29
113 -1 900
191 980 -1
164 337 -1
238 -1 -1
324 -1 561
103 -1 746
770 20 -1
738 -1 -1
83 605 570
835 -1 -1
459 -1 -1
877 717 620
482 -1 -1
127 -1 -1
992 956 742
264 139 835
944 360 492
404 -1 -1
328 -1 -1
121 -1 -1
879 303 -1
506 732 887
318 535 935
680 176 -1
982 12 -1
321 197 602
24 -1 -1
822 640 282
154 491 944
147 698 -1
39 -1 -1
148 182 847
194 783 -1
341 603 473
292 -1 -1
966 869 346
294 -1 -1
56 -1 514
641 -1 -1
100 323 644
499 967 160
716 905 306
949 -1 175
378 -1 -1
708 -1 -1
89 -1 390
60 -1 1000
456 -1 -1
331 453 105
343 34 114
133 63 -1
381 188 -1
831 469 -1
61 -1 -1
416 -1 -1
367 547 -1
468 -1 -1
165 42 443
712 179 523
437 -1 -1
426 -1 -1
248 888 851
364 -1 -1
79 -1 -1
984 -1 -1
732 -1 -1
934 -1 -1
596 -1 -1
137 -1 -1
135 563 -1
640 -1 -1
842 537 -1
525 830 -1
675 327 -1
128 192 -1
833 -1 993
788 -1 584
942 334 392
845 990 694
342 208 418
802 -1 -1
287 -1 -1
190 -1 35
243 -1 -1
597 -1 971
628 -1 -1
138 331 -1
698 648 452
927 -1 512
570 -1 601
843 504 479
458 213 375
462 -1 475
933 -1 -1
821 -1 -1
53 -1 -1
351 -1 -1
422 625 691
52 -1 -1
573 928 398
354 442 -1
108 -1 273
543 194 -1
265 981 511
466 470 75
863 184 -1
57 -1 -1
731 -1 22
523 -1 834
203 923 733
474 -1 -1
465 -1 314
786 32 -1
962 505 844
73 -1 424
255 -1 -1
346 -1 -1
330 -1 -1
806 -1 -1
671 986 382
910 628 -1
43 163 212
276 340 607
46 -1 286
526 615 209
307 -1 792
314 -1 -1
20 -1 -1
178 -1 -1
379 110 705
550 -1 96
873 -1 -1
864 -1 -1
48 -1 -1
883 647 566
751 359 -1
606 740 901
493 -1 -1
749 98 308
776 -1 -1
790 -1 672
674 572 -1
816 -1 -1
987 -1 -1
841 -1 -1
267 62 415
739 478 -1
5 -1 -1
319 -1 -1
488 -1 274
443 791 74
723 -1 458
868 320 -1
677 -1 -1
625 180 -1
114 -1 -1
63 183 569
308 -1 335
757 -1 627
612 122 56
959 441 -1
206 -1 -1
505 838 846
782 366 471
501 940 611
901 -1 66
224 528 -1
96 344 532
783 -1 268
323 -1 255
491 -1 -1
849 -1 355
839 -1 -1
76 641 882
536 -1 -1
130 -1 -1
891 -1 689
392 -1 -1
23 696 150
51 201 850
539 -1 -1
957 -1 -1
599 957 436
489 824 171
251 -1 727
335 55 780
590 -1 -1
293 -1 -1
528 -1 -1
403 709 749
971 -1 800
427 140 -1
280 -1 309
428 -1 -1
985 -1 -1
832 600 -1
547 17 649
453 325 -1
823 480 226
286 291 744
885 -1 -1
743 719 815
700 -1 -1
586 683 348
12 488 -1
514 -1 -1
706 -1 -1
334 -1 538
284 271 842
878 119 435
109 -1 -1
695 -1 -1
512 14 643
289 -1 -1
302 -1 886
850 290 -1
611 -1 -1
648 -1 121
840 -1 -1
35 -1 -1
415 138 804
593 297 -1
764 516 -1
297 -1 239
9 583 136
847 736 510
85 646 520
365 926 -1
799 -1 -1
386 388 402
402 848 -1
705 -1 -1
162 -1 576
591 -1 -1
694 -1 665
40 -1 204
811 519 -1
538 -1 -1
215 228 -1
230 -1 416
401 -1 -1
736 214 -1
917 -1 -1
452 -1 877
226 -1 -1
235 913 768
2 -1 -1
414 -1 -1
967 -1 -1
277 -1 362
156 -1 -1
740 -1 234
607 -1 501
792 -1 -1
274 -1 -1
952 -1 -1
153 -1 -1
691 61 -1
692 -1 706
903 467 897
797 -1 908
974 -1 -1
304 358 -1
41 405 -1
26 -1 -1
177 -1 -1
685 414 451
227 -1 -1
355 670 -1
62 -1 -1
635 -1 -1
390 995 439
263 -1 826
200 -1 434
969 -1 -1
880 -1 989
30 -1 -1
182 -1 -1
322 159 462
326 476 -1
77 -1 -1
158 -1 -1
347 -1 -1
225 -1 112
69 -1 837
720 -1 -1
155 -1 -1
424 -1 -1
388 223 386
532 -1 -1
923 -1 777
696 -1 -1
718 -1 -1
876 -1 437
722 -1 -1
815 -1 -1
941 -1 166
345 760 263
600 332 -1
397 372 97
537 -1 -1
110 -1 894
281 48 -1
808 -1 -1
859 59 400
667 -1 -1
769 -1 858
271 -1 -1
721 -1 925
565 295 -1
614 310 -1
734 637 906
375 -1 -1
254 -1 -1
239 -1 -1
356 -1 898
820 -1 211
907 -1 -1
733 90 44
504 763 238
533 -1 -1
17 -1 216
616 -1 876
467 503 50
918 461 618
887 -1 -1
412 617 -1
143 -1 -1
615 -1 -1
571 -1 -1
332 -1 805
312 -1 -1
690 -1 -1
761 599 292
87 -1 -1
735 -1 67
481 580 549
595 -1 -1
728 843 368
411 -1 254
602 79 151
888 -1 -1
93 582 636
796 676 832
484 -1 -1
469 18 -1
973 -1 899
804 -1 -1
141 -1 -1
670 -1 -1
471 -1 -1
928 -1 457
196 -1 -1
357 -1 155
638 342 -1
129 -1 -1
222 590 146
45 568 317
872 729 417
309 425 722
457 311 -1
993 -1 -1
709 -1 -1
633 -1 -1
201 267 329
617 -1 -1
169 -1 708
673 413 -1
545 -1 -1
66 -1 -1
186 -1 -1
601 -1 -1
926 -1 -1
546 -1 595
34 -1 -1
349 -1 -1
976 -1 -1
231 -1 -1
168 -1 695
906 -1 -1
564 819 495
250 988 725
991 -1 -1
234 766 202
358 -1 224
123 421 626
220 -1 -1
893 -1 -1
325 -1 -1
997 -1 300
963 -1 10
246 810 -1
717 -1 -1
228 -1 -1
915 -1 -1
210 -1 -1
768 -1 -1
337 816 867
112 991 -1
647 -1 994
176 -1 -1
339 544 444
810 -1 -1
202 -1 -1
701 -1 -1
548 -1 -1
59 -1 -1
425 262 -1
787 -1 449
800 -1 -1
449 -1 -1
689 -1 -1
567 191 -1
896 -1 -1
629 -1 863
765 884 483
725 585 562
983 19 -1
777 -1 -1
476 786 -1
204 -1 -1
420 -1 -1
197 -1 -1
362 217 243
562 -1 -1
132 248 776
310 -1 -1
828 2 465
311 357 -1
188 539 699
447 932 911
838 -1 445