6468 21
45111 -1 -1
56143 -1 81772
10861 18553 18526
97784 59988 96839
3971 11375 31694
43251 53986 38554
43372 -1 -1
90271 -1 -1
6834 -1 -1
20580 7583 -1
26515 14775 45182
81291 -1 -1
13889 -1 50114
24495 27154 79766
36674 42698 29143
5763 51144 65367
33269 -1 -1
50160 -1 50979
59610 81124 55308
6216 62973 62081
81051 -1 -1
21834 60098 65614
93224 -1 -1
71907 73626 73790
11263 -1 -1
30647 64617 21131
85540 64494 41912
64538 61229 35841
45253 -1 -1
27207 -1 51297
23595 -1 -1
5719 -1 -1
31094 68162 -1
53648 88803 25418
19261 -1 -1
93498 -1 -1
30665 61824 26521
9214 25012 54576
23964 -1 -1
17199 96282 16765
1927 79274 91109
13569 54794 14826
45891 53914 21886
42902 -1 -1
16072 -1 -1
83885 -1 40221
33765 96116 -1
51090 23733 -1
18662 23101 78005
5525 -1 -1
53005 -1 -1
22371 25450 -1
51501 40787 -1
53246 49068 67870
12415 6026 31083
57196 85309 32142
86171 -1 -1
63109 53503 7569
97320 -1 -1
47241 -1 -1
42174 46308 -1
32467 45087 70147
61797 -1 59443
25017 -1 -1
36442 -1 40569
62831 42206 -1
4767 15048 -1
6672 -1 -1
26474 6856 31194
96699 62078 76030
65460 79320 -1
73561 -1 -1
89997 -1 -1
75705 -1 46397
27288 -1 -1
53364 42268 43975
8350 60715 -1
93742 45818 14704
40932 22836 16127
42299 -1 -1
69534 54914 -1
79310 -1 -1
1974 52 56981
66062 -1 -1
53620 41756 16188
71895 72272 80523
62068 8938 19527
28300 -1 -1
26309 34378 15357
3938 98884 96310
1304 -1 -1
39279 8424 85794
94541 -1 -1
53051 19393 86560
5612 83847 29748
24964 49727 -1
88921 75397 57125
92832 -1 47592
75283 -1 -1
67184 97789 1035
54394 37705 -1
27584 16164 -1
5252 -1 -1
5937 -1 -1
94264 -1 -1
6090 53648 76366
40805 -1 -1
49295 -1 -1
27116 -1 -1
86770 -1 -1
11657 26015 96093
43851 95122 -1
74152 6774 -1
96818 -1 -1
69999 73690 1918
23928 -1 -1
47740 -1 -1
75205 -1 -1
97688 95712 64806
94622 -1 -1
67860 -1 -1
61055 -1 16293
65367 79797 60104
31031 -1 -1
30617 530 91807
48419 -1 42880
97923 3220 76980
75935 61213 14846
82712 92555 -1
57139 17746 97113
4322 30745 -1
87793 -1 -1
91775 -1 20931
6861 54228 -1
22390 4828 84095
93351 -1 -1
54055 -1 -1
10349 73880 41363
12862 -1 -1
79357 76978 79408
76187 -1 -1
10041 9882 -1
68858 -1 -1
56156 29822 32107
93854 75216 29035
85265 77819 58648
16188 65920 17715
14846 1223 18211
30833 -1 14024
12569 15078 -1
61578 32937 -1
10015 -1 -1
37726 51139 72144
86485 -1 -1
55982 -1 32090
9011 93141 73856
22398 36691 90325
39343 13618 -1
54999 47002 59904
1181 -1 -1
19645 -1 -1
75761 19092 38771
50466 -1 29815
15738 -1 -1
67509 -1 -1
24997 -1 -1
48007 -1 14431
82255 85475 -1
96976 22867 58620
55501 69007 73323
22919 -1 50683
78467 -1 -1
88656 91035 26524
58280 35479 4889
1233 -1 50596
98351 97240 60298
74192 60193 2496
34375 6345 38735
52701 -1 11000
71951 74959 20456
66778 -1 -1
98649 43099 51718
36321 23169 -1
6272 59818 51014
62510 48560 14560
60631 1495 39371
42022 -1 -1
68946 -1 -1
76418 -1 7013
52875 -1 -1
28436 69757 -1
76594 -1 -1
86164 22543 45914
73380 79410 -1
12522 1901 7252
57420 -1 -1
43990 -1 -1
32128 86321 81891
71969 -1 59729
36013 60659 93118
25253 99997 67768
99190 54610 -1
61833 45765 92730
90115 -1 -1
78104 96348 41498
94948 88100 6725
24369 7608 28252
14803 -1 97882
92130 16971 -1
47210 87484 54925
83847 -1 -1
63722 -1 -1
95433 -1 -1
30382 94692 -1
59063 21684 -1
30627 97123 87619
36143 -1 62025
70598 -1 -1
25933 5000 -1
66202 -1 61703
62025 1673 -1
11996 1992 31088
91629 45117 -1
15413 83289 29801
21684 -1 -1
82510 60681 37364
42951 47720 -1
63869 -1 53673
3810 54833 69282
39625 -1 -1
44434 -1 -1
39562 27288 93517
17439 -1 -1
11364 -1 -1
46996 -1 -1
8323 -1 53813
48913 83636 75633
97856 2702 -1
94161 22846 96365
17611 34681 36749
32339 16527 56652
38052 -1 -1
1118 29407 19180
69451 -1 -1
3012 -1 3311
66091 -1 43992
55721 -1 -1
791 -1 -1
98812 -1 79248
24971 50115 27124
47935 -1 50702
25561 57480 47106
57135 99685 11024
9238 -1 -1
33094 -1 -1
16127 30700 21297
25054 53199 77646
34846 -1 -1
41639 54145 24777
67285 93953 38084
39895 76854 -1
42284 -1 75181
50062 -1 -1
24627 94003 -1
63477 -1 -1
42126 -1 -1
92377 -1 -1
89399 65460 -1
83598 -1 -1
30012 -1 26351
68896 -1 -1
50581 57140 87856
20693 92114 2208
52136 -1 -1
69993 59400 24964
5562 -1 -1
60115 -1 -1
40 -1 28111
41398 -1 -1
2366 -1 -1
61135 73030 2396
54648 -1 -1
20061 9554 74753
16731 42964 46520
15145 48539 77000
73856 -1 -1
726 -1 -1
65987 66956 24737
45039 -1 -1
17489 -1 -1
3210 84331 18720
74207 92761 98139
64966 84392 45589
13044 -1 -1
57974 14569 19072
98139 -1 -1
70918 -1 -1
38804 85098 15040
36237 72381 82271
16756 -1 -1
41043 -1 40784
63228 -1 36363
83545 16870 62796
56590 40931 80014
94072 72336 -1
96836 87799 39099
55255 13706 82495
33517 -1 -1
78480 -1 97171
55383 41123 22173
6420 9988 11144
88773 -1 -1
15889 19265 5905
20234 26335 -1
47054 -1 -1
36183 -1 26596
95361 -1 17828
22579 -1 95494
87395 17286 52599
21131 -1 32150
45219 53364 49765
19104 67473 78968
67147 -1 -1
90160 -1 -1
29675 39804 63270
59110 94597 59029
67473 28116 48382
56054 -1 -1
93636 50804 74099
91444 -1 -1
7897 42894 46733
83983 -1 -1
94208 -1 -1
44337 33660 47370
40256 40281 -1
291 34431 28624
53317 1945 11198
68592 -1 -1
21550 -1 -1
41359 -1 -1
54307 -1 -1
6147 -1 88029
48521 27674 55531
87686 98068 -1
86169 -1 -1
32176 -1 -1
52940 41654 36813
3234 -1 -1
53612 25068 94770
31839 -1 -1
61782 69655 11818
90502 -1 -1
57564 -1 46264
11626 -1 -1
52279 4398 -1
69651 -1 -1
94355 34039 94405
48563 53974 87749
81470 -1 -1
14826 -1 -1
9507 -1 45616
22055 -1 -1
11461 38980 -1
88039 52151 -1
36557 -1 98091
21116 -1 -1
44012 -1 99870
23268 87004 81893
2744 -1 -1
15040 -1 77883
13610 60953 65095
52801 96409 92986
11483 89314 -1
43593 -1 -1
72050 95423 -1
49987 -1 -1
12115 -1 -1
54610 -1 -1
91432 -1 -1
80121 -1 -1
94405 52354 38002
412 -1 -1
48145 9921 87990
60538 -1 -1
57927 96198 83940
42839 -1 -1
44683 19299 -1
35386 -1 -1
28645 -1 -1
61560 54567 89399
35458 44805 13569
12980 25566 37855
76664 -1 -1
95246 76175 11771
76073 -1 -1
81854 -1 58429
33373 87661 3769
59750 -1 -1
23340 -1 61731
3897 -1 -1
64365 -1 -1
90352 68384 43307
43801 -1 -1
93308 33992 -1
3173 80687 46821
61169 -1 -1
57782 -1 -1
94788 -1 -1
82388 -1 -1
88029 -1 -1
94680 68945 22874
50152 -1 42126
53113 41075 -1
11970 28010 -1
57362 70879 -1
7657 -1 -1
19369 95162 68501
80618 -1 7545
66599 38664 70480
65969 64725 98812
73794 -1 -1
10135 36318 73947
12315 3320 87686
35371 40432 86491
19294 2363 -1
24028 27764 89565
1994 83525 -1
94518 -1 -1
83958 -1 -1
48228 -1 97650
87095 11620 57359
47867 -1 -1
44767 12570 39199
19 -1 -1
1624 21634 18422
16724 94364 79488
69657 46670 40409
17672 81303 95179
79888 34721 977
41542 -1 56089
41921 49115 23234
33992 71199 -1
42558 88635 92450
43827 57902 4903
16673 28371 31656
73674 6049 81407
7452 -1 -1
79159 -1 65252
20659 72174 30202
16857 -1 -1
12390 -1 26474
59128 -1 93167
89277 41888 23510
84749 -1 -1
47789 -1 22420
91266 -1 -1
37413 -1 -1
61480 31543 9794
25802 -1 -1
19048 -1 38474
54458 5161 -1
28116 83360 94765
58760 -1 41390
77289 18312 4386
38797 -1 -1
22125 -1 -1
16871 68576 83376
11981 -1 63943
76199 79617 84628
36536 -1 73049
91384 -1 -1
1364 -1 -1
11788 -1 -1
72077 -1 -1
23974 40322 65775
27482 41557 40786
60249 56493 73380
39162 -1 -1
52310 77957 82040
96104 93509 47177
14498 -1 -1
57810 15924 26330
40481 36681 86747
39718 -1 -1
98605 -1 -1
84796 9783 77869
53540 -1 20250
77883 69451 -1
57590 73461 3541
30511 -1 69002
29164 -1 95433
35104 36674 14081
89071 -1 77041
81177 -1 5539
36234 -1 -1
26427 -1 37488
6325 -1 -1
69628 55263 25866
88473 38229 -1
20223 51256 98409
17300 93311 28254
52323 -1 -1
49802 52874 15145
88402 16718 64800
26686 40763 41100
36681 45225 47149
60720 -1 74017
36630 -1 48783
70097 72828 51665
94407 78201 33538
61884 39418 66583
26282 85277 -1
21558 8579 -1
47672 -1 52733
64564 99223 87454
15255 -1 44016
89871 -1 -1
18152 65014 38862
63163 46131 16956
48014 31328 39343
4240 92753 -1
84291 42209 32964
22559 -1 -1
9643 -1 -1
97745 31483 94223
12221 68248 -1
93337 -1 -1
12370 -1 -1
1286 53243 52962
6410 63326 53620
70615 -1 33765
12549 67285 10565
48366 57793 25562
73584 -1 -1
65095 -1 -1
46380 44159 18853
57053 50242 30016
63968 43220 64059
94308 49455 47016
83973 41275 44767
2671 27499 88555
77796 -1 -1
21979 -1 33496
28106 -1 99878
72379 19050 28117
37463 -1 -1
14560 6827 67516
95751 -1 80427
29844 -1 -1
88760 26826 32927
56445 -1 -1
44962 -1 75235
93963 22970 54082
37621 93719 89414
23637 -1 -1
61877 61055 15772
22420 67081 -1
83858 58760 39299
85296 44118 -1
79990 -1 89277
96116 -1 -1
41557 59228 55501
73496 45555 55053
82525 -1 10687
58518 -1 89862
78551 -1 1684
15973 78828 16318
35758 -1 79275
38334 -1 -1
20252 -1 83609
16266 -1 41194
99116 -1 -1
79201 71039 84549
50040 -1 -1
60759 -1 -1
62139 37028 -1
52828 60732 84595
25276 -1 38001
42058 19764 98013
34685 -1 25891
5905 54338 10391
42964 57457 35481
78865 -1 -1
38412 23340 15352
65296 -1 -1
7818 -1 -1
46101 -1 -1
23153 -1 -1
74105 -1 -1
65103 83706 59523
97245 24301 -1
3035 68247 54458
70879 -1 -1
97882 -1 -1
7608 47425 88098
80474 -1 -1
55174 -1 -1
83706 15375 39724
88459 -1 -1
68766 71577 -1
20352 -1 -1
40923 52956 51606
21169 39774 25308
12377 30236 96405
8579 -1 -1
97058 -1 -1
81471 41337 39764
76964 36951 -1
83634 -1 -1
24629 -1 -1
6277 -1 -1
97099 -1 -1
24087 -1 23011
60953 -1 -1
86596 37471 73751
98124 -1 -1
38558 -1 72429
19714 98367 -1
83672 37358 67922
22537 72274 -1
31187 -1 47267
65505 -1 -1
36411 15247 23464
49598 -1 -1
58850 38372 98926
20020 35291 -1
61444 28351 57420
86451 -1 1162
56215 52752 -1
63270 67221 61705
24642 10777 33831
37223 27794 58632
10495 58886 60043
15139 -1 -1
10543 35375 20991
23988 -1 -1
35215 -1 63502
30506 -1 -1
97194 -1 -1
40807 47717 97008
82277 21381 97984
35029 -1 -1
4264 -1 36222
83530 -1 -1
78709 -1 -1
3361 -1 -1
27830 12377 54571
99670 28215 54389
54567 -1 -1
72381 23980 -1
83560 46414 70496
5531 -1 -1
66583 -1 -1
3803 -1 -1
31035 60561 47692
83289 -1 -1
57727 -1 -1
22700 43346 1795
60339 68896 -1
46177 -1 60521
42619 74504 36175
6991 -1 -1
46397 75725 73785
11544 69930 -1
993 -1 51075
78418 -1 -1
79488 98178 22406
84115 -1 -1
57391 10289 93993
12444 44798 -1
99351 -1 -1
84058 18784 47942
12070 -1 -1
81385 15337 23818
62582 -1 -1
62499 34857 -1
82747 -1 89744
47967 -1 -1
57365 1460 52492
35275 -1 48920
29882 -1 -1
7939 -1 9293
47402 -1 -1
65005 17090 93330
2702 -1 -1
53653 -1 -1
55709 52356 12929
43714 -1 -1
95909 8056 59010
67386 39081 43660
48986 33000 73974
85095 -1 -1
12647 -1 -1
78353 -1 -1
85519 42402 3010
22220 -1 23433
68772 -1 -1
98137 24370 88596
95973 -1 -1
18877 50879 53581
39299 -1 -1
92600 -1 -1
81723 -1 -1
68151 67648 97037
78201 -1 -1
49422 35215 26560
819 -1 -1
41937 36087 -1
20731 51057 74218
50300 46729 -1
77760 -1 87035
91336 82427 84926
2014 -1 -1
70446 18152 13355
31186 -1 -1
81936 -1 -1
89160 11707 2744
48259 71404 63510
61919 31730 -1
32971 -1 -1
39975 -1 -1
69296 -1 -1
61015 -1 -1
1224 -1 37118
45249 54539 10326
58150 -1 -1
52752 32558 -1
6327 -1 35758
79723 35058 29831
89730 -1 94008
14829 2145 96435
17466 -1 42475
23555 -1 79412
47674 59661 25276
56965 -1 75026
49821 -1 -1
120 -1 -1
88373 76417 81769
28815 51846 -1
85928 36212 91985
21776 18574 76904
77386 -1 -1
3033 60433 -1
79208 19294 38307
50702 -1 -1
27764 29156 24852
98684 88708 50009
96876 -1 -1
51205 -1 57531
52564 18675 -1
13862 50949 37951
99841 -1 -1
83227 30012 55045
59443 -1 -1
49729 -1 -1
56121 6905 87783
96654 -1 96152
79970 8863 86451
89428 -1 -1
89905 22609 13874
56401 54926 -1
8232 62271 -1
14431 47436 20008
34659 83227 41320
29831 81172 62033
8167 -1 -1
14575 -1 -1
37093 23268 77283
25012 44759 38026
6025 -1 -1
2272 -1 -1
80173 -1 -1
80608 -1 -1
40322 59200 36560
51209 -1 75988
61084 -1 -1
71992 34732 92781
3737 -1 -1
87210 -1 -1
60366 -1 -1
93834 -1 52505
92986 9661 88716
21584 44025 92997
76597 62481 69177
7545 3890 95782
45765 74552 22398
11708 62906 28428
87837 59401 53317
64325 -1 -1
35479 -1 59564
84323 31800 36259
67864 77488 23764
14895 74501 -1
64442 11617 97546
32207 -1 -1
69070 95655 55286
27495 -1 76803
70981 -1 -1
3303 52158 64365
60104 5053 -1
1338 90603 -1
75076 -1 87039
9661 44085 96675
22312 -1 -1
92280 -1 82391
66080 61525 74757
85853 14394 -1
42180 18234 84573
23464 -1 -1
68 85590 75175
51540 -1 -1
73974 54648 56307
7850 76140 17382
70626 -1 -1
31469 -1 -1
42830 30986 -1
11617 79888 31691
9107 -1 -1
51228 7710 -1
52765 -1 -1
61763 93670 52801
38617 -1 -1
11943 75117 96240
47106 34685 49464
66046 -1 -1
21453 -1 60179
87201 7133 3980
89025 61028 92832
98583 84547 76742
67001 73185 93742
27213 11766 35649
28027 69472 24446
21886 16072 58571
91309 48407 8221
51691 30317 10840
19863 -1 31147
67190 15930 -1
24602 73985 85398
94608 -1 -1
75615 57525 -1
38084 -1 -1
89988 -1 24372
89257 -1 -1
5635 -1 -1
86747 87201 35701
95276 -1 92850
39361 85043 60795
29069 19537 -1
23579 38766 29182
1585 -1 -1
11144 -1 -1
87502 96222 76411
86055 97923 62237
6766 52435 6407
79248 -1 -1
19163 25638 26879
2813 68766 64698
56828 -1 -1
61117 -1 -1
30306 -1 -1
97062 -1 -1
37825 -1 -1
7534 -1 -1
19180 41352 50511
45081 88309 97405
40364 -1 11981
20820 -1 -1
23431 -1 -1
13958 73763 87898
41573 -1 -1
39397 -1 -1
7394 -1 29215
70077 91942 64146
46162 -1 17318
72151 -1 -1
82628 63109 27483
47779 78840 26184
26857 -1 -1
58720 20137 30467
52908 18354 95068
43992 -1 -1
29156 93753 93356
9459 38645 6690
8388 -1 -1
47918 -1 20820
79686 -1 56047
13154 74944 49949
63235 -1 72993
49182 89074 -1
64330 17396 10496
78043 21605 14677
32689 92364 21476
38359 -1 -1
39725 -1 33523
69873 49295 -1
71039 56786 18708
94716 1243 6872
16792 6025 99420
75465 -1 -1
46618 17300 75505
50242 84022 -1
78101 -1 -1
10289 -1 -1
56927 -1 -1
16215 -1 -1
33387 -1 -1
87326 -1 60998
38673 7709 -1
81361 56978 -1
20696 5387 -1
22152 76049 94209
82398 -1 30833
89906 -1 -1
65191 26282 65350
61405 61178 53612
76040 91282 -1
50979 -1 -1
77770 35764 38321
65663 -1 5721
87110 -1 -1
67923 3012 -1
92970 -1 -1
42068 71907 69198
39812 -1 75292
44595 -1 -1
68650 40822 -1
17561 -1 -1
43703 -1 -1
96211 9447 -1
3925 -1 -1
19588 -1 59044
65343 -1 -1
66983 26395 77282
134 61497 -1
38138 -1 -1
29496 71310 83598
97889 26737 72881
91747 -1 -1
28736 -1 36277
37472 16731 57907
74592 6149 7955
67461 29634 -1
8964 33269 47255
3233 36803 24369
56981 -1 -1
2283 1178 94897
85041 -1 -1
94712 -1 -1
69315 70330 46416
20570 -1 -1
31730 -1 -1
37186 30619 58150
44215 -1 -1
48132 42055 95803
86263 -1 -1
89447 -1 -1
82786 7149 -1
24446 88051 42545
58812 -1 -1
35302 -1 -1
36961 3371 63383
25674 -1 -1
82755 -1 -1
74884 35785 16582
79985 -1 -1
24154 -1 -1
21000 44202 59284
89912 34966 -1
23760 -1 -1
66159 -1 91380
14677 -1 -1
84536 -1 -1
65829 95055 -1
20957 36820 7660
61498 -1 -1
96296 11850 45717
62000 29678 6048
1260 99190 -1
5293 -1 -1
8713 -1 -1
62825 61183 -1
18526 77289 96700
21705 74301 87360
17702 -1 66325
18211 40187 86485
35120 35411 -1
75227 -1 -1
14188 45424 68128
22846 -1 42022
28474 92121 81386
40786 72763 34088
3548 -1 48957
69694 42624 7182
95507 98832 20636
45225 -1 -1
22685 69628 46295
93565 -1 -1
57961 -1 -1
37855 25945 48498
48085 13435 30018
91745 -1 -1
53222 -1 11845
80113 10295 -1
54346 -1 57114
41097 -1 -1
77733 -1 -1
7433 8201 -1
85922 -1 38138
18747 38366 96296
51246 -1 -1
48273 89474 -1
96476 -1 44787
48092 14075 59373
60536 -1 -1
36882 -1 -1
35874 -1 -1
7934 21268 89958
11845 -1 -1
35431 23453 78418
97334 -1 -1
79809 -1 -1
44488 52564 27494
66715 475 70853
32292 33943 -1
15662 24222 -1
87641 -1 -1
76279 -1 -1
90441 42943 86550
456 -1 -1
77163 -1 -1
89408 -1 -1
19815 -1 29235
95548 -1 -1
31450 -1 -1
73981 -1 -1
1675 95751 53351
15683 59335 -1
64799 -1 -1
56978 -1 -1
18312 49423 63851
7752 -1 -1
45060 -1 -1
50454 22335 25897
99971 -1 -1
7335 82105 51580
2532 71897 -1
7000 -1 -1
34039 18484 41432
47692 -1 -1
15021 27482 25531
98526 56965 44364
51052 -1 14870
41489 -1 -1
62755 -1 -1
69023 13932 -1
13281 134 -1
7064 65663 11496
91755 57374 97099
99870 -1 -1
2353 -1 -1
80770 26094 11291
86038 68587 65191
21091 79133 42917
81618 -1 -1
60811 94788 -1
19140 -1 -1
667 35305 -1
30641 62506 70524
32682 62852 54290
15774 18639 -1
35764 -1 -1
41669 2079 -1
78304 6991 -1
40482 -1 50983
79561 -1 -1
4569 32646 24839
72775 -1 -1
88591 -1 -1
6606 -1 97033
59825 -1 -1
88488 -1 -1
14081 42068 68208
21832 403 10698
24777 24932 -1
84012 -1 -1
56427 89857 68772
18544 -1 -1
31060 -1 -1
78230 69345 7402
43587 -1 16520
95655 63793 31178
22335 20223 64033
89911 -1 -1
24744 80876 -1
52154 -1 22226
71373 -1 -1
14306 8192 436
5387 -1 -1
89474 -1 54046
23708 -1 -1
92877 31815 59542
27110 -1 -1
47072 -1 -1
52321 67609 90193
55082 31094 29154
30944 -1 -1
31646 86096 76651
71551 -1 28436
6179 95964 53197
9814 92098 15889
48957 -1 -1
3911 -1 -1
96231 -1 -1
30619 -1 61379
29341 46177 70389
88817 52084 20205
23910 61932 20840
4385 62911 43389
34431 53639 23481
56644 -1 -1
73288 -1 -1
82303 15877 75260
25308 64897 -1
83812 15447 37982
40983 89428 5564
9561 -1 -1
40962 42615 82524
32609 17635 94795
97466 -1 -1
61222 17082 68958
49483 41319 19645
99007 6542 19592
58969 11996 -1
57114 -1 -1
93362 -1 88658
71261 53249 70174
37400 88501 23052
36175 15255 -1
61379 52765 3915
59506 -1 77223
24676 10290 -1
12286 -1 -1
29154 -1 -1
35002 -1 -1
77239 79559 99989
20235 -1 -1
1524 -1 -1
84552 -1 -1
98884 88949 47779
60634 -1 68301
46729 -1 -1
1992 -1 -1
37705 -1 5440
96791 -1 -1
34960 -1 -1
88596 95535 48851
41912 66303 64442
17299 -1 -1
41498 76658 -1
13001 53196 36936
80876 -1 -1
10424 -1 4324
17660 -1 88591
75242 -1 -1
91595 -1 -1
40822 -1 -1
53301 -1 -1
90965 -1 -1
15041 -1 -1
15479 31376 47052
20968 30817 97664
30983 46574 -1
35761 17716 -1
98590 -1 19480
72993 -1 58318
84926 93905 89902
96213 85066 12782
49081 87622 -1
48390 -1 -1
46208 48191 70041
693 6847 76737
20991 40481 48291
46823 -1 -1
56658 -1 -1
52059 73674 58850
25583 -1 57285
77041 -1 -1
57738 44999 -1
83088 313 16095
57672 -1 9730
64573 -1 53806
45942 -1 -1
25858 66214 66495
21655 -1 -1
46923 15683 21509
51980 51801 8798
60561 -1 -1
17099 17199 49353
55479 -1 -1
8736 -1 -1
38012 58527 57365
25346 49230 12549
62056 2873 98753
97405 -1 -1
62849 -1 -1
80364 6648 -1
30427 91337 83560
46039 32465 -1
28104 -1 -1
26073 6533 95361
19219 26515 23553
66954 7654 17234
12838 45713 90045
99063 55059 6818
47020 43541 77656
87379 -1 -1
40733 76040 6889
84758 35244 75664
87295 70770 19
91361 -1 -1
24462 43479 16702
32646 -1 -1
91380 -1 -1
2227 -1 -1
88603 -1 -1
94645 -1 -1
64580 81177 -1
3573 -1 -1
94438 99116 47051
95901 -1 -1
64 -1 -1
96335 56121 6766
45131 -1 -1
55510 3882 -1
41696 -1 -1
62345 70077 37463
98128 43811 -1
42337 13401 90502
17131 -1 -1
14075 -1 -1
88783 46095 7240
85180 19422 -1
29381 -1 -1
25910 44683 84572
97797 -1 -1
83629 -1 -1
56701 78551 44064
46152 -1 -1
84154 -1 42627
27469 77829 39480
48404 82023 -1
94937 -1 -1
67648 -1 -1
40418 -1 -1
93232 98314 95808
65474 -1 -1
15375 -1 80364
15142 -1 89160
86550 88039 43299
3607 -1 -1
77023 -1 -1
56512 22312 53590
58983 -1 14442
10778 74084 51643
18904 -1 -1
29587 11263 85519
30018 30663 92229
87435 94185 64945
27003 -1 30132
20250 -1 -1
65713 8266 50695
27421 25017 99872
33079 46200 -1
91811 -1 -1
83525 -1 91261
25192 22928 -1
46200 -1 -1
75704 69134 79723
1280 -1 -1
29266 -1 64157
80645 -1 -1
75868 9010 71613
44134 -1 -1
18234 25537 667
98690 18063 63869
53893 9357 44012
63383 17611 87923
68921 -1 -1
77519 2272 47848
51615 55637 -1
36506 -1 -1
96178 -1 -1
63906 -1 -1
66325 -1 11962
21223 89730 -1
87619 -1 43804
73914 -1 -1
62075 -1 67201
87923 43949 10614
64006 -1 -1
80539 -1 68488
54972 98440 73614
14921 41192 46209
58476 -1 32805
79846 -1 -1
15497 42619 9459
62558 -1 -1
37548 97062 95323
46160 35002 -1
47296 -1 -1
55040 -1 -1
43969 -1 -1
1243 70984 -1
55214 -1 -1
37677 -1 -1
75365 820 47499
5888 -1 27929
54704 63235 39237
65416 741 86517
91358 -1 52947
11496 47525 79575
57535 8273 95716
69314 -1 -1
29822 -1 27243
98535 88773 7779
67999 -1 -1
67826 81729 62425
75762 -1 39460
66952 -1 -1
85066 73794 39488
36815 -1 -1
63092 -1 -1
28694 -1 -1
22261 -1 -1
92389 1233 81364
46377 40729 -1
18446 9055 75099
5715 96818 4178
11393 31965 63686
98797 45125 25091
12630 93750 9797
46670 -1 -1
36752 -1 14482
21540 -1 -1
73944 -1 -1
53515 76287 10084
49807 23217 -1
91282 -1 -1
44954 -1 -1
76846 23466 -1
21634 -1 -1
47963 19435 66677
94429 73646 86039
40362 18765 2215
55030 -1 -1
82434 52087 16913
19393 7835 -1
10906 -1 -1
82038 -1 -1
74569 -1 92201
57167 89464 71647
63740 76657 23416
3147 -1 -1
69669 335 52059
7340 -1 -1
25871 -1 83463
85277 51052 -1
55715 12569 80608
21321 -1 -1
31736 85810 67880
30050 57974 46390
53659 -1 -1
56786 28642 41043
27335 75283 22436
11298 -1 -1
1265 17561 73664
97493 6410 79939
30481 -1 -1
52391 -1 -1
11514 -1 -1
85397 -1 84038
85655 -1 -1
51818 8167 -1
85352 -1 -1
35834 -1 55715
14569 85136 11298
93346 -1 47439
95712 31746 56445
92332 -1 -1
32991 45131 81413
32142 74105 46136
10614 94355 70721
90325 -1 -1
7710 -1 -1
45966 -1 -1
33990 53893 73046
44064 46618 56030
40358 10635 86232
25191 83175 31785
76800 26331 -1
41219 -1 -1
41513 30795 57362
98787 -1 76599
69238 -1 53301
8322 -1 6325
2145 -1 37235
91302 45930 19104
96435 8232 30576
79756 -1 -1
42949 55450 90638
31762 -1 42359
60098 58258 10863
57010 88614 88160
77223 53195 96712
10295 -1 -1
76119 -1 37473
99419 29128 784
89290 59305 62278
1168 33079 6666
91109 23431 -1
18019 13524 57502
95782 25879 55717
45539 44218 24971
74765 98789 80986
30613 97934 45901
64748 96402 35104
74482 21359 62778
80877 16218 15368
81872 -1 -1
26015 31035 -1
49100 -1 43654
42978 -1 48099
11098 -1 -1
93735 -1 -1
59029 92994 10288
63485 -1 -1
94795 -1 -1
33261 -1 -1
64957 -1 -1
8817 -1 -1
86230 -1 -1
40253 -1 -1
63776 45894 68694
75867 -1 -1
51580 -1 -1
37971 1304 -1
10532 82133 32203
37473 -1 -1
28877 -1 94333
60043 -1 47742
24879 -1 -1
60770 -1 -1
97611 -1 -1
55564 -1 -1
76366 -1 -1
11254 86041 -1
62308 -1 50682
48920 -1 -1
21401 -1 -1
76098 22549 72232
47969 -1 -1
81538 70246 82775
40917 85865 -1
58089 -1 -1
31843 -1 41513
58491 78681 29932
97122 -1 -1
17082 69694 -1
16787 -1 -1
41861 31736 69534
23234 95495 26427
34438 10292 66599
86175 -1 15849
93356 62417 -1
82026 68719 -1
29473 97122 26488
1779 -1 -1
63657 12142 -1
54738 -1 -1
90959 86770 67061
7473 -1 -1
45560 -1 33925
43642 82556 -1
61183 -1 -1
39743 -1 -1
40311 -1 26500
94182 -1 -1
81309 -1 35493
68891 -1 -1
29460 93636 46646
51747 95326 41542
90197 68869 5939
63433 99164 30506
88911 14273 95457
8153 -1 -1
99721 -1 -1
35095 75004 69881
87347 59756 19163
12515 -1 -1
33600 -1 42849
44769 89840 14670
21268 99193 15131
80838 -1 -1
87495 68675 56156
19592 -1 61711
23764 69259 77760
87034 2231 28182
67777 -1 3297
31548 42284 -1
2242 -1 -1
46390 27584 -1
18479 -1 -1
46375 -1 -1
50846 8014 60634
96916 -1 56368
82787 39718 40680
25242 88783 -1
77363 -1 -1
79521 92739 -1
23801 98173 -1
75224 -1 -1
49454 -1 -1
28500 86381 -1
7266 -1 67147
62125 21169 77304
49530 48462 -1
68821 -1 -1
93287 91979 82520
48560 11970 63466
59177 -1 62277
21078 -1 10906
28192 39506 -1
36759 -1 18979
87402 99303 -1
88614 -1 -1
49423 28523 895
29182 -1 -1
38554 52317 22371
90253 93180 77780
59295 3993 84456
36311 5929 -1
29758 42431 77150
47268 -1 -1
77490 88739 -1
37364 12260 52510
20910 -1 -1
18115 -1 60709
91674 -1 23919
60298 70044 90601
14775 -1 -1
83959 72160 42830
30298 46827 57923
96963 3938 61423
82761 92970 41566
7414 71405 -1
69757 -1 -1
51004 -1 -1
44633 31695 62242
37612 89525 -1
94733 53051 -1
16971 -1 -1
56546 -1 -1
45930 60341 -1
77841 38808 -1
13031 -1 -1
46414 -1 3766
25134 58260 8098
83479 11961 53012
62078 22579 94343
30808 -1 -1
98729 10751 -1
93757 30808 86748
6847 29713 -1
58201 -1 -1
58050 96242 12526
71427 -1 -1
35326 -1 -1
54568 36880 -1
26461 52154 52645
40785 88455 81157
47587 29488 89725
29143 44173 -1
78281 -1 -1
8424 87340 53157
62058 -1 -1
59831 48853 -1
55034 -1 -1
50264 -1 82509
70403 71969 77597
97601 -1 -1
64967 -1 -1
6871 77323 78399
69602 33456 76199
82882 49598 -1
76044 -1 -1
46883 -1 -1
38342 -1 -1
14223 -1 -1
18765 99912 26635
44545 7228 58893
14150 44965 62680
79621 -1 -1
73751 15240 46168
16934 -1 -1
78987 -1 -1
36293 -1 -1
37081 -1 75762
42006 95523 -1
36108 -1 -1
15355 -1 -1
82617 -1 64727
71388 49841 52244
22244 -1 -1
59680 70760 868
55779 65005 91951
19299 84410 51492
31168 -1 -1
39237 -1 -1
27154 -1 -1
99846 82277 29934
52317 42299 98797
13112 50480 98187
14200 30511 92570
51297 -1 -1
40763 -1 -1
84735 -1 90753
66512 15620 69137
78523 71388 8132
58562 -1 -1
46131 7930 90352
18393 80385 -1
3522 3632 44789
62408 10528 14895
32456 54907 -1
59544 19140 41573
65492 -1 -1
8236 -1 -1
60314 62586 9867
1115 49751 59177
49111 -1 -1
78216 -1 -1
2792 -1 -1
25408 87379 12892
53220 33094 75140
94270 -1 -1
91082 -1 -1
58922 88225 53145
66011 85922 -1
59523 78353 28093
97452 -1 -1
51700 -1 -1
31814 65645 7433
14927 22240 -1
44862 47967 81291
15091 -1 70681
70793 -1 17371
30865 -1 -1
77656 56201 28629
69523 -1 -1
16686 -1 -1
53581 -1 -1
27574 -1 -1
47717 79240 69185
72285 -1 20020
2215 -1 -1
44709 34221 -1
11448 83709 -1
69304 -1 -1
12723 12445 72899
46264 -1 -1
94333 -1 -1
95105 39002 53222
445 7534 120
22574 98649 55214
70738 -1 -1
9530 -1 -1
10149 69873 6216
62318 47344 49534
12929 15704 -1
18675 -1 -1
93953 -1 -1
1178 86604 33474
24987 36581 1775
51053 -1 15738
3705 39975 -1
87842 41170 3143
95134 -1 -1
22082 -1 -1
6264 64928 56427
27494 -1 -1
24372 86230 64367
35726 75431 45858
15229 -1 92392
33552 -1 -1
84212 93204 -1
63686 63082 6804
38366 11364 54128
44965 -1 -1
97650 -1 -1
19955 -1 55548
4829 -1 -1
75181 -1 -1
66843 -1 82260
83714 -1 -1
76340 70446 55779
96697 75465 12176
41129 -1 33517
54687 -1 36551
60042 98915 3747
79120 92961 80041
37206 45284 21358
55312 76279 8681
94770 -1 -1
60222 44962 55153
14670 75761 17595
97151 73392 -1
43027 -1 -1
40591 -1 -1
19492 17119 90426
95900 48145 94680
45754 -1 -1
31317 -1 40733
75026 -1 -1
53658 -1 -1
86843 -1 -1
4889 -1 -1
82427 41445 38237
7979 16696 1629
31092 79605 -1
677 7210 97797
91312 68990 11695
44798 -1 -1
75656 49726 -1
47942 99735 90385
75292 -1 -1
40843 2532 2849
40819 -1 -1
48672 85397 62766
52340 -1 -1
67338 74307 -1
31785 48078 61472
2476 -1 -1
76854 -1 -1
56545 41952 43778
98926 79852 85928
15783 -1 -1
27073 6354 87959
49075 1118 60415
40293 -1 -1
55412 -1 -1
92296 -1 36311
54925 1050 95048
97240 91708 21203
30077 -1 -1
65356 68054 -1
70998 -1 75205
48710 56778 53373
11445 -1 -1
40353 -1 85655
99125 28877 90837
24868 -1 -1
51492 -1 -1
69387 29587 58262
34392 -1 -1
6663 -1 -1
36259 62960 75316
90878 -1 -1
86096 76099 -1
89571 -1 -1
98553 -1 52323
57732 84058 74183
33474 23563 90540
58700 -1 90523
74900 86746 39547
36413 42180 9214
4324 -1 -1
90930 49696 62826
74792 -1 26213
76980 -1 -1
36951 -1 -1
6557 84253 25408
78082 2353 -1
74264 -1 -1
31372 -1 5695
20028 -1 -1
86321 19354 38340
19884 -1 28460
63490 -1 72379
45738 -1 44636
29459 32682 51257
92818 -1 -1
23700 48357 1787
18708 26686 97218
99576 37937 30230
26779 -1 993
69682 91343 56701
63652 -1 -1
4760 -1 -1
67231 -1 -1
12526 -1 -1
66513 34560 -1
60823 -1 8300
45061 -1 -1
18691 -1 -1
76770 97889 77474
47002 -1 -1
95913 -1 -1
1223 38558 -1
92555 -1 -1
38980 -1 -1
80564 35700 2449
95055 -1 -1
67743 37836 -1
19284 15156 58636
50330 -1 -1
34743 39895 58280
54326 -1 50794
80725 -1 -1
11849 -1 -1
12538 62608 -1
75551 -1 -1
11344 -1 -1
42475 -1 98748
43899 30077 80420
84539 47122 91471
8843 26229 75365
17020 52391 -1
70437 -1 -1
20304 25378 -1
2602 -1 -1
40566 -1 -1
71897 -1 -1
90315 -1 -1
82133 48410 84257
19516 -1 -1
37467 -1 -1
11565 -1 52983
51718 45249 23199
15352 47917 15307
41706 32629 41775
78921 -1 -1
10526 947 30793
27882 -1 -1
70156 -1 -1
48524 67628 -1
62796 93037 -1
24381 -1 -1
20281 32971 39421
11244 -1 -1
86560 -1 -1
43869 -1 46275
68642 10921 19361
78828 62150 -1
42209 56665 92942
13706 7115 79208
83360 -1 -1
25186 1364 11393
47742 -1 -1
59980 26643 54999
73654 34486 33869
54150 81936 14317
32895 -1 -1
21797 22082 -1
88100 78729 63749
55642 61516 -1
57140 -1 -1
65143 32126 -1
49727 40293 70598
53410 70505 -1
98686 -1 1524
13736 -1 -1
10840 79061 11257
74000 40008 70403
68488 -1 -1
37118 -1 -1
45266 -1 -1
17119 84897 69648
91781 -1 -1
13898 -1 -1
78968 -1 -1
1621 -1 -1
99469 -1 -1
5139 30457 51117
70496 41454 -1
46781 -1 36145
89124 -1 -1
79979 -1 25144
92942 -1 -1
39939 -1 -1
97451 63652 9643
41779 94645 37687
741 2242 58853
14596 40366 16887
50480 -1 -1
1343 68961 41639
55638 -1 23009
28215 52457 3971
25884 -1 47057
17746 85772 37487
64059 50026 30500
60266 380 68114
23694 -1 -1
7584 -1 -1
45914 -1 -1
79520 18408 63949
63970 -1 -1
82009 91410 75076
61856 15830 85352
57520 -1 -1
72455 -1 -1
32465 -1 -1
77779 47586 -1
61434 -1 -1
41854 65987 48288
8383 18920 41359
96712 -1 9888
62116 60759 49347
55172 61117 88727
86047 -1 -1
7989 14487 23370
56604 -1 53505
22836 2709 65356
53012 40591 50300
25485 79577 9159
80402 -1 38235
82023 88241 -1
97713 -1 -1
28428 18450 57857
11375 -1 38359
15221 -1 -1
76016 83371 96791
21948 85621 56644
99707 -1 -1
81301 83983 88798
73185 -1 86269
57256 -1 -1
45274 17047 27656
79788 81568 -1
25831 30306 -1
59844 37624 28500
56608 29084 -1
87749 -1 -1
24927 -1 62120
449 68017 65849
49602 -1 -1
88051 -1 3082
68686 52701 77239
54919 -1 -1
12236 -1 74798
57163 47241 58983
28371 53003 3078
92761 -1 -1
97147 -1 -1
3098 70170 -1
26656 77900 11421
25418 1379 -1
28261 70938 99498
62852 22805 63535
60649 -1 -1
2394 -1 1593
90512 -1 -1
88803 46006 -1
44805 -1 -1
23011 -1 -1
70174 -1 -1
77802 25186 4770
18354 -1 -1
32126 -1 -1
56439 -1 70468
59362 -1 -1
79729 2979 42314
1576 2088 93613
17716 7960 28448
7402 -1 85065
63204 -1 -1
70681 -1 -1
71377 -1 -1
9081 71261 21948
43249 61856 94839
37776 28736 93761
87995 -1 -1
2709 17466 -1
88046 62687 8604
27072 45911 -1
63535 70626 3147
69879 -1 -1
3664 -1 -1
76978 26309 29144
46308 -1 -1
73452 -1 -1
83687 22904 -1
15068 -1 32908
58099 -1 11646
87035 -1 -1
9231 3065 12538
61952 -1 -1
69368 98317 55479
64790 -1 -1
90753 77023 -1
34036 21090 87319
8014 -1 -1
88515 -1 40361
80362 47210 54664
60365 2618 973
19096 -1 72583
47149 84040 73130
44143 -1 -1
56680 17099 24408
82271 -1 -1
10583 59568 -1
45774 -1 -1
5304 71339 -1
46827 34119 -1
26635 81854 70967
54620 -1 -1
15871 61683 13716
39461 33711 24627
93872 -1 -1
84456 -1 -1
14942 -1 64896
25627 -1 -1
91734 -1 -1
12366 68109 34561
91676 -1 -1
83911 -1 -1
59304 -1 -1
20949 -1 -1
89515 92389 56241
76913 -1 -1
81891 1644 47305
19072 -1 -1
81920 -1 -1
61728 80361 80362
72116 57447 -1
50252 97097 81063
61790 -1 -1
71613 41921 90965
63326 10149 61743
5721 -1 -1
58133 93579 29758
36611 -1 -1
60495 -1 -1
29321 79729 99419
88056 13300 -1
50683 -1 -1
44148 -1 -1
77323 -1 -1
89840 3952 82398
52151 -1 -1
58362 -1 -1
53326 27173 83545
31151 11344 -1
55556 60710 30983
33545 -1 56841
77964 97462 33349
94003 97801 -1
88160 -1 68909
62168 2545 98369
96975 -1 -1
89307 -1 -1
4508 92877 47277
76927 -1 33754
96365 56596 29069
32004 24655 92373
57457 49076 65922
78772 -1 72856
5617 -1 56534
24016 4758 -1
83257 -1 -1
62608 -1 -1
82347 -1 -1
73908 -1 -1
17639 -1 -1
70461 14048 909
31352 -1 -1
96998 -1 -1
36060 -1 79487
42257 88280 74000
11220 -1 -1
19448 17660 14372
27026 -1 57147
85464 -1 -1
34225 -1 -1
87004 99039 91755
55472 73387 -1
10588 61255 -1
37842 -1 -1
17715 -1 -1
15240 71705 89239
3792 -1 -1
34089 -1 -1
79368 -1 -1
10863 43851 91770
69470 33609 -1
22263 -1 -1
31815 67864 94565
6891 60638 58720
96310 -1 -1
60341 55994 -1
84531 -1 -1
39371 9507 79201
3312 -1 66954
87952 12647 -1
29947 38716 29341
30462 -1 -1
70124 -1 -1
52216 -1 -1
59079 -1 24526
29404 -1 -1
17463 -1 -1
97608 -1 -1
35411 -1 -1
10807 55032 -1
43777 -1 -1
73273 -1 -1
39797 43990 84405
1495 94729 53246
70432 -1 -1
61732 -1 -1
52983 -1 -1
10799 53659 28474
59335 -1 -1
84263 -1 -1
81413 2701 -1
56201 -1 -1
71488 39279 9833
33943 -1 65709
31980 2821 -1
73660 83088 6179
96205 56590 55605
58822 -1 -1
83348 81243 -1
19480 -1 -1
74844 91747 37701
76619 57733 59983
11707 -1 -1
71769 79872 23555
41741 60547 49872
6048 -1 -1
34742 98729 13154
48282 -1 -1
83609 -1 60837
60071 31839 82181
17090 188 84552
60732 13854 68358
33398 33801 18738
32118 -1 -1
51975 89408 -1
71710 -1 -1
53274 -1 -1
83941 -1 -1
60659 -1 82712
32252 -1 -1
98144 -1 -1
895 6272 -1
73985 10135 9720
3591 -1 -1
78678 49580 42558
93825 99707 90976
39682 53113 -1
67922 -1 -1
91635 -1 -1
86963 69264 70432
36452 64121 50011
25 78104 64555
55985 21584 86175
53243 58132 19029
59504 -1 -1
79711 4942 46543
77819 96173 16436
22240 -1 -1
18574 -1 -1
16436 -1 -1
67918 29381 -1
68054 -1 90845
87990 3022 91309
87002 -1 -1
58429 52340 17897
45887 -1 -1
79752 -1 29844
87265 -1 -1
20143 -1 -1
54387 90608 72705
30682 42383 50454
52385 -1 9544
88262 -1 -1
96999 -1 -1
97116 -1 -1
17641 55982 82662
31828 66983 12722
42612 84539 92600
56665 -1 29386
82495 79120 74465
56725 5304 8734
89525 11671 -1
6226 82159 -1
25232 -1 54264
35649 42006 54150
91806 -1 39799
64501 9489 -1
35218 -1 -1
68162 76258 -1
36277 -1 13945
84573 27177 71992
38237 44289 77985
91337 9238 10492
26113 -1 -1
48078 94158 62408
1945 41387 38371
42914 -1 -1
41306 5234 -1
43041 -1 -1
42892 -1 -1
73664 89447 19516
45858 79512 57348
37136 21062 88233
90668 31843 6440
33528 -1 -1
30202 -1 -1
30132 -1 -1
72277 -1 -1
86517 68 19624
99298 25627 -1
53195 -1 -1
90065 6358 42257
92289 -1 -1
42917 78082 45149
42841 -1 -1
98399 12500 -1
21476 14803 75230
29379 -1 -1
9729 65431 15977
78484 52136 -1
74017 -1 -1
30272 72440 87326
76921 97151 10495
30457 -1 91922
22543 15350 73584
38659 -1 -1
46186 -1 -1
19092 20963 -1
79274 64538 -1
27986 -1 -1
87454 97184 -1
83956 48986 32467
55949 99341 -1
72921 48214 52216
60795 48646 74569
48099 -1 64790
53056 45668 97929
97237 63935 49483
18408 97991 20553
76304 -1 -1
26084 72863 17599
29702 8042 97245
33869 -1 -1
99410 -1 -1
47425 -1 7643
27506 98690 64011
59401 19968 -1
24301 -1 -1
62251 34742 5786
43403 -1 92420
33355 -1 -1
58318 -1 32900
95048 41290 17349
92306 64432 30615
72440 -1 -1
51606 -1 -1
3855 50841 23772
50596 -1 -1
93310 86843 99076
45901 10415 64799
9010 41669 50273
60718 92301 68831
84038 69889 58753
23004 49903 76927
32793 76609 18446
29338 9455 70115
96911 -1 -1
266 -1 -1
6690 -1 -1
82775 -1 -1
48357 -1 -1
81456 -1 -1
73646 -1 -1
22904 -1 -1
41654 83343 -1
8812 55754 65532
44667 -1 -1
52599 -1 19261
58753 -1 40311
38474 -1 24360
24854 4767 -1
33801 33882 79804
54845 32252 13700
37765 -1 -1
27819 -1 -1
85865 27819 87349
14073 6578 40528
46432 832 22325
94343 -1 -1
42550 -1 -1
60869 -1 -1
11291 -1 -1
17166 91028 50522
13945 -1 -1
65564 -1 -1
86232 -1 -1
49841 36252 61222
72082 43108 -1
8959 59079 75497
15282 59319 91811
2411 33873 62510
26544 -1 77375
76343 39647 6042
8980 -1 -1
42210 45060 -1
63466 -1 -1
22173 63993 29733
81986 79440 80725
26213 -1 -1
50794 -1 -1
84806 79357 46019
23247 61460 4524
34171 -1 79866
99113 2715 11612
3010 -1 -1
14199 3705 6715
67893 76009 91836
29748 -1 -1
37863 18019 54351
66445 -1 14191
55247 -1 -1
16998 -1 -1
25075 52958 59368
5502 -1 -1
55153 -1 -1
7546 -1 -1
67875 39484 83959
9312 -1 70981
43804 -1 22865
88455 13111 6861
62425 48521 -1
10751 96697 52301
80975 -1 -1
50695 -1 -1
27877 67571 40932
85772 -1 -1
71703 96915 89571
71919 51963 88785
49932 -1 -1
25638 39367 40364
27837 69304 72023
70760 54728 96963
9888 -1 -1
67527 16522 20927
52725 -1 -1
59036 -1 -1
15727 31168 60583
50804 16176 -1
85213 -1 -1
47197 -1 -1
55450 -1 -1
69378 37863 22125
71469 -1 81798
52126 73927 99298
17635 -1 64957
72881 67100 73162
72442 -1 -1
12607 -1 -1
59904 99172 75224
90883 34089 52321
10635 -1 -1
14060 27877 92427
34974 97688 11306
9447 -1 90588
46086 -1 -1
72429 -1 76275
63709 -1 -1
82638 51805 76343
6683 -1 -1
76803 -1 -1
11962 -1 -1
2088 -1 -1
56047 -1 -1
64200 60823 -1
73672 -1 -1
8273 36423 64
54389 -1 -1
49138 44666 -1
90159 -1 -1
64517 -1 36815
73614 81771 26656
81682 -1 -1
77829 -1 11749
79766 33381 -1
93517 54919 -1
8221 91418 18406
94019 -1 -1
7586 83185 45774
99887 -1 -1
59568 -1 -1
12187 -1 11732
28624 -1 -1
47255 -1 -1
47525 61169 -1
43731 -1 -1
84521 -1 32549
57502 60042 45545
83111 -1 -1
42642 -1 -1
56726 -1 -1
6648 -1 -1
81628 -1 39344
23787 -1 -1
38724 78281 40843
11732 -1 -1
95822 -1 70638
23658 -1 -1
62417 -1 -1
89930 9465 97996
90223 -1 -1
71002 -1 -1
33147 96051 62003
83138 79788 -1
48648 18729 48563
43387 20281 62110
69259 53344 -1
35375 -1 38673
27461 -1 -1
41775 58606 90650
84276 -1 -1
57272 -1 64564
92114 -1 -1
21434 29315 63722
90601 69646 75663
63510 -1 -1
81822 -1 20235
78992 66770 82166
75497 48064 1115
33381 -1 -1
71461 -1 -1
78269 -1 -1
34409 91319 37187
98467 72268 -1
72493 58969 72277
95069 -1 99646
71573 29459 6298
81771 92748 76770
75988 -1 -1
23499 13338 60884
58258 80327 68607
98166 54346 -1
33096 4008 23960
83709 -1 -1
8495 -1 -1
75565 -1 -1
41148 69238 81628
57610 2758 312
76807 -1 -1
1314 -1 -1
70138 -1 64232
24835 52940 28
94168 34367 80455
13405 25884 29947
81537 -1 -1
33677 -1 -1
6150 -1 -1
25923 51228 -1
3541 58273 82761
98293 21802 12599
10142 -1 -1
8508 -1 -1
33538 45266 -1
33508 -1 -1
75397 -1 -1
3531 80679 74818
60433 -1 -1
75857 41179 47268
48291 77250 98293
42359 -1 66722
29149 -1 -1
14084 -1 -1
91946 -1 -1
45549 -1 -1
22921 72493 25583
54763 -1 -1
92364 39116 67860
94839 33422 412
91415 -1 66080
14394 -1 -1
4008 99899 33838
85376 98526 39562
95371 -1 -1
64725 -1 13040
51464 -1 -1
69889 38797 -1
18680 -1 -1
15247 -1 -1
98091 -1 -1
47093 -1 -1
90638 -1 78110
76761 29473 9941
20711 99113 81770
33497 -1 40418
70984 -1 -1
23751 -1 -1
51014 -1 -1
24260 27921 -1
88201 -1 -1
58260 -1 -1
27013 -1 -1
83107 1149 76769
83461 51818 -1
81053 5749 99354
73461 87609 -1
27573 30627 85095
63141 70277 68503
50353 1489 -1
70505 -1 -1
49 -1 -1
67061 60997 47918
52356 46208 19219
28890 -1 -1
3220 43714 -1
2363 66640 32498
20988 -1 -1
39804 93825 82171
59368 -1 -1
19527 92839 76684
91418 10202 -1
67407 3454 28027
17729 23222 58562
41387 -1 99676
70967 82573 130
21858 29258 71040
59423 36013 89515
51256 -1 -1
88686 -1 -1
513 -1 -1
82524 83858 96917
59841 -1 -1
91241 51655 45133
89744 -1 -1
66041 157 -1
11180 20143 76568
39484 40626 97320
47938 -1 -1
37028 53454 -1
89481 62773 90446
5564 -1 -1
18359 -1 -1
15337 -1 16575
21724 57053 93240
24370 84338 59423
34713 42839 51522
39474 -1 -1
79456 56545 17726
82084 66520 -1
68503 32495 29556
88193 -1 19673
82422 82708 64098
40729 35605 -1
82516 -1 55721
36393 -1 -1
61748 -1 83452
68990 -1 -1
74301 72921 24440
68358 -1 -1
46099 86440 37472
36547 17035 51344
59373 -1 -1
46435 -1 -1
15930 -1 -1
2468 -1 -1
40291 76150 -1
41290 -1 -1
26879 -1 -1
75768 30376 7394
62506 -1 -1
83270 -1 -1
81172 85296 93351
30225 37612 54845
61359 9312 22873
28941 -1 -1
87324 94967 68829
16687 -1 84796
63935 44601 27574
69599 33949 28211
85282 71076 -1
26532 -1 90159
9988 78484 63752
33613 -1 22351
38862 -1 -1
40468 -1 -1
53743 -1 35674
14378 -1 -1
45678 58922 50581
39062 40439 21848
69618 77446 72077
82789 -1 12046
55548 -1 -1
97984 72455 -1
62649 -1 -1
5440 -1 -1
51563 5617 69099
29407 12123 44909
81837 -1 83634
31376 89328 61785
85309 7939 35060
36200 -1 -1
47051 69236 -1
27586 -1 -1
57776 29149 -1
21203 -1 -1
23416 -1 -1
7973 -1 67231
78110 -1 -1
43949 35458 47674
76568 -1 51555
54488 56658 90271
43323 94182 -1
44333 99865 66715
64650 -1 -1
4770 78388 10799
92615 -1 -1
76079 77348 -1
61683 81100 -1
84763 -1 -1
23919 -1 83911
95494 -1 -1
44792 94208 -1
29932 31875 19518
92769 31151 -1
92457 63228 35874
23690 -1 82673
40453 -1 -1
20903 -1 -1
18117 -1 60920
25672 79159 525
33124 -1 37825
99039 14117 93683
7734 -1 -1
97546 87164 -1
37669 -1 -1
72386 25448 -1
42383 -1 12838
11306 62716 19505
17047 14596 84521
80926 -1 56512
68904 -1 -1
32203 95833 -1
87959 -1 -1
8072 -1 34571
38019 83417 80185
39736 -1 -1
61469 -1 17439
99801 6557 42538
18450 -1 -1
52104 -1 33613
25765 -1 -1
88187 -1 -1
15033 -1 -1
35968 -1 -1
65770 2283 87109
8590 43292 -1
80361 39080 1343
33711 -1 -1
34681 30050 87569
46694 -1 -1
9315 13463 23787
90976 73688 75616
30236 57083 88817
18422 -1 -1
30032 -1 -1
46440 80791 65143
66956 -1 -1
34185 -1 21655
82872 -1 -1
70396 -1 -1
53354 40751 76745
82076 24256 -1
55565 -1 -1
43099 56065 63490
16897 -1 40
23118 27347 71377
27744 -1 -1
94863 99059 90552
60177 -1 -1
74501 -1 7380
59186 -1 -1
34444 76956 28815
23386 85196 90897
66642 66645 -1
21381 -1 -1
61703 -1 80922
78124 -1 -1
94516 59784 48259
35700 -1 -1
79577 -1 -1
88716 -1 72303
46676 84726 24087
7583 -1 3607
48989 -1 57099
65614 17410 14549
61726 22537 72225
69648 -1 -1
44218 48007 75935
80014 1341 -1
55322 -1 -1
17486 64209 -1
54576 -1 32408
99184 92457 20624
81497 68592 96916
46733 23004 52836
28117 -1 -1
50528 -1 -1
35836 -1 -1
23553 94938 94863
23093 -1 -1
7145 -1 41934
84253 -1 -1
6407 21650 21434
39151 -1 -1
77304 7897 71573
42268 77796 83257
68483 -1 42914
25919 87265 -1
68197 90930 -1
38808 -1 -1
81103 -1 -1
25039 -1 -1
60822 -1 -1
21605 -1 56664
87664 31186 75857
34088 43777 1159
88798 -1 68082
88555 -1 -1
24598 1314 17702
39137 -1 -1
99498 -1 23690
820 -1 -1
88793 89905 86225
13531 -1 43593
34206 -1 -1
35605 -1 1974
1379 20570 -1
22873 -1 -1
79061 56336 97939
7228 -1 -1
66495 24570 14060
77283 6936 48273
66107 3035 35371
26227 -1 -1
31800 79661 53094
20970 -1 -1
11421 24919 25075
54536 38223 -1
77957 12862 80113
53541 -1 -1
13310 -1 -1
69345 7973 84607
89309 18176 -1
94993 -1 83163
83343 75077 -1
93644 43403 92071
80666 -1 26698
436 25561 7064
55252 -1 -1
64704 -1 -1
60653 51290 -1
38472 -1 -1
40764 -1 -1
67230 71373 57520
64727 -1 -1
2974 7204 36039
59769 65462 16787
19624 52071 27978
27995 -1 48715
95326 23092 30952
79804 25831 22514
81769 -1 -1
24570 -1 -1
60583 75997 41013
5161 -1 80853
70115 24790 88488
2873 -1 -1
41934 70530 -1
7930 7340 -1
3747 -1 48228
93579 -1 -1
92599 -1 -1
35417 -1 -1
32706 -1 -1
98013 71469 23455
21596 713 57920
6345 79280 73660
35207 19884 51246
14870 -1 -1
64138 -1 -1
77989 14172 12959
10357 9937 13276
99989 76044 -1
28332 -1 -1
68700 -1 50494
35575 -1 -1
69090 -1 -1
32705 -1 -1
98173 33355 -1
29314 19788 7081
61525 -1 71244
31003 80770 24016
92193 40983 -1
2034 60631 77441
86621 -1 -1
64232 -1 -1
31483 -1 -1
64686 -1 -1
4726 5629 25881
71026 90688 84763
85398 41706 91459
94597 19016 42978
93311 -1 27072
89958 49281 63691
37141 -1 -1
29954 91528 20693
55717 -1 -1
26351 -1 20317
57820 -1 44294
23169 -1 25669
29975 41042 819
78892 31092 -1
37836 -1 -1
21180 23964 -1
23426 42140 -1
6533 55274 93827
35192 -1 -1
15977 -1 -1
65775 37776 7452
15947 -1 -1
65906 83150 -1
81298 -1 -1
12171 97767 94820
99667 90878 -1
37914 9729 71912
82391 -1 -1
49572 -1 -1
93440 -1 46734
56368 -1 -1
89857 -1 -1
52947 -1 -1
12684 -1 -1
8042 -1 -1
61731 92296 76733
80986 15472 -1
70853 38617 -1
38589 -1 -1
78730 50528 -1
56048 -1 -1
52364 50666 51054
67834 -1 -1
52386 -1 -1
43307 15229 61952
32908 -1 -1
73080 -1 -1
17382 35575 -1
5539 -1 -1
40409 55322 -1
95375 91127 35095
78681 88046 43251
71244 -1 34682
42627 35912 -1
20008 -1 -1
42875 -1 49100
23580 -1 -1
71040 -1 -1
53157 -1 13748
82571 73981 22948
69646 17020 -1
23363 -1 -1
68945 30740 72285
380 50964 97466
50115 56326 46676
85502 -1 -1
36581 -1 43806
70575 78689 21832
41756 89906 8463
74727 33497 -1
62586 -1 -1
56664 -1 -1
63943 -1 -1
41075 -1 -1
57125 42892 76278
65110 55937 83599
63149 -1 -1
728 -1 -1
46851 -1 -1
48851 -1 16139
459 -1 6150
72969 -1 49987
3088 -1 17463
66683 74418 -1
67234 -1 59093
76175 -1 95975
83452 9963 -1
45205 41534 21197
78725 -1 -1
72583 -1 -1
17828 -1 60366
67156 48989 94161
59704 -1 22263
83497 -1 -1
79240 -1 -1
98066 -1 88515
81411 471 59841
74439 -1 36108
5929 -1 -1
97996 -1 37621
35223 53583 84782
19298 34185 65969
27146 -1 -1
33244 -1 47740
56336 21540 99841
32384 -1 -1
9580 23012 99667
8798 7357 21705
42312 47020 58102
9794 65103 98686
51054 -1 -1
82040 -1 29404
43636 -1 -1
70170 96213 13031
36333 -1 9678
12782 53382 -1
52389 -1 -1
91152 -1 -1
10492 94264 -1
35959 47777 -1
72752 56637 78537
51290 85041 25919
71042 -1 -1
49455 -1 -1
35493 -1 -1
3515 83000 32750
7658 -1 -1
32964 36219 801
84794 75704 40732
68816 -1 42337
62214 -1 -1
81877 -1 -1
74614 -1 -1
7643 -1 -1
64948 -1 -1
57857 -1 -1
90552 -1 -1
79962 83188 -1
71705 27928 57356
38026 -1 -1
21650 42488 24291
34519 28300 91430
15926 -1 -1
51257 13405 75417
3143 -1 -1
97098 83617 21724
80512 -1 -1
19505 89911 -1
24473 66366 41575
73291 -1 -1
36695 -1 -1
13358 -1 -1
45133 -1 -1
26524 83467 43636
13432 -1 42875
48556 55564 52069
62278 71866 -1
14835 -1 -1
76745 -1 19875
3766 -1 -1
35781 81990 99866
54914 -1 -1
48131 81954 -1
78840 -1 -1
39199 31347 44302
87927 -1 -1
50983 -1 -1
53906 -1 -1
71346 14498 -1
95142 -1 -1
19435 3734 69602
81765 11220 83744
43816 -1 -1
25737 49693 -1
33731 12406 24997
39421 51053 47296
6161 -1 -1
15435 72575 83338
62120 -1 -1
97801 -1 -1
95839 -1 -1
84900 67678 69059
5834 74499 -1
95769 18740 1280
79410 -1 -1
59818 -1 -1
75460 44337 6834
38683 -1 97334
90430 -1 32176
92093 -1 43840
46808 -1 -1
97679 18369 33296
56220 13342 -1
91430 45549 -1
58481 -1 -1
64185 93317 44465
12959 7934 90197
48064 41914 9081
56030 60365 62739
713 -1 -1
12176 -1 -1
44384 -1 -1
18253 -1 73464
61938 25 77363
50135 83715 96976
9465 -1 59844
70388 -1 -1
313 43642 37400
52441 -1 -1
73774 -1 -1
24324 -1 -1
75278 -1 -1
52874 82510 51563
58606 50959 18255
44118 -1 -1
12142 -1 -1
86670 41271 72562
76769 32934 21252
2325 -1 79686
92854 7734 -1
38771 -1 93565
15472 -1 -1
4901 -1 -1
84410 -1 -1
26631 93498 62761
48783 90269 -1
4987 -1 71710
61700 58175 49572
9455 8072 57738
18979 -1 -1
74120 -1 45081
40743 98590 66306
2241 -1 76761
55785 -1 -1
47267 12221 -1
99663 60869 38334
68675 56869 26020
58299 -1 -1
57531 62116 82388
42323 95549 27172
94729 67822 59497
76599 -1 22071
11000 -1 -1
33806 -1 -1
87570 -1 -1
26382 36143 31005
66238 66972 63910
18553 18115 90839
57907 -1 -1
65024 73701 -1
40402 39361 52828
22970 96377 -1
76851 -1 -1
17349 -1 56401
29974 75759 -1
41275 3088 -1
87622 -1 -1
26414 -1 -1
93613 -1 90046
29634 -1 -1
76429 95118 -1
85819 72729 42210
73880 49942 -1
34967 -1 66159
48713 81636 -1
7081 69367 71488
23551 95100 -1
68247 10583 34206
88739 -1 -1
88284 47423 -1
75401 56373 42946
40528 51742 47399
50834 81497 77307
23022 -1 -1
39774 33014 28181
38235 -1 -1
42698 23273 1458
30607 -1 -1
42206 3579 67835
3993 19588 44826
52072 99721 1081
74944 52176 94634
72968 -1 -1
22160 -1 60987
70886 85282 83433
67273 45644 -1
20100 -1 76700
77388 98635 -1
30986 4760 -1
2131 -1 -1
42940 39729 -1
65036 48110 64172
53914 -1 -1
38365 -1 -1
83623 35021 -1
34367 17046 -1
87383 69387 3222
76180 65019 59362
38307 -1 -1
53806 -1 877
21298 39992 94407
47592 72161 24099
32300 20234 8184
39418 36060 11098
66293 -1 -1
64698 34409 78820
40361 -1 -1
90688 -1 81682
49731 17089 52761
47564 60204 44134
71167 4797 2481
38371 -1 -1
85590 -1 -1
13276 82602 -1
72303 -1 -1
95199 -1 -1
3944 30119 3193
39992 -1 -1
6764 94204 35302
24852 79965 20833
74099 74900 75425
2831 -1 58254
69604 -1 -1
39186 -1 -1
3404 48282 89306
42785 -1 -1
92143 -1 -1
83751 55088 36961
15510 67452 75987
26737 20949 55013
41170 -1 27744
29657 25737 -1
81772 -1 -1
97870 445 -1
85794 57196 85502
10288 -1 -1
91045 -1 -1
3193 27335 77616
18895 14269 84291
84897 94438 -1
24844 -1 73914
96821 -1 -1
22226 79621 -1
2606 -1 -1
47848 70795 50609
61823 21386 29899
48791 -1 -1
73929 93757 -1
91812 -1 -1
13582 26544 -1
31147 -1 -1
60998 29657 88603
30817 -1 -1
73883 -1 82233
98753 -1 -1
67628 -1 -1
53583 4508 92105
43029 78074 30225
90426 52279 55472
59756 -1 -1
20983 58089 -1
50494 -1 -1
4222 -1 -1
22399 3792 -1
99126 24598 60189
68071 63077 58430
17035 58920 44333
92641 -1 -1
74280 -1 -1
18484 56655 72969
21824 -1 -1
48410 84531 16215
35520 64966 85523
62826 -1 -1
36150 50330 83536
24790 62075 29702
95152 40186 69559
11818 -1 -1
96203 54284 7982
33296 -1 -1
85767 -1 -1
64229 -1 -1
8815 62457 42951
7115 -1 -1
23370 -1 -1
39764 46724 56220
16164 -1 -1
35481 -1 92178
36488 -1 -1
57547 -1 23708
1149 30481 80016
67128 -1 -1
6747 99670 16877
41363 81470 28005
73697 -1 96954
18148 -1 -1
61178 -1 31872
96290 10224 8108
40276 85015 86164
20692 -1 -1
14027 -1 43731
33978 -1 -1
52761 13687 17161
33422 -1 -1
64750 -1 98144
83383 36506 64330
44909 -1 -1
57480 -1 99162
61932 33552 40246
91646 -1 -1
53986 24101 23801
45818 -1 -1
56256 6015 52364
26184 28585 5719
38493 93160 -1
88276 24028 27156
64565 -1 10658
22408 3855 81028
53652 -1 -1
77307 2014 1168
73690 -1 -1
30500 -1 -1
89414 -1 -1
82105 -1 58832
28849 72148 69373
72148 -1 -1
52962 96970 20718
16880 14778 -1
47305 -1 -1
33456 4987 86171
18738 69368 86596
84707 -1 -1
12406 47138 57626
84726 54579 58518
96839 18887 -1
1644 -1 -1
41247 63131 25871
10698 90430 15871
17881 87922 25718
77218 57590 42429
40616 26549 -1
76359 -1 -1
52580 -1 -1
80455 22408 8812
83599 -1 -1
58262 22055 96211
92427 76080 40616
45969 -1 -1
784 87110 -1
99474 -1 88903
30279 57810 77388
16503 -1 -1
79731 -1 -1
84628 40358 3008
93905 10643 15841
57525 60656 50432
35862 -1 -1
88492 50753 21591
64736 -1 -1
94339 -1 52875
29579 -1 -1
14269 1095 50644
59093 80618 29898
96240 70275 48819
79983 -1 11626
21090 -1 -1
3359 86370 6303
63749 71054 74192
21461 -1 -1
81677 4222 16686
81798 85437 65413
28629 55247 54326
2496 7586 -1
50066 6090 10357
61472 16450 85540
38939 -1 -1
57356 -1 -1
20639 17391 41129
71691 12187 23061
84392 45274 29338
26550 -1 67834
40569 -1 -1
71904 15619 -1
90605 6672 55312
51856 60274 -1
19307 92769 41334
20833 -1 82789
21591 -1 -1
30720 19714 -1
51701 46205 18623
60497 -1 -1
48646 -1 -1
18740 -1 -1
58620 22018 82084
53982 98339 90473
2775 95268 48254
55274 20716 -1
97967 45166 -1
18784 61084 99089
68958 63092 78480
72232 79310 49330
27172 84961 20610
74818 -1 -1
88098 -1 -1
34317 -1 -1
1341 56943 26415
62110 50798 46329
29823 -1 -1
17523 93815 29954
12570 12289 -1
93294 20639 24495
37134 94541 61748
58527 94413 75100
66382 -1 84228
77780 -1 -1
28502 -1 -1
13618 -1 -1
71866 -1 -1
39978 18662 25191
46077 -1 -1
98408 -1 -1
70389 -1 -1
33969 -1 41734
9293 -1 35457
18002 48132 37548
22874 54162 12315
28460 -1 44722
40246 -1 -1
12722 18895 48085
17161 -1 -1
69185 98553 -1
59284 43899 95954
26330 51501 78231
43772 -1 41097
98339 97785 16888
69096 -1 -1
88394 -1 -1
64494 86038 2131
87340 -1 50846
67452 59610 95375
15378 -1 83958
39460 -1 96998
16522 -1 81812
92379 -1 -1
3311 -1 -1
76733 14150 80402
75316 64513 16857
58664 -1 -1
90837 -1 -1
10565 -1 -1
46416 7584 -1
2758 -1 -1
97021 -1 -1
43541 57330 291
78779 17166 20711
57663 -1 -1
94390 23788 91340
81303 -1 -1
38606 -1 -1
65354 -1 -1
68963 95105 59295
31205 13531 85180
42603 -1 33173
25538 -1 -1
49116 -1 -1
88178 31469 19697
7382 -1 -1
54299 -1 -1
87109 56466 23336
90988 -1 -1
95940 41693 8388
52008 7818 -1
71379 62916 19613
16765 87347 60653
75099 -1 -1
60567 71366 -1
91208 -1 45270
25669 -1 -1
85737 -1 -1
75883 46377 97452
95983 -1 -1
59408 21078 -1
86060 52126 57167
54082 3234 -1
73986 93357 -1
3461 -1 -1
43220 -1 -1
77685 7317 88911
96915 80645 50040
26698 -1 -1
94096 -1 -1
50770 39816 52908
64897 25933 12980
87401 -1 -1
13772 -1 -1
21828 -1 -1
32019 4261 -1
83565 80121 52441
21633 -1 -1
18406 -1 6280
23002 8959 51326
72272 -1 -1
157 -1 -1
65107 10645 21776
32558 -1 -1
60204 63074 6775
65920 47197 -1
97171 -1 -1
36485 -1 -1
24985 44143 15041
23505 -1 -1
12543 -1 -1
32934 -1 -1
6031 15139 -1
68741 -1 -1
18639 -1 -1
41752 -1 -1
55216 90537 93242
52800 8323 72680
42140 81537 17613
94594 -1 -1
15131 68371 34438
39148 -1 -1
50644 62345 18507
36655 2445 9231
58804 50881 -1
85709 4385 10484
57562 35959 98952
58273 96656 41741
36749 66107 1920
79408 91734 -1
41454 80173 34960
34748 98605 -1
42488 23153 44545
65409 32705 35120
53003 -1 -1
69559 16934 -1
82223 92142 17263
27674 -1 88569
22359 36965 93520
96353 -1 -1
43068 -1 -1
69323 -1 -1
50977 67276 -1
91035 -1 -1
54157 99576 49919
13700 41833 56456
83393 37413 -1
2454 87210 80539
8681 66091 61434
71912 -1 -1
64487 59128 60536
42431 40807 61443
17977 5712 10532
94470 -1 -1
41734 3312 94733
27499 61444 21248
46282 -1 -1
50666 -1 32119
59542 18438 3664
69754 79809 -1
98045 9368 40362
97767 2974 60071
91410 47402 -1
61564 45422 3324
18533 2506 44828
72268 -1 -1
67100 68349 26212
76904 8920 35386
40679 -1 47043
66972 -1 -1
1095 67953 64342
54844 -1 -1
19131 -1 -1
17812 -1 -1
47138 92571 82223
44927 -1 22680
84589 -1 -1
59319 -1 -1
93918 -1 -1
801 23540 -1
20774 -1 47969
65019 -1 -1
62614 -1 -1
57889 -1 -1
39344 -1 -1
61970 -1 -1
89074 -1 -1
78910 24934 2325
69367 98045 16380
56685 13729 5300
3065 -1 85936
97991 -1 58749
92373 -1 -1
21582 73908 24324
40751 69247 21550
57733 88066 68813
16995 9066 15696
88658 -1 -1
9055 -1 -1
89118 -1 -1
93713 94594 46435
32784 -1 -1
29928 -1 -1
80949 70722 1576
335 26916 27213
59729 -1 -1
75558 16050 17641
96402 85993 27506
49353 67947 23505
28585 52386 -1
13834 56215 46766
59010 91633 54281
23336 79108 74592
70507 -1 -1
7142 80313 34303
44292 -1 -1
96242 -1 -1
83163 34522 39186
56280 9908 40499
13973 83604 37134
31178 -1 -1
18641 -1 -1
57083 5534 61829
92178 -1 -1
7431 -1 -1
16696 42949 28031
76526 31027 48366
3890 -1 -1
30642 -1 -1
58853 -1 11943
72099 96353 7150
56326 99663 -1
21905 -1 -1
66890 94622 -1
90603 -1 -1
999 97194 -1
15621 48383 91692
33831 46700 43816
33889 84263 12444
19613 98535 8495
41352 -1 -1
39086 2476 7701
29833 -1 75993
79482 21644 41279
87609 -1 -1
77488 -1 -1
83204 -1 32292
59877 -1 -1
53813 -1 -1
29031 -1 -1
29237 -1 728
44988 -1 -1
73597 -1 -1
19922 -1 -1
33173 42323 68946
75931 -1 -1
5629 -1 92107
55937 -1 -1
3320 -1 -1
37187 89071 11244
42659 -1 -1
43650 29374 76597
72863 92539 49530
77985 -1 -1
35060 18 -1
90588 -1 -1
32507 -1 -1
71605 -1 -1
11766 60314 12425
11771 -1 -1
40431 79738 92020
81759 70124 -1
58296 -1 -1
10921 -1 95069
53785 -1 -1
59855 88921 53840
90616 45887 -1
23273 40990 77802
95423 -1 -1
87178 -1 -1
8184 -1 -1
49076 -1 -1
4828 19536 55821
82622 -1 -1
68719 64589 -1
48214 91384 80202
25144 -1 -1
8077 -1 -1
37011 67918 80521
68265 -1 -1
68371 14655 15621
81932 90966 -1
94413 12171 29314
47499 -1 -1
41534 -1 -1
92121 84276 -1
93026 83165 91635
52090 -1 -1
69134 11483 70886
69373 27445 83194
28368 -1 -1
22351 -1 -1
95855 -1 -1
73844 43372 3615
69213 19922 -1
81243 -1 -1
46275 -1 -1
2942 85941 6264
95179 34846 23509
26286 69529 12217
57263 93684 86236
87165 -1 -1
837 6779 28277
13926 -1 -1
78388 40256 21091
80646 28200 3113
86041 -1 -1
97060 -1 -1
43169 40251 -1
55994 -1 42947
69044 23637 -1
26643 -1 -1
29815 -1 -1
96566 -1 -1
83132 30613 -1
30663 74614 80564
24839 16852 52939
49909 -1 -1
90473 12236 78921
79133 -1 -1
88170 61017 23357
91589 77451 48710
28277 -1 33698
25866 87437 -1
10484 -1 -1
23541 -1 -1
20610 -1 -1
15928 8964 -1
15619 -1 58411
9908 97147 74765
38447 -1 -1
51555 -1 -1
37127 45895 -1
43292 -1 14223
92683 -1 -1
56973 -1 -1
48853 86047 27995
37817 11307 -1
22948 83530 -1
95975 -1 -1
42201 36110 24744
52510 34919 89028
38716 43801 12115
60920 30040 -1
61653 -1 -1
93097 54536 61405
8797 -1 -1
10496 30029 82622
6172 88057 60058
3113 -1 -1
44016 -1 -1
39081 73080 23181
81351 87295 87837
22003 86950 -1
24165 -1 -1
17046 -1 -1
69264 96640 78043
98204 61919 89997
64679 20580 50264
57747 -1 41986
81269 38804 81027
92781 82026 62755
98314 -1 -1
19265 70388 50749
46030 7382 26049
90309 999 -1
26935 19131 20983
96629 -1 -1
832 -1 -1
82233 -1 -1
91985 52384 -1
9159 -1 -1
27156 6606 1259
63131 -1 -1
79108 15928 83348
74465 73916 -1
95268 76837 26935
85790 90065 59855
8838 16375 33990
25851 46707 4901
50704 31064 60894
3915 -1 -1
99555 -1 -1
40157 10015 95246
93204 -1 -1
92643 -1 31762
56596 -1 28417
93719 -1 28332
19731 -1 -1
28031 5525 31187
49872 -1 -1
41187 54299 -1
14963 29026 68891
99865 -1 -1
57160 87540 59408
80836 19369 23579
34571 6663 -1
25537 60720 -1
7712 85485 6871
20624 -1 8522
79866 -1 21461
91490 -1 92876
13524 -1 33210
44035 -1 -1
130 -1 -1
51057 11180 55785
34682 -1 -1
39847 -1 -1
95118 -1 -1
93129 45028 51856
27243 -1 -1
60415 -1 -1
73046 -1 -1
91044 77315 -1
59583 41085 -1
67571 81872 -1
8920 -1 -1
43840 -1 -1
44025 64580 42692
39655 87735 95983
37318 39017 57663
14024 -1 -1
65014 55447 27461
88552 18381 91674
91319 -1 -1
69247 -1 8322
86746 81877 58951
28252 -1 30607
18063 90266 61877
6440 26468 2227
75850 25851 82076
6881 88979 52926
99929 -1 -1
87540 82874 61560
19108 75321 -1
16505 -1 52008
89510 -1 -1
73947 98066 -1
17410 95205 87737
16318 54488 -1
19273 -1 -1
43159 -1 -1
75664 -1 45165
10375 -1 -1
31649 730 2813
6286 20866 22354
6483 93440 -1
32937 34342 99555
68961 -1 -1
43778 78987 85853
82684 -1 -1
78729 80975 66952
26596 -1 -1
12593 -1 -1
82570 -1 -1
71199 -1 -1
77714 19108 -1
46700 69420 -1
85475 55174 97601
25378 -1 -1
8564 62558 5562
86039 -1 -1
26020 -1 -1
60660 88760 39812
6099 36630 68700
28448 49447 27013
30230 61970 95276
5749 22742 99971
99164 13712 86263
47439 66046 -1
17831 3515 14306
71462 -1 -1
51502 74792 65474
14048 44104 76807
34561 65713 16673
56334 -1 28686
98440 40962 50934
95457 -1 -1
59305 -1 -1
28748 -1 -1
32539 20028 -1
40132 19731 -1
38223 -1 -1
63562 26113 -1
17578 94390 99767
49693 -1 -1
97113 47867 53005
36615 83791 33411
38229 -1 76664
47833 45754 89532
16648 -1 -1
86381 -1 -1
56089 -1 -1
88057 -1 -1
51286 -1 -1
17113 30382 79520
86086 -1 -1
81386 -1 -1
51801 15497 39062
85170 47833 21726
61318 -1 -1
85310 -1 11461
29161 15355 -1
27045 -1 -1
41123 -1 55030
92753 -1 -1
97033 -1 -1
9937 -1 -1
26391 -1 48419
84095 45321 -1
20931 -1 -1
83820 36873 -1
49230 76340 98054
61515 -1 -1
7380 97824 46375
54228 21828 967
9068 -1 -1
19537 13926 -1
26549 42762 38342
6715 44498 86678
27338 67916 12515
86992 -1 70684
56466 87383 69378
94204 -1 -1
84405 -1 63042
56637 -1 -1
36421 -1 -1
22680 -1 -1
9730 -1 95913
66303 24260 32864
56778 -1 -1
41833 -1 -1
76009 -1 -1
77900 79711 76098
92739 -1 -1
91261 -1 -1
96173 -1 74329
52815 -1 -1
88569 -1 -1
63606 68686 456
40931 69999 3433
81365 -1 -1
188 -1 18148
60274 72880 84707
59090 -1 -1
40784 24154 65107
61229 -1 -1
29596 59372 -1
33016 -1 -1
72336 -1 -1
90385 34370 54307
49281 32500 51546
20636 41089 34711
89862 -1 -1
15924 -1 5293
43975 51743 39461
51075 -1 -1
66118 -1 -1
13338 7953 2468
23818 -1 80226
42278 -1 -1
76885 -1 71461
37792 47093 62582
97477 12070 9315
25891 -1 -1
48407 -1 73496
55921 88276 51691
79939 49821 -1
28605 -1 -1
41179 -1 -1
24882 -1 99887
99162 37029 71691
25879 9301 53653
63993 51701 64185
53382 -1 -1
32549 -1 -1
52622 33889 50466
54162 27146 12900
43346 -1 1181
56742 63485 60164
20553 -1 -1
85015 11708 11854
33660 76065 59124
6804 16687 59063
63793 91676 88656
66593 -1 -1
52398 46160 24984
20198 36695 75867
62928 36729 72794
23546 -1 -1
68208 33066 10861
93057 -1 -1
92107 73883 64750
64589 -1 -1
22549 2086 16897
57923 72650 -1
4984 -1 -1
49106 83672 23974
7953 -1 97034
27956 -1 39454
95205 78642 -1
58636 -1 -1
67654 61054 82434
1559 59583 94797
21359 59769 41178
29026 98200 51364
51936 94948 86060
37488 45184 -1
72794 28748 44862
28014 -1 59999
3952 -1 -1
34549 -1 -1
68384 -1 -1
46459 83779 39743
2821 -1 -1
30371 -1 -1
65098 -1 -1
82181 -1 90668
41569 -1 -1
32408 65829 -1
80016 -1 -1
48618 94608 7473
40437 -1 -1
18382 32784 33677
55059 -1 -1
90358 96273 59831
90193 -1 -1
98068 -1 -1
10290 -1 -1
56097 -1 -1
11257 83132 90682
23222 -1 -1
49977 57727 -1
47052 12623 61833
44789 10349 79456
81124 96190 92944
95954 -1 29266
69930 -1 -1
71281 -1 -1
1795 -1 -1
53590 -1 -1
93037 87446 23658
57920 -1 44792
20291 -1 69023
68587 96164 87664
2533 33806 45972
72562 6099 -1
69472 -1 -1
38701 4569 39605
17910 -1 -1
71647 37141 21453
1172 93232 31003
22661 -1 -1
80544 -1 -1
5559 99469 34068
48191 12723 -1
90957 69296 76800
6888 -1 23132
30016 -1 -1
95716 -1 -1
75414 3944 8590
93544 -1 -1
3297 -1 -1
21104 25674 -1
29872 28268 81701
88563 44667 38895
2396 -1 -1
14655 45692 83409
42402 -1 -1
58893 -1 -1
49464 -1 -1
20866 -1 61247
6238 -1 90160
34378 -1 -1
41566 -1 -1
19434 -1 35275
54664 32991 13038
75321 -1 -1
7252 94993 19955
85136 -1 -1
39488 -1 -1
96658 -1 97444
83671 -1 -1
42429 -1 97058
66989 27110 39939
96149 -1 43041
79559 60885 -1
63781 -1 -1
43178 60514 79943
81028 -1 40679
97664 -1 -1
60164 -1 -1
81900 59704 11774
82318 -1 -1
69529 24868 -1
82987 -1 96876
4178 -1 -1
67947 -1 -1
1081 -1 -1
52243 89307 8029
70044 -1 -1
80327 67743 -1
32162 41854 22535
54160 -1 -1
42880 -1 -1
2351 -1 -1
58254 24676 98685
83791 -1 -1
51586 7266 -1
25492 -1 -1
44085 -1 41219
96409 -1 -1
19016 -1 71611
25121 -1 -1
93550 -1 67893
68652 72943 15329
66640 -1 -1
30793 2639 -1
81954 -1 -1
28523 20100 90512
57147 -1 -1
64367 -1 -1
54145 -1 23912
81364 -1 -1
63672 -1 -1
43108 -1 -1
3734 183 91415
35075 -1 -1
70770 -1 -1
46063 -1 -1
62911 75414 11936
96098 -1 -1
15877 13982 -1
54926 -1 -1
34721 -1 -1
87127 77685 65921
93993 -1 -1
36803 62928 56742
52378 90128 24473
183 86414 98009
74084 -1 -1
59124 1559 97870
82602 57747 6765
83779 6147 79731
10084 78678 39978
74418 -1 -1
98789 97021 -1
88708 30427 80738
4233 -1 -1
97462 99801 53658
32864 95940 95696
81027 -1 -1
44687 96999 36488
45166 -1 -1
72864 -1 -1
52384 -1 -1
79661 61318 -1
77375 -1 -1
37708 61728 12390
27257 -1 -1
475 -1 -1
83744 -1 56867
91756 -1 -1
91708 4233 77719
57793 -1 -1
78642 -1 -1
34560 -1 -1
65921 83914 58764
67998 -1 56546
15368 34036 -1
72985 -1 -1
24645 -1 -1
68975 -1 -1
64399 68484 57562
55045 -1 -1
34068 -1 27573
54481 -1 46823
93760 54160 -1
47322 37792 32118
10645 -1 -1
2701 -1 -1
54046 -1 -1
33626 -1 -1
31695 95784 40291
18 -1 -1
43654 -1 -1
39302 93097 63436
51897 63776 10646
2687 -1 -1
83715 23577 31848
28111 30617 28941
52645 -1 -1
48254 28368 98124
24101 -1 -1
5824 95831 74439
26468 -1 -1
46724 -1 17299
72575 -1 -1
96273 32507 33878
18887 6870 80978
45961 -1 -1
10391 -1 -1
13036 72752 42603
55053 -1 -1
54128 8521 -1
76050 -1 -1
60987 91767 -1
22005 -1 20893
67832 -1 -1
29488 -1 -1
33415 54777 -1
66370 -1 43159
49534 36006 72082
93670 56870 54704
22436 90892 91044
48539 75656 80456
19438 -1 -1
54777 -1 -1
8885 25242 19284
54539 -1 44501
52926 -1 -1
53249 -1 72555
70089 96203 -1
1593 75931 -1
52457 22359 76007
877 -1 -1
78399 27338 28370
62770 -1 42785
16956 5139 21858
50753 96821 1994
87039 -1 -1
50322 -1 -1
56307 -1 -1
982 65623 -1
64786 45942 81677
6578 1076 82882
47122 68071 87032
88727 81822 -1
34857 -1 -1
72555 -1 -1
83636 97237 63433
8132 99063 69657
24984 -1 -1
70795 89390 51961
56787 -1 -1
82260 16266 22390
7459 22246 96098
54852 -1 -1
6015 28694 55887
9080 -1 -1
24919 74906 -1
96840 12630 44488
72161 -1 39736
61436 -1 -1
80521 -1 -1
80242 -1 67174
24932 -1 -1
89565 -1 -1
84731 -1 -1
41279 77218 71614
18381 41280 36860
92201 6277 5635
17263 -1 27170
52944 -1 -1
65462 8736 77490
48813 6483 92093
98532 5715 29823
28254 67461 92252
74504 -1 -1
6872 4318 -1
33878 47587 99609
65645 -1 -1
29630 50977 77632
17599 82842 70987
40204 43387 44201
36551 -1 -1
10202 -1 -1
25068 -1 -1
68831 -1 -1
15523 -1 -1
2445 87842 49729
91979 81837 58099
24651 -1 -1
91459 51031 27141
45980 80625 52310
50749 -1 38052
52244 19434 32339
75431 -1 -1
16913 10832 -1
46076 37657 -1
98582 82628 23002
92876 49066 14065
99363 48526 56143
67180 -1 -1
1918 -1 3573
90608 24985 36411
88241 60567 -1
92301 -1 24611
80523 -1 -1
13687 -1 -1
79280 97967 82814
55761 2602 80264
28011 97158 -1
83617 -1 46030
95523 -1 -1
23540 34225 -1
95803 62869 99184
89272 82755 65906
41389 68904 -1
41693 -1 -1
33210 83973 30647
18378 -1 70138
36820 55947 59996
75100 3522 78779
45972 14378 87127
30615 -1 -1
27794 -1 -1
58951 -1 52385
64033 -1 55565
34341 -1 47938
14385 -1 19996
26826 -1 -1
79872 97856 52243
68501 61578 45258
11897 -1 -1
88726 45971 77406
67870 -1 -1
27170 -1 50062
87737 -1 -1
47720 -1 -1
13734 -1 -1
62761 -1 -1
48715 -1 -1
70041 -1 -1
30467 80836 9107
96101 -1 -1
16095 88373 96911
21252 -1 -1
46574 -1 -1
41888 17604 72792
12046 -1 -1
41042 -1 -1
84572 -1 -1
95068 -1 -1
16575 -1 -1
21494 -1 -1
89532 38447 62139
46042 -1 -1
31005 66370 51975
35912 -1 82786
67160 -1 -1
15048 -1 -1
62739 24565 76598
61794 84794 51936
46205 -1 14575
45545 26286 22220
14487 67185 -1
92386 43249 73007
72932 22907 58296
35674 -1 -1
52087 99363 55172
76411 -1 -1
9720 96335 27830
64178 -1 -1
96553 69754 76964
78231 -1 -1
7955 7459 24642
92839 53011 21905
69137 4395 42844
99872 -1 -1
70468 -1 -1
40008 72018 -1
28181 72278 82525
471 -1 -1
45971 35223 98351
27483 40923 99661
96640 66778 1621
15511 -1 -1
95495 -1 73735
43389 31993 9561
78689 2029 -1
64928 -1 20692
39547 25923 79846
11742 10631 55710
51490 71895 30601
92072 -1 -1
87446 -1 -1
31347 63709 -1
87849 -1 -1
23923 -1 78269
68659 -1 -1
83713 -1 -1
9678 93923 4629
68484 -1 40747
47194 69266 -1
75584 -1 12732
75260 -1 -1
1787 -1 -1
35305 -1 -1
93750 14927 -1
3082 9080 -1
71460 81298 -1
51805 71951 55383
47226 -1 14027
12413 -1 -1
64084 -1 -1
56065 66382 -1
98126 -1 -1
61497 68821 -1
22805 -1 59869
63752 -1 -1
63281 98583 25437
2618 15783 92641
16702 79418 93346
61247 88262 9530
90341 31646 15727
65532 73288 -1
63502 -1 -1
51961 -1 -1
23960 87002 14829
48110 -1 -1
42692 -1 -1
19810 49819 86169
35291 -1 -1
46006 -1 93612
2449 -1 -1
53324 -1 -1
99089 83288 74732
15861 87511 65369
62313 88793 73273
50172 84731 -1
52648 -1 -1
37358 91629 60177
29374 90341 91208
98832 -1 7752
92944 -1 -1
99767 19048 27257
90537 65918 61782
50026 64967 69315
9882 -1 -1
94150 81471 81277
73464 -1 -1
17089 47068 77841
26488 -1 -1
12289 -1 -1
64806 19337 61884
19164 -1 -1
80385 -1 -1
11198 -1 71506
13729 80926 28572
99609 96654 -1
58920 6031 5497
51316 68816 -1
6856 67826 27037
57285 77174 -1
14778 59304 -1
69655 -1 -1
17286 72442 11553
4887 -1 -1
39017 -1 83713
19875 46077 20968
88949 79752 72054
91942 58700 17535
31694 -1 -1
76140 43257 11788
69002 -1 61642
5534 47789 17113
17604 53906 -1
37154 -1 -1
86604 -1 56608
41390 -1 -1
68248 -1 -1
98269 -1 -1
85621 60822 -1
30745 -1 -1
59661 88402 76119
67916 30944 76272
46543 7908 49192
36691 -1 -1
76737 -1 31450
60435 21824 55985
50837 55556 60035
32078 6172 16661
66306 53198 32023
10528 67654 21834
23433 -1 -1
8929 -1 -1
62374 33398 25220
14854 -1 66593
10646 56256 61135
50273 -1 -1
56655 55761 84012
48605 91099 87793
36212 -1 -1
65116 65084 93362
1489 -1 -1
23132 -1 -1
53458 61790 74207
96954 -1 -1
83866 -1 -1
11049 17489 77779
33925 -1 73037
40847 6420 54561
13748 56604 14385
50949 -1 -1
67185 -1 -1
7835 -1 16229
62687 26631 25232
99581 -1 44035
77724 -1 59980
93313 -1 -1
94565 -1 -1
42055 17776 61564
35971 -1 60130
30952 94072 23551
98748 -1 -1
74845 -1 -1
25098 -1 -1
98108 44047 58133
16176 32793 -1
60135 -1 69879
4942 -1 -1
83755 -1 -1
11145 75875 47671
37029 -1 -1
47309 -1 -1
95122 38675 91444
41445 -1 90883
61824 -1 -1
93115 24844 -1
66524 77062 -1
22793 -1 -1
23453 -1 49111
11671 -1 -1
33698 90115 -1
20515 90957 4329
31691 36557 62313
66799 -1 99284
62481 -1 20252
60975 10142 -1
39816 84735 -1
57626 -1 -1
43806 -1 -1
91692 86288 87999
61213 -1 -1
69499 -1 -1
8201 47283 -1
16218 31486 77964
89345 -1 -1
16870 17131 48813
6433 33096 82571
80347 -1 36759
98685 37842 36752
30576 -1 -1
50934 68007 61480
56760 26227 -1
86288 81456 37499
55819 39151 81385
40499 -1 -1
66840 -1 -1
80165 -1 67128
74871 96847 55949
41142 69096 -1
30030 66989 74305
14372 -1 -1
98317 20118 -1
86281 54763 21582
59970 -1 -1
44498 -1 88170
7317 43703 -1
24295 37154 -1
54011 81723 92393
20118 79576 77157
93761 -1 67190
70147 -1 -1
8118 72017 54687
80264 -1 -1
76598 72932 53410
77348 -1 -1
94305 -1 -1
96042 92428 18305
76515 30842 55911
93357 -1 51286
44787 -1 54510
33349 -1 -1
80420 -1 -1
61443 52944 39847
77453 87038 1675
79320 85767 -1
17207 19742 55082
48526 -1 -1
18729 35857 23760
94158 24987 45738
98915 47935 57272
99239 -1 -1
30855 41937 37765
74753 -1 85213
31746 30030 -1
93576 5278 -1
20893 35075 -1
53555 -1 -1
95964 -1 89510
59953 94270 68921
91922 30371 47463
42545 -1 -1
41013 -1 92599
9301 51524 73986
45589 15734 22003
83914 -1 -1
33131 51379 93854
90128 76619 76515
11360 48271 80165
28005 84323 60811
25531 25915 -1
12123 -1 35192
55911 48618 93713
17776 97745 52090
39761 -1 -1
99059 -1 60339
67126 -1 -1
61711 -1 -1
86414 52815 -1
82408 -1 -1
31875 -1 -1
71796 5845 83393
79797 93644 71022
26197 -1 -1
64011 80949 13325
21544 -1 -1
91028 26550 30065
54561 95839 5612
93956 -1 8236
70536 -1 -1
2252 26430 83751
7709 -1 22695
90755 -1 -1
95549 -1 -1
47036 -1 41569
5038 90720 93963
62716 -1 -1
83288 -1 -1
54221 37726 98582
89306 -1 -1
66845 -1 -1
26335 37677 -1
39506 33626 -1
44999 97713 -1
38766 459 -1
99076 -1 -1
55308 59544 59738
9544 -1 70396
37499 1779 83941
2979 89025 88298
72392 -1 -1
96675 -1 -1
30842 6888 85376
10612 45023 69523
60035 53274 83479
96656 -1 21797
24332 -1 73144
36984 -1 -1
47917 61726 77595
59738 43244 -1
84331 25492 41148
21062 90680 43323
38879 69314 41071
44047 -1 69499
2560 78709 -1
7387 -1 -1
70246 91745 -1
65623 -1 96722
49949 69682 22152
70524 -1 -1
32498 -1 -1
50798 -1 -1
57190 -1 -1
8863 -1 -1
57447 46042 -1
78074 5472 19863
59200 47226 87849
9368 -1 80780
80450 29161 -1
3655 -1 -1
17535 42461 -1
4639 -1 71
73162 12522 69423
39113 -1 -1
91729 -1 -1
42090 60649 -1
92730 81986 26073
50522 52378 51487
7701 -1 61015
53503 45891 40359
26415 -1 41389
62828 13582 25765
39480 36536 1172
15830 11254 69993
52492 40193 59202
33609 -1 -1
21541 43264 58149
96377 -1 -1
56458 -1 -1
30700 64786 -1
51524 -1 -1
68694 2942 70437
29894 -1 63672
83940 57391 3439
29235 -1 -1
66158 -1 -1
99354 23426 85270
65076 39655 -1
79932 71295 83304
24099 -1 -1
39002 -1 75584
22018 91946 -1
15307 21116 1712
5027 -1 -1
77362 83679 -1
48462 -1 -1
62680 -1 -1
8070 -1 -1
60837 -1 -1
87164 -1 -1
69099 35218 83565
73680 -1 -1
69881 57190 7088
78447 67230 -1
55637 57010 -1
40432 -1 -1
53673 -1 -1
86950 93655 -1
75140 -1 -1
47671 88563 8153
63042 7387 -1
20666 51209 83885
27177 37817 46883
52956 10526 72780
77446 59825 -1
21075 -1 67273
7210 -1 -1
23357 -1 -1
58886 34444 -1
58068 -1 -1
77282 43211 52649
45165 -1 -1
6403 -1 -1
77719 54055 -1
47398 57139 96556
15620 69180 64501
21358 60770 81759
84547 92280 55510
10155 -1 -1
71295 40402 60435
93242 -1 -1
61255 58299 89105
62277 -1 -1
6765 -1 -1
50881 -1 -1
71614 -1 3173
73030 -1 -1
11562 -1 -1
90892 -1 62849
26150 -1 -1
96316 -1 -1
14482 10375 -1
1905 -1 -1
84371 -1 -1
75616 -1 -1
530 16648 -1
88280 36882 49454
17474 93550 50280
68576 -1 -1
12611 47672 13834
6358 -1 81982
59969 -1 53056
72763 13036 19885
36813 41374 -1
69198 61763 7979
85730 -1 -1
23181 26924 80925
60680 50152 68265
54833 4550 94150
33873 83793 25416
93782 -1 -1
10658 38939 40645
3433 -1 97116
13435 8838 80394
75417 73561 25039
47436 85730 21495
51680 -1 -1
4758 76187 50503
9437 -1 20061
23509 -1 -1
37982 24882 85681
83604 -1 30279
51665 -1 -1
29178 -1 -1
78537 27116 -1
6429 -1 -1
65609 -1 -1
16297 44292 -1
26094 -1 -1
973 18544 -1
16380 -1 36321
27921 94305 70998
22354 14835 45966
68128 36027 59953
53197 -1 98126
92450 62125 67234
45023 79072 -1
96093 35761 91812
51379 57135 81538
23601 57961 32539
28 99125 2241
92850 -1 -1
98054 20337 55255
64632 46039 -1
83463 -1 -1
41271 -1 -1
61028 -1 96316
1159 25121 89118
57351 71919 3531
81990 -1 24927
70066 43068 67777
52505 -1 -1
58149 95548 65409
46630 -1 -1
97929 -1 -1
16852 -1 68652
62960 -1 -1
31965 -1 -1
82814 40393 7546
83541 -1 -1
31993 -1 76846
24889 -1 -1
72144 28261 82638
56643 -1 -1
41374 -1 83138
68258 -1 67126
70722 4639 83534
32495 82684 18117
41432 23118 73929
9941 -1 95524
14859 22700 21596
49039 -1 -1
94364 15142 63740
8108 -1 -1
2626 63606 40353
79512 26150 23601
51743 68258 -1
80427 23580 92332
25881 65098 17881
11307 -1 -1
88309 -1 -1
50879 -1 -1
69059 70688 56439
75216 67832 -1
18623 -1 -1
60885 -1 -1
94786 -1 -1
85098 -1 -1
31302 35526 53220
44918 -1 -1
2264 24602 54221
23207 -1 -1
3632 3913 31828
6725 51490 52234
60521 -1 -1
82708 72386 -1
9783 70738 -1
98367 90223 89257
98465 -1 -1
30029 45253 -1
52733 -1 27495
77250 66777 83820
79146 -1 -1
75636 92683 43178
59999 15662 -1
86269 -1 -1
7908 -1 -1
41589 49932 -1
87511 -1 -1
17595 85737 -1
28010 89912 -1
96222 -1 -1
29898 44633 79990
63691 29460 62251
6870 -1 -1
10643 2533 29833
64371 11562 21979
81812 -1 -1
41280 74172 80474
80878 -1 -1
60656 39797 89290
72856 72775 -1
42538 41331 42040
55263 70918 21494
66447 -1 -1
76099 -1 27045
60189 8447 49
42946 -1 -1
83679 -1 -1
90897 -1 82872
82111 72392 75558
525 54568 3591
23092 74314 97853
45895 -1 -1
45258 61732 79521
79412 82009 52104
59564 -1 -1
61743 -1 -1
50011 8815 40764
53198 65492 44187
79741 -1 -1
10292 79932 43594
74959 76526 23905
48288 47398 32128
96917 14942 27714
44187 92316 -1
92071 -1 58664
5234 -1 -1
24611 -1 -1
84006 -1 -1
40366 81830 -1
51742 -1 -1
85485 50834 21000
49931 77989 2264
44826 -1 -1
7745 -1 -1
80313 40453 95901
7240 -1 -1
31544 163 23541
26560 15221 -1
34732 67998 1388
4629 -1 -1
36936 19298 -1
73144 -1 -1
12535 -1 -1
90680 66945 44434
77406 59680 64748
75077 -1 47036
72705 -1 42391
94421 20988 84006
37487 -1 -1
22325 -1 -1
37090 4090 -1
58430 -1 70615
30007 -1 51540
73047 -1 49602
13325 66843 78992
90839 40866 17474
86798 -1 -1
68749 -1 -1
6767 60538 -1
76609 -1 -1
59202 3210 89481
72893 -1 -1
84228 -1 7745
7204 93287 9951
15350 63234 17672
57330 65296 12593
18144 91756 79368
74798 37011 38683
84549 86992 52072
88903 -1 -1
90682 92712 92336
83194 -1 -1
81568 -1 -1
51655 28849 46376
94008 86086 -1
10224 46086 36615
52354 58812 68642
69007 -1 31980
87735 -1 -1
41334 -1 -1
94223 13440 4829
49068 -1 -1
16887 53743 84565
92748 80508 31814
29899 27469 3021
90902 27073 16880
90046 -1 -1
81636 -1 -1
93160 -1 -1
90446 26857 -1
38321 -1 55040
59983 45678 41398
53351 -1 -1
77474 29675 67386
52234 18359 -1
46136 -1 58362
77869 -1 19164
59044 -1 -1
98009 -1 -1
83188 -1 -1
68800 -1 -1
36356 -1 -1
31138 -1 -1
43155 56787 -1
19050 -1 -1
2079 -1 -1
96556 -1 27003
29035 37223 30298
95831 -1 -1
62033 -1 78216
24526 5834 14921
51992 -1 93115
93118 40566 -1
27141 -1 11546
83536 -1 -1
77150 -1 -1
2029 -1 -1
55751 -1 -1
54728 85265 40785
13038 64650 -1
94634 20442 41588
72343 -1 -1
95217 96836 -1
17371 -1 -1
35058 33978 6747
31064 -1 -1
6936 96149 71551
9797 -1 -1
75888 28605 -1
90843 -1 -1
26049 -1 27986
79487 -1 -1
54284 -1 -1
47777 -1 -1
54338 29286 99396
2608 -1 -1
68829 -1 96101
67768 54770 52725
53441 20247 77714
98178 75242 -1
76258 -1 -1
45125 -1 -1
91770 94429 75850
40645 65343 -1
36252 -1 89280
24907 -1 3925
7149 74280 -1
16450 33731 51897
78160 30641 25183
67170 34392 21179
99332 89871 26197
8734 -1 -1
36145 12286 53291
99284 -1 -1
66226 80878 73672
72225 -1 -1
69633 97098 75883
97037 62056 34743
86440 43169 45980
46740 -1 46694
91951 5781 91646
16454 -1 -1
62003 66062 -1
49846 -1 -1
15696 -1 -1
68349 -1 -1
73957 -1 -1
50964 -1 -1
13440 -1 -1
59497 43827 29630
13169 -1 -1
26521 -1 -1
27124 -1 93294
43660 37136 35736
76057 -1 -1
96152 -1 -1
82556 -1 -1
64121 66799 94681
74906 -1 -1
87919 37186 -1
61516 72343 24381
68109 71644 80838
47043 -1 -1
7182 82038 5027
3371 46380 9580
85524 21981 29579
46734 -1 -1
17726 77519 64371
55754 12637 18533
71644 -1 -1
98121 -1 5911
31486 66301 70097
28364 -1 -1
10777 -1 64200
65849 55203 9519
32023 8070 51680
20963 -1 -1
96190 -1 -1
91099 3803 -1
45270 7658 -1
93509 -1 -1
21179 -1 -1
93827 35968 34530
63901 -1 18680
5781 53049 37090
4524 76412 46101
99420 95217 89988
96348 -1 51700
35841 -1 -1
71811 -1 -1
51487 7712 17164
1920 -1 22634
91528 16503 13898
91343 96553 63281
80185 80646 62881
91633 -1 -1
52649 -1 35326
71310 39235 4264
90540 99126 75668
79943 75460 44769
74808 36271 81522
17164 13913 88552
15089 7000 -1
53145 59504 -1
85681 -1 -1
19337 -1 91775
18176 57564 52648
65731 2630 92854
92252 -1 -1
72160 56643 -1
60710 68708 85464
42894 23260 42174
43211 -1 37163
29315 14084 -1
15245 31302 -1
11873 -1 39138
10493 36780 -1
46209 -1 -1
50682 -1 22559
16527 -1 43587
32629 55921 65770
95515 692 18144
64555 92143 77699
46027 10588 66202
34530 -1 -1
38340 61823 77724
9295 35836 16297
39647 -1 -1
12095 -1 -1
87096 26907 66683
73323 94937 56760
70684 83204 43772
86678 -1 -1
33899 -1 -1
62906 51004 18904
32500 25858 14073
8522 -1 -1
90747 -1 -1
16877 33508 24462
52331 -1 -1
98635 72050 92379
55203 40934 693
29258 78160 46459
92570 89272 78124
23822 2252 49931
98187 74845 -1
25091 -1 -1
44501 -1 19438
16412 -1 -1
26377 -1 12095
80456 87095 -1
22742 31649 70066
83338 -1 63562
63972 -1 -1
55887 59375 -1
40622 -1 62058
97939 81269 37914
64432 -1 91312
23510 -1 -1
5300 -1 -1
61705 51615 67170
73927 -1 46186
71405 -1 -1
67174 -1 -1
30040 -1 -1
71201 20696 -1
92098 82386 99097
49330 88178 -1
29215 -1 -1
76287 32888 88726
52179 -1 -1
32119 -1 -1
94681 63968 6683
6049 43029 60718
76837 32895 49422
82573 28502 -1
79242 -1 -1
83175 45426 31189
33014 63204 -1
72899 28104 24889
53974 40819 47627
72278 -1 -1
6827 -1 -1
97853 -1 76429
37163 84375 -1
20716 -1 -1
72780 79242 15510
42943 18382 49075
39080 10155 95909
29795 -1 -1
77441 92306 85709
33523 -1 -1
96722 -1 -1
32107 79985 66771
83793 63972 -1
67388 -1 -1
73037 -1 -1
2849 -1 -1
19996 -1 -1
75230 -1 -1
70330 -1 -1
80780 -1 44927
692 -1 -1
49819 -1 -1
27656 25198 16066
79417 69229 40622
46168 -1 -1
58764 -1 24651
96653 -1 -1
7569 67527 11742
63797 75705 91336
99193 38012 62168
61785 23247 57927
35857 -1 -1
6905 26779 8885
23650 50704 -1
96847 -1 -1
75633 17165 60979
84595 -1 -1
32588 17736 58068
31328 -1 -1
74218 83497 56973
79617 23482 37467
84022 -1 -1
34966 -1 -1
22406 42940 76851
37235 -1 -1
14442 -1 41187
2639 91595 -1
77616 71681 63460
1712 29164 62499
95784 95855 98269
7208 32384 -1
13874 57547 29596
24408 -1 -1
71577 -1 -1
79738 95142 11145
83307 -1 -1
2357 27837 98390
86803 -1 -1
3222 65158 13001
41337 10123 60495
76658 -1 -1
36219 -1 -1
78820 -1 61515
70938 81301 74871
99866 84154 26382
56841 46162 65116
6666 -1 61700
25915 -1 -1
75997 -1 88565
9921 96975 4322
48819 46282 -1
2545 58481 85790
6889 69213 -1
63074 73597 7940
51546 86055 65416
28417 54620 93576
61423 42312 5763
74172 17486 89014
62271 -1 -1
39116 -1 -1
28200 -1 -1
17396 -1 -1
76278 66293 85819
89105 -1 -1
87783 84758 1624
22907 -1 -1
13932 -1 -1
82662 -1 62831
57902 60798 29882
65926 49807 3303
45149 -1 44954
90266 73957 59750
43594 65036 40431
66520 -1 65564
45184 -1 -1
23772 -1 -1
87661 -1 -1
80791 -1 -1
62150 39113 67923
33056 54481 837
11546 -1 -1
92420 -1 20352
82842 74727 11657
2086 15468 30369
68007 -1 -1
19968 -1 -1
18925 -1 -1
73007 77453 -1
25718 -1 -1
96051 -1 22399
45668 -1 -1
11936 67180 -1
20337 31317 -1
23912 -1 -1
34303 93544 46926
13040 55751 -1
80041 -1 -1
67609 68741 91358
73049 -1 -1
44309 -1 -1
37951 -1 -1
13111 -1 -1
72672 -1 68858
6818 -1 -1
84267 57263 60975
30601 21321 47907
20137 37318 35781
8604 81920 39162
87922 49116 73680
22071 -1 -1
91265 79000 6361
99303 -1 -1
75117 -1 -1
16139 50172 -1
86429 31544 6767
1627 -1 -1
22535 27026 26461
2630 3655 96566
53373 -1 -1
87349 31138 -1
93753 96772 35417
79575 -1 -1
44173 66890 -1
92105 40637 64487
49903 64981 -1
39605 -1 24332
26229 76885 3548
74183 82747 60115
57359 10424 -1
19067 -1 -1
5911 45039 64736
13463 -1 88459
44152 13973 87495
4398 -1 -1
83433 20198 -1
80925 -1 -1
83369 69070 57776
3579 -1 -1
19354 2671 3098
59805 -1 53324
98409 24512 33528
18920 -1 -1
40092 21544 -1
36969 57535 99007
73785 71460 84371
81522 -1 91082
83150 -1 -1
87552 -1 80347
1458 66277 61498
88979 -1 -1
25566 68151 62068
72054 95199 30642
99899 72753 82617
15704 -1 -1
70688 6540 -1
92961 -1 -1
6149 -1 -1
67955 26288 47322
11832 -1 -1
62883 -1 -1
94692 13310 53375
69180 52800 -1
87569 77163 37831
16293 726 7657
22246 -1 17910
17939 64948 78467
65922 -1 8713
5053 -1 -1
39217 -1 -1
49919 67407 60680
12217 -1 56458
10326 6504 62308
38372 -1 77682
92142 50770 2560
66677 12867 67156
72023 -1 5559
75725 88284 71796
42159 80095 -1
94209 35207 82303
17736 -1 -1
92539 36293 73844
1259 40468 63884
36729 5363 73944
45424 -1 -1
13854 -1 -1
25183 -1 -1
4090 -1 -1
68082 -1 -1
55181 -1 -1
87856 -1 -1
37261 -1 -1
93612 29178 90988
47907 -1 -1
62766 67388 -1
22865 -1 69651
11850 -1 -1
87360 48713 -1
96164 21401 -1
40281 -1 -1
40186 25192 53541
50841 34317 -1
23455 76079 42201
51031 4419 73774
53454 -1 -1
36110 -1 -1
16050 13736 45560
75881 93224 44215
76007 10087 -1
54922 -1 -1
44482 -1 -1
2506 15068 -1
85270 86670 90441
14273 -1 -1
47177 22685 39682
70357 49138 74884
30795 -1 -1
75987 95822 19448
92997 -1 92072
17031 -1 -1
73735 -1 -1
64981 -1 -1
46520 -1 -1
55821 -1 -1
22928 -1 -1
72274 -1 -1
93815 70089 35862
47344 -1 -1
45692 15479 40204
92393 -1 -1
67516 71904 77733
26916 54394 48648
66366 -1 791
97824 -1 11565
82386 71462 46076
58175 -1 -1
72093 12366 90959
58411 -1 -1
18720 63657 23546
96484 -1 92018
39454 -1 -1
35244 -1 -1
17613 -1 58201
67880 -1 98408
93683 51464 99474
16582 -1 -1
36027 -1 35971
23435 96840 49106
40732 71769 87927
44636 33969 21633
62973 2366 66727
99396 -1 75056
10123 11448 36393
12623 40157 49278
79275 -1 -1
69139 95507 13751
66844 81765 18479
80226 -1 -1
40662 56726 2068
21805 68650 -1
65084 79756 -1
11024 45969 40132
26395 94712 78892
44759 -1 16995
71506 -1 42090
23260 32077 -1
76150 -1 -1
54042 13546 -1
77632 -1 48791
87276 25054 87395
99712 49182 87322
85993 -1 41861
39729 47309 67338
79576 -1 -1
24360 -1 -1
57278 -1 -1
31543 44687 93310
89464 -1 -1
91471 -1 -1
87322 12633 78570
47265 -1 -1
35701 93834 8077
7982 -1 -1
9209 -1 -1
91127 31060 -1
72017 -1 -1
92316 95973 38472
70480 38412 96042
35785 16412 1224
3980 -1 39217
58102 97566 -1
6962 3911 -1
35021 -1 -1
36560 -1 -1
28351 -1 -1
23577 12467 -1
12425 -1 -1
40359 -1 -1
39099 -1 -1
25220 62214 6161
35585 -1 -1
80853 -1 -1
84607 63781 -1
13401 -1 -1
31656 -1 7335
96068 36733 81932
3008 36442 -1
46707 -1 -1
62916 17031 8564
83708 39086 73604
43264 -1 29379
8056 89124 44384
51344 41142 -1
22867 -1 -1
75425 23386 51316
41178 -1 -1
97034 -1 -1
4550 34341 -1
56534 93313 44918
44302 -1 47265
16430 -1 -1
37624 74844 83270
72792 -1 -1
49696 -1 -1
48383 -1 83369
19029 47194 44376
48271 -1 38018
59705 -1 -1
81100 -1 -1
46340 84584 55638
26500 -1 -1
54571 74482 84267
13982 -1 -1
39799 55252 93918
46329 58804 45061
87437 -1 -1
23563 65731 54387
39235 91729 -1
36039 63797 34974
23061 -1 -1
1629 16724 67955
60997 -1 40805
25416 32706 -1
64655 81618 -1
68813 2831 -1
99912 81051 78304
76651 28014 78865
90523 13044 -1
50082 -1 -1
56241 -1 -1
21297 43969 22005
53196 37093 2253
45894 86621 89433
87484 -1 -1
70296 -1 -1
67953 48556 52622
93141 -1 -1
23394 -1 93057
23217 61436 59186
60193 98128 7414
70987 27421 21541
62081 -1 -1
53344 31352 84589
24952 54157 51747
76657 -1 -1
2121 -1 32207
73701 -1 -1
29084 -1 -1
81407 77782 19810
9554 24629 30823
28917 88984 -1
84565 -1 82318
75175 -1 64229
22634 -1 -1
13751 57163 46152
67201 -1 -1
46295 22793 15947
6542 -1 64655
7940 -1 -1
42615 36452 8843
77699 -1 -1
23788 18747 96530
99294 25802 11873
24222 -1 -1
93684 95515 65609
89433 57782 55181
8463 -1 -1
88225 -1 -1
22695 23022 -1
868 98684 25346
86491 6286 18393
61460 25485 64215
43880 -1 -1
64209 -1 -1
46376 -1 -1
18305 -1 -1
1451 10543 38701
45321 12543 87401
80508 48524 76304
81982 41696 44309
60798 -1 60135
9519 1338 83111
44159 79970 94716
17234 59036 88201
39138 -1 -1
67678 40917 56334
6280 -1 -1
83304 40437 -1
51326 42058 2034
69177 26532 36234
34522 -1 -1
92428 20304 57732
88984 6857 -1
30740 -1 -1
83000 81053 84647
80754 -1 -1
82520 90605 33056
14065 73452 57256
43244 -1 -1
51364 -1 -1
71339 -1 -1
59330 -1 -1
94967 68800 -1
6857 13772 62614
47423 -1 -1
70123 -1 -1
77315 -1 -1
45717 -1 -1
48274 -1 -1
60979 -1 -1
71404 -1 39625
28686 -1 -1
45555 -1 -1
79000 36183 79979
13300 -1 56828
47057 -1 -1
49942 84749 3359
44722 -1 -1
30317 68749 9295
66777 44595 37206
60058 -1 -1
14117 17755 43155
17318 -1 -1
54770 48605 63239
18255 34375 68963
53955 -1 -1
87898 -1 -1
7660 71605 15922
94897 25134 60660
34486 15523 -1
53840 49846 39148
75875 13862 71811
7013 97608 -1
33607 59877 82255
23052 -1 17729
66214 66011 95152
24256 -1 -1
98390 -1 -1
11612 99712 72116
73604 9814 63141
33496 -1 -1
33949 69633 449
95832 81103 99140
1460 87919 88492
93655 80544 -1
58832 -1 -1
77000 83629 30462
4386 95900 19492
77595 24907 -1
29286 -1 -1
55032 -1 38365
6540 -1 -1
54264 77099 70507
58749 -1 -1
51139 17578 25576
58132 11514 -1
80922 -1 -1
35457 -1 -1
34589 -1 -1
38645 -1 -1
8938 85347 -1
60514 3404 23499
64896 14854 -1
56493 -1 -1
47016 -1 -1
12637 -1 -1
92020 64679 40276
11127 -1 -1
74499 -1 57278
85302 27207 -1
12467 -1 -1
16229 -1 -1
55897 52179 34713
6303 -1 76016
8447 33261 -1
12260 53540 -1
27929 38724 88193
36801 -1 73322
80687 -1 -1
60130 -1 -1
23012 96885 16430
44289 74120 -1
60715 -1 -1
90045 53652 7431
24737 -1 64084
49751 20159 -1
65493 56685 16871
97184 -1 66056
85065 31031 90889
89028 -1 75565
75056 -1 -1
96530 53326 92289
62656 48014 92193
44828 -1 -1
4797 30865 -1
23009 24471 99294
5556 58822 -1
53199 -1 -1
53505 98399 -1
94797 86456 6429
21495 -1 53240
20927 -1 -1
11749 64573 66238
12599 11544 21805
13712 -1 -1
56870 2626 66844
42391 -1 -1
50609 75123 -1
3078 -1 -1
25437 75227 15973
14317 21826 51586
31184 -1 -1
62778 15245 56385
77646 50954 -1
12732 -1 -1
31027 -1 -1
84961 -1 -1
47399 -1 -1
53083 17124 -1
11620 -1 -1
24655 25538 -1
19536 2606 71703
63949 90315 44988
54794 36333 43027
75993 -1 29998
51643 11368 91265
77174 -1 -1
40393 82570 22160
45868 -1 -1
95323 50066 32609
70275 -1 94308
49115 -1 -1
55013 1265 32588
97158 -1 -1
90650 12415 2775
84647 75636 62374
64157 22261 -1
10415 -1 64632
80679 21558 15282
74329 -1 -1
45028 76073 13169
73626 50135 41779
90720 -1 -1
93478 -1 -1
93317 -1 -1
73763 11200 99846
49192 -1 -1
46646 87276 51980
12933 98166 -1
5845 -1 16505
58997 89309 33124
96282 -1 -1
90845 -1 -1
95100 61797 -1
6504 -1 -1
76742 50353 92615
72943 83714 20291
56456 -1 16454
82509 -1 -1
36423 -1 19273
84714 41752 -1
96700 72893 98532
62242 33244 -1
36873 56054 46851
87799 39761 -1
48382 18378 52331
48752 -1 -1
12867 76858 29872
15345 91302 11445
70638 -1 71002
20247 -1 -1
43811 6764 -1
32090 -1 -1
74305 -1 38659
59375 -1 -1
94820 -1 -1
80625 62828 -1
79072 -1 -1
52958 -1 74264
76049 65926 46027
72680 -1 -1
46821 -1 -1
24565 -1 -1
80095 37127 36237
20205 55034 22919
1684 -1 -1
89902 73291 62825
34919 44482 29122
61642 -1 -1
72650 46630 513
41071 74152 54738
28211 21050 43650
1901 81365 68483
1388 -1 -1
55088 69599 1451
40680 -1 -1
18369 -1 -1
54351 98137 70461
977 -1 -1
68114 94470 -1
40787 -1 -1
76065 -1 -1
44294 46063 -1
37831 -1 -1
66945 23207 -1
65085 -1 50160
96198 46099 42159
56869 21104 75868
97785 -1 80666
33754 13958 63901
74314 96231 69090
87038 -1 -1
34342 87570 -1
63436 59805 56725
55710 -1 72968
92571 -1 79983
92000 -1 -1
56385 65493 99332
15841 80754 83687
66771 -1 -1
27978 67001 2357
42762 -1 -1
13355 93585 28234
89362 46808 -1
55947 5937 68659
97566 -1 97060
84584 58050 90068
36860 14859 40847
15078 -1 -1
88501 89345 -1
9489 -1 -1
48822 -1 83527
4419 83107 32456
47586 -1 -1
19742 -1 -1
90269 56357 -1
99646 -1 -1
13546 25672 96629
66727 40482 54844
92392 -1 -1
5939 32078 63477
56652 -1 -1
50280 83812 30682
92779 -1 -1
37701 -1 -1
89725 23988 82516
32900 -1 -1
56373 6327 98121
24934 36547 54042
31833 -1 -1
82166 22574 -1
5497 70123 67160
42849 3461 -1
45426 20957 48718
62881 -1 -1
42844 -1 -1
2253 6226 8118
26907 -1 -1
26331 -1 -1
64945 12370 99929
19236 -1 96484
6026 -1 -1
92959 -1 -1
76858 15033 -1
51117 96600 54011
38675 -1 -1
19422 75278 28890
27714 61359 94518
32927 -1 -1
34370 90616 72864
86236 -1 -1
6774 -1 -1
41085 -1 -1
39367 -1 91152
6779 -1 64686
7357 25910 83956
36222 -1 77386
99676 -1 56048
65369 -1 92959
5363 65085 53441
44201 87096 36413
88565 -1 -1
7779 6445 73697
43479 -1 11849
76700 -1 -1
25450 82408 93872
36363 -1 90755
67276 -1 45868
84375 -1 -1
27445 -1 -1
54290 25658 82787
47352 -1 -1
21509 42642 90902
1272 87435 96178
92018 -1 -1
41194 99581 -1
66056 -1 -1
1730 -1 -1
60894 -1 -1
50959 4726 56680
730 17977 53083
30065 82111 96068
6361 -1 30032
92336 -1 60222
50114 46996 -1
44104 91781 -1
19518 28011 -1
22514 87780 -1
86748 -1 -1
81893 71167 77770
21726 54922 26391
47332 87995 -1
3769 37261 83755
67221 14200 71552
76417 56927 -1
80394 2687 33899
72880 -1 -1
74307 17939 -1
27347 -1 -1
52301 18877 -1
71022 61469 91241
11961 9437 68842
45911 -1 -1
45644 -1 70536
46499 -1 -1
12900 -1 -1
37937 -1 49977
41952 -1 84551
41986 -1 -1
73387 -1 -1
97444 -1 -1
40934 78266 -1
52158 19307 51992
33838 28917 96658
21050 37708 47963
909 41489 31184
98200 -1 -1
45087 -1 -1
44601 -1 -1
87032 -1 -1
1035 -1 -1
65350 70156 66445
15849 -1 -1
33066 98108 14188
57348 71042 51090
96970 65354 93782
40866 53458 78429
3913 58491 3233
15371 1927 93337
3454 -1 29496
32888 86281 46340
29713 -1 -1
97218 63906 88394
6354 7145 82636
51986 87552 15413
45616 -1 87034
75123 -1 -1
7960 -1 -1
30823 92818 -1
55286 -1 -1
22479 -1 -1
76412 80512 -1
2208 -1 23595
69166 -1 -1
73446 96653 -1
73451 97477 53982
45182 -1 -1
77062 31833 68197
64617 -1 92779
81277 79962 30665
5278 -1 -1
50511 -1 5531
79965 -1 -1
68607 83383 92377
95535 55216 42841
85936 -1 -1
51963 91266 46781
25658 69604 67999
87319 64517 41306
16888 -1 -1
97008 -1 -1
31088 -1 -1
85875 34589 -1
15922 26414 36655
88298 -1 -1
77682 -1 -1
18853 36150 12933
45422 24645 4887
66722 -1 -1
27173 82987 76418
46019 25098 -1
3324 -1 11127
47463 46432 -1
99661 15378 30007
63234 -1 29928
47277 13432 25253
2481 20774 40753
43257 34748 90309
41914 23928 93760
95524 -1 50082
30119 38493 66118
88066 51502 86963
29128 16792 51205
29934 34549 80407
25562 -1 -1
41675 -1 -1
49580 78910 92386
79852 24854 38589
64172 -1 45961
54907 33016 35726
12892 -1 -1
8521 30272 95371
41319 41507 11832
20442 78523 41247
24440 94786 55897
92313 -1 -1
52069 12684 -1
74757 -1 42550
68017 63163 92000
21248 -1 -1
1775 40662 -1
54281 -1 -1
25358 98465 23694
94185 -1 -1
29801 -1 -1
44465 -1 -1
83527 -1 69044
9951 97493 33131
44316 47564 -1
80978 28192 -1
41575 -1 -1
73688 59969 -1
55447 -1 -1
73130 18427 60497
69266 -1 -1
99997 28645 1260
74552 -1 -1
11368 -1 -1
89328 89930 45219
19764 6962 32887
32887 71427 -1
53639 -1 -1
75759 -1 -1
83417 47054 -1
83165 -1 -1
62773 -1 46440
4395 -1 -1
86225 -1 -1
9867 -1 9011
62457 62649 -1
65709 -1 -1
55605 98204 58593
26430 57351 94168
29733 -1 64178
64215 8350 -1
85043 44148 -1
58632 22479 -1
38664 5888 80877
99140 87402 42659
85347 8980 36984
64800 -1 -1
57374 -1 -1
72753 16998 -1
98369 84806 96205
44202 96290 23700
89014 -1 48752
2231 -1 -1
67081 -1 -1
63082 65505 -1
42461 -1 -1
99878 83623 -1
312 -1 -1
25897 12413 -1
81701 -1 -1
37471 86803 62318
5695 -1 -1
49347 -1 -1
2068 -1 -1
16661 62883 71346
84551 -1 -1
52939 -1 -1
32805 1905 -1
50954 -1 -1
38018 -1 -1
14704 11897 41024
64342 87502 15345
66277 74808 48913
85236 53354 70357
96772 -1 -1
53094 -1 -1
44364 -1 -1
7654 -1 -1
59988 2411 37081
38895 -1 15091
8300 -1 -1
18507 -1 28364
60709 66840 20515
63851 5252 40253
77597 -1 -1
92712 62656 33545
2715 71379 69669
93923 -1 -1
6868 92130 -1
7088 -1 -1
75663 -1 -1
88233 79417 5556
95696 94096 36356
99685 -1 84536
13342 -1 -1
67822 61132 -1
65290 -1 -1
41024 -1 85524
78005 83708 45539
63077 85875 29975
40637 14199 3810
23905 29894 6403
36880 -1 -1
78429 69618 -1
58571 -1 -1
53049 97679 90843
20718 39137 51986
40251 -1 -1
61054 8383 38879
82171 96699 73654
37687 -1 -1
19361 266 3033
48718 28106 15021
11200 -1 72672
81830 -1 88056
18438 -1 83866
41192 -1 13889
22609 -1 -1
12641 -1 -1
69236 26377 66447
52836 87165 -1
83376 -1 -1
96405 -1 -1
33882 2454 5038
70530 -1 -1
61017 -1 -1
95808 38606 97451
5712 42278 17812
73916 -1 -1
50009 29237 7850
71076 -1 -1
86456 3361 8817
94938 75768 1272
28093 -1 33600
82874 -1 -1
15734 -1 -1
35526 -1 2792
19697 -1 -1
96885 23923 66845
41331 -1 -1
85437 83307 8508
40747 61653 91361
15156 -1 -1
82673 -1 -1
83534 22661 23751
49278 78725 99239
34221 -1 -1
71948 -1 -1
31848 -1 99351
52176 58997 49802
24512 -1 59970
59228 68975 64565
80202 23910 87641
81729 9068 40092
20317 -1 -1
30369 -1 -1
41320 -1 24165
27928 75881 76594
40187 -1 -1
36780 -1 19067
49066 2351 73047
99097 20731 12611
26288 46923 88187
64513 -1 65024
51522 65290 -1
81157 -1 -1
90889 -1 -1
93585 21298 91589
35736 48822 32300
12500 -1 -1
29998 -1 -1
72729 -1 -1
21386 35509 66513
10087 -1 23363
25576 24835 82422
28370 -1 -1
3022 95769 87952
11854 -1 -1
8029 -1 -1
92229 6881 63432
46095 -1 87178
23980 -1 -1
81063 81309 53785
1673 -1 -1
70277 97784 32162
44376 45205 67509
12445 -1 -1
23101 48404 61794
52435 61938 19236
54510 -1 -1
73392 982 13610
95833 -1 -1
34711 12607 49909
20456 2394 -1
8098 -1 -1
75004 -1 -1
97576 -1 -1
78130 -1 -1
32750 26084 57820
17124 -1 -1
71054 16756 72099
47068 81361 55642
36318 76913 5198
51846 -1 -1
66770 84714 48672
70721 60266 57160
21826 -1 -1
71 97611 -1
64146 93956 -1
69229 -1 -1
52071 43869 56280
39724 72985 -1
90966 47352 -1
43299 97576 74660
32150 52398 49039
50503 -1 91045
28182 -1 63149
75505 65110 71026
76030 -1 -1
63460 13734 -1
5472 15511 59090
8266 -1 -1
33000 -1 -1
72018 -1 -1
96600 18641 -1
11553 -1 -1
94765 36421 62770
12633 46740 -1
9357 88686 29795
53011 -1 -1
8192 90358 18002
68708 -1 32004
53240 49081 -1
3615 -1 -1
93240 9209 -1
41089 42902 75551
47627 85310 5502
86370 18925 66642
89314 37669 10778
51144 18253 33607
97934 -1 -1
79418 80242 79741
74732 -1 -1
69282 31205 15371
36271 34519 76050
32077 -1 -1
84257 79146 36200
65413 33387 66158
44005 -1 72352
40626 -1 -1
403 15926 93129
3882 -1 -1
29556 15861 81411
11695 11360 13281
21981 -1 -1
88785 86429 63970
31189 71948 44316
47370 -1 -1
13913 85302 10807
68301 -1 -1
66301 -1 -1
69420 -1 -1
59869 -1 -1
9963 -1 -1
9833 48131 23650
18427 -1 84212
77157 55412 36485
27037 -1 -1
31872 -1 -1
30376 -1 -1
23733 -1 -1
28234 10041 -1
87780 -1 -1
4261 59705 -1
7150 19096 -1
63239 39725 7989
61132 48390 -1
967 57889 -1
52084 677 94516
3439 78230 36611
5786 6433 29321
42314 -1 -1
36006 69166 69323
59372 -1 -1
45117 -1 -1
6445 -1 -1
40753 -1 19815
99223 -1 -1
68842 -1 -1
59996 93478 1730
91340 85170 67875
78570 40021 94421
65158 73451 35834
40221 -1 -1
59400 -1 -1
49726 84115 67184
73790 41589 -1
53375 55819 56097
85941 40743 65076
28268 45111 73446
40193 47332 -1
59784 -1 69470
15772 8797 -1
62237 -1 -1
99172 -1 5824
5000 72093 69139
38002 10612 87324
947 -1 31548
24471 33373 20659
37657 83461 1627
31083 72151 12535
19885 -1 -1
61829 -1 98787
99735 96104 7208
62869 85236 33147
45284 -1 -1
77451 96476 57672
95162 -1 15774
76272 -1 -1
81770 35520 6891
65252 33415 7142
54579 20970 62000
93330 -1 39474
41100 -1 -1
34119 50252 21075
8679 59506 34967
23482 -1 -1
29122 13358 90253
19788 8679 70575
15329 -1 -1
83185 -1 -1
29386 -1 -1
4903 -1 -1
29144 32019 78730
60681 -1 -1
55787 -1 -1
68909 -1 -1
77782 11049 31372
91807 -1 -1
90068 64325 75888
71366 -1 -1
36733 83541 35585
73322 -1 -1
11646 -1 -1
36087 -1 79561
72352 -1 -1
58648 -1 -1
77099 23093 -1
10631 53955 -1
17897 -1 -1
89280 -1 -1
83409 76921 44152
65431 -1 -1
40439 81351 25358
48498 -1 -1
15447 98467 36969
97097 22244 -1
13716 3897 29031
1050 -1 -1
21802 -1 27882
76275 -1 -1
14549 -1 94339
49765 91490 81900
91836 -1 -1
98952 29974 15089
16066 -1 52389
69423 -1 -1
78266 -1 -1
58593 59110 64399
23199 3737 35029
6042 15435 95832
85523 -1 -1
9066 -1 -1
71681 -1 -1
33411 -1 -1
6298 42612 49731
23481 86798 12641
60179 -1 -1
7133 -1 -1
88635 17523 17639
17755 53555 92313
84040 -1 -1
10832 -1 -1
49447 39397 -1
63910 6868 -1
15357 90747 83671
56357 -1 -1
1162 -1 -1
75668 88473 23394
99341 -1 -1
42624 -1 -1
60884 91432 93026
56943 -1 -1
1076 -1 -1
14191 -1 -1
31194 -1 46499
19673 -1 50322
63884 44005 2608
76080 84900 80450
65918 75401 78130
75235 -1 -1
71552 66512 34659
83371 -1 -1
11774 22921 13112
5198 -1 -1
67835 -1 -1
40990 66226 23435
4329 -1 -1
16375 30720 24879
52 -1 -1
21644 37971 39302
55531 21180 57610
16520 52580 1585
25198 91806 48274
71611 -1 -1
57099 -1 -1
44666 -1 -1
53291 -1 2121
26924 59330 -1
63432 6238 21223
42040 -1 8929
79440 76359 -1
46766 -1 -1
92994 -1 -1
87999 60249 95134
25448 -1 -1
38001 64006 -1
82159 78447 27956
14172 53515 17831
10687 54852 -1
89239 4240 14963
47283 -1 -1
16718 -1 41675
6775 -1 -1
60547 -1 -1
72174 -1 -1
21197 66041 77362
82636 -1 -1
42947 -1 -1
35509 99410 93308
17391 -1 -1
25945 47072 34171
56867 -1 -1
74660 -1 -1
97123 70296 -1
91767 -1 -1
60638 50837 48092
17165 17207 75615
20840 -1 -1
29678 -1 -1
45713 18691 -1
76956 -1 -1
23466 -1 20910
66645 -1 -1
83467 76180 -1
38735 1286 24952
24291 71201 66524
84338 78772 35431
21848 4984 44709
93180 -1 -1
28572 -1 -1
79605 43880 27586
80407 -1 -1
15468 -1 -1
93167 -1 -1
36965 -1 -1
85810 -1 -1
72828 64704 -1
50432 93735 -1
68869 54972 55709
41507 -1 -1
89390 78101 -1
46926 -1 -1
64098 32689 20666
163 -1 -1
28642 36801 24295
93520 82347 10493
84782 38019 79482
40021 64138 70793
26212 76057 58476
97789 -1 -1
20159 89362 55787
80738 -1 94019
41588 -1 -1
3021 30855 -1
4318 -1 20903
76684 -1 -1
85196 92643 71281