4 300 1500
0.87 0.45 0.03 0.00
0.47 0.78 0.06 0.65
0.24 0.86 0.20 0.65
0.70 0.62 0.00 0.06
0.75 0.89 0.52 0.26
1.00 0.03 1.00 0.60
0.17 0.63 0.10 0.68
0.87 0.73 0.56 0.30
0.34 0.76 0.06 0.90
0.55 0.79 0.05 0.69
0.77 0.55 0.00 0.00
0.90 0.09 0.82 0.30
0.76 0.91 0.70 0.15
0.94 0.66 0.47 0.35
1.00 0.28 0.72 0.35
1.00 0.19 0.93 0.53
0.83 0.88 0.48 0.20
0.44 0.79 0.20 0.53
0.54 0.80 0.22 0.75
0.89 0.76 0.32 0.21
1.00 0.11 0.88 0.63
0.79 0.37 0.12 0.07
0.96 0.78 0.48 0.00
0.39 0.68 0.16 0.65
0.80 0.16 0.89 0.37
0.33 0.92 0.12 0.73
0.46 1.00 0.37 0.63
0.78 0.00 0.80 0.44
1.00 0.09 0.85 0.55
0.87 0.41 0.10 0.03
0.39 0.99 0.12 0.81
0.50 0.89 0.10 0.64
0.62 0.17 0.72 0.64
0.88 0.58 0.27 0.07
0.69 0.47 0.00 0.06
1.00 0.13 0.82 0.54
0.38 0.63 0.16 0.77
1.00 0.91 0.67 0.29
0.89 0.01 0.81 0.50
0.16 0.95 0.00 0.62
0.36 1.00 0.11 0.69
0.63 0.48 0.10 0.00
0.88 0.78 0.47 0.23
0.50 0.92 0.11 0.67
1.00 0.31 0.95 0.66
0.84 0.13 0.60 0.54
1.00 0.06 0.96 0.44
0.80 0.72 0.13 0.06
0.75 0.42 0.13 0.12
0.83 0.12 0.79 0.57
0.16 0.77 0.27 0.91
0.23 0.86 0.02 0.78
1.00 0.72 0.64 0.20
0.99 0.29 0.70 0.57
0.90 0.73 0.65 0.33
1.00 0.87 0.38 0.00
0.71 0.72 0.29 0.19
0.90 0.57 0.09 0.00
1.00 0.04 0.77 0.56
0.96 0.75 0.29 0.08
0.98 0.00 0.77 0.67
0.85 0.76 0.48 0.18
0.57 0.50 0.15 0.07
0.85 0.91 0.48 0.23
0.23 0.89 0.10 0.77
0.38 0.79 0.12 0.76
0.85 0.97 0.31 0.22
0.84 0.87 0.37 0.27
0.49 0.93 0.21 0.57
0.65 0.19 0.19 0.01
1.00 0.84 0.55 0.27
0.91 0.64 0.25 0.00
0.37 0.58 0.21 0.57
0.84 0.12 0.73 0.46
0.25 0.86 0.11 0.74
0.85 0.47 0.23 0.22
0.26 1.00 0.14 0.65
0.91 0.80 0.56 0.16
0.30 0.89 0.00 0.73
0.32 0.88 0.28 0.67
0.32 0.89 0.00 0.73
0.36 0.94 0.24 0.77
0.63 0.42 0.02 0.02
0.28 0.83 0.33 0.54
0.33 1.00 0.06 0.73
0.19 0.87 0.02 0.59
0.31 0.90 0.19 0.69
0.75 0.52 0.20 0.00
0.90 0.04 1.00 0.32
0.96 0.87 0.55 0.32
0.93 0.06 0.85 0.49
0.27 0.80 0.00 0.76
1.00 0.14 0.72 0.43
1.00 0.06 0.80 0.44
0.34 0.89 0.06 0.72
0.84 0.85 0.29 0.44
0.92 0.90 0.58 0.24
0.44 0.87 0.26 0.58
0.93 0.07 0.65 0.48
0.99 0.07 0.75 0.60
1.00 0.92 0.40 0.27
0.77 0.50 0.11 0.09
1.00 0.06 0.74 0.53
0.73 0.48 0.15 0.04
0.82 0.69 0.14 0.19
1.00 0.00 0.90 0.45
0.91 0.89 0.44 0.29
1.00 0.14 0.85 0.48
0.73 0.63 0.54 0.20
0.19 0.87 0.24 0.73
0.23 0.87 0.10 0.52
0.29 0.80 0.30 0.68
0.19 0.92 0.22 0.81
0.47 0.74 0.26 0.75
0.87 0.09 0.78 0.47
0.75 0.58 0.23 0.00
0.27 0.85 0.09 0.70
0.93 0.46 0.07 0.19
0.27 0.92 0.02 0.67
0.49 0.89 0.28 0.64
1.00 0.03 0.85 0.60
0.36 0.79 0.09 0.79
0.72 0.29 0.08 0.02
0.89 0.10 0.93 0.40
0.73 0.48 0.00 0.07
0.64 0.49 0.31 0.18
0.25 0.75 0.12 0.66
0.93 0.15 0.80 0.50
0.92 0.67 0.00 0.00
0.93 0.08 0.88 0.42
0.88 0.97 0.52 0.24
0.74 0.35 0.34 0.20
0.85 0.41 0.10 0.00
0.76 0.53 0.10 0.00
0.78 0.92 0.65 0.32
0.73 0.44 0.08 0.16
0.92 0.82 0.58 0.15
0.44 0.79 0.11 0.75
0.88 0.52 0.14 0.00
0.42 0.97 0.26 0.76
0.99 0.04 0.93 0.49
0.41 0.77 0.18 0.73
0.63 0.53 0.21 0.02
0.43 0.88 0.23 0.79
0.63 0.41 0.27 0.00
0.64 0.57 0.25 0.26
0.98 0.00 0.89 0.42
0.34 0.74 0.30 0.80
1.00 0.15 0.86 0.48
1.00 0.09 0.85 0.53
0.44 0.77 0.03 0.64
1.00 0.27 0.73 0.50
0.80 0.66 0.14 0.00
0.72 0.61 0.24 0.30
0.22 0.80 0.15 0.82
0.47 0.99 0.23 0.58
0.21 0.88 0.05 0.53
0.79 0.74 0.51 0.12
0.24 1.00 0.14 0.60
0.80 0.76 0.47 0.23
0.84 0.27 0.05 0.20
0.88 0.66 0.49 0.23
0.50 0.39 0.00 0.00
1.00 0.21 0.72 0.50
1.00 0.79 0.36 0.26
0.39 0.88 0.08 0.47
0.89 0.68 0.35 0.25
1.00 0.27 0.58 0.42
0.82 0.82 0.46 0.17
0.39 0.82 0.18 0.51
0.25 0.68 0.00 0.70
0.22 0.94 0.09 0.76
0.96 0.22 0.86 0.62
1.00 0.22 0.94 0.41
0.90 0.12 0.89 0.29
0.91 0.88 0.49 0.22
1.00 0.94 0.67 0.28
1.00 0.74 0.80 0.06
0.96 0.00 0.81 0.41
0.79 0.90 0.59 0.31
1.00 0.14 0.87 0.39
0.21 0.72 0.08 0.73
1.00 0.30 0.56 0.48
0.40 0.77 0.27 0.71
0.87 0.26 0.77 0.50
0.82 0.59 0.32 0.16
0.28 0.86 0.13 0.69
0.26 0.66 0.05 0.73
0.93 0.28 0.85 0.54
1.00 0.06 0.91 0.51
0.29 0.89 0.20 0.67
0.93 0.03 1.00 0.65
0.89 0.70 0.59 0.14
0.38 0.91 0.13 0.75
0.57 0.67 0.03 0.82
0.80 0.84 0.50 0.28
0.27 1.00 0.18 0.57
1.00 0.94 0.56 0.12
1.00 0.77 0.40 0.11
0.69 0.39 0.28 0.19
0.16 0.78 0.14 0.69
0.69 0.48 0.05 0.00
0.88 0.22 0.84 0.59
0.72 0.10 0.74 0.39
1.00 0.03 0.78 0.62
0.81 0.35 0.04 0.00
0.86 0.80 0.63 0.09
0.90 0.81 0.55 0.07
1.00 0.11 0.77 0.61
0.85 0.12 0.84 0.55
0.38 0.79 0.27 0.58
0.74 0.47 0.03 0.13
1.00 0.09 0.74 0.61
0.92 0.95 0.59 0.36
0.79 0.72 0.51 0.20
1.00 0.88 0.37 0.23
0.48 0.86 0.11 0.69
0.71 0.54 0.11 0.06
1.00 0.13 0.76 0.32
0.33 0.89 0.08 0.88
0.26 0.73 0.18 0.81
1.00 0.00 0.62 0.36
0.90 0.65 0.12 0.04
0.94 0.69 0.36 0.38
0.85 0.17 0.71 0.35
0.99 0.77 0.65 0.35
1.00 0.02 0.73 0.36
0.38 0.93 0.08 0.67
0.99 0.98 0.48 0.14
0.98 0.04 0.94 0.37
0.85 0.42 0.00 0.00
1.00 0.12 0.83 0.47
0.66 0.47 0.00 0.07
0.35 0.70 0.07 0.73
0.98 1.00 0.38 0.16
0.71 0.45 0.06 0.03
0.88 0.94 0.52 0.13
0.85 0.83 0.39 0.12
0.64 0.73 0.19 0.00
0.67 0.40 0.12 0.10
0.75 0.51 0.16 0.02
0.76 0.52 0.07 0.04
0.86 0.89 0.50 0.08
0.46 0.90 0.00 0.60
0.96 0.23 0.93 0.46
0.98 0.66 0.54 0.29
0.22 0.87 0.21 0.77
0.68 0.29 0.14 0.12
0.37 0.82 0.24 0.72
0.98 0.08 0.78 0.39
0.65 0.45 0.13 0.05
0.92 0.93 0.45 0.26
0.85 0.83 0.52 0.05
0.82 0.99 0.35 0.23
0.26 0.80 0.16 0.68
0.30 0.74 0.20 0.75
0.72 0.42 0.27 0.00
0.74 0.79 0.38 0.30
0.91 0.66 0.54 0.31
0.82 0.52 0.31 0.02
0.70 0.39 0.06 0.00
0.33 0.79 0.10 0.61
0.27 0.97 0.00 0.77
0.66 0.39 0.03 0.13
0.81 0.88 0.44 0.37
0.80 0.40 0.18 0.00
0.93 0.18 0.82 0.53
0.66 0.29 0.06 0.07
0.50 0.94 0.15 0.50
1.00 0.85 0.51 0.30
0.89 0.49 0.18 0.00
0.54 0.78 0.25 0.55
0.87 0.00 0.86 0.31
0.89 0.91 0.25 0.19
0.81 0.86 0.46 0.09
0.68 1.00 0.30 0.26
0.91 0.01 0.73 0.60
1.00 0.08 0.82 0.34
0.78 0.51 0.18 0.00
0.58 0.86 0.14 0.67
0.76 0.10 0.67 0.62
1.00 0.10 0.85 0.47
0.87 0.91 0.32 0.23
0.89 0.96 0.55 0.21
0.98 0.19 0.81 0.53
0.62 0.42 0.04 0.13
0.27 1.00 0.04 0.67
0.92 0.40 0.94 0.56
0.65 0.51 0.06 0.00
0.31 0.80 0.10 0.63
0.90 0.92 0.43 0.29
0.92 0.09 0.82 0.46
0.72 0.48 0.20 0.26
1.00 0.19 0.76 0.57
1.00 0.21 0.97 0.46
0.23 1.00 0.25 0.58
0.55 0.56 0.07 0.11
0.33 0.84 0.18 0.89
1.00 0.10 0.64 0.36
0.29 0.73 0.07 0.68