2 25 800
0.57 0.47 0.54 0.42
0.00 1.00 0.10 0.63
0.19 0.81 0.35 0.53
0.72 0.56 0.32 0.34
0.11 0.96 0.26 0.29
0.43 0.60 0.52 0.44
0.66 0.60 0.41 0.38
0.46 0.63 0.42 0.25
0.07 0.95 0.47 0.51
0.03 1.00 0.38 0.65
0.17 0.85 0.19 0.42
0.65 0.57 0.45 0.26
0.00 0.76 0.24 0.52
0.63 0.80 0.54 0.43
0.06 0.98 0.29 0.59
0.24 1.00 0.22 0.47
0.02 0.88 0.51 0.57
0.76 0.76 0.41 0.34
0.11 0.90 0.37 0.71
0.05 1.00 0.27 0.47
0.12 0.96 0.38 0.51
0.00 0.95 0.26 0.48
0.00 0.91 0.24 0.40
0.60 0.59 0.36 0.46
0.71 0.71 0.35 0.37