3 80 1000
0.78 0.90 0.56 0.37
0.40 0.51 0.85 0.63
0.04 0.58 0.05 0.58
0.04 0.68 0.15 0.82
0.18 0.81 0.09 0.67
0.26 0.50 0.68 0.54
1.00 0.74 0.72 0.39
0.44 0.42 0.54 0.31
0.08 0.80 0.00 0.82
0.43 0.46 0.68 0.57
0.07 0.59 0.32 0.68
0.44 0.42 0.81 0.58
0.86 0.76 0.53 0.28
0.45 0.37 0.46 0.50
0.07 0.82 0.07 0.88
0.11 0.81 0.04 0.61
0.33 0.37 0.63 0.37
0.40 0.48 0.70 0.43
0.00 0.71 0.18 0.72
0.02 0.54 0.00 0.79
0.10 0.63 0.15 0.94
0.61 0.21 0.95 0.49
0.02 0.60 0.00 0.64
0.00 0.66 0.23 0.99
0.14 0.82 0.07 0.86
0.91 0.80 0.56 0.36
1.00 0.76 0.48 0.44
0.40 0.39 0.57 0.42
0.91 0.63 0.64 0.42
0.00 0.68 0.25 0.76
0.45 0.52 0.72 0.57
0.07 0.79 0.05 0.85
0.94 0.81 0.49 0.57
0.46 0.40 0.76 0.55
0.58 0.50 0.66 0.55
1.00 0.75 0.64 0.35
0.37 0.48 0.59 0.62
0.44 0.46 0.89 0.66
0.84 0.79 0.50 0.39
0.96 0.71 0.58 0.44
0.92 0.81 0.49 0.36
0.99 0.93 0.54 0.32
0.88 0.69 0.50 0.40
0.17 0.80 0.07 0.49
0.04 0.55 0.11 0.76
0.08 0.67 0.00 0.71
0.70 0.77 0.55 0.52
0.18 0.72 0.00 0.71
0.55 0.32 0.70 0.38
0.36 0.61 0.59 0.56
0.74 0.67 0.55 0.31
0.54 0.41 0.61 0.35
0.03 0.68 0.00 0.57
0.80 0.89 0.61 0.57
1.00 0.76 0.43 0.54
0.19 0.48 0.63 0.63
0.89 0.87 0.70 0.52
0.99 0.97 0.50 0.21
0.37 0.60 0.45 0.83
0.43 0.43 0.60 0.53
1.00 0.78 0.52 0.25
0.00 0.53 0.04 0.67
0.32 0.34 0.64 0.45
1.00 0.79 0.54 0.48
0.33 0.53 0.63 0.39
0.77 0.82 0.67 0.37
0.81 0.66 0.50 0.31
0.16 0.68 0.00 0.88
0.40 0.39 0.56 0.59
0.46 0.46 0.75 0.47
1.00 0.67 0.50 0.39
0.11 0.55 0.13 0.84
0.34 0.32 0.58 0.44
0.00 0.79 0.00 0.77
0.47 0.40 0.57 0.41
0.83 0.67 0.36 0.40
0.92 0.77 0.37 0.34
0.09 0.67 0.00 0.80
0.93 0.69 0.49 0.38
0.86 0.70 0.44 0.52