5 160 1000
0.94 0.42 0.25 0.88
0.67 0.00 0.27 0.37
0.69 0.99 0.46 0.70
0.74 0.90 0.44 0.62
0.88 0.36 0.30 0.97
0.94 1.00 0.35 0.22
0.45 0.09 0.10 0.26
0.81 0.10 0.43 0.39
0.90 0.41 0.51 0.96
0.74 1.00 0.57 0.64
0.54 0.08 0.41 0.27
0.35 0.43 0.56 0.85
0.44 0.43 0.58 0.87
0.63 0.89 0.40 0.31
0.34 0.56 0.84 0.92
1.00 0.84 0.31 0.08
0.85 0.47 0.16 0.86
0.86 0.27 0.27 0.97
0.55 0.00 0.35 0.48
1.00 0.90 0.41 0.10
0.37 0.30 0.62 0.90
0.75 0.81 0.43 0.59
0.46 0.09 0.41 0.24
0.40 0.44 0.59 0.72
0.71 0.00 0.30 0.30
0.61 0.00 0.24 0.28
0.51 0.37 0.68 0.73
0.66 1.00 0.53 0.86
0.47 0.00 0.25 0.21
0.94 1.00 0.41 0.28
0.74 0.99 0.32 0.65
0.66 0.23 0.26 0.32
0.39 0.38 0.78 0.88
1.00 0.42 0.23 0.76
0.71 0.00 0.19 0.33
0.90 0.76 0.49 0.44
0.53 0.02 0.41 0.33
0.38 0.41 0.47 0.79
0.43 0.02 0.24 0.22
0.44 0.62 0.68 0.80
0.76 0.85 0.48 0.46
0.74 0.07 0.33 0.19
0.86 0.48 0.38 1.00
0.91 0.87 0.37 0.26
0.96 0.43 0.41 1.00
0.72 0.82 0.58 0.70
0.40 0.37 0.57 0.73
0.90 1.00 0.44 0.13
0.54 0.19 0.46 0.31
0.70 1.00 0.43 0.82
0.82 0.74 0.37 0.21
0.91 0.30 0.35 0.87
1.00 0.26 0.35 0.80
0.80 0.33 0.30 0.90
0.80 0.88 0.45 0.14
0.80 0.37 0.35 1.00
0.65 0.42 0.36 0.77
0.54 0.09 0.30 0.32
0.51 0.17 0.60 0.24
0.36 0.47 0.55 0.85
0.84 0.93 0.43 0.12
0.52 0.00 0.07 0.18
0.74 0.88 0.59 0.78
0.45 0.42 0.43 0.69
0.60 0.09 0.24 0.19
0.36 0.47 0.61 0.85
0.57 0.42 0.51 0.67
0.54 0.30 0.73 0.76
1.00 0.40 0.25 0.89
0.48 0.06 0.24 0.32
0.68 0.00 0.37 0.33
1.00 0.29 0.37 0.87
0.78 0.36 0.37 0.71
0.69 1.00 0.44 0.51
0.90 0.36 0.34 0.87
0.76 0.95 0.73 0.73
0.92 0.91 0.50 0.18
0.46 0.00 0.43 0.21
0.85 0.95 0.46 0.32
0.72 0.72 0.50 0.76
0.33 0.33 0.80 0.57
0.41 0.43 0.60 0.74
0.27 0.34 0.75 0.53
0.76 0.99 0.63 0.37
0.89 0.77 0.30 0.32
0.73 0.00 0.39 0.21
0.63 0.70 0.44 0.63
0.42 0.46 0.53 0.73
0.28 0.50 0.50 0.90
0.69 0.89 0.50 0.43
0.82 0.46 0.16 0.89
0.58 0.82 0.60 0.80
0.66 0.97 0.27 0.71
0.56 0.84 0.40 0.70
0.67 1.00 0.57 0.68
0.74 0.40 0.41 0.98
0.88 0.41 0.22 0.93
0.99 0.20 0.22 0.73
0.93 0.33 0.31 0.93
0.98 0.89 0.40 0.18
0.76 0.76 0.55 0.73
0.80 0.94 0.37 0.83
0.17 0.41 0.56 0.72
0.99 0.91 0.27 0.16
0.68 0.07 0.10 0.34
0.84 0.29 0.32 0.86
0.88 0.49 0.47 0.91
0.73 0.26 0.15 0.77
0.55 0.07 0.35 0.30
0.66 0.02 0.31 0.28
0.55 0.90 0.58 0.77
0.83 0.97 0.49 0.21
0.60 0.00 0.31 0.34
1.00 0.33 0.31 0.70
0.74 1.00 0.39 0.09
0.70 0.07 0.30 0.30
0.68 0.00 0.26 0.39
0.58 0.00 0.19 0.31
0.48 0.36 0.63 0.72
0.74 0.28 0.35 0.78
0.68 0.94 0.40 0.34
0.70 0.96 0.42 0.08
0.56 0.96 0.49 0.79
0.97 0.35 0.39 0.94
0.72 0.91 0.52 0.87
0.92 0.29 0.25 0.77
0.46 0.63 0.64 0.68
0.33 0.46 0.48 0.88
0.77 0.03 0.32 0.38
0.44 0.31 0.67 0.77
0.62 0.97 0.38 0.65
0.20 0.44 0.58 0.86
0.52 0.43 0.86 0.63
0.50 0.03 0.31 0.26
0.20 0.45 0.60 0.83
0.70 1.00 0.41 0.57
0.79 0.25 0.35 0.70
0.31 0.60 0.71 0.84
0.15 0.51 0.60 0.85
0.53 0.59 0.55 0.68
0.28 0.48 0.61 0.73
0.79 0.94 0.48 0.71
0.77 1.00 0.61 0.53
0.78 1.00 0.39 0.74
0.85 0.50 0.39 0.84
0.72 0.94 0.53 0.16
0.79 0.25 0.29 0.91
0.38 0.36 0.64 0.74
0.27 0.43 0.70 0.78
0.59 0.69 0.42 0.55
0.55 0.98 0.64 0.69
0.76 0.19 0.37 0.86
0.35 0.44 0.48 0.77
0.60 0.23 0.33 0.31
0.66 0.88 0.49 0.62
0.83 0.19 0.54 0.71
0.80 0.40 0.31 0.59
0.84 1.00 0.46 0.36
0.45 0.64 0.77 0.85
0.33 0.35 0.80 0.74