5 220 1200
0.68 0.82 0.93 0.23
0.94 0.03 0.39 0.76
0.61 0.63 0.91 0.19
0.52 0.06 0.14 0.70
0.09 0.63 0.59 0.20
0.88 1.00 0.93 0.79
0.96 0.69 0.95 0.79
0.75 0.72 1.00 0.22
0.85 0.87 0.85 0.77
0.13 0.59 0.59 0.18
0.78 0.87 0.94 0.10
0.15 0.65 0.51 0.25
0.49 0.23 0.19 0.56
1.00 0.12 0.54 0.80
0.76 0.84 0.81 0.89
0.77 0.85 0.94 0.07
0.70 0.93 0.93 0.88
0.72 0.73 0.89 0.25
0.97 0.17 0.52 0.90
0.70 0.89 0.94 0.25
0.10 0.58 0.50 0.11
0.79 0.82 0.76 0.23
0.39 0.21 0.16 0.96
0.47 0.67 0.98 0.20
0.80 0.00 0.61 0.84
0.56 0.89 0.66 0.99
0.74 0.95 0.77 0.83
0.60 0.68 1.00 0.18
0.81 0.65 0.92 0.16
0.89 0.90 0.69 0.94
0.51 0.14 0.13 0.87
0.83 0.00 0.48 0.71
0.00 0.54 0.53 0.10
0.88 0.12 0.39 0.74
0.89 0.57 0.92 0.00
0.29 0.47 0.66 0.20
0.76 0.83 0.75 0.23
0.97 0.00 0.72 0.56
0.59 0.88 0.84 0.81
0.43 0.01 0.15 0.84
0.75 0.79 0.90 0.23
0.67 0.94 0.92 0.92
0.72 0.75 0.81 0.16
1.00 0.01 0.43 0.68
0.76 0.70 1.00 0.33
0.50 0.00 0.22 0.83
1.00 0.26 0.46 0.58
0.35 0.06 0.00 0.71
0.62 0.89 0.86 0.12
0.85 0.01 0.39 0.56
0.52 0.16 0.21 0.82
0.79 0.89 0.77 1.00
1.00 0.01 0.50 0.61
0.09 0.36 0.65 0.29
0.65 0.81 0.91 0.42
0.50 0.00 0.32 0.91
0.61 0.87 1.00 0.90
0.62 0.82 0.98 0.12
0.13 0.44 0.53 0.39
0.65 0.06 0.30 0.85
0.65 0.75 0.99 0.24
0.93 0.22 0.52 1.00
0.92 0.74 1.00 0.24
0.98 0.03 0.45 0.81
0.94 0.10 0.51 0.79
0.86 0.90 0.78 0.72
0.71 0.67 0.85 0.17
0.85 0.00 0.46 0.98
0.88 1.00 0.88 0.76
0.30 0.45 0.56 0.29
0.65 0.60 1.00 0.36
0.78 0.93 0.76 0.86
0.20 0.74 0.60 0.18
0.51 0.05 0.12 0.89
0.90 0.18 0.64 0.78
1.00 0.87 0.91 0.98
0.70 0.67 0.93 0.17
0.91 0.04 0.56 0.68
0.09 0.57 0.66 0.36
0.72 0.87 1.00 0.18
0.48 0.00 0.20 0.75
0.87 0.01 0.34 0.79
0.66 0.75 0.92 0.95
0.35 0.16 0.15 0.85
0.79 0.77 0.83 0.82
1.00 0.20 0.53 0.76
0.59 0.23 0.15 0.92
0.73 0.58 0.91 0.44
0.24 0.52 0.61 0.32
0.30 0.34 0.79 0.44
0.92 0.00 0.39 0.89
0.73 0.60 0.90 0.93
0.76 0.71 0.97 0.25
0.66 0.83 0.86 0.95
0.69 0.76 0.79 0.14
0.92 0.01 0.39 0.55
0.22 0.65 0.53 0.39
0.69 0.22 0.14 0.83
0.68 0.73 0.75 0.25
0.56 0.15 0.23 0.85
0.80 0.87 0.92 0.81
0.13 0.34 0.55 0.28
0.95 0.83 1.00 0.13
0.70 0.64 1.00 0.32
0.78 0.98 0.96 0.99
0.84 0.83 0.86 0.36
0.65 0.14 0.27 0.93
0.18 0.42 0.60 0.12
0.89 0.14 0.56 0.70
0.40 0.00 0.08 0.86
0.77 0.93 1.00 0.66
0.69 0.79 1.00 0.27
0.91 0.12 0.40 0.78
0.83 0.21 0.30 0.88
0.48 0.01 0.14 0.94
1.00 0.06 0.33 0.80
0.17 0.63 0.48 0.00
0.78 0.86 0.92 0.93
0.60 0.14 0.22 0.97
0.59 0.16 0.24 0.85
0.68 0.99 1.00 0.89
0.81 0.24 0.44 0.84
0.83 0.00 0.59 0.76
0.71 0.91 0.94 0.28
0.50 0.24 0.29 0.69
0.08 0.64 0.63 0.15
0.95 0.24 0.43 0.70
0.74 0.05 0.48 0.68
0.79 0.71 0.87 0.26
0.47 0.13 0.17 0.99
0.90 0.19 0.44 0.76
0.93 0.97 0.92 0.84
0.70 0.65 0.92 0.20
0.18 0.43 0.50 0.25
0.10 0.51 0.47 0.24
0.68 0.71 0.93 0.12
0.25 0.66 0.61 0.08
0.37 0.23 0.19 1.00
0.78 0.00 0.47 0.75
0.52 0.02 0.25 0.82
0.58 0.09 0.11 1.00
0.64 0.22 0.13 0.84
0.61 0.00 0.31 0.82
0.22 0.58 0.57 0.11
0.85 0.61 0.94 0.31
0.49 0.01 0.37 0.88
0.74 0.75 0.80 0.24
0.96 0.95 0.85 0.90
0.82 0.61 1.00 0.10
0.08 0.48 0.33 0.18
0.08 0.53 0.45 0.20
0.87 0.08 0.55 0.75
0.75 0.91 0.94 0.85
0.63 0.94 0.80 0.26
0.77 0.10 0.41 0.69
0.93 0.86 1.00 0.92
0.81 0.86 0.74 0.21
0.42 0.12 0.23 0.90
0.49 0.14 0.12 0.93
0.95 0.23 0.30 0.74
0.91 0.21 0.46 0.58
0.13 0.67 0.71 0.32
0.48 0.17 0.00 0.80
0.54 0.00 0.00 0.83
0.19 0.51 0.49 0.06
0.66 0.72 0.97 0.41
0.67 0.99 0.79 0.89
0.69 0.70 0.91 0.40
0.62 0.15 0.19 0.92
0.82 0.89 1.00 0.73
0.76 0.87 0.76 0.26
0.29 0.38 0.47 0.26
0.59 0.00 0.01 0.83
0.00 0.73 0.46 0.26
0.76 0.99 0.86 0.98
0.81 0.24 0.44 0.84
0.50 0.25 0.22 0.70
0.82 0.83 0.91 1.00
0.11 0.75 0.42 0.06
0.91 0.13 0.40 0.87
0.28 0.48 0.54 0.31
0.87 0.92 0.97 0.88
0.18 0.44 0.62 0.23
0.16 0.48 0.68 0.02
0.46 0.00 0.30 0.93
0.61 0.74 0.96 0.16
0.88 0.04 0.44 0.71
0.67 0.87 0.81 1.00
0.00 0.47 0.58 0.14
0.55 0.00 0.28 0.85
0.70 0.89 0.92 1.00
0.58 0.24 0.13 1.00
0.96 0.10 0.42 0.77
0.86 0.91 0.91 0.91
0.88 0.62 0.92 0.27
0.87 0.10 0.50 0.73
0.98 0.00 0.47 0.73
0.26 0.19 0.21 0.87
0.47 0.11 0.16 0.81
0.73 0.71 0.89 0.84
0.80 0.85 0.98 0.80
0.98 0.16 0.35 0.74
0.71 1.00 1.00 0.98
0.98 0.12 0.51 0.85
0.49 0.07 0.22 0.82
0.66 0.77 0.98 0.27
0.76 0.67 0.88 0.18
0.58 0.00 0.00 0.92
0.96 0.00 0.30 0.49
0.53 0.01 0.01 0.69
0.32 0.00 0.28 1.00
0.00 0.47 0.54 0.17
0.76 0.86 0.93 0.93
0.25 0.68 0.71 0.30
0.11 0.54 0.61 0.17
1.00 0.19 0.47 0.77
0.87 0.77 1.00 0.30
0.18 0.43 0.59 0.30
0.73 0.13 0.20 0.86
0.92 0.58 0.96 0.26