1000 9710 932 58
936 960
881 882
269 902
71 494
691 724
10 559
948 975
738 871
986 994
467 979
934 936
641 686
16 184
103 143
729 868
377 882
366 954
737 956
724 864
962 981
804 806
117 295
662 829
233 275
356 937
755 890
613 764
185 249
61 691
969 971
146 609
879 903
416 694
372 462
189 537
300 762
717 982
248 889
286 900
646 979
595 758
898 971
370 656
664 667
991 994
498 951
104 248
179 352
514 737
49 426
321 457
6 60
25 366
492 813
284 432
757 940
538 795
436 557
855 915
389 586
828 849
145 529
299 697
945 995
642 789
616 686
518 620
771 802
513 756
413 513
988 995
135 992
567 954
499 730
22 402
471 734
621 867
514 946
999 1000
630 787
641 854
624 648
948 985
137 834
840 842
865 982
919 944
85 984
704 962
522 535
811 959
958 963
895 936
646 761
966 993
454 500
977 997
156 367
566 863
654 660
336 493
274 329
258 805
533 896
835 963
801 854
614 992
358 567
379 869
416 728
893 972
217 532
760 866
457 824
835 873
932 939
11 391
224 991
407 506
109 465
70 692
25 83
201 645
49 217
497 624
343 454
415 619
893 942
102 214
179 550
655 671
858 905
390 468
286 377
868 983
767 796
140 207
829 873
72 482
44 312
980 1000
718 886
35 432
798 888
910 982
405 723
444 837
638 922
799 941
239 295
339 371
273 296
111 136
306 964
542 589
518 621
807 931
550 623
256 753
648 918
618 849
303 720
998 1000
133 378
988 989
817 882
501 547
487 925
780 971
564 999
828 863
254 686
489 535
28 785
601 881
147 309
32 229
4 671
588 599
37 879
504 526
873 913
391 916
51 80
936 969
440 785
929 932
97 451
654 700
674 816
330 542
588 689
411 813
852 869
412 838
578 828
844 867
59 238
691 818
262 611
370 591
461 904
338 640
816 873
241 500
855 986
171 427
886 999
204 295
922 964
418 562
433 502
979 997
520 593
853 859
808 883
189 227
678 865
227 438
745 776
137 598
721 982
526 739
610 982
121 599
526 991
226 383
716 946
202 392
900 982
941 985
904 956
979 985
889 989
381 572
765 888
59 677
477 506
892 927
151 197
327 603
647 721
69 953
537 669
412 976
457 574
52 160
236 671
530 569
480 956
358 501
259 412
401 454
791 818
989 999
719 971
344 758
372 936
863 872
925 938
270 382
659 689
503 898
948 1000
921 946
725 906
242 693
898 968
200 797
651 925
360 541
974 978
544 584
159 898
965 982
936 978
910 930
1 800
303 841
253 299
306 924
71 170
202 210
942 948
474 528
352 472
710 879
87 861
219 485
252 996
145 451
994 998
584 988
313 530
268 955
286 752
567 698
457 877
146 882
2 196
575 624
172 808
241 867
975 989
590 783
340 346
765 944
709 760
707 887
16 55
266 513
44 868
688 782
706 969
890 902
599 764
985 994
704 832
426 703
231 721
584 974
888 915
902 944
265 841
129 161
500 934
54 922
815 870
508 967
115 617
640 824
616 920
656 946
825 953
878 917
315 811
265 690
777 986
600 922
351 644
795 899
303 707
90 558
776 922
18 214
894 975
75 860
499 630
530 632
144 487
124 596
826 999
623 939
522 828
886 937
505 560
905 914
888 903
230 593
375 986
57 625
195 656
956 961
427 961
944 953
84 380
710 984
874 880
653 922
369 816
469 765
537 757
851 912
218 984
900 994
609 698
664 742
443 734
984 987
564 807
236 895
832 924
483 681
174 649
941 946
678 983
746 901
816 933
272 736
543 929
116 360
281 797
309 905
179 796
70 812
800 930
123 239
857 886
181 223
540 742
908 925
410 894
281 705
541 839
962 999
459 691
330 949
24 430
830 938
497 682
623 872
704 997
312 667
836 954
770 858
889 978
687 950
251 652
688 962
760 809
244 634
165 625
355 578
603 869
8 518
347 822
176 993
473 808
60 431
509 636
762 914
965 977
976 982
161 830
626 700
649 657
203 608
607 973
678 766
628 914
814 885
769 878
509 569
285 863
444 970
840 992
565 921
14 386
886 991
627 942
529 873
554 854
651 771
221 304
660 707
666 835
743 787
240 755
851 925
871 969
344 639
227 744
888 931
125 651
369 896
686 693
315 942
868 998
201 876
627 993
877 980
93 851
796 830
869 943
729 969
275 919
947 949
693 904
44 479
874 896
833 933
124 501
550 645
292 465
322 474
661 933
260 674
655 683
271 471
189 314
877 974
584 985
793 936
574 701
496 959
881 947
65 206
990 997
68 426
780 862
602 826
323 741
662 813
2 372
34 340
565 993
757 943
68 660
95 354
98 408
528 669
720 908
684 995
773 920
86 612
848 934
140 695
274 840
835 864
853 949
123 980
494 605
579 813
699 940
505 585
488 940
772 977
397 468
218 799
268 939
425 800
585 811
499 853
658 873
906 931
565 998
936 941
351 758
602 913
799 930
428 885
451 885
57 848
160 507
510 909
704 750
914 993
792 793
668 867
639 831
338 865
17 771
24 351
778 862
518 997
977 983
146 845
627 820
232 405
790 834
814 875
891 904
294 541
427 574
519 628
793 851
850 869
555 901
312 961
806 919
915 997
289 778
393 545
825 943
12 857
518 932
112 810
367 621
626 905
691 729
940 994
248 536
458 561
165 971
818 860
391 774
912 989
429 971
758 837
544 831
779 783
277 597
797 845
954 987
49 972
348 785
541 959
625 837
643 649
372 653
418 602
218 822
189 708
576 904
236 927
567 891
934 988
987 994
585 998
905 969
577 838
621 953
462 899
74 102
761 867
688 852
490 777
281 639
807 921
590 915
138 743
739 920
146 399
62 382
276 418
587 776
785 846
385 845
430 437
861 915
758 763
734 945
370 450
383 583
890 901
656 777
345 772
997 999
419 754
297 802
438 788
716 744
24 997
762 780
966 997
828 838
165 891
538 564
609 856
96 594
634 716
544 808
842 946
55 673
463 936
130 549
327 798
796 897
8 935
826 875
872 907
911 914
758 965
527 682
517 912
833 889
802 880
424 757
746 856
638 854
844 915
123 164
431 919
448 852
616 892
662 885
749 892
661 812
207 566
661 1000
36 567
788 941
155 253
801 853
227 925
593 983
910 947
516 593
798 808
459 801
216 705
2 997
769 911
920 969
651 927
910 941
319 738
847 849
766 788
801 823
990 996
150 216
585 690
958 996
94 871
332 381
942 972
857 863
493 677
629 975
687 837
773 855
257 507
702 918
955 989
929 996
788 942
524 831
630 843
100 975
876 990
191 590
682 912
135 256
173 567
634 657
355 588
217 807
336 378
975 986
138 864
104 772
736 774
922 968
459 894
899 934
590 626
41 815
648 937
673 709
428 974
839 876
101 615
635 973
831 998
19 38
447 502
155 531
481 774
80 694
622 702
791 901
762 778
318 659
576 877
79 997
540 573
811 839
659 714
426 899
151 703
506 910
199 674
158 883
867 879
36 953
27 664
234 384
924 995
627 760
849 971
765 936
396 906
731 950
683 747
228 984
298 582
984 986
888 946
413 573
924 986
585 929
506 512
783 945
312 383
533 731
952 972
654 988
25 252
938 973
413 741
140 214
74 227
781 807
910 918
564 792
42 480
882 940
968 999
566 723
741 857
302 423
854 992
936 943
789 854
316 483
204 397
199 725
764 968
620 651
196 974
772 929
211 607
962 996
622 852
333 857
825 880
719 747
634 879
586 903
855 999
461 912
815 920
573 982
835 854
258 628
193 428
293 410
650 660
313 338
133 591
937 968
831 929
62 289
358 378
286 652
515 524
151 705
16 88
144 656
304 361
321 708
282 643
570 630
244 808
339 600
968 982
378 505
128 651
687 948
909 917
691 801
437 969
710 718
149 876
163 447
713 773
433 515
65 447
451 661
642 673
471 878
869 924
825 875
284 509
818 904
411 914
724 978
502 852
270 989
299 925
29 458
945 1000
227 641
246 585
653 679
802 989
797 972
550 640
816 911
946 980
817 964
311 498
658 955
983 995
401 803
401 521
224 966
595 921
728 893
358 733
52 613
645 916
81 445
578 624
591 771
295 322
23 45
183 617
988 994
807 934
412 631
770 985
550 924
963 977
563 904
996 997
103 225
61 669
860 863
951 961
802 902
855 901
184 244
919 958
934 964
22 67
256 423
877 934
573 777
595 630
192 905
309 497
912 926
103 189
321 937
987 1000
454 789
897 939
827 920
964 992
495 913
307 781
562 617
822 974
262 916
274 712
587 972
399 503
308 328
984 997
938 969
215 589
618 699
641 879
967 999
432 973
820 887
893 999
823 971
86 164
51 620
399 922
904 912
391 878
490 951
193 445
342 708
846 920
86 514
29 449
982 984
734 946
235 251
797 958
251 770
949 994
116 937
679 698
57 462
883 970
420 871
60 907
837 911
388 985
742 941
676 798
839 916
184 533
217 974
273 709
411 810
210 719
586 987
605 636
212 331
411 906
767 788
410 477
568 810
809 991
699 807
455 970
179 497
623 899
266 690
385 872
383 954
957 979
629 845
756 985
209 456
190 212
602 961
964 998
941 992
620 744
182 445
628 938
327 925
39 192
54 553
339 892
932 990
617 874
472 505
162 541
579 852
213 382
539 917
375 855
168 848
309 671
534 927
548 850
591 817
349 557
670 991
902 957
951 996
874 898
587 985
276 873
233 800
587 968
572 573
770 986
782 933
631 723
548 929
215 545
377 863
785 998
900 995
617 673
512 972
354 986
213 576
593 939
798 957
795 974
631 859
655 992
707 932
155 393
879 973
965 994
415 924
418 926
557 579
157 381
670 774
676 772
638 645
847 991
986 996
508 806
551 769
190 442
221 972
77 768
523 920
702 788
646 881
95 697
282 484
835 996
540 889
34 251
306 677
57 728
588 980
316 732
365 888
54 747
347 480
676 903
944 962
429 849
185 419
432 606
418 870
183 761
399 933
113 181
618 793
836 922
97 911
710 928
53 602
765 900
847 937
542 632
737 881
370 539
601 912
177 846
350 790
143 731
334 606
498 880
502 558
741 902
705 787
12 701
867 949
785 845
558 716
804 883
550 946
713 755
202 353
507 596
113 820
571 720
415 921
610 986
906 930
733 801
141 226
748 983
349 825
5 196
731 931
707 782
817 834
632 730
525 809
41 211
383 434
676 677
572 708
40 782
740 861
255 533
28 73
721 994
235 617
920 932
327 668
145 339
155 705
572 594
554 963
613 787
881 945
997 1000
898 941
659 851
692 865
618 722
559 887
605 847
168 455
441 776
490 512
492 942
661 667
773 829
325 804
959 976
30 460
735 787
380 636
424 838
614 864
48 229
413 932
33 196
775 865
256 427
484 751
960 976
998 999
184 676
174 552
436 714
520 737
418 873
272 620
957 973
16 645
494 860
719 946
138 959
700 813
118 310
371 808
615 903
986 992
11 948
278 289
234 488
510 615
331 891
607 805
543 953
281 676
35 580
724 977
145 632
859 972
478 735
244 290
92 522
288 387
733 742
688 769
730 781
991 997
747 854
23 318
388 955
929 933
89 519
442 592
815 827
207 463
454 717
901 911
178 510
9 527
366 712
938 952
339 815
580 628
405 679
171 243
172 245
596 784
291 478
614 661
99 406
424 888
899 933
281 915
836 958
148 714
12 329
66 201
245 478
732 951
270 592
381 487
907 995
161 232
390 715
625 880
384 449
769 845
775 788
888 927
90 380
974 999
397 458
189 457
849 947
975 981
870 964
184 233
749 924
719 989
814 1000
634 830
907 936
94 613
492 834
335 769
70 414
626 956
106 125
469 652
35 733
657 744
513 661
274 486
674 973
411 910
766 893
207 418
70 678
181 552
387 975
792 881
55 816
752 753
833 991
304 415
745 799
824 973
757 803
345 794
484 563
55 279
798 951
190 554
767 923
108 841
350 981
206 225
301 900
841 843
368 535
656 705
951 1000
975 990
250 633
579 652
243 452
881 932
975 994
435 936
860 908
15 925
102 298
859 888
738 773
891 946
932 934
300 518
838 882
831 985
767 924
249 325
39 394
267 659
243 246
341 938
875 915
773 954
496 572
938 995
355 896
154 277
279 969
277 768
744 955
714 862
875 932
88 373
672 831
80 455
629 959
602 836
378 634
938 994
104 932
657 882
967 992
48 493
13 965
155 564
719 831
287 859
843 860
33 349
495 625
134 900
762 774
697 784
414 446
801 883
894 948
140 726
722 984
716 958
247 995
517 574
567 802
114 723
944 973
405 904
815 871
661 869
990 994
200 864
499 831
77 821
607 639
156 985
809 950
315 489
57 586
835 844
144 189
158 358
771 864
974 996
367 547
477 697
603 629
262 535
311 678
166 964
146 479
394 481
945 966
734 771
471 763
313 348
178 361
101 502
97 478
841 887
357 449
929 930
170 831
740 999
87 286
101 469
393 932
396 477
123 310
815 908
553 641
983 986
878 968
682 976
235 308
210 524
837 979
735 999
614 935
377 637
439 839
598 992
788 914
257 405
968 985
946 947
879 994
44 981
980 992
86 488
450 859
57 307
996 1000
464 638
643 921
794 975
4 999
604 937
873 965
686 952
595 878
164 663
838 917
724 959
215 893
99 603
582 771
592 824
494 526
437 551
249 413
369 442
861 975
968 996
169 317
888 894
937 948
8 939
201 523
586 704
538 844
583 836
956 977
247 498
128 888
412 792
597 603
264 942
580 827
302 629
728 760
686 698
169 435
423 742
128 890
324 874
715 811
410 499
456 479
121 904
776 883
788 947
469 875
502 841
11 962
428 778
334 929
4 236
476 749
598 1000
918 921
645 941
756 882
645 821
583 859
453 464
596 936
144 522
125 835
246 562
319 814
65 670
731 739
53 427
135 711
988 996
582 598
564 958
21 607
977 988
503 664
646 663
239 555
188 556
86 267
3 238
591 909
228 806
712 734
123 814
634 810
914 969
90 635
552 799
317 692
168 907
865 957
716 762
616 863
783 940
232 651
439 859
19 990
962 987
452 937
562 672
697 981
153 359
507 793
410 648
922 945
730 889
756 861
217 685
496 715
680 684
232 776
375 533
935 938
267 392
421 826
958 977
932 997
348 413
631 914
854 987
400 874
684 757
941 951
642 917
645 823
571 652
408 770
366 996
800 877
99 623
794 887
741 882
468 789
429 695
595 677
472 657
370 700
377 643
245 847
996 999
80 605
252 797
488 584
160 751
828 829
134 605
296 563
427 521
7 888
980 982
427 585
675 898
89 156
955 962
269 566
536 750
168 686
119 658
479 818
875 894
142 820
285 480
167 360
282 295
608 918
421 977
974 987
874 912
518 974
351 828
195 830
795 798
761 883
9 665
733 884
538 923
29 246
176 688
112 709
520 788
633 932
185 471
650 945
664 956
818 863
292 471
792 935
324 846
705 949
168 324
469 726
2 918
858 971
397 563
838 924
423 721
292 822
975 992
466 922
401 921
382 661
354 480
827 902
951 969
276 930
178 431
473 968
757 825
194 929
960 996
574 949
186 812
612 617
948 963
527 877
343 880
540 874
202 877
442 890
428 973
104 680
79 533
562 731
655 893
659 845
365 489
76 565
324 866
202 848
393 745
250 961
837 885
633 829
574 880
54 262
610 780
170 198
877 908
236 545
24 391
872 937
806 835
554 911
927 973
638 743
235 834
959 993
568 587
519 721
566 968
924 932
901 939
297 687
668 886
155 799
910 917
692 739
51 922
71 193
479 765
420 879
524 852
431 761
415 711
534 538
702 835
867 941
463 593
945 990
606 959
873 912
808 993
846 980
379 977
273 644
874 925
513 737
541 670
781 963
704 980
628 950
662 775
60 733
434 990
509 719
21 103
286 937
907 977
314 483
560 696
502 605
780 931
412 484
505 564
380 689
416 775
439 785
399 789
143 381
907 924
841 936
256 579
942 973
948 982
476 763
849 888
104 675
891 975
517 919
141 333
933 968
878 966
628 879
838 974
9 324
833 976
263 926
223 551
442 734
274 816
861 891
963 998
209 972
717 994
497 967
987 999
859 954
205 962
440 728
882 987
515 588
845 852
922 942
636 690
131 483
588 725
153 567
821 913
347 861
568 646
975 995
147 652
394 991
588 985
87 838
588 774
770 872
532 821
946 966
42 615
616 844
909 928
677 750
837 844
910 955
254 260
558 737
853 960
755 784
192 857
677 792
990 998
742 799
622 904
328 436
687 887
540 635
828 916
538 838
7 276
180 186
411 817
651 816
724 792
159 256
461 547
746 769
45 116
882 900
844 935
483 545
883 958
211 240
92 254
631 703
339 629
92 240
985 992
180 762
947 950
101 238
635 750
804 961
427 762
855 884
767 994
548 651
208 636
94 257
243 423
230 292
853 943
832 979
910 939
981 990
759 879
808 833
837 999
9 601
799 991
337 620
64 269
782 886
746 762
586 825
203 999
290 910
20 859
415 799
637 992
298 452
283 861
939 963
206 742
606 643
919 978
962 973
685 734
700 877
18 67
102 982
206 677
981 982
150 306
408 856
672 779
77 726
622 815
484 702
418 898
223 656
414 774
480 864
66 849
796 821
324 451
330 970
100 422
920 956
159 636
445 625
107 630
325 970
640 790
141 836
421 936
365 651
776 878
723 832
205 367
803 884
759 944
888 970
389 429
851 909
531 635
726 975
51 482
716 952
713 979
341 942
336 665
359 413
908 973
798 859
529 748
292 747
642 728
771 779
626 850
113 695
758 815
807 913
228 676
210 599
689 897
315 887
892 962
680 947
799 934
274 582
463 777
505 696
154 179
742 812
170 679
825 980
199 998
735 993
156 997
957 988
804 908
3 377
101 932
493 905
792 804
513 856
942 971
524 898
227 760
706 766
327 705
303 923
419 884
292 666
695 830
922 980
503 999
511 601
978 989
481 561
227 936
884 986
506 603
595 989
518 768
704 828
254 705
85 843
963 989
887 998
224 749
335 864
115 608
777 851
529 566
947 974
79 694
920 928
942 959
214 928
968 980
955 963
992 996
895 989
315 884
398 979
671 722
670 921
779 802
671 951
32 479
181 840
948 971
788 973
245 360
600 614
183 999
677 948
591 664
423 425
556 984
860 973
155 467
132 743
678 998
753 995
207 407
184 743
386 482
117 305
203 784
276 542
479 652
120 190
229 492
149 619
533 867
406 743
195 488
735 925
725 902
474 538
266 393
225 433
866 904
314 593
446 846
99 346
139 523
151 992
123 508
136 789
962 980
663 973
215 268
36 37
656 798
496 842
755 917
968 970
433 725
314 806
353 760
492 829
495 788
765 880
772 879
484 843
661 707
267 356
5 909
873 875
196 878
198 399
690 979
851 888
531 789
957 982
166 567
509 713
541 690
543 973
415 956
562 644
469 795
18 524
821 970
15 865
520 665
298 929
340 936
303 577
454 596
303 831
837 892
83 842
885 946
510 599
303 304
507 669
205 899
530 962
227 600
220 918
269 419
527 615
352 446
898 947
106 878
902 974
178 770
624 731
919 930
644 934
212 433
17 201
482 748
249 967
652 909
751 841
26 483
615 988
940 990
441 676
48 519
321 774
804 814
178 972
336 406
902 909
257 590
522 594
136 639
479 530
437 883
718 878
60 248
667 807
793 962
894 915
238 608
419 496
626 938
661 739
664 859
652 895
600 948
663 888
550 654
571 951
472 722
405 845
879 958
477 904
315 540
818 866
361 825
124 307
887 995
344 681
181 999
107 416
842 893
688 729
832 855
610 816
631 811
125 412
67 279
956 989
406 973
231 793
84 948
216 415
450 572
785 883
611 981
263 513
933 985
112 322
880 925
288 709
349 881
263 874
333 484
855 998
455 830
983 998
678 921
575 908
146 921
144 778
649 901
248 873
143 769
209 306
894 949
57 247
911 955
525 675
55 620
819 949
803 864
611 843
610 762
236 697
681 686
601 744
56 664
411 987
935 959
534 653
241 565
296 757
351 782
70 953
62 325
508 808
512 659
524 922
60 329
9 243
509 640
113 684
964 971
303 483
633 731
670 969
69 741
161 276
453 912
320 729
84 178
172 386
518 961
815 964
841 962
869 875
703 704
651 695
537 766
766 924
716 859
856 966
132 459
514 648
952 962
472 750
236 935
62 456
526 896
431 557
252 811
611 939
614 660
345 521
111 698
920 988
90 198
454 494
619 818
245 578
178 998
653 965
873 889
431 1000
13 877
20 817
442 684
31 475
322 483
523 937
627 928
576 929
424 970
261 692
584 965
12 367
377 737
703 998
305 792
528 962
54 331
963 999
441 616
406 790
664 911
156 227
57 282
327 660
485 901
867 937
631 907
646 889
755 954
159 624
941 1000
789 817
833 960
491 954
267 985
542 837
976 981
226 523
694 852
174 370
827 992
275 290
450 663
124 333
342 632
82 352
720 825
917 1000
424 749
581 944
171 182
617 643
551 658
275 709
620 933
258 599
547 977
771 914
982 990
615 790
272 690
385 464
146 494
750 751
30 752
647 800
163 368
291 934
741 806
843 869
959 974
898 946
721 913
906 964
47 583
226 405
773 895
371 609
704 869
396 813
395 813
461 667
169 976
491 610
243 640
728 935
622 966
277 691
409 648
769 889
240 788
416 840
261 710
681 967
573 985
26 220
894 977
418 469
993 995
73 472
697 962
297 771
650 714
828 967
133 256
683 961
694 859
568 821
935 952
51 895
632 1000
567 798
691 730
603 826
972 999
807 946
399 884
349 516
318 874
645 976
278 833
376 626
460 471
598 612
387 599
150 356
942 961
268 492
979 996
848 972
525 682
542 954
930 954
93 536
953 978
98 135
326 400
755 933
451 922
801 966
616 995
944 955
626 697
236 382
571 691
136 413
601 783
933 943
383 595
554 694
22 708
29 794
136 244
743 813
54 250
639 925
126 305
68 114
171 409
185 301
134 620
378 490
241 726
573 574
140 824
442 725
153 276
399 495
851 958
226 419
107 342
98 302
699 960
923 944
503 829
582 628
959 977
210 795
480 491
940 962
983 992
376 797
361 626
410 908
235 867
697 734
236 579
491 634
216 889
184 404
382 795
452 755
921 922
280 313
521 786
841 958
475 921
184 451
239 867
924 978
584 784
318 526
315 925
620 622
993 998
603 926
788 868
671 989
663 760
753 786
923 946
490 901
720 921
268 506
176 566
944 979
602 971
841 963
442 979
808 893
383 407
847 982
103 761
163 404
512 744
336 385
883 962
310 527
931 975
536 583
632 818
149 806
80 755
991 996
56 400
321 818
354 793
28 281
374 976
555 581
268 475
585 703
356 455
593 847
10 942
408 994
306 833
262 299
398 538
74 893
97 824
542 769
847 901
474 711
414 459
224 837
725 870
672 724
446 964
15 848
560 775
899 969
727 884
941 999
748 857
474 788
283 696
790 985
817 908
227 935
394 607
34 230
326 862
543 589
409 749
762 990
180 516
809 900
812 948
826 828
751 752
630 802
689 790
984 994
313 651
311 326
814 979
144 867
845 970
661 850
245 572
309 548
16 152
643 773
46 436
484 846
452 560
788 822
350 912
31 422
30 143
336 987
793 817
661 830
743 868
946 955
232 918
695 885
50 770
128 181
507 824
737 826
680 756
433 797
817 920
800 926
941 993
970 979
954 991
738 934
299 608
562 754
651 745
567 590
280 448
442 634
354 683
881 959
21 183
814 860
574 994
857 998
681 827
547 772
127 516
675 863
373 884
842 998
724 749
680 782
346 986
675 962
967 980
297 432
55 425
376 607
408 908
850 940
798 848
634 948
721 897
456 518
143 503
526 672
848 979
33 533
882 958
886 900
312 878
690 811
817 940
907 972
89 377
245 639
597 629
976 994
353 734
534 851
739 773
653 804
325 623
505 932
207 626
696 968
438 581
137 541
126 646
41 672
531 764
320 551
292 435
328 687
584 876
396 730
154 173
211 268
406 578
596 905
146 422
560 885
480 790
690 860
668 907
500 984
668 797
761 802
617 795
645 933
918 1000
684 744
140 653
176 682
423 486
204 232
828 910
812 945
166 588
456 644
48 326
420 489
355 993
472 754
432 640
962 978
987 992
570 718
749 932
691 824
387 987
923 947
854 955
58 437
53 370
571 805
477 882
322 392
506 733
260 702
629 954
683 765
699 800
581 833
341 681
88 506
158 612
313 347
412 543
861 918
128 537
475 766
487 642
857 935
795 813
23 201
492 793
591 918
821 990
472 538
394 658
369 528
474 585
880 908
205 278
137 176
652 737
826 936
850 988
304 491
431 519
787 937
469 994
482 745
515 615
834 870
205 618
913 975
47 659
314 556
693 928
245 577
78 976
974 994
463 888
468 645
653 939
403 595
566 719
48 115
894 899
10 613
206 534
974 993
876 922
511 924
867 968
925 971
874 934
520 682
647 899
25 445
34 741
238 539
12 285
548 726
963 967
279 318
383 641
208 944
687 934
870 954
874 966
54 970
776 977
754 860
86 624
103 382
530 726
641 825
770 817
405 889
594 750
884 902
309 939
839 873
895 914
122 907
615 852
850 896
183 812
476 906
444 500
874 992
502 689
989 993
290 626
61 772
144 365
973 994
279 537
500 987
877 950
164 962
422 504
764 881
204 725
11 952
421 958
808 849
481 496
400 637
3 348
811 953
908 966
692 788
829 895
769 970
717 785
676 736
133 155
301 787
81 720
580 701
638 760
942 958
457 787
498 972
333 639
478 859
336 684
541 778
539 828
854 924
163 370
311 418
909 940
301 933
611 722
846 881
727 799
249 569
361 952
360 821
122 776
188 506
769 868
756 993
267 813
682 685
70 143
310 489
117 239
624 920
698 752
103 414
784 850
280 451
659 687
639 719
238 974
729 926
63 306
257 671
316 992
292 488
329 940
337 541
256 628
442 733
648 879
428 984
712 983
116 890
661 795
344 472
571 609
520 723
952 961
163 779
305 988
736 935
602 614
747 826
184 719
532 649
976 992
257 612
490 611
973 977
471 652
204 858
356 469
340 705
283 471
548 662
934 939
504 516
304 532
85 323
827 876
613 709
770 956
694 849
550 886
211 531
670 804
756 913
892 906
558 730
749 921
627 729
168 227
924 968
694 840
611 797
902 912
600 625
57 675
751 766
785 800
446 978
265 946
557 900
559 885
546 981
44 874
57 768
756 901
579 989
173 559
435 651
447 693
959 972
869 884
849 933
137 469
431 988
982 989
603 841
362 989
117 297
708 876
284 818
315 980
811 862
529 1000
456 532
450 758
83 664
84 239
416 529
906 988
991 998
75 842
224 756
50 407
730 786
398 757
465 962
183 533
412 520
483 986
269 426
969 973
62 80
298 689
844 925
117 130
413 952
721 788
193 918
92 137
269 958
475 919
539 796
787 956
514 824
607 925
590 684
631 899
924 970
627 856
595 701
577 716
216 337
121 246
667 750
803 990
778 789
586 983
30 362
789 865
577 856
806 918
223 818
733 756
787 909
603 648
964 996
378 637
736 794
439 538
618 753
57 718
65 881
264 587
442 654
321 358
441 981
936 970
103 282
233 741
427 786
777 889
961 984
371 726
971 992
298 647
623 947
726 996
965 966
581 932
474 621
108 966
9 497
370 915
679 769
922 997
684 925
544 753
196 975
436 889
555 742
283 975
558 637
781 997
571 899
287 622
248 653
612 922
254 628
807 840
272 910
109 140
628 725
379 785
33 298
655 689
904 996
173 274
200 589
306 510
39 148
795 807
27 50
378 707
255 767
746 803
61 480
804 951
888 973
872 936
785 857
317 416
448 523
968 991
421 576
632 645
797 906
45 178
221 636
249 724
478 817
635 651
457 972
304 366
424 823
462 977
702 778
801 930
905 965
201 931
97 282
645 831
782 837
478 615
123 460
154 288
976 987
82 141
208 714
693 770
757 814
14 847
116 316
510 726
669 757
632 660
27 82
587 702
70 638
862 898
695 778
722 856
561 588
693 837
104 418
609 900
327 438
220 727
445 592
566 633
427 621
705 905
226 869
377 495
426 440
166 767
747 887
833 840
989 991
771 902
600 671
511 895
23 306
82 573
176 453
623 724
713 996
222 522
45 424
699 777
79 443
77 437
540 914
543 882
194 973
130 802
588 845
161 671
351 761
430 983
10 229
949 960
76 505
972 990
126 985
868 977
93 201
62 261
163 484
307 352
238 382
184 706
262 731
536 833
335 792
50 964
968 977
973 997
704 820
968 998
495 750
417 861
883 906
644 662
413 967
612 906
667 894
187 432
225 623
544 710
24 79
822 942
730 815
45 294
691 982
857 879
915 943
22 374
769 919
208 992
851 915
13 884
777 818
551 654
576 768
25 302
319 582
420 442
647 999
857 958
808 828
71 106
672 965
584 972
338 793
749 819
353 424
763 957
156 734
417 604
975 993
754 951
246 662
237 928
271 460
663 909
880 948
793 952
470 791
799 809
106 957
756 916
244 949
525 544
747 819
8 47
445 825
416 900
208 948
84 224
315 599
622 866
87 99
463 922
441 477
328 733
137 680
768 941
88 711
21 955
907 931
59 181
64 398
497 568
418 738
792 940
798 890
519 694
444 841
318 439
165 294
596 805
608 681
827 841
159 514
565 679
494 699
560 743
408 960
720 850
686 950
148 804
716 776
619 742
257 778
190 433
471 853
760 824
373 384
15 239
313 550
238 729
510 961
141 526
191 835
825 932
512 666
503 778
401 589
307 690
687 816
181 353
592 903
403 660
511 914
91 640
599 774
863 977
827 948
99 711
636 857
609 920
801 1000
793 809
434 740
367 505
26 758
86 794
282 784
824 883
841 852
201 748
937 942
329 712
166 412
997 998
317 500
949 961
497 498
859 966
931 983
703 910
766 802
949 991
774 776
80 139
217 276
981 984
780 985
574 768
285 712
323 648
610 868
617 725
206 643
294 996
991 992
814 968
136 485
562 939
139 141
361 497
9 35
734 870
626 898
109 651
258 433
512 862
314 503
582 735
304 503
313 693
64 153
973 984
203 539
475 658
42 898
738 847
734 784
602 974
577 939
963 988
861 874
713 852
462 757
145 193
837 924
401 545
275 572
634 915
793 989
952 981
348 615
138 947
849 935
605 950
240 667
228 740
976 995
600 854
479 643
76 781
384 386
501 552
705 847
509 759
89 468
551 752
109 949
315 921
674 755
691 805
651 858
693 995
886 933
865 869
343 794
125 555
588 924
904 940
994 1000
996 998
230 679
19 453
72 480
420 517
992 1000
507 970
694 794
450 821
840 855
639 823
287 892
723 764
887 940
482 545
974 986
359 952
569 631
370 745
218 515
3 975
689 869
202 489
773 853
115 959
749 961
792 982
980 996
393 444
178 290
460 662
671 833
865 945
883 948
900 939
745 890
58 352
580 996
611 682
787 824
70 680
638 925
443 961
624 769
399 593
401 513
804 873
626 807
624 882
391 823
665 914
952 992
600 913
196 222
697 812
427 516
841 937
620 807
84 688
658 863
565 817
778 998
233 803
951 975
860 994
425 709
867 940
490 656
341 869
528 825
445 615
718 959
871 943
920 962
650 780
357 727
831 836
92 408
673 735
820 993
770 949
932 995
728 849
309 401
410 430
961 967
855 863
23 124
943 983
951 963
557 578
427 923
911 975
745 812
715 997
495 703
380 539
73 507
639 983
230 252
969 986
567 947
236 417
618 888
231 604
1 346
768 830
579 618
417 816
706 839
249 740
865 946
521 760
886 913
924 953
180 343
849 996
28 593
70 829
718 817
135 789
3 255
191 235
884 939
626 891
524 661
343 419
319 915
303 705
745 837
878 938
388 600
922 991
365 659
67 521
92 681
747 794
926 971
946 949
879 894
764 983
941 945
874 878
476 858
468 873
668 781
541 634
888 892
716 718
133 543
768 882
989 996
748 835
170 278
814 904
809 861
266 535
711 772
473 744
448 991
883 972
368 987
815 918
337 689
393 839
971 989
740 960
330 691
666 672
433 851
247 882
553 713
255 389
12 801
790 793
972 991
371 614
649 972
801 962
119 126
590 854
478 873
485 792
586 786
720 770
265 614
857 913
455 917
556 972
478 850
123 254
994 997
569 814
194 613
278 846
558 816
178 541
531 673
904 984
274 350
46 153
504 577
834 869
239 417
306 742
889 963
401 554
942 946
54 538
597 913
779 891
195 812
598 949
308 777
878 942
589 833
236 839
501 658
425 526
972 992
591 815
520 824
386 997
323 814
415 748
674 780
430 871
566 997
911 945
896 951
515 967
450 741
649 779
966 967
311 587
194 305
132 511
954 974
926 998
334 882
822 894
284 629
279 925
707 761
571 810
743 764
129 635
230 952
207 679
48 557
922 952
40 946
451 473
871 948
162 648
135 974
293 791
667 683
699 899
710 755
91 432
118 231
13 545
391 632
371 481
508 992
639 974
662 698
134 629
275 554
968 975
725 763
703 774
664 890
849 928
464 837
369 802
533 925
543 772
777 872
3 198
413 701
46 535
406 820
779 806
367 398
295 765
112 532
14 674
514 630
988 1000
762 889
933 986
476 673
714 798
282 765
541 771
884 895
12 456
579 871
327 330
729 918
779 826
495 582
404 770
99 728
265 432
102 237
161 436
488 810
894 964
854 974
75 978
17 812
401 678
507 588
629 830
698 921
130 310
119 203
578 701
86 301
260 559
155 921
694 773
798 886
177 867
532 535
705 774
902 915
248 749
157 774
56 904
280 519
926 959
288 293
121 966
687 790
409 993
484 923
340 827
134 423
371 625
803 970
945 969
622 912
882 992
128 269
968 988
262 939
974 984
479 690
811 973
217 594
130 843
394 575
226 979
40 458
690 878
847 936
245 814
179 634
306 354
806 880
75 150
235 505
157 582
214 375
567 843
548 824
913 925
343 478
264 357
389 566
248 675
765 939
231 758
940 986
520 621
130 203
484 730
186 859
850 977
992 999
776 894
769 800
37 441
894 972
594 721
403 739
102 914
826 927
243 840
840 966
88 469
39 316
734 773
332 460
721 873
278 622
813 967
163 753
927 944
380 949
925 927
870 872
537 804
934 943
377 458
549 899
812 872
659 941
178 902
207 775
722 879
532 655
927 967
339 974
42 137
876 924
205 696
413 576
409 663
802 912
198 692
178 347
283 510
917 949
733 868
318 977
962 997
922 973
385 878
564 790
165 435
357 712
303 596
231 421
638 986
928 957
327 815
921 927
967 990
101 262
443 948
308 558
430 849
845 913
819 976
35 620
165 250
572 626
580 815
603 816
313 752
767 977
587 688
477 579
326 986
606 866
972 980
683 695
499 988
812 886
534 652
382 932
412 595
251 746
431 861
3 224
84 616
420 921
358 524
791 995
687 831
614 925
669 993
715 950
346 873
861 881
899 961
838 909
1 35
9 586
450 901
349 654
141 583
865 936
275 473
98 896
397 589
862 923
70 250
756 825
361 981
889 994
133 342
514 751
949 957
360 515
16 785
480 932
537 840
750 781
479 860
441 637
755 903
629 957
756 875
245 595
65 783
740 1000
498 878
682 988
488 805
899 993
552 958
958 966
965 991
982 991
164 606
146 745
774 870
688 902
789 881
868 975
958 993
913 994
875 912
687 854
412 456
446 680
55 641
916 927
169 406
621 984
827 869
890 895
548 647
271 787
51 557
512 550
299 773
909 915
765 819
810 845
86 138
580 927
210 973
982 994
473 866
325 895
734 828
468 502
352 605
288 382
870 890
425 476
928 985
26 822
833 916
694 735
459 904
885 905
856 868
643 798
734 893
931 952
576 775
491 995
834 871
561 761
339 685
248 685
658 977
989 997
622 737
147 855
967 995
868 919
847 968
73 442
796 943
614 880
74 606
351 365
742 966
2 442
199 344
146 927
951 968
563 788
883 912
947 999
401 963
345 775
516 800
870 913
982 987
581 677
28 899
187 583
814 961
674 882
56 587
391 590
265 656
189 674
415 716
217 451
359 715
674 790
374 697
389 475
526 777
336 834
794 999
583 661
942 991
143 619
255 870
659 976
546 778
773 918
255 574
133 621
737 978
470 614
73 579
795 953
628 653
306 606
903 921
601 663
374 796
203 974
835 857
813 992
928 952
681 691
249 359
983 988
612 992
640 809
137 804
985 989
611 661
677 939
797 806
126 696
292 428
803 969
829 940
776 989
255 500
874 944
521 844
485 564
458 464
489 522
784 986
29 591
237 691
478 574
264 877
770 915
392 982
270 305
179 543
951 991
587 853
111 119
736 943
198 582
95 597
816 917
932 952
990 992
282 475
962 974
667 783
166 319
83 620
546 874
928 937
664 965
28 499
785 927
824 825
770 939
363 683
43 235
262 309
677 744
443 560
937 951
215 722
487 986
342 710
957 981
201 919
322 948
466 551
208 554
43 267
952 967
858 999
929 963
196 780
656 819
7 654
224 524
859 911
579 793
199 696
381 444
608 921
116 245
703 705
629 858
660 675
903 934
150 326
883 926
294 632
377 973
228 990
249 615
893 955
785 888
591 849
869 986
23 386
7 35
570 982
806 931
862 878
378 556
713 954
264 425
324 991
40 379
855 929
607 806
233 527
242 987
838 945
636 706
809 878
533 665
428 553
798 969
383 969
658 938
142 573
499 931
672 760
788 805
441 663
360 910
473 732
883 941
949 962
456 539
595 756
559 587
657 980
875 986
133 187
628 651
648 893
213 670
788 969
608 902
745 913
926 927
230 388
87 928
808 949
899 964
361 600
264 844
24 771
657 829
388 783
753 861
365 750
710 893
789 905
466 798
817 947
30 761
663 801
374 825
627 903
180 462
40 571
72 639
416 470
305 820
241 956
751 930
375 571
73 327
727 831
143 554
529 724
564 965
729 789
943 972
784 908
837 902
224 237
577 707
210 548
826 841
116 344
581 859
105 981
365 811
956 967
93 586
741 794
671 934
588 819
811 918
619 631
827 839
173 452
116 529
670 835
40 265
950 977
860 885
793 973
323 855
365 655
367 738
941 942
329 621
639 778
847 973
133 425
141 725
722 814
754 848
668 743
561 956
48 145
992 994
868 871
953 991
555 915
885 895
625 649
75 809
702 760
225 554
616 891
719 982
431 655
105 931
225 236
973 999
211 265
158 231
290 322
602 924
796 882
513 981
632 883
236 593
616 795
402 561
148 863
288 750
220 299
648 848
198 609
863 981
646 718
22 761
257 849
473 825
334 673
221 874
223 699
817 862
792 921
609 703
881 958
160 652
593 870
873 894
468 647
53 278
29 568
30 234
941 964
252 538
480 716
723 839
530 900
800 990
112 781
33 586
852 983
241 402
223 512
801 869
569 782
5 376
16 409
763 911
804 808
143 262
478 956
762 871
130 883
449 777
545 906
894 969
415 655
182 223
134 375
692 985
640 916
312 477
905 930
669 700
245 530
147 661
259 475
829 897
394 786
848 954
529 752
605 850
353 366
210 400
132 441
420 885
667 949
987 991
503 544
488 522
932 933
267 325
752 971
306 562
819 998
896 926
543 938
763 985
14 244
520 837
779 912
45 192
186 293
792 837
301 671
57 516
612 775
757 947
471 524
942 977
675 884
768 874
573 930
914 955
107 814
335 867
542 884
267 687
764 966
368 995
166 221
577 702
401 643
165 596
392 513
320 900
325 622
351 583
348 925
392 458
127 773
617 959
87 384
987 993
249 521
440 747
295 603
773 1000
706 808
928 990
68 483
578 873
39 315
722 754
305 936
202 206
281 709
918 962
125 593
408 845
558 930
949 963
222 231
662 927
841 881
398 772
603 949
104 291
560 820
599 995
597 675
307 481
640 805
774 953
125 506
71 187
960 968
226 522
510 705
413 804
50 461
453 830
319 851
671 903
243 937
296 799
269 812
546 867
339 804
916 987
10 92
651 900
830 854
712 962
882 922
189 593
299 355
5 603
953 955
957 985
212 384
485 733
620 738
927 932
977 992
467 730
692 933
672 701
596 727
422 614
895 961
923 925
937 997
766 847
546 977
164 893
848 966
641 731
655 868
295 883
701 915
486 691
291 646
319 436
264 981
305 929
84 985
778 881
37 698
295 686
292 341
785 949
866 942
651 977
4 729
553 557
672 708
356 637
257 880
723 794
513 633
40 153
259 721
734 899
47 248
741 936
229 471
4 362
601 717
890 910
517 899
752 989
440 517
76 594
536 879
917 970
82 290
853 945
93 928
585 904
590 831
269 661
806 990
1 515
753 947
407 906
219 808
300 390
59 318
415 681
585 676
715 727
77 472
849 943
915 938
297 996
648 999
434 900
977 1000
760 876
137 222
765 914
644 850
903 954
14 555
448 823
515 640
149 828
967 971
866 958
434 621
440 538
939 966
733 869
794 830
781 810
52 879
918 945
792 944
921 988
76 160
221 245
202 996
662 905
702 960
536 884
662 693
232 466
917 920
762 830
877 917
683 684
779 913
492 700
807 940
919 942
43 761
651 924
870 951
513 715
741 851
54 700
138 819
917 991
947 958
944 947
502 561
962 993
69 771
33 602
659 721
880 890
694 960
567 733
231 450
902 946
681 702
495 649
90 366
459 557
149 486
944 966
369 440
955 992
532 848
253 908
846 988
10 195
724 725
59 969
337 550
346 923
914 923
124 273
410 555
727 836
366 451
131 704
937 974
323 841
184 980
228 754
53 855
881 893
839 915
554 598
93 724
543 593
218 960
676 710
462 675
39 458
624 877
878 885
960 998
920 958
472 892
83 474
109 474
7 348
884 932
52 653
526 604
853 910
636 831
541 856
822 944
141 967
758 824
455 984
960 978
465 872
625 892
362 426
54 276
688 738
638 804
303 564
265 516
892 965
362 370
542 953
142 560
421 801
759 870
176 365
466 995
926 938
33 439
822 934
173 566
301 352
393 482
356 842
835 931
890 944
608 806
727 794
9 832
391 661
947 994
556 961
979 991
31 454
367 588
200 579
584 922
878 967
292 887
389 918
38 559
368 965
875 920
375 694
651 998
15 714
972 977
473 628
575 625
626 844
388 768
729 852
656 915
98 658
404 637
263 980
420 939
226 262
257 510
263 385
103 314
609 686
427 764
436 772
191 311
423 492
439 592
741 884
643 712
797 925
575 847
146 173
912 925
858 869
388 570
606 619
410 593
871 973
566 825
84 687
201 868
73 405
641 797
73 369
599 817
153 927
442 756
268 657
475 795
535 980
832 907
587 857
410 617
169 613
268 840
953 986
720 859
510 890
774 935
608 648
686 822
148 850
843 972
859 967
254 784
112 663
744 968
364 563
864 924
407 669
55 508
616 745
52 823
191 206
664 878
642 743
113 342
451 783
755 999
395 430
180 213
595 718
976 983
218 982
551 597
401 634
361 909
725 891
340 633
638 732
62 315
479 817
612 800
897 922
69 454
28 51
82 381
578 786
521 864
743 993
831 964
800 884
967 979
419 427
168 251
757 764
826 931
804 855
868 876
704 715
864 871
583 716
518 706
417 799
886 936
41 447
779 904
285 919
269 516
421 833
593 668
323 634
688 846
252 934
447 878
239 719
445 495
920 930
5 175
306 341
268 279
260 961
832 957
386 452
155 502
557 622
410 739
37 175
364 882
551 803
982 983
781 841
755 928
11 52
55 339
82 309
692 780
32 688
310 581
661 994
866 935
975 982
781 977
131 530
341 893
790 938
708 955
315 348
224 707
966 1000
387 902
69 82
638 672
880 923
437 602
473 931
289 713
951 970
972 983
134 314
262 547
599 628
845 906
288 992
631 672
398 726
774 838
284 494
963 986
406 432
332 791
508 780
765 979
871 963
77 490
503 549
591 963
891 986
954 981
437 519
27 486
314 956
825 968
667 790
453 979
166 308
769 949
92 293
678 919
590 934
28 630
778 854
945 980
953 956
918 973
240 451
798 879
301 737
693 856
162 970
858 997
972 996
831 839
705 735
514 839
862 883
594 711
421 641
984 995
969 988
300 427
264 421
653 833
206 551
255 626
261 568
908 997
917 924
501 929
278 323
553 856
29 451
612 735
65 769
88 916
77 267
299 403
631 921
513 793
494 531
236 721
740 986
477 830
806 961
714 767
965 975
843 872
257 863
572 641
75 633
861 992
197 452
711 886
269 703
491 752
32 118
512 773
144 804
545 744
536 875
423 889
208 868
279 697
232 631
221 712
576 594
979 983
531 608
101 648
389 816
297 566
75 564
195 854
260 437
607 837
814 932
118 491
528 904
473 543
597 786
892 976
263 936
783 989
21 677
879 888
864 880
597 948
710 787
1 511
250 895
486 588
541 588
325 424
175 769
508 867
509 670
528 568
52 832
322 329
102 496
494 650
750 849
238 649
416 508
114 131
182 391
339 522
730 775
755 977
615 839
915 940
387 637
619 734
321 833
931 965
348 859
428 645
108 854
721 995
151 217
731 963
982 992
216 502
670 899
2 802
467 615
763 940
658 716
791 955
875 899
336 423
189 958
147 421
548 666
281 416
525 704
180 306
472 632
466 745
719 964
749 984
796 839
6 707
399 550
398 752
265 811
100 257
497 803
946 979
182 542
730 791
492 893
817 818
386 832
102 758
601 936
588 907
148 204
740 780
217 319
328 552
431 484
406 862
564 964
683 732
946 984
346 738
46 455
461 710
387 912
409 769
647 664
213 608
744 948
693 924
15 193
705 854
175 498
311 378
739 763
209 997
301 781
957 969
62 99
971 975
486 527
995 996
624 677
83 766
67 985
745 806
22 714
822 955
870 959
152 235
755 953
182 437
206 557
190 943
645 705
669 783
123 728
519 765
363 632
75 706
832 940
391 767
934 951
953 963
966 974
988 993
837 860
282 839
710 988
481 519
961 997
478 919
18 199
95 142
945 979
285 937
115 631
631 827
63 553
631 829
297 949
144 184
444 748
523 621
319 677
477 655
491 555
615 813
700 851
809 906
709 870
79 257
146 515
859 934
546 833
577 630
706 765
869 997
806 811
73 170
557 774
280 316
506 542
695 996
437 441
166 919
450 714
309 838
865 938
401 665
887 942
268 487
587 825
532 880
752 991
147 399
332 811
767 969
822 861
393 487
121 369
541 1000
20 185
316 399
532 561
543 667
923 932
641 770
150 739
589 797
334 774
437 793
789 870
832 934
479 896
896 981
938 982
715 828
61 569
559 652
391 402
791 921
791 974
148 462
897 983
965 972
63 618
59 672
728 820
721 744
814 928
747 817
570 899
380 769
737 823
121 837
278 296
556 948
792 993
732 932
139 988
341 576
292 707
764 972
242 394
189 479
364 497
223 974
31 324
621 995
331 917
629 808
717 814
427 808
454 982
568 951
318 386
112 479
766 937
190 942
942 979
31 717
779 825
45 942
359 713
498 547
727 756
662 717
191 748
458 732
834 984
141 773
742 878
957 987
958 968
375 792
935 949
492 712
416 874
56 731
437 921
456 800
454 530
343 355
155 586
756 778
12 794
593 791
648 687
34 42
47 435
663 939
811 881
32 364
641 804
719 724
241 708
148 272
280 709
224 816
506 627
223 559
438 442
298 603
236 289
427 985
738 777
406 430
142 422
358 531
811 843
551 906
259 620
454 753
691 782
391 998
441 897
911 944
135 653
205 209
589 947
455 496
822 910
262 783
630 803
961 964
889 993
720 731
348 715
664 677
425 695
325 799
64 559
207 994
777 948
609 720
500 676
480 723
715 797
86 214
505 782
712 837
800 933
696 1000
744 862
318 963
355 429
662 776
868 928
311 863
982 993
50 568
607 688
505 931
28 771
354 641
700 711
377 781
144 499
771 785
50 307
415 634
287 825
268 929
540 789
657 742
520 836
924 972
662 741
955 999
725 881
225 291
169 222
299 786
910 973
779 851
725 847
245 461
358 727
820 860
795 852
47 72
508 954
341 588
329 860
624 645
915 951
971 980
751 770
760 859
924 936
688 874
686 701
361 633
832 883
427 659
355 441
195 530
743 877
823 972
186 438
737 905
290 469
330 761
494 868
278 667
409 890
354 702
782 889
95 836
349 568
922 965
702 989
340 815
256 527
647 887
922 949
494 730
71 298
407 815
114 885
910 980
406 772
315 858
656 884
441 761
332 520
908 972
57 941
306 980
477 647
722 773
249 870
910 932
129 703
496 616
826 883
461 505
642 882
877 932
148 746
936 938
587 856
323 822
315 975
578 822
60 624
829 928
842 886
625 706
664 882
288 748
771 815
24 495
575 858
873 898
473 563
45 140
6 843
715 826
182 968
749 779
701 764
104 492
410 725
292 804
553 632
106 277
276 717
154 567
239 323
639 808
621 681
742 786
497 972
879 992
721 919
547 993
391 527
83 243
452 847
783 874
355 727
993 994
716 988
959 960
368 703
491 904
564 796
92 230
499 684
466 907
56 683
277 909
957 989
538 742
276 327
126 722
1 430
299 892
624 996
157 853
18 828
773 791
699 704
660 664
352 393
55 610
548 561
704 846
664 687
690 761
16 401
278 354
843 868
982 985
316 409
643 964
385 412
194 710
305 643
134 894
889 954
440 913
70 853
439 926
103 535
557 620
201 755
758 773
635 849
55 444
387 604
166 621
899 915
592 692
307 924
920 940
811 840
969 980
802 969
456 882
974 983
110 166
726 885
249 345
851 999
854 874
273 698
479 973
829 954
853 959
633 883
728 938
850 945
398 696
276 891
676 853
494 948
294 403
25 37
995 998
346 576
767 910
929 988
906 924
131 382
372 523
508 730
654 992
645 680
674 950
604 863
191 572
464 989
245 998
880 924
869 894
593 699
47 543
512 609
414 516
160 927
281 412
569 949
681 953
607 779
35 55
380 418
772 902
188 565
306 850
502 743
176 886
185 996
640 839
553 845
888 984
630 699
326 985
743 771
254 911
387 892
114 480
874 887
651 889
592 972
872 948
318 521
640 700
661 968
62 239
651 696
186 810
602 876
487 548
717 967
603 633
406 833
407 777
108 901
53 84
146 420
983 997
289 546
678 752
228 321
731 964
209 443
111 765
754 755
334 537
598 718
135 642
123 405
170 194
329 945
17 664
153 910
193 221
682 747
66 381
228 268
648 927
623 732
279 930
139 855
808 933
976 998
162 871
186 671
226 547
505 596
690 843
455 578
539 913
169 831
474 570
271 303
808 992
414 424
243 879
385 515
396 434
765 767
557 820
809 856
320 614
845 945
30 194
705 826
520 605
757 981
842 953
327 922
755 968
641 855
924 934
32 402
626 899
609 991
337 675
785 863
41 590
804 888
518 696
112 572
99 676
977 995
427 908
427 932
734 973
295 911
845 979
436 574
277 681
783 851
184 399
361 830
836 999
661 716
825 912
75 599
729 742
613 752
779 981
914 973
422 865
465 982
457 503
871 995
700 856
918 990
778 983
972 975
284 962
612 736
250 628
123 742
477 847
590 654
649 664
977 986
22 731
235 257
570 979
294 954
395 610
426 631
128 676
937 976
891 948
103 969
684 867
597 776
751 961
872 903
819 835
125 474
98 999
121 160
944 982
961 986
121 263
47 296
564 885
890 977
668 933
82 838
444 566
324 558
968 987
252 911
965 983
4 989
596 853
759 827
759 874
774 943
395 765
77 770
16 322
597 719
114 809
307 476
33 952
228 585
377 545
649 807
240 405
718 973
504 596
179 622
987 990
506 549
244 917
25 321
198 738
951 967
627 670
880 965
903 995
649 878
525 600
992 998
583 696
763 910
686 729
674 961
85 139
560 713
268 285
747 831
715 825
547 623
705 766
970 982
821 834
317 472
974 998
609 865
396 651
408 876
628 874
17 439
218 498
821 833
491 512
793 916
286 463
123 630
437 687
47 529
19 186
293 958
234 355
530 933
809 934
27 97
847 942
30 851
302 308
461 800
217 632
6 469
59 518
241 545
361 781
237 490
317 413
847 928
863 908
600 602
959 987
699 782
899 913
427 626
274 284
553 857
501 546
791 915
952 986
665 867
541 908
693 969
197 905
676 855
551 962
938 978
324 553
977 990
341 457
112 769
54 85
917 943
861 964
869 974
948 995
862 939
446 605
20 809
182 724
276 917
5 983
794 940
465 697
286 427
368 915
926 929
199 558
234 269
212 741
634 762
152 521
86 340
741 788
732 977
510 744
495 792
313 461
982 998
38 288
899 963
738 837
14 459
847 956
263 906
419 812
18 167
375 661
643 762
153 481
69 657
379 402
140 161
103 643
646 947
414 885
523 929
846 873
781 901
344 657
803 833
652 769
46 446
361 744
781 947
994 995
262 881
898 982
62 106
294 648
868 910
903 994
615 710
806 847
400 635
507 805
385 662
174 846
257 635
2 245
450 809
82 771
934 971
247 900
912 973
229 944
692 941
242 831
863 876
724 854
778 939
877 928
752 993
898 984
687 915
834 995
41 346
795 883
677 901
724 743
64 184
125 590
258 900
136 171
145 291
147 334
187 201
908 947
678 733
598 938
294 805
353 943
65 986
76 959
274 322
24 272
941 996
436 568
157 284
123 997
680 922
256 543
660 751
143 757
228 889
110 210
885 910
844 984
489 861
610 743
872 932
441 708
646 653
450 913
55 967
103 658
376 462
348 457
119 310
7 889
427 814
635 903
342 667
930 959
550 998
196 728
428 853
420 700
763 828
66 206
723 929
792 850
762 863
114 481
457 583
710 938
923 937
452 604
373 690
160 789
485 879
619 801
660 682
691 745
571 697
265 586
744 785
24 315
711 788
866 951
324 606
794 835
617 648
261 513
42 969
234 367
133 308
204 955
353 721
21 604
849 900
225 654
498 833
896 982
788 808
507 598
104 681
889 998
500 991
798 950
15 107
336 865
927 939
73 433
644 887
353 430
493 572
931 946
813 926
970 998
806 983
415 875
881 888
435 631
705 879
699 852
27 418
763 790
960 997
615 765
521 931
179 683
632 654
477 600
307 735
922 928
232 324
684 921
668 706
750 813
921 973
89 337
158 852
47 928
636 685
563 765
437 458
160 602
340 414
492 842
202 716
898 937
737 743
311 904
667 883
692 967
655 692
108 372
334 767
933 972
48 320
189 397
887 926
978 986
441 849
430 749
848 872
31 704
5 568
247 420
270 468
600 858
661 950
639 782
757 859
905 960
361 641
668 796
788 932
335 480
331 972
171 729
498 801
938 984
151 673
215 968
444 904
908 916
551 922
667 674
304 411
324 941
588 882
817 874
957 977
545 597
304 365
857 959
98 480
627 655
739 960
675 956
159 964
858 896
575 919
200 530
617 909
120 331
391 492
864 890
994 999
386 595
34 795
847 930
232 780
39 575
68 965
914 938
691 925
690 729
411 783
863 882
142 196
917 965
136 859
228 582
571 793
55 718
568 928
197 986
772 853
754 993
58 705
76 260
588 717
199 667
592 901
847 946
134 693
894 918
443 637
540 915
756 852
48 838
922 947
330 417
964 984
259 451
711 917
106 454
825 911
865 900
501 948
917 997
156 672
360 552
106 464
741 836
123 467
711 931
359 622
872 975
365 931
88 180
375 926
934 993
510 608
838 855
606 891
208 629
787 960
211 770
337 959
156 803
516 541
364 885
969 994
844 897
364 575
820 894
622 821
289 649
9 936
845 992
310 593
423 952
760 906
707 801
795 992
131 534
840 897
703 918
889 944
463 933
394 458
800 822
402 802
767 827
635 875
416 641
193 665
648 650
545 965
856 895
974 997
302 765
125 669
327 609
853 888
575 884
643 962
33 228
460 527
376 926
317 595
267 769
425 951
146 429
884 933
503 973
418 964
179 351
944 980
635 816
633 947
827 842
350 838
710 953
610 887
881 994
271 356
277 962
8 613
272 637
973 995
405 536
99 760
350 928
652 680
417 812
828 973
20 532
158 389
522 768
16 116
478 888
123 643
5 989
527 911
168 319
231 525
25 569
775 875
953 993
893 938
35 977
349 453
562 971
746 968
182 597
388 399
951 982
632 848
685 942
710 828
502 909
924 962
548 773
605 711
743 849
197 567
524 583
778 995
664 970
622 812
953 971
824 951
743 985
23 446
382 823
282 734
779 780
667 742
305 935
304 551
860 926
621 732
782 973
805 927
397 839
482 760
614 704
54 579
726 916
947 948
364 502
747 773
708 965
408 543
798 852
870 943
236 979
782 803
319 777
798 949
967 985
402 642
9 866
88 660
619 816
724 1000
156 631
309 854
41 124
172 703
199 352
391 771
395 919
217 402
217 281
704 897
160 623
369 701
909 965
42 568
848 996
653 693
343 476
857 921
205 732
137 929
218 224
464 941
763 809
410 738
864 978
616 901
154 526
140 546
87 416
346 803
683 780
988 990
85 807
329 729
598 769
590 674
706 810
12 384
542 895
65 830
950 967
763 945
518 971
926 979
91 655
801 976
98 653
338 461
802 853
641 960
914 943
420 530
447 781
345 936
241 740
736 981
928 969
772 888
209 875
357 852
952 998
12 181
581 676
839 941
488 890
874 913
714 785
700 869
334 583
78 462
232 602
856 983
224 867
286 744
477 500
186 509
136 416
285 896
507 839
111 393
363 923
569 648
522 761
919 968
411 992
176 720
755 894
211 590
316 437
538 882
877 887
683 791
878 903
855 969
834 854
222 903
293 459
73 664
136 660
107 444
42 746
669 869
785 946
896 910
972 976
85 123
793 813
668 859
741 782
328 927
903 915
733 751
97 563
805 910
842 985
522 621
749 903
323 639
269 921
750 892
906 913
701 963
394 495
82 836
464 552
8 108
419 690
684 819
646 825
375 728
102 946
955 972
737 946
960 986
949 992
751 838
113 394
869 889
636 914
591 942
286 910
257 657
739 756
36 175
629 686
480 635
362 422
355 697
645 783
769 771
129 888
725 768
978 990
880 988
390 476
902 929
894 937
515 949
135 177
654 919
778 857
600 640
964 976
265 942
209 416
554 601
647 830
390 806
963 987
8 709
132 691
649 823
531 622
67 77
30 593
611 644
465 955
361 903
945 981
826 845
311 641
436 681
494 533
524 894
449 763
755 859
131 635
967 974
163 376
284 893
852 984
656 917
347 449
559 912
116 186
79 331
778 875
425 995
231 502
6 860
604 888
891 958
848 946
484 892
214 982
636 985
241 858
41 540
393 919
979 988
577 850
686 953
159 714
162 305
135 169
791 793
104 642
87 567
681 968
491 515
310 383
346 993
633 890
184 638
688 820
94 306
453 835
827 858
141 694
204 738
594 860
761 910
853 930
456 482
660 741
666 823
772 775
706 821
712 768
765 852
906 989
75 393
960 1000
821 961
305 315
721 808
406 415
367 640
170 851
481 737
738 951
30 840
581 637
272 344
88 794
700 989
505 984
284 936
95 419
531 553
245 528
523 986
509 993
916 925
96 476
392 929
357 759
370 829
63 614
118 840
642 722
397 475
448 451
663 971
546 928
384 406
767 955
268 406
487 738
193 976
234 281
153 556
130 455
637 991
960 992
958 972
594 842
311 582
551 721
47 179
739 896
643 847
140 914
902 941
962 970
560 682
908 970
795 801
227 331
899 981
724 739
99 106
831 953
570 968
347 628
397 647
175 204
399 596
116 468
366 885
105 521
134 598
577 833
27 174
909 944
772 793
434 876
814 962
286 344
295 938
104 639
682 752
142 324
326 346
114 615
776 898
150 440
120 592
340 378
677 898
370 696
569 918
121 973
417 772
964 1000
405 920
913 995
127 739
234 418
737 842
572 974
728 789
663 747
238 250
684 946
96 522
629 964
582 832
373 571
956 997
295 411
531 550
512 513
511 820
415 494
332 673
434 882
105 158
237 898
543 738
155 771
869 954
422 806
751 823
505 835
181 827
790 792
708 970
39 205
727 763
419 811
796 926
425 697
121 548
420 730
248 755
353 416
435 615
615 782
924 981
925 984
693 941
555 645
721 973
49 513
197 680
789 877
424 521
117 388
665 825
355 363
427 436
394 630
186 258
62 300
813 938
118 159
913 979
276 499
700 900
639 821
890 925
598 923
735 887
904 976
476 948
909 911
584 864
565 718
626 884
352 844
432 819
696 926
227 502
133 230
321 693
695 801
309 491
802 847
805 920
739 931
931 935
306 893
29 196
103 797
600 864
402 857
164 600
39 715
839 844
630 647
202 613
219 551
392 480
171 989
298 935
984 998
874 974
177 775
298 384
829 968
356 746
703 712
379 994
900 968
700 887
488 902
130 307
949 955
247 378
822 834
858 893
19 224
471 743
641 925
612 669
131 920
344 499
957 994
337 664
135 861
871 888
786 881
124 471
584 798
144 496
828 970
290 408
697 983
791 849
181 655
465 681
945 972
191 666
731 744
78 409
799 955
786 955
54 303
356 889
743 992
575 646
52 361
243 687
629 693
582 995
607 663
833 962
944 998
534 639
356 810
564 758
927 951
737 821
652 804
46 846
85 405
343 932
382 943
366 985
251 571
422 831
392 858
529 878
626 727
38 834
295 775
521 998
488 509
546 756
909 941
410 805
831 967
523 703
752 881
306 944
529 751
907 996
147 607
244 351
968 986
446 541
412 724
527 612
303 344
222 716
319 389
330 632
7 896
555 801
432 456
879 931
187 884
660 991
18 215
424 693
776 939
439 573
402 810
158 439
623 943
874 955
851 976
529 891
122 162
255 498
665 810
296 775
108 502
738 857
514 957
182 547
610 614
580 913
11 874
351 526
440 711
960 984
159 194
491 680
193 518
371 552
130 192
325 433
407 887
745 848
221 794
851 955
744 989
40 180
596 714
559 840
638 694
650 781
415 764
360 1000
473 699
392 398
975 985
958 975
102 353
828 981
272 512
721 936
420 818
527 914
246 855
524 768
204 432
846 907
473 1000
72 80
639 975
243 658
685 693
748 895
395 574
55 555
171 436
644 687
179 773
546 825
540 841
838 914
336 455
11 185
853 975
568 989
562 639
354 640
908 926
360 676
759 906
3 941
657 828
565 979
628 800
852 953
251 424
614 629
802 984
922 998
721 966
179 458
956 970
793 906
8 793
784 977
527 732
465 609
225 283
252 919
545 565
344 835
591 630
753 893
943 959
557 997
626 768
599 746
532 753
109 628
124 430
777 816
377 949
345 674
127 206
872 885
763 919
71 624
51 318
43 62
906 934
807 964
438 459
584 680
44 457
462 653
859 979
425 735
868 925
181 454
264 443
197 947
479 773
429 458
518 851
755 958
450 593
892 915
278 626
737 861
899 906
15 668
687 788
364 572
510 514
343 977
176 230
669 944
1 45
186 987
138 393
943 991
323 640
188 533
309 708
368 548
350 586
213 905
863 920
831 915
67 522
74 153
152 717
535 912
828 925
713 836
386 985
382 587
865 995
549 914
156 842
349 458
864 884
403 630
929 955
6 888
542 628
296 946
867 924
888 955
187 655
594 909
884 929
902 992
490 552
52 536
513 911
114 707
772 969
469 689
555 563
406 710
650 921
879 895
298 989
539 851
315 592
114 622
5 424
811 816
324 652
829 966
736 970
6 970
939 1000
317 643
789 856
204 832
41 324
776 872
243 354
835 941
747 823
485 979
597 905
610 787
412 465
254 841
193 494
205 956
63 634
400 858
302 485
621 651
639 971
75 747
149 780
993 1000
595 635
399 478
491 768
214 412
309 605
473 764
388 793
771 968
126 242
28 159
151 581
900 985
648 892
447 896
809 917
871 904
668 790
556 991
798 920
113 608
548 630
25 452
121 580
731 797
457 588
973 993
47 60
68 432
582 753
193 469
245 491
496 737
289 733
831 865
548 683
66 909
553 663
427 665
392 914
222 420
416 805
310 863
130 706
221 832
452 792
369 541
565 605
461 780
371 711
154 886
816 994
269 608
183 521
501 897
663 901
754 783
670 694
289 663
55 606
145 181
516 598
482 754
416 610
543 999
155 886
554 868
102 854
427 461
77 611
747 932
813 873
352 795
143 300
801 901
505 588
619 824
311 609
213 711
413 480
470 835
346 954
356 434
796 982
771 922
978 993
765 961
257 429
224 988
296 967
326 917
526 635
429 990
288 467
859 914
585 598
217 488
444 546
637 742
119 345
979 987
743 768
153 886
71 506
938 961
891 923
405 945
776 858
894 989
584 831
283 942
741 815
68 840
573 802
119 944
649 755
935 977
472 741
486 819
562 664
772 983
930 998
630 869
385 616
704 932
42 830
674 839
572 927
464 682
341 835
521 548
16 510
814 923
683 748
630 657
17 737
553 615
27 936
929 1000
249 429
811 936
462 830
757 809
318 598
889 892
172 364
891 993
447 897
364 991
784 902
5 543
141 232
535 856
484 961
455 571
967 982
742 974
183 852
425 908
824 964
330 937
905 989
887 990
557 853
922 963
94 531
656 724
273 924
427 561
184 322
533 660
323 582
280 817
340 873
943 979
162 337
692 899
693 781
434 806
180 820
393 403
162 330
822 932
296 864
818 901
740 772
339 903
558 842
353 650
110 384
275 301
752 905
47 327
938 939
739 768
866 872
337 421
54 334
67 903
200 595
689 763
110 872
908 944
766 812
104 766
568 713
205 996
457 876
432 487
307 671
115 654
918 971
302 907
6 791
573 650
555 650
383 740
296 899
566 921
609 804
392 876
293 643
970 995
754 813
234 652
79 930
664 818
352 496
581 747
807 932
741 799
90 759
796 908
115 130
54 462
127 899
309 662
959 968
353 599
254 309
761 918
430 716
153 302
22 132
711 980
79 759
595 802
476 662
137 533
48 576
250 908
715 845
494 542
143 781
857 960
235 458
657 692
714 995
235 714
771 777
300 614
638 960
84 619
356 576
742 854
327 700
5 426
989 992
102 451
851 877
292 449
916 969
213 883
514 757
883 891
720 933
882 955
652 948
137 276
268 968
348 402
639 679
202 219
674 896
106 773
16 970
156 998
254 391
185 797
65 219
285 812
153 728
106 402
670 727
275 401
306 950
89 604
65 161
666 907
98 204
672 789
612 878
466 572
275 521
474 814
752 885
560 917
137 383
860 911
734 962
616 655
553 955
639 992
896 938
1 849
552 914
824 863
647 758
811 896
126 947
299 431
23 229
876 923
366 657
126 606
158 351
119 806
153 764
549 671
401 751
398 858
692 842
594 643
228 624
596 840
323 929
985 993
308 372
330 864
669 675
447 683
599 739
278 750
452 779
939 989
523 796
475 661
324 626
637 820
83 908
418 450
11 437
935 948
504 658
931 956
761 905
108 480
122 928
505 904
202 638
217 681
882 932
36 823
499 879
386 401
851 871
938 958
188 591
602 655
990 1000
783 863
55 573
844 987
79 530
469 857
424 534
185 716
164 340
858 902
759 861
655 754
399 405
158 441
364 444
671 842
574 601
54 980
489 887
931 974
406 912
328 332
334 937
826 878
399 930
407 927
64 525
475 663
533 788
368 961
877 992
900 916
171 877
372 485
633 777
489 927
366 911
502 644
290 297
273 896
200 403
568 847
847 995
74 185
369 630
660 670
254 366
685 808
943 976
130 301
83 739
924 967
266 306
796 903
748 758
925 944
670 719
422 933
576 676
625 628
690 855
825 994
730 867
681 980
663 987
274 434
546 575
314 790
814 925
830 880
938 987
934 940
589 963
593 955
487 521
159 225
468 760
294 453
331 877
329 746
102 730
458 549
687 778
898 936
209 759
191 864
119 319
307 365
162 911
336 365
931 995
505 895
463 587
205 558
294 900
132 537
102 923
86 503
869 926
265 993
121 641
826 953
761 977
212 592
474 775
429 444
653 952
401 459
543 927
248 782
315 755
598 738
149 799
391 973
206 311
970 984
636 987
495 636
180 309
265 413
391 974
75 869
63 143
812 911
497 716
300 933
805 842
703 982
910 959
293 294
225 959
615 885
522 586
48 299
664 682
663 686
168 199
585 851
363 710
667 691
284 425
812 920
255 689
2 502
801 951
513 678
678 844
64 976
364 646
952 960
439 585
735 859
932 967
364 963
234 397
565 942
896 955
961 971
336 704
366 626
701 733
831 999
226 809
947 1000
876 960
981 989
505 785
580 792
516 992
355 631
23 984
632 878
133 413
820 1000
46 348
819 980
399 924
822 967
309 554
224 456
142 661
864 869
941 949
332 443
288 928
815 821
226 366
933 948
189 983
385 687
825 851
754 826
253 258
456 844
752 906
336 783
90 305
283 848
818 874
206 985
363 469
853 947
43 253
767 887
479 927
838 865
243 284
311 885
79 432
193 683
74 155
87 767
866 948
732 738
591 777
514 684
566 850
61 862
758 984
861 1000
419 700
481 871
861 903
93 963
960 985
378 511
109 935
64 884
525 715
442 558
91 764
187 425
468 770
185 962
622 799
971 995
219 642
613 920
64 724
370 944
391 828
537 595
468 963
882 930
985 998
155 220
133 854
592 814
3 22
693 896
187 375
250 706
259 555
759 965
182 830
98 983
612 664
775 817
851 868
584 978
238 840
101 734
730 858
939 971
325 366
98 761
145 290
788 925
880 996
478 756
952 975
611 692
207 413
586 641
113 977
414 668
18 97
222 300
421 928
461 869
459 626
884 1000
343 821
514 755
856 889
386 993
78 920
197 536
621 802
75 300
369 691
557 608
713 901
263 864
637 985
427 509
922 950
532 579
886 909
751 799
524 877
165 319
154 603
522 751
363 892
452 958
160 763
914 926
835 960
911 998
980 987
948 979
128 207
126 384
623 894
371 752
952 953
800 984
281 301
427 951
148 158
664 993
418 956
656 851
668 864
555 881
141 273
375 888
946 961
917 934
592 870
13 82
277 672
287 726
123 769
759 774
130 717
161 744
53 865
494 520
554 907
671 961
320 853
331 549
672 917
772 882
626 743
377 625
418 541
555 665
940 984
808 950
210 333
898 910
65 824
710 905
391 758
648 825
635 944
105 671
879 959
157 658
806 896
691 962
486 750
126 226
990 993
968 972
65 834
503 647
952 988
467 686
84 383
2 443
794 843
75 405
757 967
765 785
519 928
636 729
738 910
62 624
131 980
79 207
925 968
115 973
345 387
89 715
830 964
436 530
983 999
694 898
104 995
766 877
965 992
132 194
173 740
147 703
735 871
236 655
909 930
584 903
184 304
287 544
301 486
472 702
672 853
905 970
513 520
987 997
55 492
851 887
743 852
13 553
373 567
618 905
510 830
203 436
480 856
523 850
66 309
818 984
182 566
247 808
256 995
910 933
675 930
810 991
634 817
728 952
566 692
295 901
353 454
267 910
186 215
965 998
81 576
638 997
780 920
631 936
557 987
325 924
360 504
466 536
451 683
375 644
129 236
154 416
10 252
589 851
416 598
180 896
293 460
741 784
91 260
666 764
869 908
189 629
361 938
129 841
296 609
693 703
634 857
447 789
480 653
43 456
923 993
160 515
863 960
115 593
654 968
356 433
451 729
653 978
881 954
501 652
903 936
48 199
528 990
509 573
345 642
362 612
890 897
214 381
44 821
369 825
783 785
750 898
796 969
78 130
16 707
583 847
380 652
576 705
123 402
387 550
761 995
222 692
735 843
516 570
926 941
894 946
831 945
24 399
230 264
48 470
182 752
460 781
475 601
760 798
734 953
335 727
721 881
913 982
707 946
923 924
816 829
609 950
659 799
59 796
467 560
689 795
955 985
496 569
176 647
792 996
541 558
537 635
818 824
489 776
476 862
774 842
547 741
303 406
563 810
58 403
316 901
885 896
711 969
264 287
386 879
513 905
627 772
821 945
145 735
727 986
439 866
790 796
641 874
973 989
868 875
571 627
335 892
166 394
721 956
747 805
529 552
137 174
4 738
586 606
136 850
31 970
821 856
373 982
339 766
207 244
940 941
882 899
328 500
286 945
265 984
603 606
350 809
604 997
106 712
456 511
643 739
979 992
665 711
52 992
865 990
16 482
47 439
826 905
179 542
376 951
802 925
509 796
772 833
747 857
767 995
187 389
313 531
834 993
365 464
326 668
202 594
154 247
603 988
952 997
549 746
262 766
430 921
785 813
144 183
769 772
594 938
94 627
294 646
995 999
924 988
481 695
937 991
323 945
290 531
213 912
150 386
401 413
420 814
126 221
948 984
310 785
883 899
367 902
825 971
302 709
797 988
980 990
53 854
101 197
553 800
59 956
906 927
144 420
802 987
648 988
813 908
677 803
78 743
325 451
965 971
805 899
509 695
658 992
66 773
511 795
779 848
995 997
342 516
196 659
60 189
622 677
751 941
660 835
604 758
368 789
764 841
323 356
421 571
177 497
141 669
923 926
502 627
678 933
535 962
520 797
913 919
13 200
703 904
53 682
593 784
816 962
446 485
949 981
736 861
580 839
957 970
419 848
885 996
333 808
486 768
486 568
212 512
948 994
776 803
296 883
86 199
229 766
187 990
741 791
792 874
317 806
350 637
745 861
549 604
385 406
904 936
308 382
584 746
401 940
238 921
748 810
548 689
388 537
789 823
667 916
489 650
330 725
811 848
596 863
542 593
719 860
162 211
785 799
529 604
896 990
111 310
517 859
283 687
552 992
885 977
43 229
792 906
493 812
464 548
524 556
562 720
758 838
318 684
443 945
612 755
208 806
908 923
851 922
458 780
773 888
286 411
933 993
668 862
931 943
242 384
335 575
717 746
846 909
639 912
655 888
114 604
196 698
129 134
481 980
482 657
438 589
702 890
952 965
739 889
781 896
638 814
542 911
712 724
551 657
512 660
223 546
703 927
710 769
981 992
556 603
900 977
824 974
530 649
207 947
753 800
926 928
371 516
54 96
105 549
401 512
612 970
163 908
227 961
427 577
483 921
490 839
532 962
196 427
898 959
369 711
105 837
740 844
23 322
574 848
202 979
242 575
879 901
633 741
518 718
910 993
616 734
949 952
551 983
874 895
236 908
431 825
721 907
307 507
402 584
453 821
721 825
134 881
702 811
692 820
987 995
552 609
200 744
125 736
454 877
580 951
902 926
359 968
883 995
718 855
146 807
786 969
415 563
313 331
433 556
531 979
260 430
243 306
667 925
661 919
113 428
910 989
881 949
462 916
463 945
701 800
21 571
125 688
710 971
82 192
853 874
185 327
30 951
567 759
973 974
507 803
199 939
879 904
289 554
875 914
835 852
509 717
548 600
617 650
855 959
650 942
640 669
668 848
630 691
874 971
246 376
42 517
794 821
563 1000
191 594
816 888
50 71
567 585
786 840
969 984
729 809
313 911
861 968
630 646
720 894
300 574
502 879
481 493
556 572
694 923
409 862
874 952
503 671
48 417
902 928
935 947
36 719
628 905
867 868
381 467
412 703
515 521
230 411
316 924
3 697
548 895
576 598
437 714
226 975
316 396
62 670
425 639
202 217
138 168
570 682
883 888
969 978
239 319
514 673
926 996
800 848
954 975
186 942
469 542
118 663
128 723
917 955
423 787
755 774
470 860
473 859
649 825
479 879
367 377
514 994
282 285
735 903
569 730
369 960
432 734
503 510
12 167
919 938
145 907
530 998
878 972
286 884
988 998
200 297
450 543
729 750
799 824
886 938
483 598
178 693
327 393
470 640
875 978
442 783
529 607
213 687
372 796
105 936
165 532
857 969
374 960
118 567
457 870
738 778
377 907
327 495
876 943
711 889
819 927
825 1000
329 874
277 386
434 929
512 585
456 471
468 478
906 983
70 339
89 923
94 759
664 980
835 942
648 914
938 949
465 844
191 412
346 798
160 901
235 756
257 459
426 984
864 935
316 764
684 985
207 458
162 586
341 453
488 775
602 780
415 995
307 407
716 899
680 875
694 963
146 798
342 912
112 578
466 630
295 692
315 889
757 954
293 954
42 673
483 603
246 560
225 333
242 818
95 187
712 977
163 507
930 981
117 516
254 312
398 951
294 730
386 558
497 559
223 521
965 978
60 923
330 709
133 929
764 989
763 830
778 830
169 733
215 902
703 823
69 803
836 931
25 141
356 687
916 942
65 675
234 898
146 567
301 875
905 966
238 520
570 642
903 949
864 956
258 984
395 814
642 958
47 533
425 499
48 671
741 785
841 884
697 809
816 947
197 653
424 608
290 994
745 849
931 987
780 947
89 773
166 981
199 981
991 995
747 940
692 767
984 996
381 638
692 844
385 402
59 463
84 287
438 973
59 872
881 1000
620 712
721 920
648 816
628 888
503 755
500 726
674 900
381 730
333 645
920 948
569 663
15 654
785 822
492 647
65 239
823 966
110 906
798 967
500 663
78 433
626 823
345 544
108 513
622 837
282 543
170 713
420 868
456 1000
469 943
180 416
516 603
126 995
304 400
545 954
655 995
328 408
913 927
82 377
629 901
897 945
232 518
192 866
474 837
763 831
913 931
714 955
341 771
293 338
175 773
85 349
878 955
78 468
960 971
696 760
192 914
131 860
105 679
325 509
263 660
465 518
745 921
236 974
11 993
534 668
76 295
740 761
981 997
871 928
72 974
867 959
628 945
156 378
13 813
652 972
529 810
370 507
151 277
299 663
750 942
246 814
29 296
803 876
860 981
349 513
22 704
865 961
704 720
417 495
43 85
20 967
598 831
782 871
838 897
184 807
978 998
540 832
733 927
572 777
125 583
662 939
3 615
803 899
316 897
315 678
993 999
348 977
853 971
4 212
287 500
582 766
666 915
498 579
824 843
885 925
774 939
625 733
520 656
141 956
254 342
172 374
142 753
96 307
687 993
132 899
227 515
46 159
605 852
351 772
229 778
819 930
280 563
225 494
406 835
456 705
436 727
314 814
844 895
546 551
250 267
377 763
337 916
557 635
77 356
378 912
601 631
250 623
297 781
803 816
753 939
528 784
479 854
867 978
201 536
423 739
722 869
524 644
433 805
318 640
563 844
328 663
970 991
245 772
37 895
267 474
919 990
294 512
579 876
94 400
563 907
506 759
51 289
327 336
664 917
490 516
206 317
504 704
633 903
916 971
863 931
168 926
696 743
926 955
762 992
955 979
647 667
530 919
430 526
678 755
48 784
630 674
617 838
718 791
62 142
108 976
146 675
336 740
702 984
313 684
878 933
507 862
949 984
285 939
353 762
482 793
115 411
379 380
699 778
417 978
331 995
239 721
484 984
969 974
909 923
288 933
459 996
513 719
849 858
305 481
739 943
938 948
249 309
817 975
685 931
518 870
928 933
262 744
255 991
539 922
237 401
601 720
437 992
658 757
850 893
928 938
841 990
554 617
451 509
474 867
518 807
904 985
578 813
754 803
221 389
547 860
408 581
644 883
263 352
116 947
73 802
734 749
790 892
181 350
289 623
270 956
111 124
857 887
288 831
792 899
406 985
715 871
347 953
323 398
103 740
694 791
454 916
821 991
756 864
768 802
491 674
763 801
568 656
499 716
321 642
813 979
232 321
723 902
458 884
276 302
615 810
960 973
746 770
890 919
353 999
4 295
909 998
36 714
22 78
179 470
966 975
291 814
153 546
615 1000
101 622
193 396
912 951
116 719
268 751
861 916
3 842
307 469
420 657
916 967
898 923
678 797
725 982
950 958
536 825
557 943
468 831
367 408
801 815
972 979
940 996
289 781
502 592
391 824
84 151
149 936
28 563
506 995
689 976
980 986
378 432
452 736
168 473
279 577
189 415
252 966
200 680
472 946
320 784
138 226
827 898
659 688
821 912
718 844
361 679
448 495
885 984
83 233
341 888
314 994
331 351
609 812
713 985
712 890
484 833
636 724
482 697
284 735
937 955
458 922
738 757
182 470
755 756
440 743
848 961
338 864
766 794
714 831
581 982
63 333
285 874
447 899
927 954
892 950
768 894
128 887
53 156
670 809
488 684
804 925
45 957
437 713
717 881
979 984
152 945
375 890
645 871
603 923
826 938
756 819
285 438
962 983
153 515
183 811
440 554
525 763
906 987
785 867
414 539
215 924
50 178
124 544
465 888
935 956
907 930
609 854
628 849
113 459
323 711
609 661
802 832
453 966
636 902
889 916
285 386
141 980
786 828
506 590
636 993
236 772
284 404
599 876
293 357
389 467
327 842
635 841
522 872
489 653
178 764
969 989
11 911
738 882
668 676
588 991
320 468
554 592
85 159
618 992
354 397
786 892
157 480
687 903
42 435
429 635
115 966
463 591
114 805
627 731
825 831
829 976
629 645
425 726
336 340
500 877
111 562
525 629
985 991
419 603
417 618
920 950
866 933
1 919
79 182
270 285
227 685
490 786
824 859
642 646
280 668
155 190
637 844
816 897
385 511
534 624
352 963
737 798
911 995
545 546
497 592
574 843
282 495
480 492
279 859
325 982
9 737
373 662
612 866
748 838
667 899
253 824
797 989
735 833
340 646
375 945
624 931
281 885
232 448
834 866
979 1000
24 449
680 893
412 428
971 999
77 119
170 271
81 473
766 999
886 940
446 897
225 765
81 648
35 804
227 726
294 665
201 686
481 630
818 913
470 738
816 921
428 605
289 581
125 661
213 843
310 358
971 993
463 636
38 769
824 946
840 944
496 564
922 981
838 958
357 429
592 846
443 930
421 448
399 889
867 929
679 872
236 314
143 775
529 911
867 931
635 655
347 684
862 938
915 987
829 853
259 771
803 938
53 700
844 911
713 804
219 965
746 971
143 460
460 835
704 717
527 592
939 959
679 849
633 858
11 458
150 798
234 544
623 860
380 668
490 572
716 818
412 856
595 962
431 812
516 815
282 293
413 716
26 239
281 623
482 588
147 225
709 890
643 871
379 643
668 979
702 850
373 874
440 738
658 903
989 998
522 541
599 957
24 645
433 506
392 465
303 613
683 926
292 519
407 678
322 921
966 985
506 530
848 887
281 897
308 890
853 948
518 958
651 724
562 846
936 955
795 842
67 203
190 665
590 598
67 460
41 129
363 524
886 912
372 472
270 499
275 558
745 809
394 924
844 993
951 983
225 734
703 902
562 774
450 738
630 818
438 863
512 702
871 936
943 950
325 866
176 206
246 273
521 552
452 620
287 661
580 716
592 810
905 908
79 473
290 816
770 891
489 802
688 800
488 765
207 788
277 577
459 874
322 370
366 429
685 780
966 994
960 983
181 865
499 613
810 859
855 974
272 487
590 786
403 925
223 241
68 594
535 692
772 810
68 882
283 484
566 840
150 629
586 617
433 959
856 877
5 767
19 24
389 728
266 386
358 690
521 867
296 586
421 967
277 695
792 974
531 897
310 703
619 879
715 785
856 878
254 463
386 926
746 839
921 929
878 975
544 937
761 895
202 547
637 655
355 511
428 717
792 809
254 325
406 500
133 901
262 722
546 892
901 960
91 684
335 730
504 647
312 822
969 975
457 810
90 836
320 535
435 934
180 794
109 619
214 458
583 885
942 966
901 976
547 863
8 12
537 961
898 935
273 765
417 590
645 909
821 967
192 385
331 903
771 838
700 783
189 869
950 978
554 932
760 853
550 760
575 751
213 236
696 895
467 917
599 986
402 735
660 914
501 797
891 893
481 577
695 698
346 885
460 564
786 833
435 538
178 591
963 976
790 872
838 875
819 944
831 833
353 582
95 377
462 983
303 915
6 797
692 939
862 873
10 745
156 445
156 812
62 321
756 761
17 35
516 973
635 658
483 743
789 999
16 904
857 948
305 797
544 797
38 432
69 266
631 764
693 708
344 573
798 922
227 308
135 983
75 786
445 657
564 774
439 532
932 978
702 744
40 231
157 166
331 733
256 595
218 443
653 662
276 865
94 683
945 986
255 882
594 974
777 975
445 967
550 635
705 928
711 914
357 695
390 885
857 874
579 962
657 752
480 868
124 405
538 619
513 533
562 652
811 960
470 925
859 991
223 807
449 677
859 982
553 898
580 629
135 814
694 969
52 603
658 933
532 804
213 998
155 882
536 903
640 866
774 942
385 614
210 818
342 394
871 993
894 906
716 861
983 1000
142 430
568 788
205 712
185 385
339 743
724 846
229 1000
507 945
92 769
501 698
421 495
787 982
414 995
825 959
24 267
59 487
706 929
305 993
81 818
781 926
202 523
292 986
951 995
103 482
969 1000
709 841
575 727
6 105
220 559
842 957
126 177
744 879
263 959
97 453
490 794
107 788
125 243
310 652
670 728
911 961
105 907
193 330
619 718
725 946
345 592
794 873
80 462
879 916
636 931
340 648
39 637
300 870
440 825
965 993
124 686
822 986
352 561
42 508
657 876
74 671
904 960
582 827
617 859
806 888
377 597
412 756
352 841
479 649
853 980
991 993
795 902
152 549
158 346
27 197
714 758
756 883
185 443
900 991
735 971
411 640
616 887
491 832
925 985
47 356
380 904
770 850
267 963
812 928
321 478
221 402
493 929
567 631
880 903
209 380
398 416
726 957
871 935
73 177
771 851
322 744
397 443
441 530
357 993
107 439
493 557
155 285
509 857
820 823
843 920
760 995
52 469
940 955
115 994
580 630
261 564
744 859
474 946
401 892
230 420
707 800
831 880
392 676
445 729
577 917
906 970
545 793
931 992
323 636
112 900
745 936
787 850
326 616
759 985
785 939
457 481
412 984
844 942
179 330
316 502
837 961
139 964
15 346
904 995
918 968
978 979
335 348
397 809
791 829
849 932
908 920
185 333
34 315
466 987
136 322
929 948
693 991
661 939
839 893
29 429
405 777
373 843
566 991
303 712
335 709
931 969
138 811
966 988
920 974
184 835
176 829
870 871
930 957
9 56
373 679
563 791
695 908
65 514
681 935
585 707
629 816
301 930
88 926
788 919
402 405
18 107
378 563
894 917
931 973
247 865
227 774
634 721
449 488
482 855
252 265
312 638
591 606
333 446
648 808
560 704
738 960
614 847
525 877
808 874
377 754
975 980
55 525
791 828
611 778
500 741
22 752
360 945
402 514
504 974
618 991
769 937
132 822
100 251
322 852
443 620
544 995
797 843
238 643
443 866
893 935
328 799
366 735
73 783
656 938
99 717
583 634
352 489
306 574
89 830
813 943
36 538
272 509
809 973
397 524
332 352
563 580
388 860
617 970
453 938
359 688
641 837
552 665
240 842
581 607
886 986
981 991
970 977
43 49
105 741
683 901
358 812
627 743
980 993
937 981
523 654
837 970
945 962
573 846
919 932
116 568
655 768
721 972
601 842
821 882
788 847
428 532
116 290
378 640
894 920
236 492
24 689
299 717
749 811
893 906
463 610
391 678
485 825
77 434
466 862
888 919
839 851
400 708
634 756
446 841
160 644
197 674
811 917
310 561
235 582
116 352
191 347
628 855
98 944
861 927
232 728
795 987
894 941
798 932
81 393
520 884
78 266
557 569
913 946
230 575
204 390
310 584
864 927
462 826
542 894
162 436
627 841
521 529
198 304
715 720
76 964
637 939
582 795
43 389
323 774
78 506
652 787
578 659
123 198
714 842
831 933
456 531
758 840
956 959
692 747
599 714
73 315
850 908
105 523
133 430
817 835
420 764
88 609
941 978
214 596
481 517
818 884
730 797
722 735
292 674
369 856
424 821
517 557
902 960
819 891
537 930
715 957
59 303
182 932
751 756
551 711
618 728
82 666
707 797
801 947
418 490
543 867
743 858
33 702
176 882
407 707
4 247
435 909
643 866
405 853
80 298
507 605
443 991
857 880
526 649
587 674
474 857
265 448
345 697
895 941
67 141
450 573
492 526
266 423
876 948
266 564
470 864
9 712
183 448
281 418
594 697
849 879
298 451
767 878
419 431
323 782
349 731
204 998
874 943
559 672
482 614
880 990
30 739
545 879
934 979
584 717
374 824
122 763
811 963
218 729
612 723
55 423
368 868
770 838
228 884
560 738
232 586
568 840
831 854
589 665
725 747