100 851 20 27
43 65
25 82
25 57
92 93
85 91
94 96
84 92
76 89
50 90
92 97
47 91
17 79
54 63
2 23
99 100
97 98
26 28
72 77
15 68
28 80
59 82
39 92
17 97
57 86
58 100
44 98
44 51
82 92
59 70
87 92
65 67
46 86
30 45
34 56
71 87
18 30
67 87
76 81
64 88
73 97
9 47
52 72
81 89
1 46
93 96
22 52
21 60
43 98
51 80
31 74
44 65
60 75
51 57
27 60
72 74
35 92
31 69
74 80
55 88
43 87
25 77
19 72
28 81
28 37
97 99
29 52
12 77
81 100
23 100
65 81
1 78
19 64
21 40
76 78
76 97
56 74
12 25
72 75
90 95
62 99
71 82
80 99
32 88
48 96
26 79
80 86
13 40
96 97
36 84
20 45
58 79
74 84
21 68
90 98
79 83
44 75
84 97
11 64
20 40
88 98
9 63
13 71
87 95
14 19
78 87
31 88
26 95
27 49
91 94
55 59
72 87
41 78
22 79
44 55
95 97
72 79
10 99
81 84
67 99
44 80
73 79
40 98
65 70
6 16
31 83
73 92
13 41
22 48
17 80
7 30
5 33
66 85
51 52
71 79
96 98
51 69
62 86
1 70
48 71
79 95
7 62
8 25
38 39
27 41
60 95
59 85
57 66
83 99
14 85
50 69
17 88
88 94
9 76
63 82
36 61
70 76
70 98
32 40
87 97
3 94
62 75
40 79
11 30
90 91
56 95
25 60
34 89
14 39
46 49
48 70
41 50
96 100
44 47
34 62
22 73
39 55
49 71
34 55
66 78
13 33
15 25
19 80
29 75
29 76
2 38
66 87
36 85
43 97
25 67
75 93
58 68
94 97
68 79
94 98
68 76
82 89
76 92
40 85
81 90
10 84
15 79
85 92
78 82
84 91
39 100
48 77
1 83
62 91
38 75
33 43
48 56
63 75
48 66
87 98
73 98
36 45
14 46
90 96
29 46
36 64
67 80
64 65
85 88
24 92
2 89
46 68
13 31
84 86
81 93
95 96
86 98
68 80
81 92
4 14
88 91
50 63
15 37
11 97
48 51
74 93
96 99
17 48
69 98
14 59
84 100
66 79
52 59
34 40
83 85
13 82
49 58
57 80
9 34
59 77
69 75
86 100
63 69
3 63
8 21
4 65
65 97
50 93
30 39
52 74
12 13
92 99
26 81
75 90
78 89
60 66
12 26
9 19
69 77
80 81
50 62
69 95
71 84
53 82
68 84
38 72
67 83
82 91
3 49
26 73
79 92
72 82
80 95
7 19
68 93
66 100
61 80
31 49
24 80
31 79
16 58
87 100
40 84
2 49
32 96
10 89
15 36
60 93
60 61
57 87
59 65
27 57
11 96
33 90
27 93
62 73
77 78
44 94
14 17
37 40
9 27
39 52
75 78
49 73
37 83
48 95
43 76
74 81
56 66
74 82
14 62
18 95
7 33
86 94
66 76
45 100
36 93
78 88
22 83
64 79
58 81
59 72
24 28
7 40
49 83
46 47
60 79
52 79
15 46
76 99
43 58
47 75
21 27
50 53
11 46
7 90
9 38
63 73
85 93
90 94
4 9
53 96
47 62
97 100
76 79
98 99
48 82
56 79
37 48
63 74
34 95
18 51
35 43
72 95
84 89
88 92
32 95
5 72
54 55
53 65
12 56
83 92
89 100
58 83
6 49
13 56
22 78
32 78
44 97
17 43
85 97
35 46
28 50
67 94
56 76
50 52
77 91
70 95
4 22
14 26
30 46
3 42
24 41
79 93
51 55
40 93
2 67
35 68
14 92
61 85
41 75
32 89
52 89
31 85
35 71
47 83
86 99
42 78
55 64
54 94
51 93
22 31
1 12
58 93
13 73
50 91
92 100
78 81
74 86
54 81
68 90
40 43
87 89
27 85
16 60
35 83
31 65
9 72
93 99
7 94
21 57
12 93
19 58
12 42
10 69
1 86
25 94
80 98
27 94
13 60
18 46
79 91
21 75
13 100
94 100
48 76
16 22
83 86
42 98
76 91
78 93
79 88
70 93
6 23
7 78
47 72
16 78
9 22
60 64
41 74
10 49
43 88
82 86
88 89
7 27
22 63
31 54
82 97
28 91
1 66
51 87
31 76
77 88
6 45
35 77
28 40
60 83
54 70
18 97
58 61
36 79
70 96
62 93
81 96
46 89
6 44
27 51
51 84
42 57
20 87
46 91
61 83
82 99
5 28
70 74
83 91
57 98
65 86
24 55
84 85
15 49
76 85
53 90
52 81
75 84
54 74
25 56
33 67
69 82
15 95
48 59
61 91
74 76
50 78
39 50
59 64
16 23
22 50
7 98
87 94
44 60
40 78
57 90
65 72
21 22
93 97
11 70
15 31
86 88
22 86
79 85
47 48
2 4
40 53
72 91
20 86
56 69
58 90
26 48
42 54
45 87
83 97
35 60
40 52
38 47
35 75
28 76
24 88
69 74
55 79
63 70
6 47
3 88
89 98
40 97
3 77
57 78
88 93
32 79
3 16
77 92
13 74
34 84
46 94
33 98
70 91
3 12
23 86
21 43
34 81
1 41
76 86
73 94
37 87
74 96
28 60
65 89
26 69
41 43
7 37
26 85
35 81
69 99
59 62
19 93
36 88
19 84
5 63
52 85
63 68
56 86
70 86
87 90
37 72
4 85
49 51
79 99
32 71
89 96
67 85
50 61
68 69
84 96
24 89
76 84
12 70
24 32
56 92
41 67
19 33
55 66
72 78
66 91
24 47
58 60
51 65
86 96
72 100
85 99
28 52
62 70
56 84
56 93
63 85
6 19
77 86
60 72
25 31
92 95
66 97
10 88
53 71
47 87
53 83
64 96
24 25
13 36
42 73
11 12
20 72
70 77
85 98
15 23
86 89
61 95
48 86
40 80
38 52
34 91
36 98
4 71
49 59
26 29
22 49
5 48
18 100
65 71
4 92
89 92
21 32
40 65
20 50
35 54
22 30
29 61
54 60
46 55
31 97
9 70
44 64
33 68
25 64
19 47
38 44
10 79
31 55
8 100
94 95
35 84
47 94
14 25
80 94
67 73
37 51
76 83
45 67
7 77
66 94
39 95
48 83
26 52
78 97
30 41
3 18
26 87
83 88
19 61
26 83
11 89
6 10
49 95
5 58
32 87
88 99
60 81
72 94
84 88
73 86
11 21
41 84
1 28
40 89
28 30
29 67
63 66
57 63
95 98
7 18
48 78
18 75
31 51
45 53
80 91
76 95
47 52
93 98
48 90
11 55
79 90
14 58
27 83
86 91
71 100
11 39
29 81
38 97
7 46
18 76
31 48
17 33
71 81
39 58
8 50
18 84
27 56
76 98
32 48
45 57
77 85
86 95
32 77
67 95
75 80
10 33
39 89
6 28
14 22
36 82
40 99
19 82
40 68
58 99
54 87
53 70
60 73
50 57
83 94
12 69
80 96
38 59
46 67
98 100
82 94
11 26
63 100
66 98
67 90
14 87
41 94
53 54
48 54
84 94
50 83
75 85
30 31
11 95
27 35
52 66
31 59
63 94
15 50
93 100
45 55
4 66
28 31
61 70
23 54
29 59
3 70
91 100
52 71
49 81
47 57
1 23
52 80
44 82
90 92
11 65
10 36
49 89
49 60
12 19
63 87
39 46
17 20
17 45
88 96
68 98
86 97
47 68
23 61
37 52
56 81
7 87
40 66
69 90
39 78
39 69
28 92
13 29
30 74
68 92
26 65
28 56
34 65
11 43
54 65
74 87
36 37
60 97
10 32
87 96
42 50
22 45
39 64
68 87
24 94