120
78799 78799 6 1000000000000000000
55723 65353 0 1000000000000000000
50656 86814 901832591090 901832591090
56626 48220 23813864779 1000000000000000000
69318 19158 594258631643 594258631643
81717 81717 5 1000000000000000000
40374 31523 0 1000000000000000000
87770 51570 156309670265 1156309670265
55388 89202 611966557029 1000000000000000000
84735 14388 556843768532 556843768533
54157 54157 5 1000000000000000000
22564 83293 0 1000000000000000000
83990 79401 109641530537 109642530537
86280 11991 710198620410 1710198620410
30400 50481 246118792823 246119792823
69677 69677 3 1000000000000000000
82860 38185 0 1000000000000000000
32256 49361 757695941183 757695941184
5448 45951 406569153179 1406569153179
27267 13076 605584765263 1605584765263
47039 47039 4 1000000000000000000
61955 8321 0 1000000000000000000
83432 1547 973803083756 1973803083756
26020 72681 531483545594 531483545595
61598 37388 889862910021 889862910022
204 204 9 1000000000000000000
36090 71898 0 1000000000000000000
26544 59713 224576588963 1224576588963
26 62828 420070068584 420070068584
91789 83690 694243426620 694243426620
11376 11376 6 1000000000000000000
464 70565 0 1000000000000000000
32230 94283 400996227856 1000000000000000000
97068 42107 372835848915 1372835848915
42158 18709 360500171395 360501171395
99620 99620 5 1000000000000000000
92249 10412 0 1000000000000000000
45341 1532 823326622133 823326622134
25915 86326 468730380629 1000000000000000000
68361 6241 775133582554 775133582554
91807 91807 8 1000000000000000000
10532 28525 0 1000000000000000000
25585 59482 768187592958 1000000000000000000
21615 86287 885126665030 885127665030
18537 16105 220737120662 1220737120662
82711 82711 1 1000000000000000000
99925 49542 0 1000000000000000000
22160 36401 821669132594 1000000000000000000
53396 78558 679395732061 1679395732061
6148 95569 7688875069 7688875069
17827 17827 9 1000000000000000000
15675 90385 0 1000000000000000000
47784 11779 51986044028 51987044028
89836 84689 216469526403 216470526403
31148 87468 132939273388 132939273389
62905 62905 1 1000000000000000000
48062 54730 0 1000000000000000000
27882 1090 814686678017 814687678017
90251 25279 999093441659 1999093441659
88612 80472 171706591934 171706591935
64813 64813 7 1000000000000000000
15933 47761 0 1000000000000000000
30933 66723 500412092138 1500412092138
47182 68634 564542807068 564542807068
37896 92176 365840353013 365840353014
74442 74442 5 1000000000000000000
19865 41927 0 1000000000000000000
43737 3799 522263501572 1522263501572
30118 28320 76327029857 76328029857
49565 87658 186179436592 186180436592
26358 26358 6 1000000000000000000
27422 46974 0 1000000000000000000
70264 9700 674684183304 1000000000000000000
2117 40379 93063552672 93064552672
93553 23296 618595168763 618596168763
57482 57482 4 1000000000000000000
63872 41984 0 1000000000000000000
78383 61173 946005382549 946006382549
25699 11659 429168539672 1000000000000000000
79055 63369 206834468778 1206834468778
94308 94308 8 1000000000000000000
29312 5166 0 1000000000000000000
53837 65305 940189748514 1940189748514
50658 94047 877629052059 877629052060
8165 26867 880347207728 880347207729
19932 19932 8 1000000000000000000
5221 26590 0 1000000000000000000
11178 10121 901332282081 1000000000000000000
24017 71444 15105332607 1015105332607
25368 65359 356676402166 356677402166
5424 5424 2 1000000000000000000
7361 52495 0 1000000000000000000
53913 65089 346758252508 346758252508
65861 61708 973491902567 973491902568
77508 45221 916609711569 916609711570
19792 19792 1 1000000000000000000
73221 21160 0 1000000000000000000
25809 15102 194897537481 1000000000000000000
11849 55506 95871978006 95872978006
72146 21557 502275444134 502275444134
11211 11211 0 1000000000000000000
21137 7742 0 1000000000000000000
55047 81692 108190566357 108190566358
26666 16650 403531425113 1000000000000000000
1495 65975 418946707507 418947707507
66723 66723 3 1000000000000000000
90916 56413 0 1000000000000000000
23485 23870 767042296860 1767042296860
89017 99345 569655315383 569655315383
26068 13919 766657119690 766657119690
55265 55265 5 1000000000000000000
83528 92436 0 1000000000000000000
68016 44368 301657622744 301658622744
8075 4535 233323687775 233323687776
46893 12441 478775855002 1478775855002
55116 55116 6 1000000000000000000
51311 28258 0 1000000000000000000
25611 83027 409260306001 409261306001
26645 22385 975073200930 1000000000000000000
42398 6983 277312932663 277312932663