5 6 3 1
-0.3095 -0.4663 0.1387 0.8175 -0.9012 -0.8075
0.9361 0.8258 -0.0066 -0.0143 -0.2989 -0.9221
0.8547 -0.5343 0.9067 -0.5216 -0.6013 -0.8411
0.3263 -0.5487 0.2168 -0.9585 -0.3336 -0.0810
-0.6750 0.8447 -0.7610 -0.9542 -0.3178 0.6809
0.0503 0.5908 0.0942 0.7648 -0.4434 -0.0386
0.0689 -0.4889 -0.8735 0.6701 -0.5594 -0.4708
-0.3993 -0.5005 0.3412 -0.5964 -0.9930 0.5994
-0.1979 -0.3354 -0.6543 0.2024 -0.5207 -0.7793
-0.3898 0.1183 0.5499 0.3051 0.6133 -0.2299
0.8687 -0.5260 0.1280 0.9844 -0.6948 0.0220
0.5503 0.4605
0.4032 0.0065
-0.0926 -0.5172
0.7913 0.2373
0.2746 -0.0084
0.6549 -0.3358
-0.0488 0.1294
0.6642 0.6736
0.6767 0.2682
0.5253 0.4320
-0.7861 0.4868
0.8171 -0.5505
-0.6677 0.3600 0.2762 -0.6477 0.5089 0.1779
0.7858 -0.8700 -0.8343 -0.2556 0.2393 -0.5883
-0.7300 0.4214 0.1858 -0.1337 0.8382 0.4558
0.6298 0.9154 -0.6008 0.6618 0.8140 0.1586
-0.9272 0.0500 -0.6431 0.1658 0.7673 -0.9747
0.8517 0.3841 -0.9091 0.7432 0.9332 -0.7863