10 16 0.0700
0.4412 -0.3309 2.4308 -0.2521 0.1096 1.5825 -0.9092 -0.5916 0.1876 -0.3299 -1.1928 -0.2049 -0.3588 0.6035 -1.6648 -0.7002
1.1514 1.8573 -1.5112 0.6448 -0.9806 -0.8569 -0.8719 -0.4225 0.9964 0.7124 0.0591 -0.3633 0.0033 -0.1059 0.7931 -0.6316
-0.0062 -0.1011 -0.0523 0.2492 0.1977 1.3348 -0.0869 1.5615 -0.3059 -0.4777 0.1007 0.3554 0.2696 1.2920 1.1393 0.4944
-0.3363 -0.1006 1.4134 0.2213 -1.3108 -0.6896 -0.5775 1.1522 -0.1072 2.2601 0.6566 0.1248 -0.4357 0.9722 -0.2407 -0.8241
0.5681 0.0128 1.1891 -0.0736 -2.8597 0.7894 -1.8777 1.5388 1.8214 -0.4270 -1.1647 -1.3971 0.8727 -0.2021 -0.5984 -0.2434
2.0885 0.3469 0.7457 0.7769 1.0184 1.0614 -0.7105 -0.2152 -0.7608 -0.7112 1.1415 -0.5018 -0.0792 -0.6928 -0.5934 0.7882
-0.4454 -0.4821 0.4936 0.5005 0.7924 0.1708 -1.7537 0.6303 0.4983 1.0181 -0.8465 2.5208 -1.2324 0.7270 0.0460 -0.4871
0.8161 -0.2814 -2.3356 -1.1673 0.4577 2.2380 -1.4813 -0.0169 1.4507 0.6069 -0.3756 -1.4219 -1.7812 -0.7479 -0.3684 -2.2491
-1.6937 0.3036 -0.4090 -0.7548 -0.4075 -0.8126 0.9275 1.6400 2.0736 0.7098 0.7472 1.4631 1.7384 1.4652 1.2123 -0.6347
-1.5997 0.8772 -0.0938 -0.0557 -0.8894 -1.3010 1.4022 0.4651 -1.0650 0.3904 0.3056 0.5218 2.2333 -0.0347 -1.2796 0.0365
0.3766 -0.2760 2.4518 -0.2174 0.0529 1.6238 -0.9603 -0.5399 0.1575 -0.4417 -1.1429 -0.2755 -0.2144 0.6478 -1.6180 -0.6900
1.1455 1.6187 -1.3890 0.5635 -0.8850 -0.9207 -0.8862 -0.4449 0.8926 0.6953 0.1068 -0.4047 -0.1231 -0.1633 0.8180 -0.5169
0.0774 -0.0723 -0.1519 0.3399 0.2001 1.3109 0.0041 1.6233 -0.2559 -0.5929 0.0397 0.1850 0.2891 1.2948 1.2326 0.5156
-0.3731 0.1105 1.3104 0.0876 -1.3718 -0.6371 -0.6124 1.1081 -0.2193 2.4074 0.5943 0.0167 -0.4480 0.8914 -0.2640 -0.6906
0.5235 0.0078 1.1522 -0.0928 -2.7777 0.8425 -1.9119 1.4457 1.8079 -0.3438 -1.1664 -1.4098 0.6919 -0.1027 -0.7475 -0.3716
2.0509 0.3504 0.7502 0.7005 0.9871 1.0007 -0.8914 -0.2407 -0.8301 -0.6692 1.1270 -0.4054 -0.0095 -0.6029 -0.4726 0.8576
-0.4621 -0.3468 0.4007 0.4969 0.8784 0.1420 -1.6822 0.5500 0.4443 1.0728 -0.7753 2.6405 -1.2394 0.7568 0.1086 -0.4404
0.6859 -0.3384 -2.1913 -1.2917 0.5205 2.1954 -1.3809 -0.0948 1.4556 0.4042 -0.3798 -1.3145 -1.9312 -0.6293 -0.4399 -2.2542
-1.9711 0.4115 -0.4966 -0.8086 -0.5353 -0.9119 1.0419 1.5890 2.1631 0.6922 0.7818 1.4125 1.7812 1.7241 1.2776 -0.5841
-1.6473 0.9782 0.0421 -0.2259 -1.0275 -1.0908 1.4448 0.4780 -1.0087 0.5001 0.3857 0.4995 2.4396 -0.0334 -1.3671 -0.0192