40 1800 0.03 0.1 0.0001
36 29 17 0
31 50 3 0
21 43 27 0
48 21 18 1
29 6 50 0
30 50 18 0
31 36 36 1
70 34 27 1
53 23 2 0
22 55 15 1
52 37 49 1
65 35 5 0
57 51 3 1
59 51 41 1
61 25 27 0
59 50 3 0
19 29 27 0
20 53 26 0
46 3 1 0
60 60 22 1
19 15 19 0
28 21 3 0
49 43 28 1
60 20 35 1
55 31 12 0
27 29 21 0
52 50 17 1
42 8 41 1
64 45 7 0
49 11 22 1
18 48 47 1
32 57 38 1
25 29 46 1
31 17 5 0
22 25 33 0
19 26 40 0
59 37 15 0
25 59 28 1
63 21 43 1
56 6 11 0
10
36 10 22
55 33 15
32 16 15
48 48 32
34 59 45
45 47 2
29 28 10
33 21 33
67 20 12
41 7 14