80 2000 0.02 0.1 0.0001
46 42 26 1
47 44 46 1
22 19 8 0
64 41 36 1
54 27 35 1
69 41 18 1
23 12 27 0
45 48 49 1
35 49 16 1
43 44 3 0
51 48 17 1
46 18 1 0
55 57 6 0
61 7 50 1
58 27 43 1
33 31 22 1
64 6 44 0
18 54 15 1
48 54 49 1
35 52 46 1
20 54 45 1
26 14 32 0
47 4 18 0
36 6 19 0
38 47 34 1
64 14 37 0
43 45 34 1
18 60 21 1
19 36 43 1
24 58 48 1
55 59 30 1
53 48 42 1
30 40 19 1
64 9 33 0
25 22 9 0
41 46 43 1
53 9 49 0
23 54 3 0
47 60 39 1
44 13 39 1
57 58 26 1
27 11 33 0
38 33 10 0
40 23 15 0
51 21 29 1
30 20 37 0
34 40 44 1
44 31 39 1
41 17 33 0
27 52 5 1
66 33 38 1
33 43 44 1
38 33 34 1
70 11 20 0
48 11 40 0
42 30 30 1
64 56 2 1
70 8 49 1
34 57 49 1
50 11 44 0
60 35 19 1
58 24 3 0
67 43 4 0
41 44 9 0
41 22 2 0
18 15 4 0
46 24 17 0
39 38 26 0
54 55 33 1
59 49 39 1
45 38 18 1
51 12 4 0
65 31 20 0
26 19 30 1
51 51 46 1
27 18 45 1
24 40 11 0
18 51 41 1
34 53 17 1
63 37 37 1
60
30 54 39
57 44 46
62 49 8
64 50 41
55 33 6
29 20 28
56 19 21
41 48 50
28 43 9
63 5 32
56 46 28
36 23 25
30 13 50
38 12 12
52 44 17
20 12 46
36 48 5
63 55 24
61 11 28
64 51 32
52 27 25
45 16 31
19 22 18
66 29 40
23 49 14
58 59 49
25 35 43
35 35 1
21 8 31
25 23 17
68 24 39
21 60 12
34 18 24
21 27 16
37 34 27
21 42 28
29 51 2
51 10 1
52 4 4
43 28 20
23 51 11
63 7 36
64 48 11
41 36 41
32 29 31
67 49 48
26 31 7
58 14 50
29 17 34
24 41 35
44 24 21
65 18 19
32 60 10
67 34 45
48 56 40
40 8 43
66 22 18
54 40 14
58 14 20
68 19 2