55
11 6175 1400 6355 3240 5431 9227 5505 2077 9478 5913 6448
41 1400 8873 8374 8458 1643 7717 4973 3849 9776 6421 4806 9016 478 1330 5192 4013 2854 525 9984 8469 6368 3971 9202 3040 2169 1389 4464 5733 5374 1914 9726 6447 2723 2683 6187 3825 9548 6610 7925 7154 807
18 8873 9676 3900 3877 7560 252 3515 3992 4354 6092 118 8278 7433 5566 4484 481 8604 7649
52 9676 8003 8399 1628 4550 7417 4260 8218 6888 8872 726 2647 5076 5084 7587 579 8615 3032 8107 154 784 4035 3875 560 289 232 4726 3756 68 759 351 6034 8640 1343 1096 1975 8699 7787 8858 3052 2684 1452 6308 8263 2109 8117 9948 1027 3172 5259 1596 7360
48 8003 9832 9498 130 7029 4992 2115 4982 678 3010 4817 9690 5351 7447 9874 4623 9897 2464 190 766 4514 9509 9688 2142 7042 2877 4099 3323 7377 2515 6849 4642 4573 1370 7092 5641 8678 8704 5586 8078 7536 3896 5687 7383 1609 4864 7269 3888
25 9832 7286 220 6993 5630 5366 3264 6014 5349 5811 1867 2318 7489 2563 8916 2923 1516 3845 7007 9170 8493 3909 9456 9708 1479
9 7286 3630 7317 2577 2648 848 7741 3380 4881
6 3630 2030 6078 6156 8962 9431
5 2030 2944 4028 9521 4913
29 2944 5404 4174 4846 4044 443 6515 5450 8426 3159 2662 7551 2080 1591 8879 8424 3687 53 6096 7736 316 7220 8219 7202 4176 9633 2433 8826 2055
57 5404 3472 51 86 5135 7700 4573 8460 2755 1395 3597 1787 4645 8615 8209 6079 958 6798 3629 1919 8796 8807 7976 8719 1575 371 5702 2708 4403 3829 9916 233 9737 1564 167 5547 4305 6072 4635 8522 2820 1579 8042 6554 3807 6550 4706 5683 188 6654 137 2074 6956 2439 5907 1036 202
37 3472 9165 753 8178 5103 2824 6135 8640 3950 5501 132 1703 8511 9993 1462 1496 4246 9583 8143 4941 6843 4579 1414 1912 3112 6249 3031 5514 2521 7330 7480 5742 7670 8465 4665 6777 9374
45 9165 1131 4116 6121 578 8559 1543 6802 1305 6150 5062 8248 2775 404 5111 4889 4186 1538 3201 3377 359 3292 7891 777 1732 3658 4175 7405 8580 3172 8938 5890 9511 4257 6353 1165 9575 3171 1357 1975 7181 7715 3173 4614 7396
38 1131 1586 1875 5580 5855 4488 7891 2697 2183 5350 6244 9176 2984 7391 3503 4140 9002 8777 3496 4638 9454 6486 6081 5459 9866 2576 9834 9718 38 3946 9730 637 8653 6149 3729 5713 8075 196
33 1586 9568 724 4950 8444 4717 5034 1751 8461 8443 5505 5887 37 3606 2385 9352 5569 2140 4027 2182 3857 5507 2779 6197 268 3265 9062 3344 3775 9186 3808 5705 1559
11 9568 4146 6221 3466 2629 5503 405 7748 6566 2780 5942
5 4146 2052 519 2248 7470
9 2052 7260 8543 7069 9137 3508 3735 1360 7641
31 7260 4071 6781 1750 1329 1354 878 7092 5604 1093 3803 1690 5355 781 3727 5342 2588 8126 2723 957 8759 6985 4443 7408 6008 3643 7990 4248 6846 3851 7550
35 4071 3246 703 9976 6775 9319 5153 1739 8672 7540 9525 5919 7805 8165 5688 3913 5522 2987 3480 1257 4433 2857 8277 135 3882 3072 102 3671 2756 2784 7770 9650 2348 7920 8331
34 3246 768 3309 8034 1277 7110 6451 9520 7027 2701 5333 5357 2683 5395 833 3821 8705 1931 2925 5456 1443 9664 9474 7744 1464 7084 184 6615 2154 909 4454 5033 3997 9893
23 768 7088 7952 8209 7904 2988 7741 7768 6992 2025 201 5612 6304 3762 3801 5061 8623 4752 617 1493 1500 9586 2899
24 7088 9438 3936 6296 5699 8696 707 3031 4532 9113 2595 8795 2775 2020 846 7915 6968 151 8673 1466 3517 6154 8777 9959
24 9438 838 3948 3768 316 6847 3152 452 2648 8338 8526 7442 5548 9942 3448 1615 9345 7710 9373 5484 8550 2823 6147 4333
33 838 8746 6344 6453 6090 6267 5897 6363 2131 679 5113 4328 7891 4261 1963 2005 4130 4233 9800 9829 1533 6559 9695 7784 6793 1092 2581 9660 2207 2120 7526 8311 1589
55 8746 9728 1641 1637 706 2459 3249 9515 4800 693 5847 2614 2190 2330 8195 4430 3042 6239 7775 3192 9410 7051 3876 3671 4446 6715 1792 2436 2487 2475 5974 5390 3226 9482 5996 3617 3704 7836 6725 3528 7396 6382 3956 7153 6827 344 1994 6496 1267 5344 2713 2883 5697 558 4703
34 9728 5249 3882 6553 7771 8089 8779 6902 4163 1189 5827 4953 2784 6354 8621 6968 9349 2301 2341 2119 8915 1361 3255 1201 3162 7836 1990 1497 9890 2976 6710 3402 5315 7442
36 5249 5260 3228 6498 8728 5702 4580 8974 9797 5643 5748 8826 118 7698 4880 8337 5779 1488 5086 7197 8285 7680 8088 1300 929 1801 1734 7884 4156 2649 9252 4618 6772 22 3107 92
53 5260 1949 5511 8324 6071 7771 5882 696 5140 7580 209 277 1899 689 4193 6095 4092 3927 3984 5452 397 9701 2698 1375 1622 9393 2804 1253 428 8092 9386 3319 656 7320 7842 53 142 2879 5751 9998 7731 3424 5424 6423 4590 2805 1721 5694 5719 7992 7084 4856 1901
48 1949 1224 3183 8694 5276 4749 2784 5282 2915 2490 4776 956 3171 5684 1782 9084 3499 1430 9219 1853 4413 7440 326 8364 1655 8257 9987 1083 1766 1390 9761 3462 802 959 8021 3311 7255 7642 6728 4706 6304 3511 1901 4814 59 7194 5465 8094
42 1224 6219 511 656 8860 854 7496 1992 9685 1814 5130 9 4521 7811 89 5661 8415 4805 3988 3406 7775 2734 8508 771 6641 1246 406 9494 1192 8808 4126 4420 2093 4609 5528 6817 2864 6383 1956 659 7890 5557
3 6219 1007 9015
46 1007 1572 9798 6107 9830 6970 3219 4143 2481 9841 9627 5127 6992 4174 8748 2530 3566 9077 5621 7777 7802 1775 474 9614 3632 4629 9288 7333 5644 9342 4510 1827 7895 3561 198 3837 2990 1612 6295 9725 593 5152 3223 4881 8528 4622
8 1572 2067 1058 4059 6134 3325 2127 8957
12 2067 4998 1879 7762 4387 3996 5867 447 3638 9546 9667 5951
48 4998 8499 2734 786 52 4110 8648 9199 7463 479 5469 7513 8453 3759 1787 3334 3247 9261 1826 3728 8998 8251 5351 5681 6914 7423 3521 1186 9916 8136 1229 2125 3991 9811 9135 4092 8194 795 7642 4494 8242 180 5044 2219 2514 1259 8496 6426
5 8499 4555 3793 7456 2353
39 4555 2942 2044 6499 501 1727 9301 2179 1513 4878 2421 7644 2169 4159 3903 1833 9183 4284 8474 6370 7459 8930 5833 4957 2412 7313 3059 4649 3847 4954 7498 3393 4621 5710 1368 218 4373 5217 945
31 2942 8166 2786 6731 8843 1743 3096 6282 7511 9496 4648 7523 1553 9673 3814 8756 7873 3151 4538 1556 4989 5192 9146 9921 4258 5845 1077 9899 9310 8923 877
52 8166 6582 3787 5177 2979 1902 1223 9877 9062 7051 1540 5393 6713 3568 3041 7036 2893 744 4270 3076 5225 4756 3399 1844 3911 5901 1456 8850 3848 1336 2883 387 7670 3284 1691 2225 3554 4563 6828 3495 158 3716 7738 9747 8941 6525 3870 1792 9532 8649 9405 233
32 6582 7883 8248 9230 8358 4362 1759 3200 2355 3079 184 9329 2596 8236 3794 6020 7839 1916 1481 9984 5927 972 5888 872 518 6060 161 7644 9720 4800 3886 9912
21 7883 9224 9960 8625 1229 7070 5549 825 8438 5578 599 9766 2180 6242 8047 7979 1356 1847 2249 1129 5639
53 9224 7488 7250 4264 4140 3183 5949 3410 8588 2794 5291 4577 3156 8616 6154 3005 6361 4184 3318 816 1914 3060 6180 1521 4899 7092 4265 8708 7795 1231 9824 1363 9604 7460 318 4963 4730 6278 4663 5702 2719 329 8419 3144 1895 3006 9093 7827 6914 6505 174 7638 7487
14 7488 4074 5825 821 3339 1107 6089 4312 2658 5927 6189 4788 7976 8322
27 4074 6175 1344 2834 1906 3782 3638 1819 578 562 5813 178 4901 429 7213 8418 1607 9947 6908 5710 2925 4534 316 6381 3340 7645 4314
508 6429 4752 4037 7373 231 951 8220 2973 509 1760 717 2144 3972 8778 2160 387 2026 5145 7482 6204 4880 4219 6318 1143 6235 5466 6373 7806 5122 6479 8100 4769 2514 5777 7339 8753 3184 7422 1965 9936 8293 5065 4864 660 6497 1783 8803 435 3269 7539 6427 7266 3552 4285 5514 3860 1997 6157 1953 7834 702 2267 9340 2819 3676 1745 6201 2002 2217 4375 1457 6102 3403 6634 3367 9392 1088 9190 828 5726 5042 8349 7135 6652 5152 2125 5971 1101 8641 6002 7847 1522 3468 2609 149 1354 8341 5633 1469 6029 6340 707 1491 202 950 7511 2321 3539 7854 9031 4384 9101 1576 1300 6829 5609 2537 5181 984 1855 6003 4422 4832 9283 48 2616 3946 9395 616 327 6098 6823 3988 6769 1065 5882 5099 4645 8142 4379 2259 9554 3033 9151 9646 6062 9332 5333 4388 2940 949 4035 7319 755 2404 7818 1163 2241 1497 5017 1109 101 2492 3716 3052 2614 3402 7967 8183 6599 7028 7014 1438 3319 6202 3798 9146 6392 7199 5992 1501 3791 4069 3746 5382 6355 9841 6387 2818 4528 1691 143 4667 5452 8878 4844 9587 1338 5356 2543 6420 6701 1955 4576 1060 2967 4380 7400 6603 3733 9269 3011 1838 3596 5201 1183 5895 3037 3215 9473 396 7485 1442 6803 2041 311 8435 7229 3978 237 1132 4713 970 3190 3058 7546 7395 8579 8429 2145 5671 3391 2220 2156 4569 724 545 4283 8542 7163 4342 8825 8992 3237 940 200 2070 2249 206 7764 3491 1927 3125 8367 1729 2349 4041 1772 3589 9588 9837 999 6945 685 3220 4489 630 1534 4948 7830 2828 1540 9377 6484 1058 1680 3897 9093 6838 4626 2545 156 4267 9206 9449 6802 2346 4377 3764 8210 9445 1991 661 8993 7483 2255 6371 5943 4273 1067 1718 8017 505 4092 5470 248 1983 7001 618 9636 4436 5572 6992 654 2594 5834 6555 2815 3794 3909 4538 9901 2762 7344 6061 5795 5791 9273 3690 1897 1074 246 4590 8887 6403 903 2175 293 8521 263 6283 4201 9782 290 184 9239 7010 4394 9174 3767 13 3732 1396 550 3590 511 3785 9769 5896 723 3157 8927 621 2795 4258 7306 1096 5935 5148 9907 1200 6778 3118 3925 5021 8984 6975 6152 2587 8225 4191 232 4118 9672 772 686 1865 4862 8787 9388 1144 1016 9016 6234 9486 6362 2547 8084 6792 8583 4334 1548 9344 1870 4212 1304 3007 2923 9343 4810 7165 9593 6930 1672 9466 3658 3456 6513 2387 4307 8068 7011 4107 7839 6950 8842 3113 4786 1203 7965 7142 769 1448 6461 2162 4610 8613 1762 1721 8061 3843 5378 7711 2910 7173 725 4710 8569 7791 1856 6733 3696 5517 423 3086 7615 987 5684 6038 9359 357 933 9127 7719 9433 2846 3875 4481 4222 2584 1013 7944 3891 8329 1388 426 8392 9714 1502 9542 9326 400 6789 480 5632 7252 5245 6937 2707 8591 8828 8012 2562 9931 6424 3635 8123 3010
513 6369 6195 915 2454 3016 7495 4447 9678 3529 5624 2716 8474 1268 6790 5131 1760 1071 6033 9812 5894 3094 9699 211 4893 612 7656 4340 6224 2461 1413 4218 2920 624 5466 6235 4583 5651 4788 4981 1630 4287 6897 4357 7422 8293 304 5254 4720 4969 584 3992 8705 5881 4783 7049 533 9730 1450 4409 7266 2243 4775 8024 8762 392 3597 8442 8122 4117 4504 672 9861 2960 8942 3744 2267 1323 4335 1745 9156 5020 5976 3388 2834 2792 2821 6866 9563 8295 8247 1409 5726 9199 1427 6652 7125 9474 5213 8073 3085 7847 3718 904 7298 6073 5783 916 6138 4853 5891 1662 6908 9756 9838 4318 446 5876 9134 6691 1201 517 6018 4574 1300 677 3621 1747 1514 8581 8306 4422 3966 7689 2308 3326 1311 4256 1510 2638 616 6259 6823 7270 4251 6287 6401 1858 3065 8433 8174 4645 2198 5770 6299 3907 3033 1006 6156 1225 4471 6352 8659 2719 5461 8496 385 7276 5093 6436 4892 667 796 931 5900 4105 2904 428 1297 8192 6770 4628 7127 730 5291 4550 1639 2525 4960 3915 6599 6212 2884 2095 7813 2331 5699 5059 969 416 1219 5728 107 3423 4824 6601 3811 8518 33 7701 9496 7158 9448 6441 7330 9857 9850 5927 9778 2345 9830 1554 411 4153 5275 9221 7069 1782 5419 5408 412 2543 2632 3854 5997 8965 5698 1060 7414 9725 9668 8420 4666 6147 5019 7653 8649 6457 1992 8707 2041 3133 5184 2245 3068 1618 9057 2452 1276 8654 8543 6529 1815 6034 7639 5761 191 4283 6936 2028 1496 1000 7445 9297 7585 1942 1108 7589 1167 4027 7909 8631 5044 7882 6696 5689 886 2107 6621 2989 7440 5134 2828 5171 6891 5880 4939 1813 3965 6075 7855 6654 5838 9985 1407 9356 2954 76 7231 8096 5460 1611 3336 4045 1249 1557 1445 6925 5470 4065 2242 3264 5133 7779 6992 404 7503 5294 482 4420 10 5743 1475 7892 1380 168 9450 7695 6614 4404 2273 6680 2175 7827 1575 6878 799 4873 5114 644 4745 7430 6953 811 3892 31 4364 1122 6483 1750 2261 1869 1699 245 7982 1255 2795 7771 9266 2003 2340 6920 674 5298 6408 2539 186 9620 8864 474 8984 5021 1346 696 5173 6857 4118 7132 5831 9004 6107 5594 1144 4282 6872 5816 1774 5701 6771 3002 9539 9835 9940 2063 1275 8384 1973 345 2124 7210 4644 3773 2600 8242 5115 9149 5822 4951 2005 4245 1844 6930 7336 4613 6534 5631 9314 6021 9462 9996 6068 8996 83 8 3113 9056 8366 7012 4721 3230 6889 419 2586 4190 61 4953 7194 119 3846 4002 4737 4804 9658 602 676 7093 1241 4710 5453 4885 5178 6733 1235 9094 4972 4181 5013 29 5233 4401 4499 7253 8697 5407 180 3819 1332 3240 6793 6254 8040 4483 8333 749 4351 3839 57 235 1962 1204 1626 5349 2777 1977 7294 1180 8665 2848 8272 5245 2851 7602 6333 6150 2023 9087 4137 690 6372 3538 6189 7751 2476 2832
2529 9712 2865 5866 3979 8655 1629 585 6563 6366 910 1171 8729 9947 8188 2599 1703 372 68 8430 6063 932 1749 4859 7473 3350 8245 1268 5177 8474 8968 7116 509 5397 717 3972 5884 1148 839 3376 8971 5894 9543 2160 7518 3886 5319 3245 3168 9317 6334 3359 3032 5511 4353 9018 6580 5574 9485 7811 1172 7636 1792 8821 8917 6657 1988 9747 35 3107 7558 5438 1630 6058 857 9510 771 8516 15 9185 5242 8753 6740 2643 5772 85 4729 1083 2482 7824 5445 4974 9625 6569 6561 2849 420 4338 4898 5353 8083 7608 8705 8212 7391 5436 6593 8715 207 3527 2974 1715 8661 3120 7539 3317 972 2027 960 4360 4 3552 8024 8093 1651 5514 7600 8202 4117 4526 924 8767 6139 3772 2637 6813 547 6960 1649 6797 3815 7834 9340 6444 3765 6181 8882 4224 5020 4324 666 1457 205 5985 863 295 1488 6169 1011 8247 680 9913 7519 9612 691 3437 1891 2981 8349 170 9275 7125 8182 874 5315 8311 2285 7566 4955 4519 9828 9628 4421 7184 521 558 2211 9081 6911 904 5920 4155 4424 7499 7782 6531 8563 60 3420 5217 1385 9513 6465 5339 4438 2173 8290 2062 7303 8845 9551 4361 5891 7402 9617 9838 3533 292 1201 3795 6378 1836 7219 273 7026 3509 2875 9140 2292 5667 7854 8954 3631 3455 4298 9397 8301 7550 7398 1300 3865 5967 3771 2592 8101 1819 6991 6039 3440 2576 1855 4554 6184 4832 3924 4172 9135 3250 5087 2129 9958 1621 1535 9017 2520 9482 1833 1719 5851 8376 8588 7021 5546 3554 9014 8644 8693 7690 4278 2208 9311 7468 6158 6939 456 7594 6491 3023 5369 5921 9972 9481 9646 1671 880 1208 3629 2165 189 7276 5703 2767 6794 9178 3248 9526 88 7319 8425 6746 5351 6664 2102 8742 1571 537 4453 3651 2433 8126 7447 1214 6237 1697 1163 4247 4000 1776 3926 4562 825 6770 101 4811 7474 9887 539 3662 3714 4194 5505 7976 1020 831 6779 8346 9367 7922 8994 8124 4460 2034 3209 9788 9790 538 8460 2805 8193 1928 2293 6396 6118 8841 3149 7813 7557 524 565 4174 3798 7951 2921 7309 804 491 7140 7732 8990 66 3044 7401 9499 7864 8677 1577 9803 1075 2068 7332 7423 8236 8768 715 5165 3910 1835 4010 8985 1627 9448 6476 4623 4492 2524 3131 4528 7094 8883 5379 2268 8700 8317 6252 3778 4548 7712 3181 8281 1338 8683 230 3475 412 2463 6860 2535 8696 4400 4817 2408 9916 8965 1223 1218 3613 6091 7126 9725 6662 516 1308 7838 1654 250 693 9776 8972 6670 2972 1159 334 897 3869 9220 7534 2914 9331 153 6913 4595 646 7172 7022 6495 5184 6335 5216 4747 5070 7564 8160 6370 7929 3983 3978 4619 3360 4294 5261 4640 2131 2201 738 6246 5225 9667 3806 8681 8579 4678 5987 7796 3548 7926 8057 4935 6826 3265 2779 5805 4502 2636 4569 8855 545 4052 3719 4283 3351 4185 7570 8239 9904 3713 4636 183 2038 6416 8380 7609 1754 975 6637 7924 4839 9297 514 7209 6692 7684 9794 194 3284 995 1293 9193 6053 9831 6057 1831 2336 318 2194 9533 8450 4589 8525 3581 302 2612 6699 2607 2100 7147 6065 4315 6703 9538 6342 8470 7138 7396 9920 2226 5877 6902 5230 1169 6160 873 1318 3989 7291 8640 9349 4789 4608 685 7706 1911 2727 8743 8847 3553 8977 7830 1031 1665 7120 6484 6965 3174 5835 6763 156 925 5979 7039 9545 4054 2689 9426 4280 6687 8318 9475 6251 3411 692 3470 270 661 2993 6616 590 5460 2708 4057 5949 1440 2255 6747 7905 773 2142 1067 6265 3104 8361 2845 7657 7250 8209 2962 4323 8081 9268 4691 3255 1596 7797 4320 5422 2378 4356 1234 591 5439 2898 3163 5180 7930 6482 7955 4674 1787 3443 9160 6728 1373 7876 1716 7899 1030 5377 5834 7366 8071 2572 2414 5844 9264 3750 7992 4221 5226 6225 6104 7892 6142 1588 5497 1287 1238 3668 7195 1197 3654 4023 5677 9245 596 4983 7462 5110 1074 5736 1908 228 112 1924 1605 3770 2104 1720 6997 6640 6762 8468 484 7801 1796 852 9465 4144 2782 6512 783 9930 8431 9293 4873 4566 6754 3702 6964 4240 7946 1579 6591 9099 3253 7919 6672 5747 6953 27 3038 4095 9248 3590 6117 8689 8336 8898 5450 1095 4232 3900 3838 1226 1869 9281 5116 9211 3100 563 3722 2970 9237 8913 621 2795 4258 2653 7771 7357 2976 1818 5697 4237 7726 1390 9762 2731 2384 981 7119 6028 4312 4325 2663 8004 9615 8984 9155 901 2628 289 6205 2957 9529 9091 2215 8853 190 4480 3029 4147 980 2247 713 4662 2948 866 2307 1774 3227 6771 920 8619 4995 7941 9835 8656 5421 1709 4876 7894 7421 5733 4989 7478 3024 2923 4418 23 5825 683 9561 3837 3526 2945 784 9304 1625 9466 9375 4083 5888 7837 4742 7336 3577 5522 8621 597 4630 7786 8960 6513 5011 8564 4307 847 8068 829 2578 6127 3659 7216 7321 4098 3627 6155 2813 1978 8851 6397 5903 3660 7016 1880 8650 8416 3832 9236 3981 162 4190 5938 579 8152 119 488 4653 4368 2231 6306 6736 602 8905 8009 6686 3003 5378 2618 5121 1241 4632 4861 2743 5531 2031 9041 5340 6030 1416 6282 3495 801 7791 8103 4042 1235 2551 4405 7368 9844 2302 9821 7107 2645 2786 5444 2354 5757 5684 5626 2685 7963 3912 3473 9598 8929 1872 2244 6849 356 9492 9147 534 7226 2817 2360 6308 4882 2613 4231 5823 4511 50 7803 8052 2438 6322 5081 6472 2000 4708 8532 7680 6613 1180 6789 4647 5086 2681 8940 2333 5848 5586 2172 6749 9303 9241 9535 6146 2575 7612 8828 6194 2176 9931 6372 899 9873 2728 6296 196 1162 1984 7307 9924 5024 4123 6012 2883 4976 2399 3967 14 1118 9172 3263 780 5449 6553 2065 9442 8360 735 7104 4097 6297 6659 6579 4473 8571 7078 7603 6996 9713 5603 441 6085 8667 2461 875 4081 3564 3069 1733 213 5051 529 7806 8893 9050 5499 4287 239 8838 9621 4314 2103 7422 1965 1881 9358 136 9880 2611 5254 4412 3211 5495 7632 2952 9579 2040 1429 3793 2966 1555 519 8762 2238 6425 8442 6161 8271 6602 9562 5464 6215 3077 941 6550 5317 4886 1563 453 1900 9983 3367 1732 9536 753 9523 9816 1717 6772 3316 6652 2877 174 939 6281 6090 3333 1354 2187 4961 5014 8341 2464 1643 8806 5143 1469 6006 3594 707 1269 341 9134 8555 4427 5387 3061 5782 815 3327 362 9702 5909 5392 7908 4422 3006 7491 6617 9684 6292 4802 6823 9130 4251 3872 8938 6773 5882 3954 5008 9009 4006 4136 8590 7985 1362 2857 7710 5368 5005 2113 4180 6507 2337 2108 4863 6830 5837 2844 1525 1639 665 5529 316 1168 8509 2569 4601 7180 4559 468 896 8114 1128 2425 6502 2405 2775 4069 2769 2190 5280 1606 3015 4826 5972 9665 4660 3697 1771 8736 2543 6004 4633 2392 3394 5997 7521 5698 4543 7109 3973 3301 344 8649 2847 6738 3247 9246 8162 6116 9941 1823 8027 3976 1140 7772 1853 568 3311 5974 5615 1779 3151 1136 8488 7546 8543 9366 912 6229 2675 6718 5869 8792 7900 3091 1798 6936 7073 879 3027 8966 907 7940 7767 3889 9384 2046 4100 3703 7948 8238 9733 8552 9818 8988 7484 2694 1463 1084 8805 3896 3774 8038 7417 6042 7522 5425 7071 3585 6947 481 1115 4440 7907 7535 6963 2159 5134 3278 6891 9144 8572 4439 7262 1917 3756 1045 4377 8210 7571 2376 1465 9445 8050 3218 5268 9800 3345 9429 4092 588 2304 8860 1854 9011 3542 4466 7415 5685 5948 1174 8663 1380 7610 5413 5795 611 9611 6386 7141 5507 6067 8887 4884 6680 2175 8482 8871 1583 785 9189 6878 8402 8895 6854 8910 4828 2296 6164 9201 310 4246 6346 3742 4979 264 6511 3785 8868 9055 2006 4451 114 8927 3971 781 9398 2340 4230 259 5298 3757 9620 4159 3917 3555 9106 9192 709 7442 1141 1447 8758 5691 5243 9549 4596 3322 821 9198 9884 974 1694 1870 3067 4212 34 5950 3911 548 4563 3611 5318 8397 9548 2994 9516 1986 8266 9797 2387 3064 5123 1661 3947 3200 9525 8522 5002 9524 6171 4416 3508 9556 4804 9820 8801 2256 5188 3878 7093 4533 1061 1711 3191 9166 7713 2709 6865 4075 4970 382 135 8914 8377 7161 8673 7302 3412 9187 1867 8292 5073 7087 2083 8875 4401 9505 3507 9159 6048 8454 2306 7469 5332 6130 5803 4996 3405 5416 7740 8235 7826 7419 5647 4906 5487 3891 3407 426 4501 8834 5349 5752 5762 2648 144 5675 4901 7294 4090 8857 8513 3357 7252 9244 5635 8355 1334 5589 229 7235 7101 7705 6905 2830 8719 4752 413 5100 564 1952 1462 7373 1481 6695 1399 3958 788 4646 3852 2322 6249 764 8936 7085 7597 3805 3617 2541 9993 8670 4893 342 8037 8001 1210 3653 2033 371 5473 8629 8279 5711 5082 6897 2718 4357 2514 8614 9322 3018 7380 291 8383 7454 6455 4732 834 8098 6840 5383 1727 8578 8035 3249 8110 3929 7015 392 4156 8122 5290 6143 3759 7315 9861 3835 5623 3223 1953 4335 6700 1080 2217 2745 9729 9471 5191 2420 6166 4486 7371 7747 1295 5069 1088 2412 7135 9641 6922 9987 9179 3922 9474 5971 7446 9656 4741 2471 719 9071 5577 7990 7896 714 6752 6486 6786 1499 5443 7511 6364 7814 8010 5907 3208 3513 6041 8523 6810 7065 712 4762 3729 4582 5941 798 9981 1510 9088 327 150 2366 3988 8933 8839 5516 3907 2936 4132 7816 2422 105 6156 4078 106 1832 2504 8270 667 9666 4157 2546 6807 9801 3632 9518 6537 6294 5648 5707 1515 3669 5292 730 3159 6955 3355 9752 3052 3402 4960 5218 3319 7133 5699 7074 7627 4414 5402 2829 3698 9378 9504 1913 4764 4402 6844 5492 486 3558 2345 4796 2836 5452 6453 4911 4899 5673 5801 3752 6221 9991 2213 2749 1035 3536 5756 5283 3840 7359 8924 2887 7653 3051 7024 2011 830 4263 464 8058 5556 8539 5617 2348 1027 4044 6452 5004 4698 6709 9318 37 4766 2758 636 1829 8570 9037 4846 2185 9592 954 1815 4479 9254 8400 2018 5892 1523 6798 2365 9065 200 883 9661 3192 2393 898 6743 2763 3025 5124 3063 7920 1281 2228 6861 3347 1700 1553 6514 1307 4719 4673 5244 3425 2760 9084 5689 5330 7076 7753 4179 4931 7853 5742 9253 4888 7910 5725 4679 3320 6075 3965 2272 71 4431 841 4629 4986 5849 2469 2248 4346 5794 9851 5958 8096 1498 2706 9531 8017 9348 3570 7370 7059 1738 4047 4852 4065 1517 32 3919 1740 6056 4930 9553 4139 1565 5743 8232 7630 4866 4141 4468 8755 7593 3039 9926 3093 9569 2263 2096 2475 7827 1575 9239 2751 5237 5994 9929 4129 7916 7592 8048 3457 36 4455 5766 31 6177 4272 6552 535 979 1701 4341 8714 3519 508 3047 91 7053 1492 8296 7465 2335 490 6778 8156 3595 2699 6435 8225 7761 7045 7580 8645 8798 4862 8350 2254 5228 1144 9123 6872 1659 4787 7121 1116 9731 1320 7040 2063 2207 7256 3232 2053 6585 7757 5690 7887 4521 8080 7587 7123 1156 4706 6354 4851 3754 1850 2353 3406 8 8244 7083 198 5639 2790 6442 4150 5929 8456 7549 8604 1721 5798 7977 2327 3346 3432 4885 4535 9624 6676 3182 5265 8165 6977 1623 8837 4522 9817 3670 2397 8551 6339 4916 3701 2319 5396 3146 3162 9784 4086 7590 1963 2050 1967 5629 2029 110 3240 4530 8786 3213 9654 2863 3207 1145 6220 4450 6705 5883 2867 9918 4385 4994 8981 1948 1636 8337 6268 5940 7918 4726 498 6924 9605 8648 8310 4891 6150 9087 7645 9781 9622 6070 1564 8890 6951 6145 8603 8592 2752 1117 7621 6804 4592 3905 3997 343 2203 8782 8584 6817 8986 1305 215 373 8406 2864 7741 4534 3217 2182 3963 204 3952 3506 4213 5186 247 9427 3739 6376 6767 2235 1005 3940 1770 5951 6479 4938 6799 4269 6136 8389 2431 1826 5607 9961 8726 7283 7378 1914 9277 4971 7060 5881 8352 4512 9805 1970 6842 3277 3704 2199 3221 4523 4618 4292 1406 8372 3860 3492 3510 4217 5562 7179 5700 3193 5431 8589 6720 1745 6209 5417 3593 993 4547 6400 6850 9567 5680 2069 1 5312 3908 4386 6524 5565 280 7284 3985 3361 9463 89 6151 5962 5676 4337 5045 6884 3026 858 4849 9900 1802 6853 2595 4693 9555 3228 8444 5302 7694 7642 5489 8865 5181 8418 9804 3966 9942 8179 6764 1182 8511 4166 1980 470 7733 8790 8830 3389 3205 7050 459 59 5320 8723 8928 9675 9554 6952 9332 1021 4214 5303 7098 4718 3906 7650 4671 6643 9028 2404 9196 2929 9069 3927 6168 5224 9061 2983 8646 7631 1793 8297 2424 8464 4550 6986 3716 4755 4173 3469 3575 1713 2747 5222 9863 2486 8119 7224 515 178 9089 8077 8047 1722 9500 3423 8634 5038 5583 9496 7619 9857 7638 4328 472 8391 4153 2859 9074 9552 4587 3467 1296 913 914 7129 8043 7414 3656 9668 8902 622 1663 6536 3543 6665 3011 9076 2554 7697 5201 1547 6280 792 390 9232 2117 7091 5527 75 9724 3923 6847 7950 4705 9574 6131 605 8721 1062 978 2220 6632 3547 3398 724 1302 8514 9870 3606 5440 5818 2556 9855 7673 7217 7365 1038 5722 5833 4474 3758 8741 4142 3452 6535 381 7181 6084 7821 9905 4374 9674 3464 9077 5638 7851 1254 9 368 2357 2918 256 6673 7501 3707 6994 2633 6363 9377 8190 2057 3980 7364 5838 1941 2112 7057 1991 5323 656 7493 5963 4847 1460 286 8216 2364 5117 254 179 4436 1878 4586 7020 2686 4347 5294 6047 2766 6768 7778 3895 5865 3856 4064 7145 9616 7606 5375 4590 2838 6183 6649 7240 7823 293 12 766 7345 1581 5114 3012 9908 3792 3831 3751 6174 865 7840 7316 8750 6983 1773 3070 1559 1976 7096 8908 8545 1454 1025 9266 8606 2369 571 3259 5148 2130 3222 124 9894 9229 7885 6152 7434 6877 5061 9969 9276 5773 7264 5567 87 4657 1422 2204 1120 449 8028 2097 7475 8084 4028 9479 2163 3445 6196 8487 9802 4564 2654 4836 7687 6930 5591 3658 5605 7677 8231 5597 6248 3239 2723 6329 2698 6912 2580 3489 3267 6800 8527 314 9700 4850 5564 1370 4419 241 2586 9732 6732 6279 8772 1330 3745 4145 3145 5621 210 352 3803 9418 3408 5755 2318 5517 1707 2153 9235 5480 6867 6979 1846 6023 2998 3890 9223 2584 1013 443 4403 1684 3421 8184 8799 5738 8651 6409 4867 2604 8970 4039 7515 2232 6937 298 1912 8776 8012 5800 8881 9316 6808 8735 379 637 3635 501 8189 7006
627 5083 21 7307 8026 3435 1629 7752 4656 5682 3905 1433 6708 976 3823 6000 5078 103 7495 9581 4837 951 4103 6790 373 1312 5884 3376 679 8971 8785 5364 387 3216 6334 7754 3242 5603 6767 875 1210 9704 7811 3928 2920 8917 1842 7947 5051 4625 4749 6447 4981 4684 9774 2351 3059 5242 1964 6079 8369 3616 8383 7798 7675 832 3992 2941 7802 3825 7060 2251 5436 9035 533 1851 9849 6427 19 288 3723 2253 4043 1149 4871 8836 6302 3498 9096 924 8221 3994 6108 2960 3844 1848 5889 406 2171 3744 9012 3866 2158 4568 2589 3512 5976 1764 3593 8419 614 3776 7662 9563 598 9546 9612 5432 1485 3922 225 4694 6524 7184 939 280 2110 4151 7820 8309 8535 7169 1292 3275 3420 8806 8653 6465 5633 714 367 9288 3026 5916 8529 5924 324 1836 8125 1603 5782 8812 5609 8865 8969 3440 9306 7908 3371 9017 9791 7737 6101 1833 9875 6331 3154 6432 134 2064 1093 9180 6158 2882 3884 5320 5882 3065 1344 8229 2082 7664 1807 5616 7274 2165 3650 6573 6436 8195 8251 9414 5162 6522 9261 2206 9526 88 8524 2509 6909 2943 911 9801 755 1114 4233 842 7106 1933 5229 5648 971 330 3708 7789 2122 825 4177 6830 2281 6542 2844 4912 1525 5890 7922 4960 8994 6180 8124 1512 6901 6916 2871 8987 2958 8797 3308 8998 9032 1958 6383 3959 5728 4790 5350 5295 7732 389 1299 398 5200 4491 4049 5785 143 5150 4607 7773 221 2833 4911 5348 9336 2368 9552 1791 5296 7343 2933 952 3649 9991 7707 3664 5283 1041 5068 4111 8280 7109 3881 2930 1838 6097 4631 5385 3297 8058 5554 5841 646 2915 6116 1027 7981 5070 7564 3563 688 6855 582 9363 6111 8484 1658 5418 4754 5899 7926 5454 9952 7492 1815 3305 5761 8196 802 191 9254 869 8400 4965 1523 879 3606 437 3321 266 1600 3134 5048 6647 309 862 317 883 8023 206 1942 4567 2336 6475 5664 2694 4581 8805 3072 7998 3874 2919 7909 6861 111 2640 5988 9639 2107 7792 9210 5945 4931 3618 3278 8326 6838 6675 9373 4757 2094 6388 6654 9975 841 8318 4746 7571 9204 8343 2954 7412 6863 6811 6972 5460 5521 8050 1067 9824 2845 1871 1987 4200 8409 8216 6967 9477 3904 2823 6726 113 5439 9011 3163 3004 3623 5001 6056 5352 7899 9775 4347 6458 7366 8151 8362 5524 8633 7810 7630 1380 7577 9450 998 4064 5791 4983 5067 7462 2582 228 3040 1341 2488 9569 293 263 1728 3518 145 2803 9075 8402 310 6591 4745 5259 9648 31 9272 3853 1589 4770 6069 4451 5896 3100 9231 8908 9557 8927 1701 4665 8622 6920 571 4927 6114 7726 8827 8254 7769 981 3683 3097 6052 7617 7318 4094 6152 9219 6192 6739 926 9004 2347 943 7122 4956 5843 3476 3002 6059 974 4995 2547 9002 5000 3975 4102 8583 7040 1275 1548 635 9112 9430 816 6717 3876 5551 6722 3833 3374 5210 7165 3287 9291 4563 4515 3571 7027 460 5746 159 1147 1959 2994 5591 4822 5893 7255 9811 7786 5754 9462 1324 794 5079 2507 3365 83 3659 5221 7661 3627 4786 9761 4831 4721 5965 8046 8159 7016 2796 61 5625 2423 8432 1821 2136 836 3102 2705 888 3229 3346 2910 3432 4984 5340 6030 1416 2709 2216 4914 7718 4405 820 9418 5759 2786 2153 4916 2759 6132 1634 4181 4299 4499 4937 4333 9598 357 2722 5525 994 7740 2045 3709 8896 4413 57 93 1692 1145 8255 6391 5494 2880 4154 4090 1289 2550 3970 8157 2333 7561 6146 7612 930 2518 8881 9087 2868 2093 7751
1196 4860 2139 8088 413 662 1117 3787 8658 4656 585 3779 8791 7175 6223 976 910 8727 3499 7257 5614 3016 5806 1828 5624 8886 9959 1531 3852 6063 8657 2385 1749 9365 8406 8117 1751 8102 7741 1071 4932 2144 9938 355 7886 1142 8785 9543 1695 387 3886 2024 742 7915 9632 3739 6011 5603 6301 8669 675 8667 1477 4081 1094 471 9749 5006 6868 2807 1842 6896 9584 5651 5122 3107 7222 7558 5438 6474 4415 4684 2850 4769 5414 7672 8614 6612 15 9621 9443 5007 3018 5905 2320 4926 7267 6740 8161 5493 7422 6993 8383 9358 4942 4895 2164 9961 1490 9626 2611 9036 832 7061 3822 3850 3211 8083 8920 1377 201 3845 2251 4196 2729 6678 4904 2984 2872 7049 6500 8877 9506 3999 6842 9330 4409 5193 589 4260 8035 6427 3882 2027 2199 3704 960 4945 3550 4523 6112 8573 3454 8826 7863 4670 3323 1406 4488 392 4156 4750 3498 8371 9423 864 4605 2979 4526 672 6576 181 8372 8230 3830 4675 5105 5623 9153 6848 7547 1848 7833 5109 8943 3744 1150 4620 6720 7460 645 6309 4224 5020 2217 2745 666 3512 9729 2695 5641 9858 7747 3202 598 9536 1409 7933 9810 7934 9685 1999 9275 609 170 374 3974 5015 7819 3922 6698 4371 7566 7441 9925 4676 4310 8859 9945 8275 4648 558 2655 8544 9618 1220 7298 1443 7086 3985 4155 786 6347 7568 973 9213 9071 2464 1435 60 133 7896 5050 5676 1353 895 5390 9693 3533 9881 870 8506 359 4513 4034 3795 6584 9345 6973 8459 273 7559 9537 3061 8822 4574 7756 7290 6014 8222 5983 2566 8953 8205 6642 9397 9906 7683 8036 6991 9320 8676 1212 9741 5909 1317 7704 9306 3977 3862 1939 7862 2308 876 9283 5267 1883 1621 8511 7784 2616 7737 2520 5758 5157 798 5851 1510 8588 1549 6976 9553 8508 2802 6207 4672 7690 5776 9455 9311 7468 4842 6769 9742 59 868 1757 6628 4878 5099 4645 716 2667 4006 38 9899 9300 9554 3674 2422 7816 8590 7349 8635 6156 3045 1674 7274 7328 8659 2165 9963 6727 5368 7709 8181 1646 88 2509 9655 6909 2943 5968 3041 2866 6594 9446 3632 6643 9196 9069 5861 330 7818 7150 7912 4247 7003 4863 6564 606 2983 5292 4811 8297 8856 4363 3604 3355 6270 4194 1525 3049 321 4131 6759 5373 4960 7922 7788 8124 8605 9501 2034 9911 8987 5222 2958 9790 3328 2486 7530 465 8119 2275 2331 6714 7557 46 929 3313 968 8047 3515 3959 2748 3062 9508 9090 1775 5295 6954 3044 8634 5812 2356 1501 7214 7957 4114 8677 6837 3381 2179 2427 1299 3199 650 5583 6844 8236 5751 720 2769 7945 6026 1349 486 431 8749 2190 9107 4623 570 5462 5785 3131 4528 143 3626 9098 9937 1710 2268 4207 4686 1231 1155 3778 4024 221 2859 5961 6989 4067 1885 3697 1771 9751 3475 6597 412 3142 7177 2463 2543 1478 8696 4958 2873 1359 4514 9030 6742 3854 9589 4286 9258 7070 3353 7244 6503 4380 8647 1308 8902 9118 7970 6016 3153 9062 3051 4458 4714 5913 4631 7697 8533 8051 3247 3215 808 6421 5554 5841 5617 7768 6913 5599 8162 7172 1961 2490 4208 6086 78 9989 9941 1027 7872 5070 2390 3311 6608 6709 5615 9318 4947 7108 75 6715 6111 6970 2089 4004 2389 3426 9497 701 7390 9255 3705 6571 4858 1453 2742 6632 651 3305 3736 2156 826 1612 4816 3727 8249 6615 1082 4283 7220 2888 3375 4965 4459 3606 9519 402 7163 3321 8944 5209 2038 2553 8825 4591 7403 8217 5637 7795 7436 9836 9384 883 8023 6053 1598 2393 2301 7589 9818 9533 5768 3063 3581 8967 1056 7147 6065 1772 9653 2738 7909 5687 5512 4062 9436 7720 2362 7138 2919 4374 5679 9070 7193 3589 8631 5681 9837 5717 1318 8105 8752 999 7291 7851 9209 5908 3226 958 6696 5587 5032 8610 256 2760 9980 9639 3177 5689 5330 8455 1360 2205 9210 758 7463 7535 6963 9710 8888 9754 7008 9377 1540 9719 5712 6838 3268 6879 9680 3965 3980 6819 6388 4267 9449 4711 3285 6744 5448 4197 8343 721 2248 492 4277 6344 6863 3808 9753 3383 8016 4057 7231 656 9136 3451 561 3336 1718 6265 8017 3218 5119 7657 6375 9150 4189 6261 9145 627 1445 8216 9139 7793 9573 8850 9834 32 3413 6820 248 4032 2465 1983 5133 6348 6482 197 7218 6353 9636 179 1716 7899 404 2644 2686 2075 6685 5377 4347 7503 5834 1286 7366 2594 4139 6741 5844 6047 3916 7892 415 6104 7778 1588 7002 8759 7630 7610 8503 3856 9260 7618 5446 9273 1069 7593 1437 5110 8194 4542 8176 6203 8062 9307 2876 3770 1004 8521 4600 1389 263 8482 1575 1583 2736 8480 5491 184 8252 4009 8818 3272 288 7742 9174 4170 9930 6966 3702 726 1581 9201 3465 7919 9099 3354 1233 6591 550 1594 3742 4753 7112 8777 2143 8868 8133 6575 7431 535 4232 3130 3048 2650 312 1805 979 2386 1582 2262 1743 8545 2004 3723 1788 8692 748 6271 8536 3639 2239 7081 508 674 3 5026 4230 4703 7281 9619 1390 433 3259 7207 7726 981 1492 8706 9762 2539 9113 3572 8354 2510 475 9907 3749 6509 20 3179 2403 477 7688 1919 9192 8156 1843 9325 2010 7242 9387 6975 9354 8632 2587 7043 1748 926 4066 8608 7868 5855 190 3442 2623 5594 6624 2247 4792 9549 9582 4662 424 3322 8199 2948 7122 4504 6362 3227 2270 3996 6264 9408 1550 3887 6394 8619 3502 4902 6788 9539 2547 6723 9892 1320 9940 3428 2278 9909 5272 635 3201 1723 9112 2359 3911 7210 817 5690 4229 3374 3964 3773 2854 1482 3400 4521 4624 3611 4515 3526 7687 1505 8916 4478 159 807 1625 7123 2994 6250 1959 9516 8932 4742 5169 2809 7651 6919 9717 6827 8720 2698 6513 8289 9960 9323 7526 3809 5813 6533 5079 7839 8032 2197 3873 3947 1009 8244 728 7661 9488 5523 2258 6155 7843 8522 8595 4786 9394 7012 6595 3573 7142 7902 3258 7954 6681 7563 4809 8991 5938 6461 463 1762 7449 5142 8699 9063 6306 6736 602 8905 4145 5573 8407 6686 2608 881 2910 4615 9871 2453 6275 8553 593 4033 3495 2184 382 5566 5692 9066 3182 6501 2788 65 7161 4522 2645 1707 1945 8082 5034 9489 6748 6663 697 7849 4794 5484 1111 3473 2222 1846 74 4119 9419 110 9364 7719 2306 2846 8537 1898 4481 4441 9564 9789 9424 6254 7743 4015 8008 2370 8099 7944 7362 9131 7826 7735 5391 4354 9735 9895 4231 2181 8307 6710 2297 6831 8186 6812 421 2855 4511 282 4795 6505 9903 9326 9483 144 7310 8799 8857 5334 6286 1948 7575 9142 5293 9407 1289 2287 2681 4612 4814 8272 5548 498 4039 1066 5245 5878 9111 8334 298 8541 394 8355 2647 8776 4079 5582 5589 2176 9781 9931 9848 8550 7101 7799 690 899 193 2739 637 5821 9711 501 8189 6087
2240 7746 6153 3463 1629 4461 3490 2225 6366 8188 103 7528 9678 1703 5624 6178 6063 5314 1053 9750 737 509 717 3972 4429 8207 7628 3665 2024 9317 8158 7500 3813 4910 7715 2381 2677 3366 6941 1339 4218 8926 684 1739 734 2619 5006 5847 1842 9771 9747 3686 7555 4749 8100 6058 9510 8554 3483 4769 8396 3945 3059 1057 8259 7404 6319 4729 3175 7595 2482 7824 6569 4553 4969 832 7061 1859 5353 7608 8705 214 79 2169 7790 4050 8661 7389 4290 5193 5832 3317 5553 2027 3552 4285 4765 4442 1216 5358 6302 5514 7600 4750 3498 1925 7247 4526 5644 6139 2869 4675 9933 3844 5327 6797 4297 3818 1323 5301 2624 1309 6181 3566 5753 4704 5985 5310 2916 3496 4025 409 2240 8419 1011 3254 2430 9612 691 6315 9199 7717 9275 4909 6934 5289 7819 5315 8170 4421 7184 6938 2870 8308 3718 8257 6911 5532 1443 6347 8261 786 2755 3836 3587 8876 7499 3657 2246 3236 7674 1326 5050 9513 4438 6073 2687 9551 4321 7007 8287 7956 7980 2649 6137 1202 8628 7219 4227 2292 4163 7290 5983 1300 4223 2338 3356 6385 3123 7048 6039 984 1747 1511 1855 2200 8306 6077 4554 9677 7031 9135 7692 1736 2520 580 4256 1719 8015 2593 9875 8588 2382 7021 846 9014 9252 5299 4278 6406 2969 4842 4506 5993 9742 5153 1904 1344 2198 1830 2259 8399 142 9922 6982 4643 3045 880 1208 7276 5333 6436 3117 2767 5371 1487 7730 7261 6909 24 3990 9015 6664 3525 4487 2617 4029 1816 4453 1633 5829 8126 818 69 7150 3124 1697 8374 2783 606 4562 2527 2485 8434 432 157 5291 6214 4363 5372 8346 3036 1512 6916 9660 9790 538 9361 5155 6396 2095 9664 8797 2764 4234 7557 5840 7143 3568 6893 3798 9995 2921 7309 1849 2274 1775 4824 7401 1724 8422 3199 650 4239 3829 2750 715 1627 6387 6476 9971 2524 6198 1063 9098 1710 1418 8317 1039 3488 7773 221 3642 2833 5961 4844 8281 363 1397 8683 2368 6001 5139 6597 6984 8716 2535 2146 3022 8624 3638 6422 7622 2408 7070 7906 1060 6626 6256 3613 6091 2497 1119 2656 8897 4111 6603 6231 1384 693 2757 6457 2972 1159 897 6630 9823 8127 8533 5895 6489 8000 9748 3180 396 8707 6651 4936 8823 2915 3605 7641 8160 9309 5860 6370 3983 1022 7929 4560 4640 3790 4575 6895 5366 3535 3426 7770 6379 1861 8579 7390 7796 822 3548 4485 5796 4858 6025 6826 4935 2156 2636 3673 238 3727 545 1570 4052 3351 5406 8542 8879 7776 9045 8380 7609 7445 957 6637 7924 5669 5459 514 7436 9794 7209 7684 1817 844 6053 2336 318 5942 6907 5765 9533 3478 5768 6653 4041 9609 7867 1430 3898 9292 8164 9840 7660 360 2362 2491 5681 3589 8072 1169 5856 9209 3989 7291 7882 685 8713 3177 2316 6351 9639 8951 4433 8703 8847 52 7659 5047 5945 1031 7476 1058 4490 5887 4465 5875 1573 8265 156 9650 6654 8033 2689 1921 9985 6687 6783 8318 7748 5279 3411 7095 692 2954 849 3470 5604 661 76 3114 590 3640 2708 4057 6747 2142 9060 1067 549 8585 7657 7250 6375 8081 4275 70 9145 6312 7797 4320 9046 4356 8850 5439 2500 248 4112 5180 5133 1954 1790 9160 6728 129 404 5579 5377 8388 2572 6858 4420 1588 7002 9245 1998 596 1609 7507 6607 1437 6446 6577 2951 966 8995 376 8795 6640 7363 6040 1728 3296 5786 2803 1028 3165 5665 783 8431 4566 2017 9099 6591 7919 6672 279 4894 5584 6953 3038 8952 7486 9248 3590 6483 8689 7542 4134 7477 6290 8087 5116 1929 563 2386 3722 4437 3050 1788 8622 7771 7124 2237 2899 5381 4703 8827 8283 8903 3741 2384 5456 3637 5969 9020 2928 1047 5636 1398 1538 1919 9615 5021 9155 6890 4348 901 2421 8632 9467 9091 6192 7043 1982 8853 7573 5790 8997 3029 6624 4434 5683 7409 7691 2948 866 3996 6357 4997 6059 3002 920 2696 9152 9002 7941 8211 9052 8748 8531 7367 6288 4989 4003 5113 4644 1367 3833 5009 3810 5825 3773 1121 8224 9977 2835 6880 6851 6418 1188 274 1672 2635 5998 1135 1414 8593 4630 6119 7786 6513 5011 3871 8564 5804 7526 9960 8068 9629 6068 829 6324 6753 1087 6127 9502 1508 7777 3738 9262 7937 1785 2324 3127 779 4148 7016 5606 1880 430 162 639 9860 579 7714 6606 4002 9767 5142 3462 7775 4653 488 3096 6306 836 1893 3003 8421 2618 1335 4615 1241 2743 5531 1416 1500 7791 5566 9745 801 4042 1856 1235 2302 3696 7479 5662 9117 7107 7470 2786 2236 7665 853 5684 7963 8574 6267 2355 6410 3816 7719 356 5525 4121 9147 8467 2360 2183 9735 746 5141 3868 5324 9483 8052 5081 8115 2462 7037 1864 3970 5086 2681 8940 6674 5586 6749 9241 9008 9535 1310 2596 930 8828 3557 2583 8550 6822 5411 3743 899 3663 6223 6356 72 8088 9148 5024 2883 1425 2674 976 3967 4447 2065 8360 4087 6297 483 5131 7728 6579 9097 9713 7656 5342 6085 8667 875 6045 4081 2961 8962 4917 51 6896 5051 529 4625 3243 4287 2850 1520 2351 8838 9962 9621 7428 2103 1965 9358 1029 9936 1632 4412 7888 660 2253 1149 2238 7305 6425 7068 8442 1889 3206 9570 218 2171 8942 8274 9156 1900 9983 5976 1532 5264 9816 1717 6724 3316 4908 8201 7435 3089 6652 374 2877 6496 6900 217 5415 6002 939 7029 9511 4701 2187 9738 7822 2227 3275 7548 1907 4355 3594 638 5724 5876 9134 517 6584 3766 5387 2391 4384 9101 6805 6829 362 937 5474 2812 3334 1660 6962 8957 9428 9808 1934 8147 616 6292 171 5956 3872 716 9009 9572 6062 1179 1242 3380 5368 5005 7162 1863 3020 3789 8214 5476 7000 3902 1097 8267 8856 4443 2844 8935 5373 1342 9092 9464 2569 5433 8978 6380 896 2425 2657 3132 1901 2702 4114 2775 6323 1314 3746 5727 6355 5280 6381 5329 5547 8884 5946 6648 4826 6540 9480 378 1771 5763 7343 6135 6503 496 3664 8501 8291 344 8649 6738 9472 3382 617 5841 1823 4868 8027 7772 6903 9497 1410 9768 6718 5869 3305 3053 9100 7073 2740 8825 8992 166 317 2046 9558 7794 2694 5037 1084 8805 8967 1056 3874 6042 1834 7522 7452 595 4638 2980 2159 9695 8326 4689 7188 7262 6819 3414 6744 9445 1158 1797 18 1987 8679 3345 9429 7512 7793 9011 4466 6458 6741 5948 5524 8783 7610 8503 8869 5507 2128 6466 6022 8482 8871 3518 2935 5223 6164 1033 3528 4570 1193 4979 4364 2058 9347 9999 9055 1993 322 338 6713 723 4927 6493 4230 259 5298 2196 2539 3555 9106 7442 9842 6995 7242 9387 1141 4191 1447 8758 706 6010 4596 9198 9884 1604 974 5000 2329 5046 3067 3109 4212 4649 3287 2666 9548 3084 8492 4991 8923 1552 3456 2641 3064 5123 6263 4178 8500 2258 8975 7012 3573 769 6171 7194 2423 2909 9658 9820 8801 8684 3878 3160 454 1061 3191 9337 2709 6865 1558 2106 8914 8377 4053 8417 7161 3921 5335 1867 9902 4561 4401 6815 74 4664 180 8672 3875 7130 4014 2455 749 7740 8235 877 7856 7785 1936 8090 7723 8019 2648 144 8479 9845 9216 7294 8857 9357 5769 4950 6711 2550 480 2848 5545 7056 7252 5548 3438 6887 5911 8591 6333 5960 5568 229 6120 7799 5175 2476 7705 1392 2830 8719 4249 4192 5100 5575 1481 8791 4017 6000 8964 9420 788 9898 4372 7871 1336 2973 2443 3514 9080 8785 7023 9993 5364 4598 5618 4893 5498 5326 1040 9763 3653 1758 5466 5711 8979 4583 6 5503 6474 4415 6596 5905 8630 4289 4020 8049 5144 8025 6477 5065 1377 3845 6269 5383 4161 9035 5164 4775 2077 9053 4488 392 6143 9096 181 7315 5056 3835 4609 1953 649 5468 2794 6201 4276 9729 5420 9392 7829 5069 7135 3079 5771 8701 5515 7446 7441 9023 7192 222 7374 7820 4741 1151 5424 3453 2471 9071 8557 7896 3991 3717 6655 5916 4834 8708 9114 3271 6973 5443 1587 2218 8222 5907 6041 1212 2079 6003 6810 2092 5389 8385 1311 2394 919 9088 6320 9250 2366 6317 8933 6253 1935 6769 4467 6287 8839 4464 1858 3588 5770 5516 383 9899 2422 5705 8659 2504 4383 6807 7943 2350 9446 499 8740 9329 842 3632 9518 6537 4387 1297 1024 7939 6564 3669 1133 2492 5933 730 3159 7351 3355 9752 8918 9686 2932 3402 4663 4962 8605 9126 6557 7576 7074 5819 7644 3698 9378 6083 7237 6837 4764 4668 5200 277 422 3993 7828 8438 2690 5452 8878 6988 9282 5634 6420 8268 4576 2291 2602 2213 927 5756 5283 7359 7653 9287 5212 9964 1580 1092 8058 5617 2348 1027 4262 1693 647 6452 2390 2721 9671 4797 2758 237 4390 7850 8484 5066 9259 7395 1516 9592 5454 651 8616 9254 7313 2056 7054 9456 3321 6276 6798 4342 4591 5256 6035 9412 2975 9065 7795 9836 2800 5906 2090 5124 6456 4329 7720 9588 5809 743 8617 6176 4673 1273 4541 1360 7753 4179 6635 7853 9253 4888 6437 3320 6075 5227 2272 7326 9806 4431 8299 3667 9047 4346 5794 5830 9851 8096 2269 561 3341 3336 8623 3570 7370 7481 1738 7623 7131 2544 4852 1740 9882 4930 1368 4330 8959 3471 8362 8232 9594 7344 9405 5446 946 7935 2016 6262 7936 1419 242 6121 9888 7827 9782 2736 6238 799 5994 4129 7314 9736 4503 1196 36 4688 3960 2776 814 7736 2262 95 2022 4715 8714 7251 2906 1635 8200 433 2531 8354 4104 3176 7983 1886 2234 8225 462 3034 7815 8350 6872 4165 2270 7121 1116 6264 6788 2953 9539 6723 6792 7601 4774 3232 7202 5053 6722 4810 2600 4521 7027 6876 2005 7123 2700 4167 8829 9082 4613 8720 9323 1850 6761 3406 8244 198 2456 6442 3461 4651 4150 2796 47 3140 7102 1688 5713 5798 2136 7977 438 8061 5991 7072 2608 3346 5321 3625 8237 4033 4535 5265 8165 4382 4522 9817 6241 6748 5160 2319 1634 9184 7416 3941 2224 8626 2313 5407 1967 1034 2029 4767 1037 9433 4205 1356 4530 8786 6650 3709 7944 9131 5238 3610 8262 4616 2297 8594 6412 1626 4959 9296 3302 9918 2880 6581 3101 1948 8660 1289 8337 6725 6268 7918 4855 2713 882 4482 2735 6538 9109 3158 7645 1637 2484 4785 3299 9883 21 5075 4592 3997 6037 3016 1656 5806 1828 8065 3720 215 373 679 355 5126 1569 7754 6190 4188 6224 6318 8319 7533 2920 4344 1770 4309 5651 1008 4684 9280 2192 1826 1431 8148 9961 7283 2210 1518 3825 9171 4716 9339 9805 1327 8803 8348 4923 5656 3221 1801 1406 8305 131 8372 4217 5562 8149 6795 6720 2792 4253 9563 5042 2542 5054 1 4088 6698 5213 9391 130 4694 6524 1690 3397 6873 7903 1329 7086 1292 4877 6574 9637 89 6151 5962 219 7392 6029 7760 3026 3293 5731 364 6148 3282 8444 6516 7694 7642 5181 9306 9804 3966 4536 9878 8179 6764 7784 1391 2638 365 4284 8485 4016 8830 3389 3448 6628 2168 7258 9675 8931 5655 2458 4611 5576 9332 6727 5336 434 1681 3906 6643 7106 2404 9196 5229 3372 2241 634 7545 7631 3783 2525 3469 3915 3575 2884 3090 5817 9914 9863 1375 465 3685 515 8077 2279 7599 8047 9976 5350 9001 3735 7957 2577 5583 9496 4975 7619 4391 2494 8447 1782 9552 3995 3142 4381 9284 913 6415 2277 3656 3474 3169 8902 5359 6016 619 9161 2901 1547 1645 2982 1618 1421 9744 2117 1325 4099 1243 7091 3849 4004 5170 701 6645 1062 2220 3547 826 5274 3398 4816 8249 1839 1543 5440 5818 402 8944 9965 9614 6092 8217 8741 7764 1942 8732 4635 2212 3072 4900 8945 9674 1784 4759 4848 9698 7851 2773 368 2640 3298 2669 7817 7501 878 8666 5347 5885 1315 2633 7994 8190 3897 4552 7248 6879 6388 4267 4051 9206 5838 2112 4001 4728 1741 9204 9701 6888 6303 4082 5287 4273 3857 887 1411 4158 4727 6869 4847 2364 5158 2465 5117 2806 7020 2686 4347 6555 8668 1237 6719 8014 5787 9616 2582 2273 7606 7678 5964 7111 8586 903 293 766 145 9083 5518 7103 2988 2154 4967 6438 7840 4622 4175 1559 8899 5273 9458 8908 1454 4744 6179 1781 1702 5935 257 474 477 5645 1843 9894 1446 4281 6152 9219 4352 4066 5061 6107 9969 2768 3775 7246 5567 87 7265 7523 1422 2204 1322 5478 3476 8028 4304 6133 1483 9479 641 6448 345 7716 9168 315 2854 2654 3198 4951 3173 807 2437 1366 819 1615 4279 9856 699 1875 6631 3489 7498 7960 9294 3349 3841 4428 9459 4687 1528 2310 6527 6595 4756 7624 6985 592 3745 6066 3102 4145 2271 2009 1706 1251 1032 2788 840 1707 2 8029 7253 1846 4937 4333 9359 357 604 9127 6023 7932 5010 1519 6413 4413 9238 3358 6391 6611 5185 443 6710 1526 8184 6313 9757 5738 8364 5293 9407 9207 5380 2856 7515 3185 8881 1195 8387 8735 6350 4128 8189 4070
2889 375 2865 3979 9839 607 2282 1629 7972 138 7230 1240 910 445 8729 7495 9581 231 372 9251 9959 6944 2087 3494 3082 8968 1312 509 9777 8102 3972 4429 5846 8778 1922 3112 2160 5398 2024 4968 5145 8158 9205 7500 7968 540 4940 5306 1960 675 3914 3481 1714 2676 7811 1669 8013 1339 7875 4218 8745 1094 2619 624 1842 6373 2598 7327 414 8840 4788 440 3686 6058 5688 8516 15 5777 9185 5872 1057 6740 1104 5772 85 1989 2396 2573 3616 4729 1083 7595 7824 2352 4942 9351 8293 2849 4898 9313 4941 2941 5353 7391 214 5436 6666 1607 1213 7790 2974 9330 435 3120 5138 3936 7539 5832 6777 3317 7266 4360 1152 3550 4285 4442 3552 3454 2508 8093 2032 8836 1651 5873 8191 7600 8202 418 8286 4117 8490 672 924 1769 5644 3772 4675 6960 9722 1649 4856 3818 1054 4297 3815 6797 9852 5301 9521 2624 3765 126 3566 4224 4324 5020 2459 666 2085 4704 4943 5310 3496 8702 2430 8247 523 297 7519 5485 6684 5432 1394 691 9810 1048 9199 8349 5208 170 609 3288 8002 5289 5015 4519 2285 8170 4446 4410 9628 7655 7184 8859 4310 5101 904 5532 2626 4799 5719 9770 4155 5393 8261 3836 8892 7782 5917 1767 8563 3128 3236 182 5363 2860 5633 4242 8845 916 8290 9551 812 3565 1003 5041 5049 4210 5390 4361 9756 4318 7980 2649 9528 5808 8512 7219 9374 9051 681 4163 8812 7756 8301 7550 4223 3865 5423 1819 8477 3123 98 6729 6991 984 3440 4748 4707 251 1511 7862 5646 2581 7031 1306 7676 7333 2534 1303 48 7052 9270 4073 243 580 1165 1833 1719 2593 3449 1549 6098 3554 3634 1386 6259 6432 2151 5299 5089 9455 7468 7861 6158 5993 6589 9078 1065 1904 1757 3530 5099 6677 4645 2198 1830 3023 6491 8132 2082 5369 6781 142 8332 4331 6959 6549 9151 3045 880 3629 531 6785 4823 8313 385 7276 5703 5333 4835 9963 2767 8181 9613 6436 5371 2118 3574 5939 2509 9655 6909 6515 24 5968 796 8425 6594 6746 3338 6664 9015 2579 1584 9079 1633 8597 6330 5255 7447 6237 2889 1163 7003 9431 2122 3926 5084 151 4811 8434 9887 6113 628 5810 432 9162 539 3863 5505 321 1020 512 6779 9367 7922 2625 8124 9974 1512 2419 8183 1355 8987 3647 2805 1928 543 5155 2293 339 5400 8841 2109 524 5898 2457 3747 4174 968 7780 6893 3798 7951 9129 2274 1775 7140 9243 427 4261 4824 4812 6871 1501 9499 4736 7864 797 1577 3791 1075 3199 8135 7423 4239 8768 8236 5135 7158 5496 5165 8880 8985 3910 5850 1365 6387 9107 6257 6078 6198 3131 9044 736 5247 1710 2268 1418 4798 2060 3488 5977 4548 1039 7773 2833 1432 3181 6228 4160 2734 4920 5139 3475 1124 6126 6860 8218 2146 3022 1239 2886 6422 7070 2223 7906 3613 7437 8682 2549 8904 5068 1654 80 175 104 3733 1384 4818 2757 6457 334 5913 1840 4631 6630 8533 3144 1153 3869 3645 6489 7485 5599 646 6651 8823 2517 78 5563 9173 6495 5216 6335 2245 5070 2343 6106 6370 1022 5261 4640 2131 2201 6715 9402 738 9059 1616 4575 2043 6895 5366 9274 3535 731 5508 9667 9411 6623 7390 9255 3705 6072 8057 5796 2155 6571 5671 2317 7492 9271 2156 2636 4077 3141 3727 5187 869 238 4265 8239 5465 4164 4636 1372 8973 9583 7341 4887 183 2038 6416 2570 6917 7609 3377 497 975 7517 5282 5669 9461 56 3134 9297 3237 5459 5590 7209 6692 6325 4476 844 6053 272 6057 4567 8328 2194 5765 9468 8450 8022 302 5183 2710 6969 5716 8258 7147 1772 6065 7783 3898 7867 9292 9538 1430 4966 7909 8365 9436 5679 7396 9864 9920 9840 5877 4990 1043 7100 2491 44 1169 6170 8602 5930 3989 6998 7913 4345 8153 4565 6696 765 7706 2316 6351 886 1503 7659 8703 4433 4821 353 9210 8888 9710 3553 8977 1271 7830 1665 5712 1058 4490 8206 5355 5887 1680 6838 9093 1765 3268 1857 8934 156 7039 2157 6123 4054 3286 9449 2689 9985 3764 6687 6783 8318 7095 7350 8625 3384 2954 1178 6863 3470 3235 3640 8993 5460 7215 6747 7800 1424 574 1067 1670 1161 6265 2827 3104 1249 2845 7657 5999 7250 1795 4275 4691 9268 8081 627 7797 1596 6967 4448 8615 9477 1072 3904 7583 6009 4186 2823 6820 248 2252 4674 1954 618 1787 3126 3893 9160 2858 7787 2644 404 6835 7899 5834 8071 1696 8388 6858 5036 9264 3755 4221 8633 2374 2152 7810 3740 415 6142 1753 1588 7002 5497 6165 2265 1755 7195 5842 1290 4023 7618 1998 4983 7462 5110 1074 1908 2951 2876 4600 1103 934 4144 7317 290 5491 2803 6216 5734 6512 361 783 3479 4566 5914 6964 4240 2017 1579 9099 7919 7234 3253 3119 9453 3700 711 4894 5747 6953 3043 3038 5584 7486 6117 97 2831 4134 6575 8087 5450 3900 5258 7372 5931 2386 1451 1255 1743 8913 9948 621 8622 2237 8340 2239 5381 7726 8283 2922 7207 6408 9228 6028 2928 8138 6052 977 6129 271 5694 2403 253 9615 921 8984 5021 6890 3329 3725 9155 289 5173 9467 3937 2450 9091 7043 8853 686 3442 2487 7573 6398 7868 4480 346 6624 4147 5594 8475 6232 4662 424 2948 6234 5816 909 2307 9819 5146 4997 6357 9152 3887 7450 9706 4102 3968 4876 5194 2620 7167 9279 4122 3024 2923 4644 7988 23 3737 7299 4127 5009 2123 9561 8224 8155 5822 9977 6880 8807 6418 1444 1625 6250 1672 759 6622 6731 5797 8593 2511 4822 4742 3577 5893 3434 597 4630 5652 6827 6534 7336 9586 6513 9833 4307 847 944 6068 5057 4549 6753 7228 58 7839 2076 5580 7777 9262 7937 1785 3127 9488 5196 2813 7426 325 1232 3982 8796 2120 7016 1880 419 9759 1331 9138 119 7714 8152 6606 8432 4610 488 6586 4653 8789 2997 1166 2705 3003 8858 5378 1335 3497 2031 6044 6030 1500 593 801 6459 233 1235 3696 3692 5662 2786 9227 9520 6915 6132 1786 4021 5484 7963 7381 1768 2701 3473 8574 9602 1467 9419 8662 1872 3819 2244 3834 6849 9007 5953 2770 9072 165 7362 6734 2183 746 2099 5426 5823 5141 3868 5324 1388 2855 5944 9577 7803 2438 1382 4115 8532 185 9142 6485 3970 5086 2681 8256 8940 9507 5878 4079 1310 6146 2596 6194 7679 7556 899 3562 2832 6356 7139 4518 1984 9148 5693 7307 5024 2601 1112 2383 4976 6558 2399 3823 3967 1259 5614 5055 3263 4447 6553 9578 1531 2137 4097 6297 483 8773 6005 7728 4473 387 8671 6996 7915 9623 5603 6085 1215 2435 1143 6896 7525 4625 7806 8893 3243 6999 2881 4013 4963 8838 9621 4314 9029 2103 556 1965 9358 9936 9880 9036 1632 3211 2729 4551 4783 8877 8139 1429 3793 6926 8762 1979 7305 303 6161 5464 3077 941 7487 8274 3676 3938 9998 453 5976 358 5264 9460 6285 3055 8180 6496 225 7187 8073 5415 3373 2110 2127 7298 8567 1345 9738 5014 2227 2464 3275 1643 7340 613 5143 4925 9532 707 6578 9134 9854 517 6584 39 5533 8415 4427 815 4423 4384 7683 6805 6829 3327 2150 3608 615 5392 867 8507 1376 8957 6617 1441 1780 2361 6636 6013 9807 8079 616 8804 4604 171 5956 4251 8171 4890 1533 5090 716 9009 1807 2209 1228 7349 5784 9285 813 4471 2380 5368 2113 5388 2206 4180 6904 2839 9690 2866 6507 2098 4233 8520 2337 1081 7781 5476 4406 1097 7738 8856 4443 8935 6759 5373 3433 7804 316 1077 2569 8978 5111 46 9298 851 3959 837 2425 4558 2702 8498 9355 4332 6026 5462 3238 5547 5946 9755 3015 6494 4686 6540 2840 9221 5763 9324 7105 4633 6620 1359 7343 587 7521 5959 7058 3664 8291 4543 6467 8280 7128 7109 5019 1876 344 3247 9246 265 7206 7668 1442 6049 1961 9941 8027 3976 1910 5540 2753 9743 5561 7082 763 948 4011 1132 7444 5179 5376 6694 912 4754 8429 6745 6718 2670 5869 7900 3091 1798 8250 7073 879 5025 9890 5957 8992 1903 7767 6801 5137 5277 9384 2785 2070 4100 3703 7186 348 9558 2301 9733 4658 9818 8988 5612 2694 3306 3774 3874 9935 4062 7452 5425 7387 3826 487 8631 1090 1994 5044 3933 4270 6947 3226 481 3436 5263 1417 9779 9754 2980 9362 4038 7008 9967 4689 8111 7188 2545 450 9680 6819 4377 5781 7571 2376 7190 7412 7019 6811 4080 1158 7964 8116 5610 3218 955 3827 4200 8679 6417 4311 8860 3078 9487 5952 3364 833 2409 3788 1926 6760 6992 8831 936 6741 3932 5524 8783 1475 8663 2811 9611 5578 6386 8869 8887 4884 1761 495 3310 2175 2744 1100 8482 1583 9189 3518 6878 4009 9075 4828 3732 3465 3734 2021 906 8121 5384 8868 9999 6395 9769 7540 114 8939 6713 723 1582 9208 3971 2115 1734 4927 3194 6100 259 5298 2539 8864 4159 9278 3555 9106 1602 7442 7242 8600 2587 8321 8351 8314 673 6010 5243 4417 4924 2116 5901 2303 308 6796 7239 9884 9183 2622 5000 5678 2329 793 6295 1270 5950 3007 7320 548 4709 3374 1482 3287 4563 4515 9149 9548 8492 6946 4991 1207 1837 9516 859 1986 1160 9797 9663 1593 8538 6263 4178 6950 1824 83 3947 7360 4725 9783 6149 3573 7142 5002 769 4416 4026 9432 8991 1679 9494 642 4804 8801 2256 5188 3160 3687 4533 3191 6865 4075 382 5692 2106 3523 7153 4053 5759 8673 7302 1164 5034 9489 1867 7878 8292 9902 2083 8875 5934 4401 4621 9505 9896 74 3920 6038 8599 6923 4119 180 3281 8150 8672 4063 1328 8145 4996 2529 5132 8235 1936 4516 9718 8255 208 7419 1204 8186 421 8834 6658 9845 9216 1915 8857 4950 4843 480 5548 3624 7911 8591 7702 8541 1334 5582 8342 2646 5568 7235 3021 7101 7799 690 5175 6905 2830 4249 4192 4426 9647 4617 5575 9163 1433 6695 1399 2141 6000 6195 3499 9982 1950 4837 788 6471 1620 705 4646 3852 6249 7085 3805 1545 5663 3514 1142 8785 7453 7023 2683 8670 3216 5627 5498 5326 3183 4036 4408 371 1758 3928 5343 9687 8979 4583 2344 5168 7331 6 9095 5503 5074 8462 6897 9322 2320 7380 5023 6978 8383 3261 9299 5661 7802 6074 3845 8098 6840 6269 4389 8813 307 3824 6780 589 8578 8854 843 3929 6032 4557 7506 392 3599 4605 6143 9096 2606 4609 8358 5468 8698 6700 9110 3378 6309 4276 9471 8517 2420 2834 4486 9392 7371 7934 216 5515 5971 49 7441 3726 741 3468 222 2609 7374 6341 9979 8947 3453 5577 7896 2908 7921 714 6752 2693 6486 6138 502 4853 203 4834 8506 7203 8708 5443 7537 1873 7814 1587 301 2218 7225 8010 1576 7062 2537 677 17 6041 1452 6003 2092 4293 5475 8385 671 1311 3842 5941 8941 798 8508 2064 6317 6253 4467 6287 8839 868 8174 551 5770 1648 1225 106 6352 2791 667 9666 4157 6807 1395 9329 842 2797 6294 5648 1640 4387 2299 1515 1024 6564 5292 4628 730 1923 6110 5220 5457 3355 9752 6270 3052 4912 3402 4960 2036 1943 7699 4362 2958 7154 2140 7576 5386 3313 416 8687 4306 5402 7199 5992 3698 9504 7214 1913 6837 4668 6844 486 3558 1089 541 8779 8438 2690 3626 8999 6821 9917 4667 4085 4067 3014 9587 4899 5673 3855 3903 8268 2213 2749 3536 2309 9688 8420 388 1484 893 830 4263 6547 1092 464 3447 5654 6300 647 5004 2552 9643 4698 4797 4766 2758 237 4390 636 1829 1265 3517 7395 7160 4846 9003 2145 954 6529 1815 651 7639 8872 2888 1076 1523 9456 6276 4342 6765 4591 3335 8950 9065 7795 2090 3125 6475 5695 5124 4581 7443 6095 989 5190 9491 5598 328 8105 6514 7544 2088 958 3425 4541 4206 8580 5581 9253 4888 7910 117 5880 6437 2272 7855 4757 7166 71 4629 3667 2774 2248 4277 5830 9531 9707 7989 9348 109 3570 7481 7059 1738 5033 7623 7131 4047 8055 525 4065 3161 8909 9039 7749 4930 3471 1286 6833 8728 4139 8151 10 1808 3309 8232 7630 4468 176 3460 2416 9450 946 5653 9681 891 6262 242 2263 9888 6864 1291 5237 7178 8824 7592 8048 4503 4455 8112 5766 31 3644 1862 6552 9444 4770 603 8472 6791 6449 979 1701 4715 577 7081 508 3332 3984 2917 4104 7465 2335 5910 2234 6975 1346 6435 7761 6806 3103 8685 2623 2254 1144 6872 3712 1601 1116 6264 6788 9892 7040 2207 7256 3232 4800 2124 1888 2189 2042 2053 6722 9343 7887 2434 8242 4521 1759 163 4478 4245 9785 1560 1156 7696 9082 5076 6354 4313 296 5239 4430 9996 658 3814 8996 4296 2197 4840 1260 198 2456 4580 5331 319 4651 4150 5857 6036 5039 5929 7102 4829 1688 581 5713 6321 2136 7977 4019 663 827 3625 3432 267 4535 6676 9669 6977 9978 3164 2397 6682 3615 1634 5104 5396 4181 5013 7416 7590 3944 9541 1811 2050 1967 2332 4061 2029 3931 4205 871 7860 6793 4222 894 7743 6650 3709 3340 1631 4354 235 3071 2181 2297 1626 3241 6705 5723 4154 9353 4449 3580 2287 4726 600 9605 4482 8310 2965 6245 8505 6538 5537 9781 2810 6070 1564 6629 6951 1476 3299 2139 5284 5075 7621 7752 4830 340 4592 2896 343 6488 5078 3016 8782 8680 9950 3404 4120 4546 447 5447 6088 2765 9427 1426 5409 6011 6376 8669 3867 2874 3652 1005 5365 2907 4344 8556 4226 5951 7222 4981 6136 9280 5500 8389 9019 4926 7267 7731 3186 5493 6993 8148 5607 7283 1653 7584 2210 4168 7378 1518 9171 5881 3195 9805 5338 8075 1678 8348 4260 4923 6427 2538 2199 6870 7997 8228 9121 6576 8372 3994 5562 8461 6795 2138 5431 9214 6720 2726 90 4568 4008 8690 2924 7168 9829 7171 2792 3202 9563 598 9546 4547 5054 6400 1999 6850 9567 2069 1 3847 5213 8724 130 6641 1814 7284 1220 3985 8309 4761 7169 9637 8373 6358 6340 6390 4034 1802 4577 2605 7984 5990 6148 4574 3228 3282 6516 7694 7642 5489 2233 5181 8969 9741 9559 9804 3966 5267 1182 3524 4166 82 5802 2049 1899 8722 2638 3197 872 8874 4016 7270 8790 8830 3389 7050 3884 59 3075 5320 2667 8229 8928 2229 2458 6460 9310 5576 6128 5211 4397 294 8496 1018 6727 8163 195 4214 9635 6702 4388 7098 4718 1681 4671 6643 8178 2404 9196 809 8034 2241 634 1109 5982 2044 1793 8297 1825 3880 8601 3469 2555 3915 9911 5817 5222 9863 2080 5925 6307 2373 8047 669 7836 5728 3062 7312 389 3423 8634 4254 5031 5583 3619 5751 1918 9857 9841 9850 5785 8447 7638 9937 1495 8810 62 4607 1155 5348 5275 7069 7115 7891 3142 4392 8441 1478 708 1614 1296 2277 8043 7414 1613 6693 5359 6147 9269 8751 1992 2901 3596 7697 5585 1471 3215 1547 4929 6548 4731 6280 7981 6193 8820 9232 6644 1325 688 1243 8636 3953 9724 4713 8885 2389 7950 701 3190 9574 5418 2460 5274 4816 8249 4072 2417 402 8944 795 1496 1130 5722 6541 4474 2249 1598 1942 381 1014 2697 8263 4759 6517 2294 7851 3636 5587 4743 8788 2400 6994 8666 2515 7463 1315 4948 1544 7055 9928 7825 8190 6277 7248 8478 7496 6388 2094 4267 4051 5789 9206 8808 2112 4597 6888 1991 7513 3949 7427 3808 4082 4683 656 5287 9893 4273 9692 9186 6518 1402 3105 6852 1460 3155 9139 652 1610 2465 5117 2712 4436 2986 8344 4586 7020 9775 7591 8668 7089 5118 6719 7778 4505 3856 4064 5787 7145 7084 2582 5978 4590 8140 5964 7111 4865 2488 903 5596 8381 3602 8480 6942 9083 7103 5559 1581 4967 5114 3751 7643 1594 3892 6983 8899 9256 1976 3143 5273 1173 3157 8642 4744 571 6179 1781 1702 2498 9305 257 2130 474 9413 6430 7688 5645 124 4527 2010 4281 982 6857 5061 1597 5773 9388 3775 1422 7249 5362 1275 8322 3445 3876 5541 315 6196 1892 7165 4564 2654 3198 4951 3173 1752 8331 807 2437 1366 5234 4279 2698 699 3489 3267 4107 794 7498 3873 5125 3841 4428 9459 700 4687 2784 1528 314 1051 6527 3260 6595 8277 9327 7954 8481 6434 4419 241 2586 4756 8772 8006 3745 3145 8407 881 2009 9871 6671 5621 1706 9585 2789 1251 5779 3803 1032 9418 65 4685 5085 1707 2048 8982 2153 4339 9235 4494 8029 6663 987 1111 2055 9359 8697 357 7932 5027 3890 9223 3156 4481 6345 990 2584 8333 994 6413 8008 8099 410 3214 2388 8576 6391 6611 5185 3337 1464 7025 1684 9757 5686 5937 444 8364 8424 8651 6173 7575 5293 8665 2604 5380 4612 2879 6255 4039 7515 3612 1912 7995 2647 9949 1708 1568 5 6808 8387 8735 1288 3635 4128 8123
2858 923 7685 2448 3463 5866 5112 662 9839 607 2282 8094 1629 7972 7230 2559 6366 910 1171 562 2454 68 1703 7652 8264 7066 3019 372 4573 5314 8780 932 1749 3350 8474 1268 5177 8245 7013 1071 3376 8207 5846 9543 2489 1922 3665 5398 4133 6568 2571 6334 3813 7482 7151 7715 6017 3914 675 6587 3481 4353 1714 6580 9485 1592 8745 1094 684 734 9409 471 5847 8821 6373 9771 9584 7947 9747 8840 4803 440 8100 6058 5688 3386 8554 3483 8095 1756 6612 3551 8516 15 7959 5777 9185 5872 1104 85 6319 3175 2396 7196 9157 9399 2482 5445 4942 6569 9351 6782 420 2849 4338 4720 832 476 8198 3992 3850 4941 800 6226 8900 8705 2251 399 2984 1607 8056 7049 1213 7329 7790 9730 1715 435 7389 5138 3936 7637 823 9234 3324 8327 7266 1189 3556 5553 1152 3550 4442 750 2508 1194 2032 4680 1383 672 924 1769 5828 5644 2869 5530 2637 6813 547 3844 4768 1848 92 8943 3744 3721 3866 8213 7808 2624 643 3566 6141 5753 8053 666 205 5985 6102 5310 295 2916 1488 2430 8295 680 5485 6684 1409 5432 1891 1461 7009 1485 4614 6530 5015 8182 520 8170 3231 8641 7655 9628 4310 8859 8130 5628 7847 2211 8308 8718 2626 4367 1443 3706 1866 8261 2166 3836 3587 8876 1767 6531 3236 7674 182 6073 8290 916 9551 3565 5049 9048 4210 5390 4361 3864 9756 7007 4854 7956 6060 9528 6137 9345 7146 9374 9140 2875 9537 4227 3539 7342 681 1449 3631 7854 4298 9397 6014 5983 4223 3865 9716 8477 7048 984 269 4308 436 608 5103 3924 4172 7031 2308 5087 2129 5097 1883 9958 1303 6520 1535 3225 243 125 580 4256 8015 9875 8588 8376 8907 493 7021 1386 5299 7690 4278 9311 8173 2969 4842 4506 3609 1904 456 4470 45 1830 1504 3023 1624 2198 5369 38 3028 6959 1006 9972 4643 7379 3045 7532 9481 1671 9215 3212 6894 6609 86 5162 3248 3574 1487 7730 7261 5520 9033 7208 5351 9015 3338 1584 5600 3525 7288 537 4695 4105 3651 2102 1420 7447 6237 1697 1163 4247 3926 2527 101 1803 539 9887 9162 157 5291 6289 5372 512 172 3401 6050 8018 5767 1673 9367 3036 5479 7788 9597 4059 7028 3209 2871 3647 905 9790 2805 7625 393 1928 543 5400 6118 4234 4641 4174 6893 7951 2274 5295 9243 8990 427 7140 4824 7401 4812 7864 3150 6082 8273 5740 8958 1075 7332 4239 3829 5496 3910 1835 7330 6476 8144 9971 7094 9044 1063 736 1099 8700 4798 6252 2060 4548 5650 7712 1432 5961 3641 6228 2734 4763 6001 3475 5408 6126 2463 6860 7562 8696 4958 8624 8502 3638 2886 6742 2037 952 2223 7906 1218 2737 640 5469 7159 7126 6910 9725 1650 5068 350 3881 250 4818 3187 1384 6670 1969 2972 2035 1159 6314 897 8533 3144 9220 7534 3645 8000 4228 4992 6197 2914 3180 6913 646 6651 7172 8709 6086 4208 5311 7641 6335 4747 3424 5860 3563 2684 4560 3360 9868 9891 2001 3939 9059 1616 9369 5366 8410 731 3058 9667 9411 2135 4678 9255 3705 6072 822 7926 2947 4485 6571 4858 2891 5671 6826 7492 2636 4502 4077 3673 869 3719 7220 9904 4185 9519 8879 2028 6917 7445 975 6637 7931 7517 2506 5282 497 2816 5048 8401 3934 514 309 7436 940 6692 740 194 3080 4106 7209 1817 4476 844 6053 272 1293 1927 1108 318 3549 4093 7543 5768 5183 1167 2710 6653 6969 4041 8258 7147 4966 7867 3898 6342 7909 5512 8164 9436 2362 2691 4990 6902 9575 2214 2491 9209 5717 6278 6998 4345 111 4565 5908 7882 6696 5658 9000 6839 1503 8743 8455 8703 8303 3956 4022 494 3087 5207 5858 758 5047 5945 9710 4301 3553 3312 9210 3618 1031 4652 7120 5712 5355 9447 5875 1573 3268 3797 678 925 1813 6433 4452 1017 6654 1972 2841 7170 1687 4171 7524 6783 996 9475 4746 137 8318 756 7095 2446 6704 3384 3470 849 1178 661 3114 6616 5949 6747 7800 1611 1067 7148 6365 7620 7250 1795 8209 3681 4275 9268 2878 4030 8409 5807 2852 7241 1072 9046 8764 3904 4096 591 5439 935 6820 5180 7955 7779 1787 9606 3893 5852 129 7969 1030 7503 1696 6858 6737 5844 9286 7992 3877 4420 3740 6104 1753 7002 3417 8678 1755 1197 168 5842 1436 1998 8219 4135 7618 5793 223 1908 246 5839 966 4857 8448 226 6640 6762 6040 6618 484 7801 852 4144 7317 5491 7010 1028 3165 361 3272 1895 5620 8431 4873 7616 983 5995 3767 5914 9813 9099 7919 7234 485 550 2039 6191 4095 1333 9248 6117 97 6483 4126 9560 9697 6290 8637 8898 6958 5116 9211 5258 3459 1869 9604 2386 3050 559 4437 1788 2653 7771 6921 7357 4905 6809 2976 2478 2278 2899 3 7306 8827 8283 1509 9762 1390 2922 2384 981 2938 3683 3637 5969 4058 9020 3572 9907 5636 20 2402 2403 3689 4463 1264 9325 1186 760 6890 3329 6377 901 289 5642 9529 2837 6192 5608 232 9672 926 8832 190 8608 1865 8997 572 980 1995 4662 8558 2651 7409 6234 3484 4805 4997 3996 9408 2548 9706 9835 7033 5194 7894 635 7421 2620 9279 9430 4989 4003 7478 4418 3737 9912 4644 4229 6414 4127 3833 7299 8345 5115 3837 3511 2835 784 6851 8807 274 6311 2533 8593 8621 6534 9586 6513 9960 3871 5804 1285 9629 944 7228 6324 4358 2578 8032 2076 6404 7489 7531 9056 347 4098 4089 5198 4148 9746 4721 1232 6397 8046 2741 8796 2120 7016 3981 3832 419 9236 9759 639 9932 5938 463 3846 9767 3462 4807 1458 6736 836 602 2688 888 1893 6686 4861 2618 5378 4615 2031 4984 9041 5340 1500 1423 1506 5566 9745 3522 1737 8103 9386 2551 3696 1746 9821 5662 7107 4603 5444 9227 7259 1786 5757 9194 2642 7381 1768 2222 810 6468 9602 9419 8476 6410 6849 5953 4121 9147 6254 2679 534 5391 746 4231 5426 5823 5141 9125 5944 8052 9133 6322 8115 6472 2000 8357 7680 6613 2462 185 7037 3970 5086 8272 2333 5848 5586 9507 255 9241 8334 1310 6146 2575 2596 7612 3557 9931 6372 1162 4889 8088 1896 8658 8443 2601 1112 4976 805 3967 1118 5614 9172 4447 780 5449 6553 3427 9578 1531 8220 77 6297 483 8773 6005 5442 506 1562 2026 7375 6996 9713 7656 9623 5266 3820 4081 8962 4815 4917 213 5051 6999 5557 4963 7958 4314 3184 3092 556 2900 1881 136 1029 9799 1490 7675 4412 9787 4864 2952 4783 7888 6463 9137 2040 6497 7914 3793 1555 6690 2253 8762 8573 1979 8134 2193 6425 7352 8442 4255 6161 2724 3620 6227 7487 9570 218 6550 5317 2410 4375 6480 8911 2695 2480 358 9858 6772 6724 8201 7435 2877 8688 6900 8567 9319 5601 1354 4982 2187 4961 5014 2464 1643 770 7869 1907 1469 4925 1353 3594 6751 638 1712 5724 1269 5876 39 6499 8415 4427 5387 8489 2391 9101 7683 6094 6735 3233 2150 5909 2812 3006 1376 5322 7491 3699 9684 1780 3108 5981 3008 616 8731 4604 4251 8171 3579 5760 6773 1533 1763 5008 2091 9009 4379 1807 7844 5784 7328 4471 2719 2206 1244 9690 7162 2943 6899 949 1863 2098 4233 8520 2337 7047 8214 6332 1102 3902 6830 7738 8267 7034 6542 236 1639 5373 8427 4048 2523 7579 5028 9404 9464 4601 7099 2331 8998 1730 6380 9298 8114 3959 837 2425 6954 1901 2775 2059 9355 2769 4332 6026 6355 9723 1606 1725 7152 6648 6326 6540 4220 8226 9221 6989 9665 7605 9324 2664 2543 3394 7343 8167 3664 4543 3973 344 8649 2930 4714 478 751 5385 9246 5871 3297 8162 1277 6116 9941 354 7772 8395 6855 2753 5615 1132 9383 5179 9497 7221 6694 8543 6229 3885 6718 3391 5869 8792 8196 7900 7877 9312 3091 9100 8250 7073 8966 9341 1567 907 5202 9890 7358 8825 7940 3409 862 317 2785 2046 3491 9733 9818 8988 7484 2694 3896 8967 1056 3774 8038 9070 6266 1090 1064 1994 7393 4270 9400 595 9226 1472 1115 4440 6775 2980 4545 4689 9144 2545 9673 8572 4439 2468 1917 3756 2772 3099 3414 5980 7571 721 9445 209 7019 6811 3969 4080 1158 8050 8116 1797 5268 5737 8679 3521 5735 4092 9026 7793 2304 3078 1854 4466 5952 9953 2409 1926 5572 6992 7415 5016 6741 5948 3932 1174 1475 8759 7577 9212 3762 249 6386 2276 8869 1897 8887 1044 8568 5539 6680 2175 2744 8871 7157 9189 323 4734 7376 9627 2935 5223 8910 4828 6164 3732 3465 4570 2021 1193 4979 6511 5384 1113 8118 9055 1993 1403 9769 7540 322 1582 8692 9247 4985 8536 3194 1175 6493 259 5854 2167 4599 3917 9278 9006 3555 9106 8465 9192 5660 7442 7242 8600 6559 9335 9004 8758 4235 5691 7041 8314 8528 6258 4924 2116 2660 8730 821 7239 284 395 9872 2588 3428 6295 5272 3067 816 7210 2634 3374 1482 3287 2666 4563 4515 5318 9149 7304 9548 4738 6946 9516 8932 2429 1986 8471 3456 1160 2641 3064 9663 6399 4178 1274 1661 9843 3200 2258 8522 1566 7012 9524 9308 3508 8991 2665 7194 9494 642 9658 8801 8684 3687 1711 9166 7713 2709 1558 5710 5043 382 5692 4517 135 8417 1164 3390 2467 244 776 7087 9073 7433 1125 2083 7849 4794 9505 6815 4999 1794 4664 623 6048 4477 3110 2306 3875 1328 5803 2992 5304 6874 7856 9718 8255 5647 3891 421 4501 9542 5864 5762 9216 8041 4843 2550 3357 8894 7056 5548 3624 6887 9244 5635 3801 7538 8355 6333 5960 3603 4588 1334 5582 8342 5236 885 7101 6519 7799 5175 5821 6905 6087 8066 413 3628 1952 4617 1462 8791 7881 1433 4793 8548 1950 6471 3852 4372 8404 2385 6249 1042 6604 1336 7085 2973 1760 2443 7117 3617 7527 7023 8670 342 8394 3242 1040 9763 4880 7386 964 4036 5466 8279 8979 5082 4583 5503 7572 4415 6625 8614 9010 7293 5905 1267 5023 4654 4869 8383 4020 2164 7798 6455 2861 834 1377 6074 6269 4389 8398 3999 3824 1783 6780 544 2692 5164 4775 3929 6032 3166 2186 7015 9053 4156 8122 5290 3599 4605 6143 3759 2606 7586 5056 3835 5623 7547 4841 4609 1827 1953 7698 8358 2561 649 8379 6700 9110 1284 1080 6309 4276 9471 2420 9392 1295 5502 7607 7934 4739 3986 5058 6213 9179 3922 7646 5451 222 7374 2658 4012 5535 8535 8947 5424 2471 5577 133 1401 2693 7634 2473 502 8529 9881 446 8747 8708 3271 1975 8177 4602 5443 7511 6525 2218 8010 1576 370 2537 1127 6041 1212 1452 1514 4316 4762 5475 9727 3842 6210 6101 4582 8941 798 1510 9088 6207 6320 3988 1935 6287 4464 8582 4203 551 3588 383 5094 9899 8089 7979 5705 8659 9853 5093 2504 8386 4892 7654 1347 6807 5706 7873 499 9329 9518 6294 5648 4387 6554 2299 1497 2492 5933 6955 4912 326 9686 2932 4960 1937 8605 9501 7949 575 9126 6906 4362 7154 2047 6557 850 7144 3480 929 5059 4692 3313 416 9508 9090 2829 9876 7644 6610 9378 9504 6083 4668 5200 331 6844 277 8749 2818 4796 9830 8878 4067 3014 5673 9534 8268 3283 2933 4702 1439 3532 2291 227 2602 2015 5195 3840 388 8924 2887 5212 6172 7024 2221 2078 8539 3962 2348 2903 7337 6898 4044 1693 5004 276 9318 4947 4797 2758 7850 8484 3300 5066 2913 2020 9259 4846 2145 6529 2413 2018 4411 2056 6134 7635 9108 5209 5256 8950 1456 9661 803 2393 3125 6743 2763 6462 3655 6456 7920 1281 2228 7938 9370 3347 1553 9470 1307 8617 4719 9084 9566 5330 7076 4541 1360 4206 1534 7853 5581 2828 7292 117 3320 5227 7855 4757 7166 9806 9167 2346 5947 3667 5849 9047 2469 2499 718 2411 9851 5958 5715 3284 1498 9301 3341 2706 9531 8623 9707 3570 1966 7346 1677 8055 525 64 4065 1517 9265 9039 7749 164 4930 9553 1947 8959 3471 8728 1996 8151 1236 7630 4141 9509 5096 9450 8912 5446 3690 5653 7935 891 9926 7936 8062 1419 9569 6121 2263 2475 7827 9782 4776 1860 5237 9013 4129 726 503 7592 3457 36 8285 5766 31 2776 8777 511 6886 3644 9444 603 6791 1805 979 95 2022 8526 4529 2003 3519 7251 594 3639 7281 6956 2531 1492 2917 8296 8980 4104 3749 3176 6509 7318 7983 2335 2234 5309 6975 6435 3858 8225 7132 2519 462 7045 3103 8685 5228 1144 1298 6872 8113 4165 2270 1116 9892 6723 1320 7256 9344 1304 7925 2720 7757 7887 8242 2600 3571 163 4245 9785 1147 7123 1704 4613 296 9717 8720 7459 9996 658 1850 8866 6761 6697 7042 8814 4580 2790 5965 8159 7200 3461 4651 4150 2339 8604 1762 4829 4637 5798 6321 2136 7977 4019 1957 2910 5321 3432 8237 9669 6501 5265 9793 4382 8837 1110 8551 3086 6241 6339 3701 7051 5104 9184 4181 5013 3146 3162 9784 4086 7590 2224 2313 9541 2050 5629 4767 9376 7860 1356 4530 4222 3213 4015 2863 3340 5238 1631 8262 1664 9296 3241 6705 400 2867 9918 9484 4994 6218 9393 7046 8981 1948 6725 6051 5940 2287 4814 4726 8284 2713 498 3763 2965 4891 6245 2449 2735 8146 9109 9087 2810 9622 6070 6629 6951 4785 3299 892 9879 4507 7621 4830 9390 6804 4592 3997 7175 8989 7257 5052 7134 9915 5806 9950 6817 8657 4120 5447 2864 7741 4370 679 3217 5126 204 6088 1569 2765 3952 9822 9427 8054 1426 3739 6767 6224 6875 6318 8734 4344 6235 9195 6814 1541 5651 6566 5951 4981 4269 9280 7672 4498 4655 7267 2192 7731 1826 8891 5493 8320 9961 7584 3066 9277 8920 3825 9171 7060 9339 5120 9805 1970 8325 1450 4260 6928 3221 4523 8305 1539 7686 4504 5526 2662 3994 3492 4217 6848 8461 5062 8149 8589 1745 8690 9956 3512 7168 6209 2792 3593 614 5427 9546 1055 9338 3847 3908 130 4694 1974 6524 7176 4648 1690 3397 7284 7903 9230 7086 3279 8309 4877 1435 8373 9772 5783 42 4337 1348 6884 7392 6029 9640 1321 3493 7280 4034 1802 4693 4577 7559 7984 364 3228 8953 7694 5489 9968 9233 1317 1980 1899 8722 2638 6331 9395 727 7296 9944 6689 7733 872 6162 8874 2882 7050 3075 5320 1139 8229 2168 2229 5576 7904 5211 294 5461 6573 6727 8163 7098 4718 1681 7650 7106 5341 9028 2929 5229 9069 8428 1109 8646 8076 1793 8297 1825 3716 4827 9058 6943 3880 3469 3915 1713 2884 3807 5072 5732 3537 3685 7224 2373 8077 1722 669 522 3062 7312 389 3423 9396 9102 2427 5751 4975 7551 7945 5382 8639 4391 1378 8447 7 9652 8810 1971 4381 3467 1478 7092 1614 913 4380 8647 710 3474 5359 6016 6536 3543 9269 8751 9076 900 4819 2305 5585 6421 4472 3330 6548 792 6193 2982 6206 688 582 1243 7091 5288 3849 2089 4004 6847 7950 701 3190 787 3196 6632 4778 6034 5274 620 402 2556 1000 9965 9855 744 1038 2249 9530 7764 5501 7136 9886 2349 5928 9653 6862 1784 6517 2294 7851 1254 9 630 3298 8788 7817 6646 985 2515 6621 4948 6363 5171 141 2051 7994 8478 3980 5555 2451 6388 2094 6440 9206 9798 8808 9356 2825 121 7513 4874 4082 656 6828 3172 1199 9692 7493 286 9139 1789 4248 2465 5117 1657 1486 2986 2686 6555 2180 1237 4359 7727 7973 5708 3856 6614 9792 5787 7084 7606 5375 4590 8176 5922 2488 7823 903 8521 12 7889 8381 6942 6103 7103 4394 4700 2988 6966 9908 3792 956 6438 7840 7388 4622 4175 1773 1559 8899 9231 169 8642 4744 3582 7758 2369 571 6114 9921 5935 9910 5775 5148 257 475 474 9413 2912 3222 1843 9229 4281 6152 9354 7434 1002 4352 6877 140 6638 7264 5649 7246 1016 87 1322 449 8028 2097 4304 5071 7961 4028 3450 99 6882 1973 345 3201 6914 2177 7420 9202 5210 2854 1752 807 8781 819 5591 7677 1615 5169 3239 7651 9856 1875 6631 2580 3489 3267 6533 7960 5125 3349 728 7843 1371 6527 3258 4419 241 2586 4809 9732 4350 2126 7624 7449 6279 9085 592 2591 6066 5483 3145 252 881 8109 6275 1706 8569 9066 8339 5755 1181 840 2318 5517 4266 8436 2153 9235 7615 6663 4182 5107 2055 8697 7932 5027 4305 3890 417 8537 6345 2012 2584 2778 1013 93 2019 2388 5176 8930 6391 443 6710 1526 6667 7025 4403 9714 6600 8184 5686 507 444 2377 2615 8665 7335 9207 2856 6255 3612 394 8925 2647 9949 9316 6808 8735 1288 1675 7032 2739 3635 8123 501 7006
1342 9515 8655 5682 1240 68 8264 6178 5314 932 9957 1071 2160 4133 211 1655 5145 6334 3813 7482 4910 1960 675 6587 9018 1714 9485 967 7875 6373 1280 1988 4749 8100 4883 1756 629 3551 8259 377 7405 4942 4895 7658 6043 7061 4941 7608 8705 8900 1607 7049 3527 9498 3120 4343 3324 3317 972 9644 4871 2032 8191 1651 6846 2862 7600 2119 672 4526 2869 3844 1848 4856 1054 1323 2516 4224 1457 4704 4943 4031 4025 1470 8419 6684 1409 691 3437 1891 9199 8278 609 3288 1427 1282 6934 520 8298 7566 4955 9828 4143 8130 5628 2211 2626 4367 155 5920 6347 2330 3416 8876 9371 7674 3420 5363 1468 8290 1003 5891 1662 292 2927 6060 8607 3795 273 6521 8954 542 7398 3771 6385 3621 4707 3977 1855 6077 2590 6184 2308 5205 1883 48 9017 7692 9170 5851 8359 6976 6259 2151 9311 6158 7468 6401 2314 7285 4645 6885 6781 4331 8635 9646 1208 3629 4835 2767 6794 5520 3248 2509 9033 3990 8742 6330 7870 2433 6407 6237 3124 7912 2783 7003 4247 4562 4177 8434 2281 9162 432 5291 3604 512 2614 7922 5479 2419 6599 6212 7232 8460 8282 5400 5826 8248 524 8007 3747 7951 4790 9243 427 2356 6871 1577 4239 1874 5850 4528 9874 5150 2060 411 4548 3181 4844 363 4160 2442 6597 5408 6984 2105 8241 6742 3854 7505 9258 7906 1223 6091 5469 9725 6662 1308 9118 9544 3153 9776 9659 6314 7534 695 396 8707 7485 4595 3013 6651 3135 6495 7564 7929 4619 9576 6246 9369 9274 3058 5796 9271 9476 802 4569 4077 3141 869 3713 258 7341 6416 8380 957 497 3237 8401 4476 1108 8450 8446 302 6969 1430 9292 8470 360 7660 8365 1617 6902 9263 5717 7552 7913 111 7882 9639 5204 8703 3956 4903 4238 7155 1271 8338 7830 5875 3268 1813 3715 7170 3286 9449 8033 9975 3764 6783 996 1408 4746 137 756 2446 1178 4057 3167 1670 7287 8039 8585 3104 1249 7250 1795 3681 9889 4691 9145 627 4030 2878 7797 1072 4356 2500 4112 1790 6728 1696 6858 2414 5226 9260 3601 1287 7195 168 4404 7439 1074 1605 112 6640 9465 4497 7317 7616 13 3253 711 2474 4642 1333 3590 8689 2831 4134 5450 1095 3838 9211 9604 8766 7124 4508 8340 2899 7306 8903 2895 262 9020 6052 2403 9615 1264 1186 3925 9158 6377 6205 2957 2837 6192 5608 429 7573 346 4792 2948 5297 9819 3502 9706 4102 3541 7421 9430 9279 4696 6843 576 4418 23 6414 7205 5822 7273 4204 6880 2945 1188 1444 5998 3671 2533 6731 2511 4742 7336 6827 6119 6534 3871 5057 7839 3365 5580 4957 347 4216 6155 779 2813 4721 9119 8046 3660 7902 9236 9860 6461 8846 4457 602 8905 1335 5531 1416 4509 6282 801 6459 7077 1746 4244 4021 1126 5757 9194 5684 7381 1768 3473 6410 1872 7189 2770 6254 7226 2817 7735 2613 3342 3868 4511 9577 9222 8052 6182 5334 1180 7037 9507 5878 8334 9535 4079 2575 2444 6372 9873 196 4889 1896 9924 5024 8443 6558 2399 8727 2065 1474 513 77 4097 8773 8571 889 506 1956 5764 2610 9713 3820 4815 3069 4625 9164 2850 7958 7428 4661 3092 9358 1029 5254 8717 8497 9137 3793 1149 2238 8573 7305 7068 4255 9570 7394 8519 6550 3676 5976 358 6492 6724 8201 3089 3974 8180 6002 6090 7298 3796 4701 5601 1354 1345 4961 5143 7300 638 4423 6829 6094 362 937 9320 4422 6617 2361 6013 1363 9240 188 6823 171 1902 5882 8142 4136 2719 9690 8520 6619 7781 7311 8288 4443 2844 6759 8427 8509 9464 2569 8978 33 9321 2530 5280 6381 7152 6989 2543 1852 7400 7707 3664 9683 2930 5871 617 5841 6803 6116 6903 5482 3885 4572 108 9312 8250 4459 8966 6935 3409 6801 3889 4209 1209 2301 9818 7484 2694 8967 6948 4062 7452 487 1090 3226 481 595 7529 4544 2980 2925 7451 8111 9144 2545 9673 1917 6802 1931 5980 209 5455 7964 5610 1797 3218 7793 6774 9011 5952 8831 2964 8835 3932 2395 6022 6283 9075 9627 5223 2296 4369 9201 3465 3294 2021 6669 3742 8121 8118 1403 9769 4451 81 5060 9398 259 4639 7769 9006 3118 9565 1748 4235 6010 4924 2116 5901 5174 7536 821 9198 5000 4902 439 3975 6949 8458 4563 9548 7455 8816 859 8471 2387 3064 9663 6263 9843 8522 7360 4725 3230 7142 769 6171 8991 8596 8801 8684 4533 9166 9927 1822 5692 4517 3523 7153 4053 8417 4915 3695 244 9902 2083 6815 9896 2999 451 55 3405 5132 5879 7856 7785 5487 7723 5675 8479 9845 1915 3624 5911 3801 8355 4588 3021 3171 8719 4192 9607 3628 7759 7373 6000 3958 788 2385 861 2443 1685 7023 5364 3216 5627 5498 9763 9687 2344 4415 6625 6596 6978 8369 3261 8744 7802 3845 3824 6780 8578 8035 4557 6143 3759 7547 4609 5468 8698 6201 2311 7747 5069 828 7174 5515 49 9642 3724 9203 9023 2655 3088 4012 9979 5577 7896 7921 714 6486 446 6364 8136 1806 9031 8010 8222 5907 6490 2092 5941 9088 2422 3244 3280 6352 2791 4157 2546 7873 2350 9446 842 2797 2904 5648 4319 4387 2493 1297 1515 3052 4912 918 4960 7699 7154 850 3319 3308 9508 5064 4402 331 486 4252 2818 2690 2345 9830 8878 4911 5467 9589 2933 9991 927 2749 5195 3840 2011 9964 1092 9473 3962 1027 6452 5004 2721 9671 43 3300 1829 9037 789 5761 7639 4184 4411 2056 7054 1493 5637 9412 883 5095 1456 2393 898 6462 989 6514 743 1307 2088 958 9566 7753 2717 8580 5725 3504 790 9385 1879 4629 4288 2774 5077 9851 8440 54 8452 6261 1966 8055 525 6200 4930 9553 3471 5743 4468 7344 2416 5791 946 8194 9926 3093 2475 4201 1291 4129 7916 4503 8285 535 8714 577 91 1542 9645 3595 9421 696 3251 6739 3817 1298 1601 8113 4956 1245 2124 5053 2053 6876 5619 4478 9082 6354 4840 1260 4580 319 47 1906 8613 4637 6321 438 8061 827 9814 6676 3182 820 6977 6093 7051 6748 9184 4181 3146 2332 1034 110 3213 5238 1631 9657 1664 5883 2880 6581 1289 6725 6268 6974 6924 6150 8146 4137 161 9380 9883 21 1129 5281 9390 8782 8584 8986 215 2477 3753 3217 5126 5136 1799 3652 5672 3940 3256 4393 5651 6566 1008 6470 5471 9514 1518 8920 4808 4716 3195 1970 4923 4236 1406 3597 9121 8372 3830 3492 3510 6848 5700 8690 9956 3512 4547 6400 5680 5312 5565 280 4877 8653 89 6151 6884 7392 6029 3493 2595 5926 8444 7694 5489 2233 4825 9306 9804 3524 4166 4779 3946 1899 9944 8874 4016 6628 2667 6368 6382 7274 7904 9332 5461 1018 5902 8163 4388 5370 7106 1847 634 2983 8076 1793 3783 4550 2525 3469 3170 2585 2373 669 5350 3680 9249 4391 2659 2494 8447 7 1495 472 1231 5348 8304 1971 9284 3899 7295 6532 8647 6016 1992 2901 2554 7697 1250 3273 1618 8435 75 9724 3849 1276 4004 701 5899 3851 5274 724 2417 9614 7673 6818 4474 9530 7764 1942 9021 4635 2697 1644 4848 7193 3918 2357 5988 7649 6621 6363 8478 6388 5789 4728 4597 9204 1991 2978 7427 3808 4683 1199 9692 9186 4158 9139 1657 6768 5865 2436 6061 5098 7084 7678 7240 4394 7345 122 4967 3751 7388 6983 9256 4366 169 3157 9939 7758 567 305 7670 6430 3343 6152 6107 6020 9276 6638 7264 7246 5567 449 2097 99 5362 5541 6543 6930 7677 6248 5169 3239 8534 6750 6912 3267 6533 6800 682 5125 3349 728 9394 7965 3260 4756 4953 881 7173 1352 840 5085 4266 2048 6663 2680 604 6023 1868 8154 9895 6667 8473 2777 5738 2615 6409 7335 8157 3612 9111 298 8925 1568 2023 8735
1348 442 3005 4037 607 7972 6366 8188 7278 231 7528 9251 4573 6178 8968 509 839 7886 8778 1695 4425 3665 4879 3886 7500 4910 4340 6587 9018 1714 4634 471 2619 8821 6373 1988 9877 6612 5219 8396 3913 9185 1057 6740 377 1083 2482 4969 476 4898 3822 1859 6226 2251 908 1607 8715 3527 9498 1715 9826 5193 7637 8327 4360 3454 3487 4871 5358 8836 6302 1383 418 1925 4117 924 5644 6139 5105 4677 1649 3818 1455 7834 3765 3566 4224 8882 2459 306 3403 4031 6634 8627 2430 9612 1409 1891 1217 7009 170 5152 7819 2125 520 5702 3231 4446 4955 8859 2995 2870 149 2755 7568 7499 2246 3128 7674 4438 8845 916 8290 2687 8937 5490 5390 7402 8287 359 5088 1201 7219 2292 4163 8302 8101 8477 6077 5811 7862 3924 3250 7333 2534 1621 1165 8141 3154 9014 134 2208 7468 4506 7064 1904 4470 6491 3023 1624 5814 6959 5921 7379 7532 2540 7928 8313 6894 7276 8195 9414 2118 3574 7261 88 1114 6515 5968 8425 4695 5600 4487 9079 4105 1420 7870 7003 606 1803 9887 2281 6214 5505 2625 4460 1355 1337 9790 1928 2095 5826 6118 2109 9379 6481 1536 7780 3568 7865 1958 9995 7951 4376 5602 7732 2565 7864 9803 1349 8985 1874 4049 1365 6476 6257 7541 1266 8883 5247 5379 1418 6252 7712 3641 2535 8241 3854 336 6626 7244 5469 1308 1650 2549 8904 80 104 9544 693 6457 5913 1153 1183 7279 3180 3013 8709 6086 78 8562 9057 5860 9452 5261 4640 2201 7383 9369 6895 6072 2155 5671 9271 2671 3265 4569 3713 8239 2714 6336 1372 8879 2570 1211 4838 6305 9297 7684 8493 1293 9865 9831 1831 8328 5942 4093 9468 3478 2607 1772 6065 3898 4027 360 8365 9436 7138 6929 9263 44 999 6998 4345 2439 8802 5102 1503 7659 3956 655 7792 353 7200 4022 3087 8598 5945 4301 8977 7440 6838 4939 6433 6123 1017 9449 1687 1921 3764 4259 9475 7350 7063 692 3384 3470 661 76 6972 6747 3167 4045 1795 627 1596 4320 9046 935 3163 7218 5852 6274 5834 1696 7992 7406 415 6165 3668 3654 7618 1507 7462 6607 1437 8995 226 1004 2280 1389 852 9465 752 3165 3272 9293 9813 6591 9099 6191 7112 1333 6117 4134 8898 8087 6290 1095 6405 1812 3459 312 3100 5931 8766 1255 1788 5697 1473 674 7306 7110 3741 754 757 5456 7119 2732 2415 4325 2663 1200 6890 2421 9091 6567 6232 7691 6362 9819 369 3502 8656 9940 3303 1548 5194 9909 7421 7167 5733 5214 1262 4122 4696 5172 4127 1591 7205 7273 460 6418 5797 7837 5276 6389 597 7786 4307 6068 58 2668 2324 3627 9746 4831 4721 1203 5903 1232 430 9236 8413 9860 579 8432 4002 5142 518 8905 3229 3003 2618 1335 2743 4984 9041 6044 6030 1416 4914 1506 5566 7077 2302 9821 6132 2685 6468 9598 8929 732 6410 2846 3834 356 9007 9492 6254 9072 165 4882 7735 9735 3342 5426 3868 5944 9222 8052 2438 3516 185 8272 5632 6766 8550 2728 3663 4518 8963 9924 5024 6558 7728 506 1562 387 9632 5603 8962 1143 3069 213 5395 7525 3691 5557 2850 5007 9029 1965 9799 2328 201 2952 6500 660 7914 9849 9493 1361 3793 6425 2979 526 7734 3620 2171 8274 2410 645 5192 753 9523 6724 4510 4371 4151 7298 4701 4982 552 8341 3275 1643 6006 8375 6578 6829 2566 7721 6642 2150 5392 7908 7560 3334 8185 6013 9807 1902 6688 8433 813 1674 6122 4801 3784 3041 8520 971 6332 3902 1097 8288 7034 2949 6679 7703 316 9092 835 7399 554 6380 3959 6668 2425 6502 4558 3132 7212 2769 5329 5547 2840 8226 3697 1771 7521 3649 2853 496 8051 3382 617 1442 4005 568 8488 4754 6745 7877 9100 7923 5025 5277 7585 7186 7432 2301 7794 1056 7458 4870 41 5425 1248 2503 481 5032 9226 7005 2205 9779 8243 9967 6891 8111 9673 8572 9680 1045 3099 4711 4396 7571 6811 366 505 5735 4311 8860 5989 5524 4944 8759 3762 22 3500 3310 6680 2744 7157 1583 9201 4246 8121 2323 4896 9999 6395 9247 5060 2115 1175 9278 335 7978 709 1748 706 9549 4596 4924 7239 3975 8611 6949 7036 3109 548 3385 9149 8397 4738 1207 2429 1986 3456 9797 9314 2387 4178 3188 7360 6149 3573 6171 9780 7194 2423 9176 8699 642 9658 2256 4533 725 4970 7858 5759 6836 3695 776 9073 7849 4999 8599 4119 8672 8145 5879 877 3839 7723 9542 6505 144 8479 9845 9177 7252 5548 5918 9244 5635 6333 8342 5589 5568 7235 7101 6519 7705 5167 9218 7373 1481 8964 3805 2443 4598 5149 4036 4408 8629 8279 9687 4583 4415 2320 1267 4654 2861 6074 4161 6105 3999 1851 8854 5164 4775 8110 392 6454 4156 8122 4605 9096 3759 2606 181 7315 1574 6108 7833 7698 1150 4335 6201 2311 9392 569 9641 3079 6213 6883 5971 4215 49 9067 8947 1151 7990 714 2693 6486 502 9288 5916 6144 8506 202 8708 1975 4602 8136 2218 8036 677 17 1452 1514 7065 5475 9180 6769 5516 4556 3280 5616 1832 7654 7873 2897 9518 6537 1297 1884 146 5035 1937 2522 8687 9146 5819 9090 9876 7644 6837 3419 541 8749 3993 9778 8438 6453 8878 4067 3855 6420 4286 3840 4666 2826 2221 5556 5477 5654 4044 3068 2552 6709 43 237 4390 6970 5066 5670 3517 7395 6716 1263 3335 2365 5256 5637 73 5542 3025 5687 6881 1700 9470 6514 1307 9980 9566 5163 6635 2717 4931 3320 9385 7326 408 5794 2499 9301 6261 4432 281 4047 8055 64 9039 9882 9128 6833 2286 5108 8728 1565 9594 9450 9273 3690 7593 4542 7936 9328 3093 1404 799 8048 5259 9736 1138 8472 1699 2022 4715 626 4341 3519 2510 186 3176 6778 7132 3251 6806 2623 9123 4787 4165 6264 6841 9731 9892 9539 6792 2124 9344 6722 4521 163 4478 7123 658 84 3814 1009 7042 2790 2796 6233 5039 2162 8604 4829 4637 5798 2327 6980 6757 267 8974 6676 3182 4522 6682 3701 6748 1634 3600 4222 5410 1631 4354 1145 9720 1664 2297 3241 3679 400 3302 8227 7310 2880 9393 8981 6268 4241 1358 2851 3763 300 6538 2810 4137 9622 1476 8603 5886 5281 6804 3905 5052 1656 5806 3404 4120 5550 215 2864 4534 2765 6115 5186 247 5409 5307 1799 6875 7533 6235 1770 6479 4981 1008 4684 6470 7731 8891 848 9626 1327 4260 9121 8862 8221 5700 1946 9214 2819 1176 4008 8690 7168 6209 5042 9685 5680 8983 3908 4088 4694 7176 4648 3397 8309 7113 8078 6151 7392 3493 858 6853 5302 6516 9741 8418 670 3326 4166 2049 365 9944 4284 2882 7050 3884 2168 6927 6952 6727 6702 4718 7650 9069 809 6426 5982 1793 3716 6242 2884 3090 2747 5732 3170 465 515 2585 1722 5728 5031 3619 4491 3204 8639 1378 2568 7 1495 8810 1155 9552 7891 4381 1478 1614 7129 4380 3474 6693 5235 4472 1091 6193 2982 8820 1421 4099 9724 4713 6847 2742 3547 6034 620 5440 5818 2556 6541 5833 9503 778 9530 9021 4946 8732 2697 9905 8263 1731 2640 6673 2400 6646 5347 1315 4948 5278 2633 5171 8478 4267 3285 1199 887 6852 286 9638 546 5704 9636 7089 2766 6768 4538 5865 3856 9758 6061 6614 9792 9616 4681 7678 8140 5922 2488 7240 5986 3429 7993 3684 9083 5518 5538 158 1581 3888 3012 583 3853 4175 1173 1702 567 7670 2939 6430 3731 9354 4352 1480 9969 6638 5773 3775 4282 4657 6133 641 6448 3201 5551 7420 2854 1036 1505 2437 5597 5169 2723 4279 4107 3841 9459 9732 7624 6985 3843 6671 5779 65 8852 1111 9359 1667 2375 2722 2998 3890 1868 2370 9238 2388 5185 443 9714 6600 8799 5937 8364 6409 2707 394 379 7032 637 3010