11 24 25
0 21 68
0 14 63
0 31 8
0 32 93
0 45 18
0 16 76
0 40 14
0 22 48
0 3 85
0 29 57
0 20 70
0 10 33
0 50 66
0 17 51
0 18 70
0 13 29
0 26 26
0 31 86
0 1 37
0 1 54
0 19 40
0 20 14
0 43 69
0 22 77
1 30 90
1 42 55
1 11 46
1 21 60
1 10 47
1 47 88
1 18 21
1 27 46
1 17 93
1 3 80
1 13 66
1 46 11
1 46 95
1 9 58
1 30 9
1 41 41
1 21 49
1 7 9
1 39 56
1 39 11
1 13 62
1 31 41
1 24 43
1 48 53
2 20 27
2 15 49
2 44 23
2 15 85
2 40 72
2 19 68
2 23 87
2 33 14
2 10 49
2 15 9
2 20 83
2 32 8
2 33 69
2 45 68
2 4 3
2 14 3
2 15 72
2 49 37
2 17 94
2 18 97
2 22 89
2 34 69
2 42 74
2 50 15
3 9 3
3 38 2
3 11 71
3 17 12
3 3 67
3 23 32
3 28 48
3 1 95
3 48 64
3 18 24
3 27 89
3 21 32
3 29 78
3 28 84
3 29 15
3 4 57
3 7 30
3 19 29
3 19 27
3 25 61
3 8 9
3 5 33
3 28 34
3 36 94
4 15 5
4 39 69
4 31 21
4 25 33
4 22 38
4 9 62
4 14 99
4 32 81
4 25 6
4 38 2
4 34 70
4 25 10
4 5 16
4 30 55
4 21 45
4 26 6
4 14 71
4 11 76
4 23 14
4 12 23
4 45 51
4 24 6
4 41 20
4 44 97
5 9 14
5 46 95
5 31 41
5 45 21
5 8 67
5 29 9
5 5 16
5 22 43
5 15 93
5 30 77
5 41 98
5 44 93
5 48 65
5 15 80
5 1 2
5 24 55
5 20 83
5 38 7
5 9 34
5 34 28
5 35 7
5 32 91
5 15 67
5 4 35
6 40 88
6 10 98
6 30 77
6 24 3
6 40 49
6 24 7
6 47 16
6 22 98
6 12 59
6 43 15
6 15 61
6 40 3
6 15 81
6 49 88
6 26 93
6 18 99
6 13 74
6 15 69
6 34 27
6 33 77
6 29 70
6 21 6
6 18 5
6 47 74
7 41 7
7 45 50
7 19 89
7 27 75
7 21 66
7 29 91
7 43 89
7 9 50
7 18 38
7 19 81
7 9 76
7 6 15
7 50 12
7 41 81
7 25 53
7 35 79
7 22 51
7 19 12
7 37 51
7 45 66
7 29 93
7 39 65
7 17 82
7 39 13
8 23 16
8 26 62
8 12 32
8 48 55
8 17 78
8 48 10
8 9 2
8 10 66
8 43 46
8 23 54
8 33 27
8 25 18
8 31 74
8 3 9
8 5 50
8 35 68
8 41 23
8 42 82
8 49 93
8 23 23
8 50 48
8 19 44
8 26 94
8 11 86
9 37 47
9 50 77
9 12 87
9 16 30
9 26 26
9 40 3
9 23 47
9 35 42
9 29 88
9 16 1
9 16 42
9 15 51
9 5 19
9 13 86
9 9 69
9 48 34
9 28 89
9 23 56
9 26 46
9 37 53
9 20 67
9 22 12
9 30 55
9 18 13
10 49 57
10 29 98
10 2 47
10 16 43
10 21 37
10 21 97
10 24 67
10 41 8
10 49 52
10 23 41
10 13 99
10 43 97
10 21 8
10 5 19
10 1 11
10 50 24
10 26 38
10 35 23
10 16 47
10 27 59
10 7 46
10 5 17
10 8 37
10 47 54