50 15
-19.079032 10.450911 -8708.284245
-43.141651 26.625163 4582.768826
-26.564065 35.320672 8520.618226
2.738562 66.016847 -7450.484498
-6.456717 70.459311 -2379.173917
-29.428362 83.211516 2515.244219
35.018508 72.182884 -8049.965654
-34.809018 66.867815 3074.274875
-14.060821 37.037000 -9486.503307
-3.407477 72.215020 5601.778353
-38.044475 78.947392 6106.868832
18.779970 44.251196 -3255.716389
17.375415 98.695573 -8704.051407
42.410153 82.234058 -2066.070747
16.371244 96.040903 6654.598464
-14.367482 94.412728 -9336.637138
31.235365 26.317313 -7158.900006
11.140679 15.763954 3213.410703
10.704564 74.068586 536.536363
-25.148729 7.617949 1756.374904
-13.615030 30.372387 -9681.165223
-25.006181 76.748018 6188.560763
-30.737178 0.757908 5375.208071
-3.429417 38.603618 3385.229744
19.768491 2.053067 -6278.356334
20.349807 28.229061 -6435.778454
-47.201473 96.798866 3294.732323
-0.949542 91.636041 -4487.357765
-10.340653 27.840502 6590.388254
-7.689871 6.844305 2128.003438
-44.552037 12.536160 -5944.152847
32.326426 52.330115 -1220.362538
18.793408 11.810216 3458.257529
12.893731 43.891250 -6080.976044
33.426813 87.476127 -1333.822240
49.709061 15.313508 -398.449343
-14.465653 88.446934 7243.825153
18.447677 29.702828 8449.515096
31.998710 83.117092 -3719.629402
30.616273 64.002373 -4967.414710
-23.461263 33.084302 2442.657815
19.169762 4.533284 -7009.192908
22.654358 43.479452 -7034.373837
-21.346911 74.248982 6265.579956
7.256644 37.044137 3816.581366
-18.025608 44.412389 1893.882231
-17.904203 84.766546 8806.414434
19.544896 19.778208 5203.293834
-17.992783 35.740868 -3475.888740
-7.404810 85.352595 -6805.838268
1 40 -28.461307 24.693806 6638.835148
2 10 45
2 25 27
2 29 35
1 35 12.738741 24.810037 -9770.470984
2 10 28
2 44 46
2 33 36
1 47 8.323719 22.479506 1088.867573
2 11 15
2 13 41
1 19 -8.718519 22.152310 -3132.533261
2 7 50
2 19 47
2 38 38