434 2200 786
582 430
481 1710
1 1870
249 150
885 2150
369 1610
666 1040
649 830
692 1590
868 270
578 290
678 1770
172 960
107 2200
351 2030
985 70
407 2150
487 180
81 1370
196 260
70 650
615 770
227 1410
975 2150
839 1710
728 1370
555 1810
212 1430
584 700
311 720
77 1350
365 1680
529 1280
169 1260
185 980
707 1380
592 1720
400 1960
719 110
356 1370
917 1480
867 2130
167 320
483 2000
161 220
298 790
551 190
699 240
348 1970
780 180
714 600
865 1690
596 1990
59 1690
355 650
971 660
860 940
343 220
591 440
281 1690
932 1210
895 1570
880 1570
550 1920
457 1330
258 1210
84 580
733 1270
318 1260
462 1450
781 1600
160 620
271 360
23 1800
256 770
430 1160
59 2070
666 1850
362 1850
92 1860
507 1460
715 1170
769 1910
415 570
901 80
618 1060
671 1930
640 770
969 140
791 110
443 2170
972 850
282 1340
470 1330
141 30
431 1580
18 2120
227 600
808 1350
879 30
654 570
832 1850
124 1550
133 1490
518 810
105 1850
323 1200
145 160
965 2040
181 1000
35 80
433 1920
748 740
380 1800
152 1100
168 2140
832 1660
1000 1520
283 2000
819 1600
286 360
11 1300
627 1520
13 260
170 2050
49 410
146 2080
751 1080
470 1050
230 1350
791 430
984 810
552 900
397 1100
797 640
954 1290
600 400
692 660
607 2160
637 1270
103 250
450 1010
26 930
391 1470
286 1340
97 1620
932 10
470 1000
848 320
833 1710
797 1530
179 1700
748 1250
86 260
205 120
219 1930
340 1740
427 180
500 960
976 2040
705 1240
457 1070
760 1060
986 2170
917 1540
181 310
884 1810
787 1770
623 2170
580 2050
666 1130
718 630
887 140
386 2090
502 1670
292 360
629 980
451 2050
493 180
452 1130
315 460
657 740
863 960
534 440
519 860
409 1540
546 1740
888 860
790 60
976 30
887 1830
416 10
78 180
99 460
85 120
612 590
259 900
657 1350
313 1390
614 2050
223 880
245 2080
42 1540
931 1870
437 1240
618 900
459 1930
707 1830
524 190
720 2060
644 440
332 1510
582 390
730 1890
608 1320
414 1220
67 1840
447 510
898 1000
455 180
401 1630
261 1310
904 1510
862 320
336 70
715 1960
702 1980
889 1320
635 2120
3 730
1 1280
129 380
17 1070
964 710
670 1980
305 730
492 950
94 2000
708 2150
41 1210
319 120
889 1360
152 1750
544 1310
449 1770
44 120
682 2090
696 520
328 100
510 1140
668 730
170 530
40 1050
550 560
487 270
360 830
81 1340
599 1090
739 1310
323 1820
108 2150
34 1610
335 770
1000 290
421 490
562 1780
173 1770
428 1500
93 320
458 730
93 920
433 1580
139 1520
104 1080
858 40
806 1350
812 570
73 10
13 920
308 1230
233 1860
919 910
862 300
377 1510
677 370
733 30
892 230
394 1750
669 460
711 1230
832 1910
417 1110
229 30
902 900
407 1940
492 930
635 480
645 1980
487 400
204 790
51 1190
540 1650
491 450
286 1850
386 1640
41 170
966 1640
995 40
72 140
255 1700
722 1060
480 1320
449 1530
992 460
798 1300
355 1150
177 1750
369 2010
609 1980
171 150
98 800
967 530
456 1890
360 1490
363 2150
130 2020
782 790
95 830
288 1920
572 1450
744 180
333 1490
997 2010
660 1260
711 1330
992 1110
367 1830
19 1900
405 600
803 2130
602 1530
20 800
424 1460
438 1730
22 850
22 1750
386 490
132 880
598 70
175 30
927 1530
440 960
168 1540
108 1050
630 50
248 950
257 1120
667 1100
183 1330
214 1280
888 2100
595 2160
766 1130
801 780
830 130
54 820
863 460
551 190
802 1770
907 380
86 1270
932 10
688 1560
688 590
18 350
915 300
124 510
246 1420
276 480
891 1270
740 1540
436 190
219 1860
500 510
182 1350
558 1440
476 2080
764 1040
300 1950
820 480
5 1210
97 270
195 1710
776 1220
376 1460
801 1960
279 2050
576 1820
832 1260
723 1020
187 1440
686 1720
589 2150
558 1120
968 410
550 410
312 1420
780 870
85 120
386 1950
873 1680
168 30
719 1210
490 830
711 1900
478 1020
780 2200
124 1560
762 1770
575 2020
65 690
334 1660
638 710
755 1870
28 60
613 830
721 1560
627 880
452 1520
746 2130
864 1790
303 1460
390 1860
540 1860
146 1120
860 2050
693 450
568 920
851 1370
508 670
35 2180
267 1680
967 1730
47 140
954 250
868 280
498 1840
315 290
950 170
527 750
30 390
370 1960
440 730
570 800
907 1210
612 1800
467 210
519 1220
913 690
894 1410
783 1830
31 600
583 1130
205 860
165 1170
538 490
67 1400
907 320
918 2010
357 1750
612 720
345 1630
118 1920
54 1660
220 680
416 430
139 1010
736 560
193 640
851 920
53 1110
50 100
414 250
960 760
711 1620
30 1620
316 510
530 1960
760 760
795 1160
322 1490
961 1290
595 600
494 2160
338 1560
565 1520
898 1220
715 290
782 730
76 1840
812 590
901 1600
939 630
10 2120
579 500
75 1190
142 740
822 650
417 40
156 210
944 2180
768 750
916 2060
450 220
337 1260
92 1780
269 1150
52 640
329 2170
303 1840
908 740
227 1000
319 1370
947 1820
687 590
133 150
689 120
148 770
875 1970
551 350
448 670
949 490
169 900
713 1520
619 340
948 1220
26 1040
280 200
603 1270
739 160
83 880
973 880
951 950
13 310
923 340
749 1640
170 1840
514 2110
617 190
776 2160
437 650
160 1920
136 1380
68 1540
866 410
995 1970
432 540
220 380
487 1160
977 230
729 770
404 720
950 1550
604 140
720 1960
97 1200
22 960
433 2060
714 520
264 1680
729 1740
10 1390
730 1770
104 1290
225 1060
69 1230
442 740
39 440
16 1520
104 670
862 310
867 1280
58 1910
153 1630
83 390
373 2080
765 1560
404 1450
559 1280
816 1580
833 170
817 990
947 1570
429 1950
397 710
271 420
893 1890
380 1870
515 1700
835 1280
204 610
433 1660
697 1910
641 20
692 1430
211 2180
23 150
171 1020
399 780
904 70
857 350
549 170
948 180
99 330
617 1760
898 1350
441 1310
423 1840
611 1010
511 650
560 480
135 390
224 10
495 1000
581 250
986 1920
172 310
498 230
110 2010
934 1930
693 1970
512 730
336 410
999 1120
506 1430
519 2070
815 890
34 1040
270 320
984 1340
762 80
478 1150
484 450
571 910
856 2110
967 2030
827 1250
791 310
724 250
584 1940
799 1970
760 290
172 1430
435 750
16 1780
890 1280
68 950
522 190
531 1690
624 1570
103 630
558 260
871 550
576 1110
575 930
406 1040
635 690
51 1990
778 1450
442 1460
474 2020
273 2040
897 2180
92 1960
210 1990
654 2160
422 1700
6 860
245 1380
270 1520
620 550
568 430
261 2190
908 900
323 2140
165 1600
707 1900
735 1270
463 1180
757 1990
640 1270
639 600
113 540
716 320
881 10
331 230
346 510
209 180
210 180
232 2040
77 580
511 2000
47 520
967 390
67 1390
329 880
581 160
978 2000
625 1530
247 450
873 350
593 710
467 1180
75 1100
152 1800
707 1640
153 510
908 20
30 1490
565 360
754 1720
647 350
487 1390
865 1790
157 1510
119 730
301 1410
967 810
263 1340
991 540
667 860
662 260
580 340
639 1990
658 910
387 930
702 1770
408 280
21 260
330 1930
230 1650
348 1090
79 1840
576 2090
10 1780
45 1390
808 440
217 1540
851 1100
935 760
654 1700
45 880
527 1520
432 1440
651 550
535 1930
647 2130
127 1280
93 630
984 1700
786 1060
49 370
443 720
727 30
761 1280
50 2090
97 1420
319 2040
525 860
780 1350
403 790
506 820
198 1810
560 1150
808 330
99 2080
388 780
556 1420
160 150
672 1320
250 690
475 110
45 920
765 120
985 1160
448 170
