5 3 3 2 1 2 3 64
41 15 23
51 58 6
7 33 39
40 43 62
30 8 41
21 3 49
20 2 0
53 59 35
58 62 52
30 4 9
29 44 35
2 52 26
27 43 44
33 31 40
42 62 44
23 46 52
6 1 51
20 46 38
56 63 59
47 11 56
54 60 22
3 5 12
22 26 36
24 27 30
60 33 15
4 47 50
33 2 38
6 44 40
6 56 57
44 8 50
39 50 17
15 55 37
2 31 46
13 28 14
34 37 35
45 17 45
26 34 19
9 21 46
61 11 21
40 38 21
14 24 40
55 62 42
25 9 1
21 57 10
49 16 46
12 34 38
12 0 6
21 52 39
33 12 43
30 30 53
34 33 27
52 42 6
3 43 38
13 39 16
38 28 14
14 33 57
27 8 45
61 37 24 30 19 30
17 23 12 31 8 10
2 20 42 55 16 59
31 22 25 14 25 52
61 38 12 37 20 38
34 0 32 61 56 42
56 63 51 24 54 11
34 54
21 17
44 26
36 27
56 40
36 36
11 28