9 4 4 4 3 4 4 97
58 63 18 1
59 64 96 67
75 29 65 22
52 0 64 38
51 10 56 11
74 73 28 81
56 67 8 92
19 30 64 35
7 25 52 87
69 16 23 43
87 84 20 78
57 88 53 1
0 10 23 5
38 4 69 76
36 68 64 18
91 90 15 58
15 86 93 18
93 81 51 74
71 81 65 14
55 47 13 28
62 46 76 88
54 84 29 61
94 87 23 28
75 36 19 16
33 56 45 47
70 21 53 41
1 76 8 82
85 12 69 71
93 29 71 96
93 61 70 8
64 41 82 77
79 11 81 54
45 69 86 15
20 67 42 57
5 42 11 68
54 0 25 1
75 18 95 63
91 60 56 8
41 26 27 17
33 39 16 56
57 84 96 44
56 11 35 49
73 42 78 15
67 61 42 71
93 50 95 12
14 55 11 54
91 3 93 53
71 13 85 48
71 59 55 35
86 23 85 66
7 6 3 17
35 6 65 42
87 39 6 57
79 96 92 17
78 18 52 62
31 92 71 61
68 56 4 79
15 4 49 25
83 71 27 15
43 49 81 51
0 20 35 6
38 71 59 6
3 94 45 9
65 56 70 23
66 89 91 88
30 12 22 40
78 75 65 67
17 34 87 43
72 57 56 32
7 54 79 72
24 14 86 78
49 86 25 58
59 22 62 63
76 34 23 15
63 32 19 27
18 95 71 28
46 33 61 56
84 54 80 84
28 18 64 40
79 31 76 6
0 25 1 35
91 23 49 61
94 61 39 11
83 17 80 62
19 51 59 51
86 93 74 85
21 0 90 22
68 72 95 93
84 91 7 20
92 21 93 56
82 95 84 2
71 11 94 66
2 41 76 15
67 28 19 21
71 28 42 49
4 13 64 48
46 44 91 22
94 30 19 83
54 13 35 9
5 14 96 91
59 4 45 48
80 8 22 70
15 19 62 60
71 87 11 2
65 20 90 29
84 88 68 65
9 48 19 55
14 37 47 90
10 46 23 63
45 52 96 57
12 11 7 47
65 92 30 70
47 33 53 53
94 1 79 47
8 9 24 33
66 80 72 16
89 78 15 15
21 68 16 14
44 88 39 20
59 90 88 17
44 77 61 70
53 58 74 40
10 21 29 94
31 8 65 66
16 16 54 32
93 26 95 5
86 86 85 75
70 4 25 1
77 78 1 75
36 79 39 45
10 16 72 32
22 49 4 33
31 14 24 52
76 26 88 26
18 42 86 63
86 75 4 11
19 19 48 83
46 88 72 89
69 76 88 82
24 56 73 48
82 71 74 59
28 11 10 87
51 10 45 23
54 43 82 86
5 28 88 62
18 45 73 62
14 19 61 48
82 89 33 78
63 46 96 64
88 58 19 69
28 70 55 72
19 57 43 53
40 72 52 17
30 61 29 34
68 56 68 16
38 84 91 42
10 87 21 14
3 33 2 78
2 7 31 64
1 2 5 5
65 14 84 14
67 33 47 50
9 42 93 28
44 68 11 10
49 72 3 64
7 74 67 2
81 42 56 29
62 14 85 41
69 24 49 77
59 58 81 31
24 8 12 31
53 48 79 78
33 74 64 6
12 15 84 79
12 42 92 67
14 49 20 23
52 14 9 8
6 23 31 46
77 39 20 5
51 96 22 70
75 29 35 50
47 40 73 38 58 13 46 3
0 72 87 44 35 95 42 33
74 35 43 83 77 94 19 95
70 81 87 37 39 67 36 25
61 77 91 57 32 70 25 29
40 30 46 65 75 46 77 51
18 69 8 71 48 53 76 27
23 26 0 57 11 69 70 52
94 86 56 35 53 0 75 40
22 42 11 6 30 95 67 40
22 63 74 9 22 5 73 11
4 51 80 18 72 57 62 76
58 60 42 48 14 44 22 50
73 61 59 21 7 18 72 24
8 28 93 30 3 75 25 71
10 58 16 62 33 81 0 56
57 20 34 57 72 7 16 70
56 15 84 64
1 48 23 41
0 41 75 5
6 88 62 74
38 79 41 75
87 54 66 42
70 79 71 39
20 51 76 32
85 15 78 19