17
0 96 33 74 30 96 28 96 64 20 58 40 26 35 10 16 45 65
96 0 52 37 72 40 79 31 76 11 74 63 26 71 89 23 34 96
33 52 0 48 92 99 41 35 59 33 37 67 8 46 11 43 7 23
74 37 48 0 92 86 93 55 63 80 67 72 79 20 55 74 11 63
30 72 92 92 0 82 36 99 60 23 11 23 79 44 24 18 47 72
96 40 99 86 82 0 46 92 46 98 63 6 35 29 99 76 12 81
28 79 41 93 36 46 0 18 32 82 57 51 28 87 43 75 47 64
96 31 35 55 99 92 18 0 81 68 11 80 19 95 72 69 44 7
64 76 59 63 60 46 32 81 0 87 63 84 12 94 47 89 18 23
20 11 33 80 23 98 82 68 87 0 16 13 14 80 81 53 27 83
58 74 37 67 11 63 57 11 63 16 0 56 63 91 7 4 47 48
40 63 67 72 23 6 51 80 84 13 56 0 84 67 91 78 66 16
26 26 8 79 79 35 28 19 12 14 63 84 0 30 51 12 27 46
35 71 46 20 44 29 87 95 94 80 91 67 30 0 73 81 91 35
10 89 11 55 24 99 43 72 47 81 7 91 51 73 0 4 96 9
16 23 43 74 18 76 75 69 89 53 4 78 12 81 4 0 5 95
45 34 7 11 47 12 47 44 18 27 47 66 27 91 96 5 0 81
65 96 23 63 72 81 64 7 23 83 48 16 46 35 9 95 81 0
11
