4 6 9
2.481702 -0.160977 2.569868 -2.505738 2.809339 -2.860078
-1.123554 -2.638741 -2.582877 2.721323 1.218460 -1.294323
-0.647719 -2.276193 0.836036 -2.775364 -0.357924 -0.589693
-1.626339 0.479613 1.120589 1.382854 -1.709483 -0.449935
-0.017523 -0.307001 -0.880726 0.031537 -0.640470 0.195660 0.442565 0.060131 -0.681691
0.193066 -0.945081 0.129251 0.917000 0.903606 0.248881 0.955340 0.522051 -0.720657
-0.698531 -0.504422 0.580590 -0.180319 0.303507 0.543767 -0.497836 0.335654 0.187486
0.545343 -0.849554 -0.472570 0.493534 -0.135614 -0.968228 0.560486 0.645902 -0.454879
0.072272 0.922103 -0.636971 0.094545 -0.323287 0.142721 0.374058 0.295792 -0.668336
-0.845774 -0.248464 0.077956 -0.479881 0.465713 -0.117611 -0.088194 -0.925259 0.563117
-0.057436 0.272859 -0.192083 0.406387 0.214838 0.426167 -0.116177 -0.462196 -0.046963
-0.004629 -0.971081 -0.454917 0.602194 0.649879 -0.195458
0.620561 0.938930 -0.351639 0.717820 0.665017 -0.559288
0.269290 -0.523957 -0.051360 0.030171 -0.089686 0.989897
-0.595876 -0.423156 0.645941 -0.682347 -0.392968 0.282920
-0.015177 -0.330762 0.470275 -0.137078 0.720426 -0.138658
0.727820 -0.390412 -0.835745 -0.696226 -0.830650 -0.885173
0.590975 -0.003123 0.949678 0.063955 0.097170 0.362316
0.591126 0.124643 -0.107171 -0.939813 0.478803 -0.178881
0.042270 0.637418 -0.644617 -0.318907 0.528499 0.640206
0.183576 -0.071437 0.188030 0.460552 -0.424641 0.498924