6 7 13
-2.722775 1.312748 -1.514452 1.422845 2.748894 -2.708659 2.727309
-1.917979 1.324156 1.908106 2.960996 -2.768053 -2.362867 -0.753280
-0.445674 2.423267 -2.764447 -1.941019 1.095279 -0.211740 0.084090
-2.303704 -1.496551 2.978862 1.615610 0.740203 0.850807 -0.177099
-1.642468 -0.314152 1.599015 -0.593358 1.267792 2.250947 -1.435886
-0.562308 2.343854 -2.065705 -1.849975 2.125678 -0.557698 1.904856
0.749440 -0.366728 -0.846786 0.708888 0.028577 -0.834309 0.584039 -0.632114 0.675904 -0.110667 -0.047820 0.235500 0.124605
-0.757696 0.909357 -0.984370 -0.066122 -0.484171 0.157576 -0.588399 0.974894 0.426795 0.581846 0.902060 -0.189103 0.659046
0.557748 0.051442 0.317381 0.706552 -0.876296 -0.040259 0.697213 0.973952 -0.277262 0.108344 0.541292 0.905082 0.258317
-0.655933 -0.364230 0.254644 -0.061124 -0.639220 -0.617524 0.336824 -0.542043 -0.585777 0.286180 -0.787037 0.043069 0.200926
-0.017342 0.858553 0.565168 -0.691012 -0.874137 -0.980610 -0.967592 -0.450603 -0.804548 -0.700055 0.844696 -0.986025 -0.610648
-0.518438 -0.594114 0.545497 0.784304 -0.739720 0.178113 0.756747 0.901195 -0.140248 0.912969 -0.999785 -0.725359 -0.567519
-0.477963 0.451554 -0.490331 0.277964 0.959042 -0.497034 0.933092 -0.723956 -0.739450 0.238382 0.560808 0.628076 0.124492
0.100654 0.387003 0.258049 0.331287 -0.251595 0.408130 0.350497 -0.100857 -0.373822 -0.416596 0.168592 0.256664 -0.448431
0.993876 -0.107367 -0.625762 0.835641 -0.810234 -0.339324 -0.609401
-0.916809 -0.347267 0.832704 -0.650862 0.380339 0.332219 0.215649
-0.032730 0.299693 -0.511027 0.267998 -0.255945 0.731840 0.312651
-0.056806 -0.696793 0.645545 0.121835 -0.118586 0.978567 -0.731187
-0.102154 0.323885 0.565071 0.086658 0.917278 0.744932 0.884869
0.153550 -0.014611 0.800172 -0.761616 -0.088900 0.653130 -0.195283
-0.787756 -0.391386 -0.533837 -0.269452 0.233377 -0.243519 0.724536
-0.576463 -0.108850 -0.418770 0.198849 -0.891390 0.861830 0.659634
-0.931382 0.598100 -0.309139 -0.066052 -0.940819 -0.835050 -0.333433
-0.923307 0.975866 0.422275 0.139006 0.274689 -0.085698 -0.057968
0.785250 0.658603 -0.803060 -0.743497 -0.983557 -0.933822 -0.185525
-0.611604 0.936503 0.639518 0.432341 -0.387898 -0.163293 -0.189102
-0.246416 -0.846034 -0.780052 -0.366551 -0.747241 0.157386 -0.094388
0.181914 0.475753 -0.290007 -0.062356 -0.413789 -0.035980 0.479521