8 8 8
-0.7285 -0.5116 -0.7269 -0.1710 0.3069 -0.1722 -0.3543 -0.3939
-0.6892 -0.8106 0.3415 0.9152 -0.0705 0.0023 0.6885 0.9486
0.9956 -0.1006 0.5440 0.3146 0.2805 0.9792 -0.9255 -0.8116
0.1111 -0.3527 -0.1230 -0.2280 0.1681 -0.5263 -0.5003 0.4586
0.1477 0.2235 -0.5563 -0.6052 -0.9840 0.8574 0.6776 -0.5964
-0.5925 0.2949 -0.5682 0.7751 -0.8769 0.2483 0.3469 -0.7922
-0.2637 0.4958 -0.1478 0.6262 -0.5732 -0.1510 -0.9486 0.0179
0.2200 0.6196 0.2473 -0.6031 0.5029 0.7350 -0.7852 -0.5943
0.2095 0.9164 -0.5635 -0.8198 0.7812 -0.9222 0.6637 -0.1812
0.7253 0.0864 -0.2258 0.5571 0.4805 -0.8436 -0.1133 -0.0515
0.2682 0.1883 0.0038 -0.9734 -0.3658 -0.6787 0.6650 0.8069
-0.0849 -0.3980 0.6746 0.2474 0.1822 0.7731 0.5421 0.9476
0.2664 -0.9952 -0.3953 0.1994 -0.2968 0.9656 0.2079 -0.4351
-0.6660 -0.1982 0.5070 0.1818 -0.1248 0.4453 -0.4446 -0.5924
0.8574 -0.1012 -0.2218 -0.4369 0.1135 -0.4645 0.5239 0.1016
-0.9546 0.4467 -0.5442 -0.5076 -0.4210 0.3551 0.3343 0.4272
0.3787 0.7440 0.9647 -0.3511 0.5711 -0.3412 -0.1140 0.0466
-0.4307 0.4861 -0.6799 -0.6464 0.9585 -0.9930 0.9026 -0.8089
-0.5119 0.8261 -0.4165 0.0634 -0.5964 0.6135 -0.9300 0.4502
-0.3900 -0.1340 0.6394 0.3660 -0.2592 0.6567 -0.5575 -0.1345
0.2260 0.2430 0.9360 -0.5505 0.1475 -0.1431 0.5730 -0.0084
-0.6203 0.7921 -0.9319 -0.0796 0.7221 0.2162 0.9522 0.4171
-0.6782 0.9222 0.6764 -0.9368 -0.1552 0.0184 0.4686 -0.3813
0.2805 0.5721 0.4766 -0.3795 0.0502 -0.3201 0.0190 0.8928
-0.9028 0.1948 0.7313 -0.6289 0.6206 0.4240 0.7907 -0.9628
-0.0927 0.6846 0.6444 0.9336 0.0731 -0.4095 -0.6193 -0.2630
-0.4425 -0.4471 -0.1003 0.3302 -0.3419 0.7593 -0.0294 0.5247
0.1376 0.7720 0.5962 0.2147 0.1684 -0.8517 0.2190 -0.3003
0.4884 0.9973 0.9900 0.9309 -0.0600 0.9723 -0.5160 0.9695
0.3200 -0.3358 0.2140 -0.1882 0.3958 -0.6981 -0.9675 -0.0159
-0.2836 -0.3081 0.7948 -0.4253 -0.8163 -0.0482 -0.8511 -0.7102
0.8701 0.0607 0.6751 0.9514 -0.5078 0.3199 0.0063 -0.9283
-0.1936 0.9907 -0.9436 0.4066 0.1445 0.1752 -0.3055 -0.0417
-0.6202 -0.6238 -0.4360 -0.5634 0.0580 0.7449 -0.8398 -0.5067
-0.7964 0.7905 0.4115 0.2487 0.5070 0.6631 0.8959 0.1655
-0.3793 0.3588 0.7989 -0.1950 -0.1764 -0.0093 0.0940 -0.0788
0.7392 0.7179 0.3976 -0.3467 0.4608 -0.9893 0.8712 -0.9763
0.3807 -0.7265 -0.4269 0.1676 -0.2509 -0.7440 -0.5844 0.7362
-0.9347 0.4596 0.7855 -0.6823 0.2393 0.2685 -0.0489 0.5151
0.6574 0.4754 -0.0210 0.0157 0.2193 0.5318 0.8474 0.1180