3 4 2
-0.9417 -0.2675 -0.4420 -0.3244
-0.9766 -0.1595 -0.4969 -0.1430
-0.7610 -0.2946 0.1580 -0.2671
-0.6994 -0.7464 -0.1328 -0.4778
0.9023 0.5029 -0.7266 0.5577
-0.7878 0.9601 -0.1892 -0.3724
0.4444 0.5896 0.0649 -0.1122
-0.6604 0.0690 0.4999 0.6998
0.1009 -0.3892 -0.9995 0.4352
-0.1710 -0.7773 0.8783 -0.2090
-0.6468 0.4527 -0.9611 -0.2287
-0.5892 0.2417 0.3041 0.5775
0.3033 0.7236 0.4040 0.6133
-0.1138 -0.0592 0.9548 0.4156
-0.6224 0.9156 -0.7280 -0.2904
0.7006 0.4694 0.7283 0.4538
-0.5458 -0.0189 -0.7785 0.1430
-0.1657 -0.2248 0.0360 0.4710
-0.2175 0.9302 -0.3715 0.1034