6 6 2
-0.5943 0.6184 -0.2724 -0.9311 -0.5593 -0.0356
0.2522 -0.1831 0.3615 -0.2359 0.8277 0.3065
0.6237 -0.0123 0.5860 0.1819 0.2032 -0.7513
0.6232 0.5099 0.5564 -0.7125 -0.8445 0.1655
0.5267 -0.5059 0.2471 0.7025 -0.7568 -0.5826
0.7436 0.4949 0.1321 -0.2498 -0.7848 0.0171
0.9600 0.7431 -0.2847 -0.1102 -0.2571 -0.7604
0.8947 -0.7148 0.8167 0.7457 -0.2726 -0.2300
-0.1975 0.2578 0.2101 0.5738 -0.3029 0.6284
0.6661 0.9440 0.4748 0.2359 -0.9766 -0.0801
0.7781 -0.8041 0.3965 -0.1442 -0.9292 0.6514
-0.8732 -0.9031 0.8159 0.0625 0.5435 0.9977
0.1324 0.7574 -0.4761 -0.1135 0.7904 0.1011
0.3853 -0.0442 -0.6559 -0.2555 0.8030 -0.8881
0.9449 0.3278 -0.0405 -0.8049 0.4741 -0.4161
-0.2700 -0.3955 -0.4463 0.6793 -0.3657 -0.4355
0.6146 0.1519 -0.1248 -0.3446 0.1852 -0.8768
0.7141 0.6643 -0.6317 -0.8505 -0.9450 -0.1969
-0.0344 0.7287 -0.0336 0.4977 -0.5462 -0.3959
-0.4497 -0.7030 0.0815 0.2726 -0.0344 -0.9483
0.9937 0.2427 -0.6523 -0.1800 0.2954 -0.8419
-0.1718 0.6634 -0.2495 -0.6055 0.3363 0.0622
-0.1963 -0.7693 -0.6318 0.6783 -0.5374 0.2371
-0.5669 0.9459 -0.4775 -0.8577 0.8330 -0.5095
-0.0069 -0.1151 -0.6373 0.6612 0.9627 -0.0412
0.9090 -0.6799 0.7089 -0.8250 0.2634 -0.5733
0.8683 -0.8694 -0.3421 -0.0884 -0.6826 0.3177
0.7376 0.5112 -0.7174 0.5148 -0.1096 -0.2610
0.1201 0.4574 -0.4987 -0.3031 -0.5570 0.8541
0.4834 -0.6941 0.2585 0.4262 -0.1309 -0.3396