7 8 4
0.1261 0.8381 0.7678 -0.0781 -0.8029 -0.9258 0.3741 -0.3060
-0.5454 -0.9916 -0.7602 -0.0576 0.9987 -0.7473 0.4540 0.2757
0.1625 -0.1959 0.0647 -0.3331 0.9343 -0.3718 -0.7544 -0.6871
-0.2235 -0.8694 0.9090 0.1539 0.4847 0.1383 0.8366 -0.5360
-0.4206 -0.8920 -0.3559 -0.2756 0.1951 -0.9052 0.2490 0.3171
0.3547 -0.9348 -0.9253 0.5887 -0.0364 0.1897 -0.0270 0.4955
-0.0436 0.4944 -0.1598 -0.9804 0.8078 0.0440 0.6297 0.0594
0.3486 0.8317 -0.5870 0.9781 0.9099 0.2873 0.4272 -0.7035
0.6180 0.8636 -0.9395 -0.5278 -0.0371 0.8909 -0.5830 0.5222
-0.8009 -0.4672 -0.3927 -0.2864 0.1122 0.5756 0.1426 0.2846
-0.0604 0.9816 -0.9684 0.4962 -0.2481 -0.3949 -0.0138 -0.9998
-0.5781 -0.6558 0.2851 -0.4367 -0.3298 0.6007 -0.9715 -0.5677
-0.8464 0.6353 -0.0566 -0.4981 -0.8753 -0.0924 -0.2969 -0.8684
0.8650 0.6916 0.0040 0.4632 -0.5627 -0.2371 -0.7789 0.8903
0.9865 0.5624 -0.0390 0.3616 -0.5765 -0.9377 0.8042 0.7812
0.8969 0.6538 -0.6844 0.6081 0.2708 0.5560 -0.6755 0.8180
0.8647 0.4917 0.8290 0.4100 -0.1820 0.3690 -0.3402 0.3064
0.7553 -0.7527 0.8117 0.2673 0.7953 -0.5718 0.5074 -0.5976
0.7992 0.7776 0.0166 0.1833 -0.3930 -0.7885 -0.9686 -0.2157
-0.3827 -0.5815 0.3662 0.3200 0.9461 -0.3216 -0.9063 -0.7838
-0.2017 -0.7829 -0.5430 -0.2351 0.3462 -0.8733 0.1151 0.1222
0.7208 -0.7281 -0.2838 -0.4086 0.7289 0.7052 -0.9049 0.9668
0.4200 -0.2353 0.1342 -0.3237 -0.4760 0.1596 0.0669 0.4781
0.3004 0.5906 -0.6395 -0.2753 0.4061 0.1789 0.9436 0.5069
-0.7334 -0.9691 -0.2909 0.4315 0.2906 0.5896 0.7163 0.3009
-0.9580 0.9711 -0.9122 0.4867 0.9314 0.0713 -0.8725 0.4250
0.6062 0.6703 -0.3862 -0.0767 0.8979 -0.9276 0.3195 -0.3672
0.7463 0.4917 -0.0959 -0.9404 -0.1426 0.0783 -0.4794 0.0089
0.7195 0.6913 0.5030 0.5720 0.4536 -0.3880 -0.2723 -0.1290
-0.8339 -0.3947 0.2136 0.0697 0.1359 0.3020 0.3858 0.6144
-0.4508 0.0097 0.6364 0.9132 0.5516 0.0427 0.1738 -0.2839
-0.6381 0.5763 0.4609 -0.8528 0.2150 -0.4845 0.1965 -0.5907
0.9933 -0.3897 -0.7228 0.5641 0.4400 0.7108 0.6321 -0.2154
0.8816 -0.8796 0.2592 0.8249 -0.8036 0.2955 0.9773 0.9606
-0.6786 -0.2223 -0.5308 0.1329 -0.9185 -0.1101 0.6075 0.2584
0.6589 -0.8020 -0.1676 0.0621 -0.8385 0.2082 -0.9411 -0.3364
0.8141 -0.5799 0.6369 0.5913 0.4764 0.6679 0.1371 -0.0049
-0.7007 0.5228 -0.6829 -0.4463 -0.8169 -0.9769 -0.7846 -0.1313
-0.7092 -0.0862 0.9283 0.9081 -0.6296 -0.9742 0.8540 0.9514