100
B 13584563
f 13584473 13584490
o 13583970 13584497
UatSAyZd 13584226 13584407
usBuZ 13584016 13584531
swwdWtHb 13584444
ZBVRK 13584233
hyedDj 13584734 13584671
N 13584008 13584117 13583788 13584030
nhpT 13584294 13583778 13583913 13584358
ium 13584519 13584183 13584405 13583838
bjYOlE 13584098 13584210 13584641 13584098 13584745
zwbW 13583918 13584331
GT 13583978 13584493 13584613 13584270
qb 13583900 13584194 13584678 13584579
AgluIwroD 13583993 13584256 13584082
DbHKhwh 13584311 13583913
m 13584683
cqxqtR 13584381 13584348
NJYGCmj 13584613 13583814 13584464 13584604
SRBXxNsO 13584457 13584239 13584386 13584724 13583910
LVlssOuPxg 13584074 13584320
qSTgLhSkJ 13584661 13584212 13584577
VJEproA 13584608 13584550 13584531 13584319
ovWi 13584213 13583979 13584720 13584520
SY 13583763
zV 13584236 13583984 13583922
hgHSsuc 13584455 13584566 13584491 13584057 13583872
ICO 13584399
ZRLY 13583753 13584219
RFz 13583782 13583979 13584208 13584270 13584504
EtRKpn 13583791 13584511 13584461
w 13584418 13583954 13583997 13583985
Al 13584067 13584106 13584743 13584438
w 13584614 13584295 13584107
L 13584278 13584732 13583966 13584190 13584086
eHAYkU 13584217
BdzNmxjUg 13583774 13584242 13584732
lImFqjYb 13583956 13584493 13584529
bDf 13584678 13584359 13583792 13584214
bwDLWw 13583942
nGrzYgp 13583835 13583847
QIPF 13583788 13584105 13584684 13584553
te 13584634
jEvgiK 13584428 13584053
LRC 13583846 13584275 13584166
b 13583830 13584192 13584601 13583873 13584522
o 13583832 13583838 13584088
pfX 13584084 13583932 13584524 13584452 13584422
wSh 13584430
yD 13584205 13583774 13584269
nli 13584103 13584145 13584146
phuHd 13583913
UEGOLszTu 13584278 13584289 13584148 13584560
WvFqhrOlBT 13584718 13584653 13584669 13584235 13584672
ViODWbApfg 13583872 13584171 13583899
MnkaSz 13584745 13584220 13584331 13584193 13584169
rNzpYoCtf 13584306
LixOeB 13584693 13584323
sLljNCpCPw 13584197 13584495
bx 13584656 13584448 13584718
VwBjkc 13583748 13584614 13584304 13583942
AMqZad 13583749 13583787 13584442 13584279
IxQL 13583872 13583817 13584363 13584559
xPfgS 13584157 13584159 13584026 13584015
DBs 13584537 13584506 13583846 13584178
KCS 13584293 13584705 13584552 13583980 13584391
tfndsF 13584543 13584546 13584050 13584290 13584093
eQPnZ 13584608 13583757 13584325 13584324
DPyuGrHo 13584365 13584386 13584426 13583998 13583792
YclBlzDsL 13584277 13584576 13584012 13583901 13584612
SlqCF 13583949 13584588 13584299 13584445
gVng 13583858 13584108 13584278 13584043 13584055
DlYdNNYsD 13584052 13583796 13584022 13583780 13584014
sDzVS 13584297 13583935
rDMvj 13584382 13584571
sBQgndrag 13583906 13584172 13583848 13584464 13584610
JkXs 13584710
IN 13583770 13584132 13584472
nfQeJaoLeG 13583999
ckaRCZFc 13584452 13584022 13583808 13583879 13584069
AZgJyC 13584121 13583884 13583861 13584083
FgPjTVS 13583915 13584569 13584390 13583835
WJlGHSrN 13584227 13584405 13584062
bWn 13584169 13584441 13584552 13584120 13584241
v 13584287 13584543 13584474 13583763
tKJmeyttdc 13584206 13584067 13583843 13584150
esgIlkH 13584491
vQurgSaSg 13584681 13584479 13584107
yQ 13583786 13584607 13584582 13583907 13584306
VsCY 13584735
nEKf 13584603 13584160 13584573
ewqnfI 13584038 13584266 13584111
bYb 13583774 13584351 13583970 13584520 13584262
oZlg 13584009 13584465 13584621
mERFZ 13583965 13583930 13583818
zET 13584209
BRcqDeBeF 13584526 13584158 13583809 13584441 13583960
Tx 13584550
OPTs 13584597 13584088