20
0.13 964
0.16 1128
0.08 496
0.26 1775
0.66 984
0.16 1974
0.99 630
0.54 150
0.58 30
0.79 1435
0.04 502
0.92 1314
0.61 1121
0.74 581
0.14 1783
0.37 431
0.23 74
0.72 733
0.29 689
0.96 398
1.00 0.54 0.33 0.15 0.62 0.42 0.98 0.65 0.89 0.95 0.23 0.11 0.37 0.73 0.21 0.92 0.19 0.70 0.76 0.73
0.54 1.00 0.01 0.53 0.57 0.04 0.82 0.03 0.10 0.85 0.18 0.78 0.60 0.49 0.78 0.36 0.10 0.55 0.79 0.36
0.33 0.01 1.00 0.72 0.47 0.33 0.07 0.67 0.24 0.69 0.64 0.03 0.07 0.66 0.26 0.42 0.59 0.01 0.77 0.19
0.15 0.53 0.72 1.00 0.00 0.83 0.91 0.60 0.84 0.24 0.86 0.20 0.44 0.26 0.54 0.37 0.50 0.26 0.98 0.67
0.62 0.57 0.47 0.00 1.00 0.34 0.55 0.38 0.37 0.10 0.14 0.95 0.73 1.00 0.09 0.41 0.00 0.91 0.41 0.37
0.42 0.04 0.33 0.83 0.34 1.00 0.12 0.19 0.79 0.41 0.80 0.18 0.55 0.84 1.00 0.11 0.81 0.19 0.58 0.74
0.98 0.82 0.07 0.91 0.55 0.12 1.00 0.18 0.97 0.15 0.43 0.08 0.36 0.81 0.57 0.34 0.10 0.26 0.52 0.36
0.65 0.03 0.67 0.60 0.38 0.19 0.18 1.00 0.78 0.10 0.07 0.23 0.00 0.02 0.72 0.22 0.40 0.76 0.27 0.53
0.89 0.10 0.24 0.84 0.37 0.79 0.97 0.78 1.00 0.34 0.79 0.17 0.80 0.95 0.22 0.86 0.65 0.23 0.30 0.63
0.95 0.85 0.69 0.24 0.10 0.41 0.15 0.10 0.34 1.00 0.29 0.14 0.07 0.43 0.86 0.09 0.60 0.65 0.92 0.28
0.23 0.18 0.64 0.86 0.14 0.80 0.43 0.07 0.79 0.29 1.00 0.59 0.69 0.24 0.34 0.25 0.28 0.59 0.42 0.81
0.11 0.78 0.03 0.20 0.95 0.18 0.08 0.23 0.17 0.14 0.59 1.00 0.00 0.92 0.10 0.92 0.14 0.96 0.81 0.13
0.37 0.60 0.07 0.44 0.73 0.55 0.36 0.00 0.80 0.07 0.69 0.00 1.00 0.77 0.59 0.53 0.56 0.57 0.93 0.55
0.73 0.49 0.66 0.26 1.00 0.84 0.81 0.02 0.95 0.43 0.24 0.92 0.77 1.00 0.26 0.96 0.99 0.24 0.08 0.59
0.21 0.78 0.26 0.54 0.09 1.00 0.57 0.72 0.22 0.86 0.34 0.10 0.59 0.26 1.00 0.50 0.02 0.52 0.40 0.37
0.92 0.36 0.42 0.37 0.41 0.11 0.34 0.22 0.86 0.09 0.25 0.92 0.53 0.96 0.50 1.00 0.79 0.86 0.90 0.64
0.19 0.10 0.59 0.50 0.00 0.81 0.10 0.40 0.65 0.60 0.28 0.14 0.56 0.99 0.02 0.79 1.00 0.90 1.00 0.77
0.70 0.55 0.01 0.26 0.91 0.19 0.26 0.76 0.23 0.65 0.59 0.96 0.57 0.24 0.52 0.86 0.90 1.00 0.15 0.49
0.76 0.79 0.77 0.98 0.41 0.58 0.52 0.27 0.30 0.92 0.42 0.81 0.93 0.08 0.40 0.90 1.00 0.15 1.00 0.16
0.73 0.36 0.19 0.67 0.37 0.74 0.36 0.53 0.63 0.28 0.81 0.13 0.55 0.59 0.37 0.64 0.77 0.49 0.16 1.00
0.62 10