1000 10000
1656 499435
6988 581725
9433 269280
8238 3729
7727 425186
4998 255627
942 375427
2981 78208
5301 493679
5736 952716
5555 220567
7720 301002
181 865075
8111 392708
7989 521297
4342 591085
8313 705611
474 169038
9835 583979
7471 854728
6708 312146
9417 617088
934 458647
2904 227371
5287 816315
1666 309700
9732 496144
353 380815
4631 800398
2746 297839
3829 482171
2969 467858
4886 513585
5019 517406
7558 993902
7492 461525
3188 951118
253 297749
5424 140970
8690 207541
1548 788475
9842 110876
9590 632678
4483 151911
3520 581952
9399 499427
8322 171722
3533 774089
6750 965864
2712 469848
8038 65509
7462 66298
741 637161
5478 766958
1576 640945
8223 286599
3402 836613
6682 294729
4551 843184
108 12930
3398 257880
9980 637072
3541 41741
8312 365906
5353 869872
1412 319387
5337 54677
7632 938633
8066 495084
1251 760188
9753 989091
5950 4248
5608 618739
7781 292497
3684 934253
4956 42800
7690 440423
6454 541879
2181 545123
5078 365837
8462 690239
5539 273821
239 478697
6530 701448
6844 772413
5765 509676
5378 635886
4022 742233
6586 936567
2063 183779
4994 219213
6835 652519
1532 898218
6975 168953
4966 31732
5854 96412
8902 335662
7313 343575
8331 410525
4215 86358
6197 62972
3668 724383
4810 231313
4057 880811
5089 809015
8746 962564
8208 628634
2918 731229
368 620762
1380 731202
1469 458625
9210 568561
5416 711723
1303 229840
8936 399463
4561 701843
7889 769984
2411 931322
6758 182145
515 672387
9586 362865
5971 262001
1930 505878
9116 534627
4833 903442
6778 425359
5390 932631
3764 528086
8453 632985
2765 328362
9813 817397
6531 64194
3477 549619
4822 252467
3705 462020
3055 324061
8748 197185
9557 127476
8502 374349
1248 736412
2606 185250
4210 68123
47 355942
4739 517355
9685 571456
4066 692920
4837 822506
116 980168
8821 624760
8853 355513
8141 877949
3216 572602
4914 985632
7025 95163
3393 988537
4284 896826
6447 526271
2007 5958
4101 46619
9153 905387
3512 589814
6354 734633
7336 65797
8649 12982
2929 685311
9347 408404
875 217828
9124 15637
3312 572670
506 513338
2300 307009
8571 323600
277 458735
7329 920013
2635 25071
9008 124325
8681 314045
6169 597066
1020 784060
4255 465373
7425 911566
4030 472153
1445 934911
130 167060
570 723037
9448 935636
4013 94222
9920 735829
5134 485851
944 856237
2069 470586
4393 321552
139 172552
4460 165216
4541 114789
7516 704106
3158 639750
5339 930438
9579 81073
8763 487922
7333 677371
3875 258686
9759 427381
9059 194540
7674 333701
2520 38692
935 257364
434 885677
5232 679157
7068 82447
7751 567895
1526 228735
9611 653931
9809 404390
2453 503823
5376 872853
3208 993259
7218 934830
2604 488979
595 502116
2150 473295
425 534682
7156 356326
974 430843
5592 197386
2559 341344
6533 858740
8649 431940
4677 78497
2354 445190
2074 513047
8647 620938
3752 950101
8481 794919
9583 531842
1063 31203
9003 594793
1239 516543
4767 492952
3412 510310
8493 868680
7254 566741
7893 535113
1970 818679
2668 967311
3004 700241
6227 933876
3763 577097
1227 656308
4421 538944
880 748152
8989 297581
5319 552673
718 5878
1139 418511
6648 973587
411 424937
5763 586670
3165 288849
2078 749158
3977 895228
3112 330093
359 463272
1809 960888
8349 442396
8237 540056
442 98061
2815 815433
500 8571
4912 76068
8648 635118
5606 610054
4664 344682
7826 90102
2571 888573
3281 317970
8386 480589
7512 896898
8634 737015
5368 207284
4069 294012
312 81838
704 183178
7410 729000
6116 627382
7239 930043
8887 696352
444 349960
5139 397246
2056 328353
4902 889674
3152 654727
7515 398723
9004 705458
7924 858930
9272 523988
8496 970145
7238 473155
3095 434656
1686 360710
3779 433260
5411 80707
3425 529752
9325 807164
5678 572623
9033 784796
6976 745925
2149 41715
3323 847658
9908 950585
3886 610990
8704 984250
3488 901362
2493 645531
5638 633227
1807 836419
4928 205464
617 268012
8430 689807
1516 631828
9376 738258
5535 750927
1757 933310
8134 900601
2443 92386
127 558707
5854 535261
3264 870871
829 538664
7174 933696
576 992181
962 15215
9708 53190
985 537634
4692 115412
3450 978250
7853 12629
7912 910201
6978 10655
1408 414101
7368 628920
4023 232406
7063 232373
6199 733814
1377 713485
800 766125
8576 156757
7222 541350
9790 996955
5068 760900
7040 459409
2866 115610
5294 950865
9408 575447
4606 81458
4484 433135
7562 327656
8597 157131
5708 644618
2799 602464
5058 209657
8893 717171
451 378419
3418 55432
4312 156440
2362 126649
8164 432580
9423 850123
6413 829884
5182 23421
387 356574
8982 428069
5417 838223
2464 393898
6802 986755
7029 333230
4082 280830
2438 39633
8838 809150
8353 332618
4646 631414
6426 240567
8203 646576
2681 27773
7909 927877
1557 537342
205 100112
9578 77646
2151 420759
919 924544
74 906295
3247 703946
354 855537
5906 309431
200 357193
9609 747526
5928 233841
5436 174870
458 284862
2405 266029
542 896437
9572 18336
8562 314727
524 872223
9214 360353
6459 320560
7403 815551
8941 184790
1275 295629
5451 78082
2514 701200
4827 314863
9221 674005
2649 549406
1206 20278
1915 758032
4151 638425
5958 227706
6526 456530
5961 232010
7246 349277
5016 987115
2679 534664
4641 795902
6601 568144
1421 295659
8498 124505
530 829826
7402 928081
7380 56742
3645 348770
4635 376187
6226 716562
9732 4285
7499 204016
4580 76433
9274 541440
6941 839425
2743 118769
6681 716896
9097 232018
222 825706
9587 990231
6941 74757
3146 700829
9343 687162
1893 572451
4914 936616
2034 538352
9635 478722
4767 510029
4703 243116
5558 680983
8867 435952
1443 286664
503 9413
3884 420272
9002 324513
5108 932525
7776 153113
1498 211090
1959 132533
8451 630406
269 519871
2287 902623
7330 936857
1954 721836
896 16328
7705 861248
7452 268061
7796 969379
4806 218752
7702 771521
4902 340407
8429 814066
7455 939683
8712 784483
2092 80927
9520 74079
9155 403723
1081 8246
1051 669549
5049 598866
8920 897953
3383 208807
9762 849957
1081 536739
9394 544090
1329 456531
4155 545224
4861 817052
6088 188860
9014 129080
7943 437068
2475 818034
1516 833869
2165 19850
1631 950689
3276 17063
2670 336936
8573 458574
9709 785177
8323 187351
5957 615588
8118 85045
2539 958796
8423 69501
7909 749038
6093 668643
9729 522756
9729 612260
4483 246306
7032 906031
6631 243480
8387 861201
8674 374523
4747 766515
7761 741189
6662 668739
1944 463976
5557 453523
5818 252003
7229 798276
9589 17225
4062 728280
1889 275114
2101 995158
1186 867118
7134 310279
9384 813681
9449 980976
7248 311162
1436 522471
5301 174139
5497 208099
5856 277068
3186 616031
634 995494
6734 299908
5112 490824
9174 578813
6264 552733
8559 297745
2469 439883
8109 962541
4096 166445
4596 907327
2999 552431
2162 254401
5668 68923
1654 356820
7738 52588
3083 211867
570 183541
379 227857
4995 702577
8929 203361
8081 242662
9171 402742
1303 291130
9655 522888
9806 487645
1979 958599
8849 788098
5098 586044
33 452479
9740 138216
6856 139511
2727 978643
3913 864309
6362 354665
706 274657
1847 488389
4673 278678
1072 290138
3289 124485
4618 102916
3490 972672
7504 279781
2831 267394
6143 39629
6081 180933
331 36486
6387 632485
2142 60158
7971 199996
3800 84817
9348 406763
2733 507699
7934 61020
102 327706
356 955006
7151 757592
5344 351418
2027 737013
3743 604316
6581 949602
7730 689283
2417 561513
839 594585
4995 23167
9567 802862
6319 527207
1946 673329
1649 667517
8249 669963
3321 311848
4933 261453
8403 574445
5202 284107
4441 742692
8220 254703
2508 930311
2856 249932
9110 967983
5224 281540
2262 598411
8439 690257
7392 107870
1900 407609
7641 754682
9670 606090
4993 510215
398 89171
2395 130183
3951 775846
6424 621462
8350 210076
3322 830493
2289 36486
3361 882305
7466 675390
5071 844350
1309 899127
8457 771669
4052 695147
3047 514316
1478 543144
627 348911
7640 80211
2497 567498
6098 148117
4150 50243
1166 28353
7162 466875
2610 840628
7958 944573
5478 370584
6826 960554
65 442182
7783 973585
969 78909
5724 21302
8652 435204
1471 435628
9170 286044
3973 228308
7083 533248
8755 7840
4677 341216
3862 663265
2580 669447
7317 823497
1175 693399
5768 587062
5148 652631
6319 962903
3331 811285
4131 125550
8731 718091
9338 491147
7388 798120
7999 901261
1507 835975
4366 223605
8450 930842
8166 167432
2246 993199
2617 30122
6502 977287
8441 268640
6134 671220
355 930193
2331 440012
8963 277009
8862 235418
9190 386319
9497 847903
2614 410207
8312 874182
3611 830471
3975 642476
1060 665694
7270 919961
539 60968
5159 426225
7567 923297
9725 752013
54 669550
321 991073
3896 39310
8575 770433
7734 51121
5287 759898
9206 140709
1420 728858
9402 462219
5689 559862
5173 20724
4247 509245
2017 267468
7149 63807
213 879294
60 365755
9725 64798
8493 165122
8301 23230
4000 573084
3474 224427
3889 474135
6815 159430
289 285944
2771 711252
9638 243060
1967 938229
8202 857469
8427 42871
4819 429182
158 713449
5019 284479
3709 63727
5515 396476
4076 933305
5450 995364
1091 151650
6745 932555
6863 310783
4067 432677
7411 585744
6742 4642
3476 737097
911 812585
7226 583604
7737 850825
4371 497719
3394 623046
1942 517485
5585 466086
7933 598318
2770 436141
5167 778108
9028 453710
2381 954953
1849 147508
2743 637311
3295 120950
8170 168792
2604 34477
2833 537337
9490 894661
4403 167881
1332 967273
4092 657343
5762 824690
8359 680169
693 216005
9771 640575
2229 207732
5267 847481
4574 348504
8946 243015
4989 427920
9258 776621
5903 11886
3993 176390
9177 478945
9197 59624
5385 169926
4535 683770
3526 395720
6162 176002
6937 553392
4237 79086
6151 299029
5933 677816
5853 112488
4112 978667
461 484642
9954 753451
2132 822026
4795 593732
9725 676792
576 766040
2268 756703
4003 252963
7430 89559
7868 891070
7405 101047
3235 905438
3341 547868
7240 83020
323 838662
2007 946403
3407 894610
4032 80442
6089 314261
7117 923516
4607 804193
7339 341703
9850 152695
2273 489050
6153 810843
5180 471558
5556 208348
3422 44087
1032 247373
4023 772825
9512 295243
8645 71153
5106 647397
8969 61975
9450 931107
4074 570203
5516 223661
1433 615618
9743 999111
9382 53056
1137 494297
4922 767037
2639 453475
6848 461262
6430 81901
8377 977704
7397 787639
1976 956907
267 999675
5206 701073
4542 733422
5043 932758
9067 544361
4912 571089
1277 704292
732 856164
1720 691390
7719 565849
5803 334719
532 638199
2985 898219
4369 256858
5687 291755
2865 208572
2927 967222
9051 495148
2218 265107
4198 128082
3215 354717
2187 648541
8027 592547
3387 225057
8508 422682
5284 118089
834 332123
9330 620098
2846 24854
5053 319224
7466 612977
896 501984
3950 872431
3301 450504
7166 543062
7284 908752
6699 936091
7257 596666
7577 862657
7290 18262
4567 109327
2764 728232
9378 624415
9070 612206
3005 164162
9721 494402
4837 938548
1747 102752
8537 361219
6677 496510
7516 838318
199 358396
7944 911928
5692 781665
3075 606411
480 374928
5097 424379
4634 487795
4856 516738
72 611971
9734 889561
1855 302740
4289 351796
4216 766562
6644 668064
4811 516346
2119 408412
2714 606441
1406 897083
3226 629341
7101 531800
1900 566242
7182 341004
9453 121383
1397 111389
4514 282575
9194 437194
1177 575555
9881 439137
8420 919640
9059 783064
3542 837487
7718 29742
5184 895067
9856 906398
2478 894469
6536 563930
553 95651
5228 313721
8123 515669
9583 887632
2413 263751
337 45954
9401 851495
9883 599164
8545 358759
3955 179254
3491 584517
3870 273802
5808 529961
6864 982820
5448 651764
2376 600411
3870 677225
8899 784468
412 453744
4191 777298
4663 832831
5468 840475
6006 584552
3274 725149
3887 823036
4405 130795
2567 79804
4221 428838
6522 337732
7520 474086
8371 648278
2752 451766
4064 562329
2169 761727
947 62264
5654 53318
3880 663918
6832 243569
1690 259557
2928 263319
4337 742113
3268 560699
3701 218471
2498 160916
2036 21418
2477 514240
7716 439564
5225 603961
5069 431289
9902 521421
5348 539798
5442 407689
6438 231876
1119 984050
9460 670517
8813 70081
7554 570438
7558 74947
3744 150957
4366 124007
4241 202615
4366 656922
7096 528470
8789 278431
727 728652
400 946768
5739 483182
9079 769125
3107 785115
2451 770751
7831 506074
359 926251
6797 853668
3742 498186
2275 627671
3733 818970
6458 423279
4285 153914