61 2492
9214 277
3049 20
8991 420
3682 75
1101 414
6014 797
2719 25
3212 876
1203 291
325 998
8785 849
2733 507
1022 27
680 894
9266 755
2799 783
2444 903
5331 385
3316 285
5666 892
9601 735
9047 207
9597 499
6454 646
1429 556
344 635
9589 298
740 33
4484 193
495 886
6524 54
5606 271
6460 742
2169 218
6881 133
330 761
4435 751
7254 937
6444 332
723 744
1038 696
3691 503
1061 201
3543 45
8123 158
4256 327
4283 72
1794 336
2200 700
3283 676
8463 786
1794 82
7993 253
243 877
3974 127
4970 199
9303 381
5285 422
2970 341
351 604
6283 672
