10 10 10
1.31 -1.77 1.2 1.2 -0.08 2.43 -2.48 -0.85 -0.9 -1.81
-0.21 1.05 0.35 -1.72 0.37 -1.18 -1.82 0.24 -0.61 -0.16
-2.22 0.77 1.04 -2.5 0.1 -1.49 1.04 1.03 -2.16 -1
-1.18 0.77 -0.83 1.84 1.67 -2.29 -0.7 1.38 -0.22 -1.34
1.21 0.24 -1.92 -0.78 1.48 -0.61 1.74 -0.62 -0.54 0.02
-1.85 -1.64 -0.36 2.13 0.72 -0.18 0.8 -2.23 0.63 -0.74
-1.76 -0.3 0.12 -1.46 2.3 -1.15 -1.99 1 0.35 2.36
1.41 1.55 -0.98 -2.44 1.36 1.48 2.37 -1.25 -1.47 0.3
2.02 -1.1 -0.44 -0.16 0.32 -0.78 2.34 -2.44 2.37 2.08
-0.39 -1.03 -0.98 1.34 -2.13 1.44 0.84 -0.39 0.66 -2.49
1.21 0.5 2.35 -2.05 0.06 0.44 -2.41 1.61 2.25 -2.23
2.13 -1.43 0.6 1.18 1.34 -0.16 -0.77 -0.83 -0.56 1.88
-0.26 1.85 -2.32 -1.32 -0.9 0.15 -0.69 1.88 2.22 2.42
-0.12 -1.64 0.32 -1.89 -0.91 -1.09 -1.39 -2.05 2.32 2.22
-1.9 -0.99 1.08 0.76 -0.87 1.27 1.65 -0.45 -1.62 1.74
-1.02 0.58 2.49 1.01 1.69 0.23 0.93 0.31 0.97 1.76
-0.43 -0.78 2.2 -2.36 0.45 -2.24 -0.99 -1.8 2.45 0.47
-0.09 -0.28 1.05 -1.99 -0.3 -2.29 -1.78 0.7 -1.78 2.05
1.04 -1.5 -1.3 0.49 2.43 0.88 -0.31 -0.89 1.9 2.07
2.26 0.04 -1.57 -1.74 2.07 -1.7 -1.14 2.34 -0.47 2.25
1.21 0.11 -1.82 0.62 -1.6 0.56 -1.62 -1.64 2.35 1.35
-0.61 1.56 -0.62 -0.23 0.74 -1.15 2.3 0.78 -2.37 -2.35
6.99 -4.45 -1.2 0.56 -7.2 2.74 -2.32 -3.34 6.94 -7.12
3.42 -3.33 -1.12 -7.29 -5.16 3.18 -3.82 -0.1 2.52 5.02
0.05