100 911
1 40 177 0
2 23 135 1 1
3 57 93 0
4 41 106 1 3
5 67 625 1 4
6 10 560 1 5
7 30 118 1 4
8 20 635 1 6
9 7 171 1 4
10 6 73 1 6
11 23 307 1 8
12 23 713 1 11
13 78 97 1 1
14 66 608 1 1
15 65 860 1 14
16 44 517 0
17 94 733 1 13
18 70 673 1 10
19 70 662 1 7
20 68 232 1 4
21 13 436 1 15
22 33 598 1 5
23 21 380 1 2
24 73 225 1 16
25 3 729 1 8
26 15 748 1 1
27 50 224 1 22
28 82 112 1 11
29 34 688 1 8
30 91 812 1 8
31 68 99 1 2
32 4 905 1 11
33 53 52 1 16
34 19 310 1 18
35 31 281 1 29
36 5 972 1 11
37 8 703 0
38 19 779 1 8
39 6 680 1 24
40 27 218 1 21
41 87 119 1 37
42 57 29 1 18
43 57 305 1 19
44 49 721 1 34
45 12 908 1 41
46 69 738 1 2
47 58 821 1 24
48 65 254 1 34
49 41 365 1 3
50 16 697 1 42
51 75 876 1 30
52 38 202 1 33
53 42 283 0
54 67 63 1 46
55 53 334 1 7
56 31 484 1 28
57 15 714 1 27
58 16 969 1 31
59 3 875 1 7
60 62 508 1 29
61 12 838 1 6
62 5 462 1 24
63 46 197 1 16
64 42 477 1 40
65 20 211 1 43
66 89 151 1 42
67 47 117 1 9
68 69 26 1 57
69 42 294 0
70 58 490 0
71 89 601 0
72 14 823 1 19
73 71 156 1 39
74 90 30 1 55
75 10 321 0
76 38 811 1 21
77 14 412 1 29
78 98 308 1 54
79 30 897 1 25
80 97 21 1 32
81 37 153 1 33
82 64 559 1 34
83 20 22 1 4
84 36 881 1 14
85 5 832 1 64
86 42 720 1 57
87 29 240 1 81
88 23 929 1 74
89 65 449 1 71
90 42 48 1 22
91 93 580 0
92 68 597 1 1
93 49 91 1 63
94 23 567 1 41
95 61 343 1 74
96 49 8 1 31
97 18 689 1 42
98 33 661 1 17
99 76 313 1 29
100 53 263 1 75