919 9 678
24 473 459 102 778 518 234 272 28
334 344
286 648
103 671
125 304
478 756
13 512
94 632
25 703
238 788
325 754
480 635
241 883
152 848
225 858
615 771
198 528
670 693
675 816
301 386
73 345
6 118
99 730
266 741
353 375
19 240
234 402
307 683
389 775
273 408
232 634
240 790
254 597
546 878
380 737
394 498
737 864
90 159
537 875
387 391
617 876
194 249
410 831
855 898
489 725
185 818
707 726
345 552
669 826
242 387
391 736
727 855
324 511
218 438
572 711
53 774
138 274
105 597
139 850
576 634
78 164
27 663
81 393
207 419
233 775
861 903
308 431
163 677
165 707
504 588
390 512
283 433
293 298
18 609
514 563
525 728
52 226
32 706
530 676
140 525
386 904
241 373
162 537
518 590
211 631
261 550
189 406
203 612
107 139
43 365
109 729
38 464
167 337
501 738
294 628
30 56
53 315
619 777
382 619
252 410
473 906
107 772
418 768
488 591
634 804
532 633
246 425
445 790
114 780
161 715
117 129
51 351
350 357
94 811
306 774
91 698
206 637
590 710
41 661
17 96
538 719
11 470
636 805
101 800
141 592
531 891
275 555
268 805
230 664
17 538
455 751
442 669
894 901
111 264
164 263
248 364
166 268
754 909
130 418
312 562
864 908
152 436
482 879
117 752
833 847
111 632
171 175
379 599
458 838
128 386
26 236
5 184
585 596
28 338
56 634
51 360
286 297
34 766
73 462
13 561
43 151
200 268
199 510
249 767
4 113
304 487
207 286
422 725
565 639
616 709
169 234
379 716
155 679
101 540
321 455
44 796
575 829
525 566
19 728
603 783
191 723
406 676
124 370
129 647
412 805
318 780
349 881
164 891
401 508
248 902
231 830
394 637
126 902
583 629
94 498
258 644
342 501
610 837
725 773
287 628
15 629
521 571
388 692
249 398
7 581
425 644
610 900
474 898
1 349
93 275
285 489
82 360
33 422
253 812
120 306
491 819
193 372
81 475
622 654
206 258
359 725
502 670
233 811
233 789
425 786
299 549
552 589
113 701
31 404
406 450
66 614
614 722
514 669
370 786
417 726
518 650
99 802
417 846
6 882
34 126
283 627
263 662
189 432
319 914
121 161
61 126
391 700
309 415
394 424
23 706
194 753
263 412
23 258
53 137
432 827
173 332
430 628
350 650
153 716
705 905
103 132
100 621
129 626
506 646
777 867
718 741
224 543
87 397
21 118
267 502
102 147
444 735
237 612
384 450
20 514
591 675
86 335
401 643
219 567
166 369
452 864
350 476
100 552
739 907
424 425
461 471
33 475
770 865
166 579
128 241
315 678
568 711
212 710
34 886
123 760
414 871
361 570
313 450
280 477
338 590
273 806
211 422
215 680
49 465
31 814
71 795
148 314
400 524
72 295
297 399
44 184
199 716
324 357
771 909
877 914
574 656
437 645
701 885
141 640
257 908
268 394
342 758
219 430
696 892
443 594
322 827
166 768
7 312
3 135
140 498
227 760
148 466
98 445
535 620
301 450
422 580
115 603
805 861
252 351
696 710
536 576
30 151
488 604
130 881
13 469
191 298
186 820
627 786
125 790
636 842
94 760
477 653
471 528
642 870
67 494
193 296
261 871
277 769
13 890
231 717
127 666
654 887
543 812
93 127
82 644
40 558
11 175
347 560
37 717
58 787
316 857
271 348
342 677
407 892
344 441
221 601
370 578
245 468
65 553
243 639
618 852
675 748
232 421
145 348
114 910
503 839
118 918
51 432
416 720
392 759
461 813
255 804
277 705
382 882
609 874
214 884
546 660
28 558
526 527
166 700
36 889
478 760
735 904
3 604
507 784
632 851
337 414
123 124
183 770
465 818
116 357
328 739
163 659
331 759
402 737
30 629
194 894
598 728
675 908
305 335
85 298
248 819
269 634
82 437
274 544
198 824
352 722
505 826
251 340
354 536
284 450
109 403
381 470
480 872
72 683
233 768
128 805
31 544
763 799
10 438
338 534
561 888
811 888
101 202
729 900
333 521
48 746
210 843
197 706
318 644
34 494
273 658
86 144
714 732
419 503
215 375
328 755
196 914
288 580
3 584
134 668
216 862
94 730
533 581
18 23
481 541
359 817
505 917
507 655
473 879
233 361
154 269
40 727
667 804
306 695
403 771
394 829
140 664
2 124
81 506
433 548
142 341
221 251
288 572
622 911
336 764
181 619
284 309
2 571
111 342
77 384
694 753
559 770
595 679
81 372
213 347
479 873
438 543
206 586
330 512
549 572
199 657
369 816
53 70
201 577
408 486
24 316
42 849
611 632
555 693
475 778
188 234
659 792
98 330
402 519
375 719
662 679
503 612
328 656
368 714
626 881
405 450
86 260
507 669
717 769
71 847
184 628
124 677
444 721
452 806
186 839
7 465
93 318
230 854
490 913
222 916
191 334
323 591
369 811
12 313
8 785
161 736
386 675
224 737
181 498
452 507
114 244
457 728
659 914
27 512
85 861
87 753
621 885
617 770
683 801
183 737
199 312
537 791
86 122
465 828
714 777
712 804
326 443
321 551
273 741
355 755
708 870
802 820
107 348
16 620
444 648
345 355
39 747
144 187
142 872
199 744
494 846
176 906
127 800
571 878
51 143
325 833
131 894
83 444
672 753
109 357
686 846
719 844
364 750
213 573
393 915
76 530
196 746
133 787
6 615
34 275
787 825
43 513
284 604
80 151
612 877
22 89
403 705
287 525
459 769
81 413
625 761
366 754
138 730
352 897
248 884
277 679
439 785
214 612
165 753
228 269
347 796
433 662
525 724
25 526
237 657
12 670
839 842
184 525
279 808
517 608
235 262
706 875
61 253
15 257
70 507
304 896
352 598
415 691
60 222
331 684
68 508
196 780
711 815
572 677
602 762
547 881
12 414
288 825
128 129
339 658
262 700
84 637
636 888
349 388
264 358
497 829
174 525
589 774
445 798
534 823
171 894
142 354
322 890
537 574
498 534
325 396
38 462
261 915
154 906
339 561
109 617
151 511
42 798
794 828
546 696
286 354
631 875
597 832
182 719
437 872
47 221
10 522
433 610
