3 1 8
8 0 3
0 -0.406 -0.812 -1.218 -1.624 -2.03 -2.436 -2.842
0.518 0.112 -0.294 -0.7 -1.106 -1.512 -1.918 -2.324
1.036 0.63 0.224 -0.182 -0.588 -0.994 -1.4 -1.806
1.554 1.148 0.742 0.336 -0.07 -0.476 -0.882 -1.288
2.072 1.666 1.26 0.854 0.448 0.042 -0.364 -0.77
2.59 2.184 1.778 1.372 0.966 0.56 0.154 -0.252
3.108 2.702 2.296 1.89 1.484 1.078 0.672 0.266
3.626 3.22 2.814 2.408 2.002 1.596 1.19 0.784
-0.602 -1.008 -1.414 -1.82 -2.226 -2.632 -3.038 -3.444
-0.084 -0.49 -0.896 -1.302 -1.708 -2.114 -2.52 -2.926
0.434 0.028 -0.378 -0.784 -1.19 -1.596 -2.002 -2.408
0.952 0.546 0.14 -0.266 -0.672 -1.078 -1.484 -1.89
1.47 1.064 0.658 0.252 -0.154 -0.56 -0.966 -1.372
1.988 1.582 1.176 0.77 0.364 -0.042 -0.448 -0.854
2.506 2.1 1.694 1.288 0.882 0.476 0.07 -0.336
3.024 2.618 2.212 1.806 1.4 0.994 0.588 0.182
-1.204 -1.61 -2.016 -2.422 -2.828 -3.234 -3.64 -4.046
-0.686 -1.092 -1.498 -1.904 -2.31 -2.716 -3.122 -3.528
-0.168 -0.574 -0.98 -1.386 -1.792 -2.198 -2.604 -3.01
0.35 -0.056 -0.462 -0.868 -1.274 -1.68 -2.086 -2.492
0.868 0.462 0.056 -0.35 -0.756 -1.162 -1.568 -1.974
1.386 0.98 0.574 0.168 -0.238 -0.644 -1.05 -1.456
1.904 1.498 1.092 0.686 0.28 -0.126 -0.532 -0.938
2.422 2.016 1.61 1.204 0.798 0.392 -0.014 -0.42