100
1386
682 696 696 493 353 335 538 124 327 198 527 952 308 122 372 659 755 676 612 524 603 294 522 984 672 23 204 121 562 422 375 912 109 442 83 623 217 402 689 323 640 821 683 456 392 532 398 170 154 55 785 836 83 998 368 439 199 879 426 595 515 878 985 217 952 752 618 385 476 599 64 135 703 939 747 267 320 416 556 415 931 392 892 420 424 597 759 179 718 841 287 718 577 710 534 280 770 684 593 265
436 647 718 167 715 837 963 426 854 439 497 23 902 633 631 563 661 368 293 292 966 334 385 684 474 632 722 114 853 192 433 50 596 209 98 216 746 513 130 43 958 169 388 66 549 562 988 646 501 42 130 363 909 250 925 633 925 596 114 291 732 808 370 37 945 441 376 748 876 203 767 659 687 523 197 200 297 851 906 527 638 58 762 424 692 938 404 424 20 236 403 735 42 429 880 321 747 292 213 759
817 673 582 486 273 797 244 128 788 937 455 331 834 56 238 669 582 411 757 583 90 18 348 669 957 436 137 143 759 934 715 239 772 798 482 867 757 846 55 814 845 189 85 828 569 554 300 968 633 156 301 91 634 627 231 68 340 331 681 82 188 237 175 800 413 450 643 835 515 506 446 931 602 9 635 85 488 431 971 727 268 204 855 304 961 917 931 407 713 572 954 952 239 162 92 996 26 568 83 204
558 14 357 101 423 409 726 403 295 175 612 141 932 494 740 182 417 714 86 741 545 84 876 828 342 429 976 267 692 138 668 592 225 701 936 97 209 362 795 352 504 279 478 866 442 362 826 747 377 931 272 180 168 521 613 337 271 432 491 956 662 551 310 483 512 300 982 546 564 424 733 474 645 38 665 777 477 17 968 269 997 644 765 847 344 994 988 318 972 576 857 145 130 784 12 333 687 239 477 480
969 805 967 33 525 753 363 219 535 499 882 684 476 653 409 242 498 416 437 22 346 620 785 793 392 5 582 496 817 398 326 566 264 777 180 438 302 982 35 855 955 558 162 111 943 122 838 582 931 650 933 688 200 155 203 982 214 968 80 912 159 300 853 577 268 832 855 447 637 572 683 527 503 314 557 583 665 448 851 422 557 648 480 423 967 485 719 651 223 628 137 446 380 388 990 233 921 523 374 356
517 91 897 160 502 715 257 721 698 74 76 330 421 163 492 463 706 760 232 595 461 280 957 810 917 892 278 270 347 755 101 915 323 542 442 83 878 134 326 541 886 505 996 496 624 990 531 747 845 894 180 682 344 774 517 745 534 768 227 213 800 538 94 523 728 929 294 691 954 143 343 563 134 93 743 184 397 621 86 847 620 709 837 553 428 288 148 395 470 213 904 101 727 128 145 614 16 347 162 579
730 45 962 945 924 517 874 591 927 870 241 347 742 760 918 684 221 780 589 875 493 289 76 941 372 684 110 487 915 74 762 68 752 917 895 710 723 362 303 467 882 189 347 596 149 683 693 601 804 880 633 323 799 583 657 859 826 320 295 779 689 786 153 649 845 147 455 48 996 5 725 65 868 497 685 91 543 722 480 333 888 559 769 639 497 692 998 66 273 245 753 749 328 66 478 970 73 827 715 244
849 922 961 550 253 956 922 795 42 608 702 213 397 579 996 400 418 477 438 450 625 178 164 540 127 66 608 508 221 237 157 228 746 202 826 961 171 812 930 530 648 166 494 158 376 331 384 571 549 363 130 962 934 760 637 857 102 893 272 397 127 251 192 817 110 185 213 754 192 334 444 389 886 453 195 952 868 291 130 199 221 510 45 526 221 852 226 17 860 333 123 694 434 65 701 284 801 353 242 116
715 939 234 850 64 618 378 713 844 84 462 47 796 972 94 585 550 851 99 721 936 194 31 497 471 804 181 124 2 348 436 399 485 547 986 580 562 571 957 272 315 633 101 544 59 593 943 698 980 49 406 845 36 262 518 364 86 711 725 125 960 301 602 450 465 322 497 75 921 156 427 235 559 213 596 128 750 758 618 116 353 970 498 774 943 802 695 837 168 717 443 635 142 266 71 986 464 255 66 970
944 470 168 700 977 419 932 963 300 731 147 952 982 982 234 150 992 68 909 607 762 58 867 105 245 447 195 344 417 169 468 641 510 444 300 896 578 159 857 578 715 468 42 20 862 394 109 83 943 613 657 313 900 56 117 618 227 333 815 555 153 782 275 737 348 830 726 771 526 708 722 901 514 393 376 519 686 859 901 509 919 251 656 28 350 414 816 316 580 444 894 166 615 556 943 742 939 686 554 82
156 335 806 766 142 123 472 238 629 876 457 951 116 375 790 358 799 566 935 174 538 955 996 467 245 876 178 721 755 647 600 462 780 80 928 88 868 968 162 98 726 45 150 615 856 366 858 26 400 617 186 59 458 740 244 862 510 75 300 288 855 467 995 175 500 122 620 292 680 145 614 352 348 1 454 948 17 257 773 827 729 343 743 642 50 735 644 363 499 872 795 548 895 216 645 400 291 28 246 318
733 234 711 386 962 871 193 342 471 927 177 301 80 327 397 405 974 763 621 533 629 951 193 250 958 219 623 760 290 793 569 391 826 733 123 322 671 39 46 338 298 381 878 715 677 469 788 180 730 452 412 249 204 530 959 531 772 464 406 973 975 138 91 62 192 880 242 903 827 322 910 264 528 445 758 169 94 942 973 905 744 681 658 372 757 897 659 539 546 779 84 726 541 854 133 893 407 58 97 116
471 437 541 962 193 911 210 279 325 209 410 474 321 585 391 324 556 271 382 860 173 554 446 44 246 128 874 262 103 380 746 25 760 244 234 414 110 557 139 979 225 530 51 146 383 24 290 990 324 70 605 198 953 383 831 640 107 276 349 145 401 279 222 905 416 627 620 474 344 396 390 332 657 630 214 153 847 468 882 70 564 263 260 168 447 305 572 389 274 369 710 37 978 906 482 528 181 490 689 598
605 753 225 163 867 8 514 731 368 720 417 785 184 112 443 918 573 798 5 32 248 52 16 162 47 461 782 49 774 424 575 306 19 955 186 241 625 11 161 514 379 226 960 909 272 226 791 190 319 362 136 770 463 320 94 222 432 74 219 448 809 959 291 884 186 984 98 856 378 566 208 468 866 36 399 438 945 461 725 965 335 908 63 80 429 379 633 363 740 679 948 143 364 45 502 212 910 286 773 679
740 254 403 769 16 54 169 282 615 865 498 759 738 111 603 180 775 216 903 55 289 288 713 516 833 868 594 188 214 242 996 596 893 299 889 685 648 247 669 345 913 957 851 253 269 632 339 559 516 547 502 860 949 47 678 578 561 727 366 277 282 986 848 364 538 918 58 444 761 719 208 478 353 222 948 960 413 250 886 990 351 661 392 258 530 448 247 754 763 977 493 177 654 67 918 857 213 144 601 505
543 21 387 237 20 408 228 945 1000 615 7 283 973 30 697 336 234 75 443 160 779 102 455 551 884 144 93 415 420 847 605 612 607 263 466 244 197 157 289 836 887 523 181 403 610 56 502 15 985 260 749 954 265 993 51 557 345 221 194 79 556 960 57 3 167 947 89 834 696 127 19 28 696 134 199 153 110 955 765 987 381 97 938 873 894 416 420 955 719 926 128 504 86 397 593 122 166 783 584 234
365 553 799 289 299 421 710 56 162 413 900 313 681 720 5 221 367 453 507 157 179 744 79 949 448 684 569 338 488 466 869 305 312 788 75 203 835 133 330 150 127 996 702 578 345 398 502 752 271 1 12 647 312 182 134 216 301 847 643 619 733 834 618 671 287 436 285 7 236 831 507 153 933 519 722 200 956 860 956 186 425 582 526 124 13 838 739 107 393 393 51 168 190 208 641 119 199 208 140 552
768 444 696 362 41 20 660 786 889 717 600 634 928 245 199 591 789 592 444 632 844 429 897 933 767 155 561 335 308 457 938 272 133 412 342 444 539 462 791 330 567 84 548 838 300 434 443 547 609 527 979 195 460 959 372 261 850 936 899 62 657 358 794 89 93 600 588 13 726 312 576 293 930 549 941 418 946 513 572 393 31 637 338 663 939 177 765 273 500 377 735 333 627 51 352 728 692 675 201 838
524 509 983 293 471 257 438 648 971 938 715 753 712 561 540 318 809 524 566 202 681 841 453 943 955 73 936 833 842 268 844 828 749 144 12 266 253 975 859 679 471 288 750 713 244 621 443 581 584 497 507 605 723 615 206 208 54 335 596 677 135 828 213 670 947 220 935 456 978 4 9 287 542 911 353 949 273 45 870 868 719 429 463 441 568 111 221 75 798 64 395 371 302 547 907 772 659 466 680 750
653 517 454 764 817 521 930 920 958 465 862 409 751 350 564 854 576 54 232 466 703 295 650 661 438 584 363 755 474 391 219 746 728 504 134 282 680 24 736 805 223 798 99 756 800 48 758 300 680 744 877 37 347 63 246 377 936 773 185 571 175 748 255 752 919 393 267 477 901 813 441 429 218 138 618 423 595 839 255 143 127 138 985 981 670 67 415 387 232 79 105 510 448 318 968 295 866 646 187 552
241 64 651 872 53 544 301 89 984 219 714 399 319 748 658 21 843 550 974 513 308 627 622 251 895 94 934 667 390 837 109 942 46 564 234 131 444 299 866 263 781 332 519 628 963 246 939 544 50 978 698 903 828 758 728 485 2 872 111 596 700 789 815 526 428 713 382 411 849 771 545 607 872 171 443 276 266 143 256 861 906 258 708 662 146 640 974 579 212 652 355 185 845 856 104 468 783 914 154 763
281 812 205 227 445 267 756 431 241 793 716 616 483 338 871 820 128 708 776 210 81 782 626 359 485 949 736 421 507 71 444 693 976 959 676 936 661 153 939 111 879 897 586 212 598 36 982 398 303 977 263 314 175 113 467 738 189 874 774 124 695 847 644 553 343 47 959 946 46 42 477 985 443 840 496 783 227 672 133 3 212 188 463 267 871 592 456 10 340 139 308 133 235 212 451 228 594 403 957 425
151 381 473 314 271 661 594 859 93 74 527 2 689 15 420 719 475 6 454 328 197 481 680 939 86 280 764 545 274 897 8 846 320 503 30 847 88 490 935 483 395 20 395 189 454 776 354 55 532 953 452 336 753 304 299 375 427 685 871 785 921 100 45 535 56 364 64 328 426 782 980 353 882 830 749 502 942 56 709 715 568 616 734 232 803 997 33 61 616 899 534 418 598 353 532 859 198 844 906 635
236 267 641 174 766 865 194 895 348 601 604 311 172 541 334 693 980 951 552 964 134 384 713 102 815 864 309 323 169 80 236 148 229 637 386 837 416 981 151 376 174 435 715 221 575 239 685 728 436 325 793 139 234 227 247 315 737 905 663 154 1000 225 733 255 843 756 435 849 56 178 264 363 588 126 113 244 281 640 560 316 932 495 264 424 824 126 253 290 147 959 724 239 47 231 793 661 557 509 225 689
164 763 415 262 564 394 595 591 604 304 835 298 849 260 329 748 182 45 874 144 796 909 185 800 986 197 963 455 55 555 592 877 978 154 882 287 552 723 644 905 476 61 877 25 943 476 747 535 548 487 979 679 4 27 87 597 459 220 386 704 443 769 916 833 103 214 892 58 741 567 346 678 275 112 205 991 340 852 195 288 219 435 477 469 225 745 485 381 134 889 161 319 854 125 424 174 662 127 589 113
776 990 814 278 387 823 812 965 760 662 557 926 922 968 183 499 716 409 473 971 381 988 788 238 607 930 737 664 696 715 196 513 363 665 427 415 711 20 289 26 450 706 377 794 479 425 762 744 168 669 372 750 987 236 495 743 338 791 340 380 223 305 400 367 815 181 38 263 897 658 715 777 699 774 530 550 812 588 212 1000 260 245 672 693 559 452 318 236 439 816 350 196 130 191 947 521 736 86 402 651
32 285 561 25 480 416 35 942 442 998 722 463 241 767 48 473 281 228 35 800 877 427 179 682 778 656 726 752 616 342 972 346 983 953 622 536 869 445 560 254 838 7 390 37 241 30 325 850 849 190 361 75 873 904 564 283 195 488 467 56 134 725 6 468 505 47 479 253 962 532 746 83 427 746 655 426 714 501 979 862 31 490 499 459 86 796 288 20 808 523 497 996 869 901 675 403 55 323 306 120
580 351 328 74 724 694 777 430 861 206 296 313 769 190 464 281 317 597 122 221 445 670 605 895 644 91 119 53 528 383 983 812 566 927 973 852 765 763 358 258 295 101 801 380 242 449 463 265 27 385 777 131 409 66 944 615 740 96 684 356 473 902 663 897 812 601 306 533 223 24 885 821 504 381 327 119 491 97 668 172 949 849 897 888 823 140 217 751 462 638 556 31 299 411 449 11 476 445 479 41
659 968 921 439 890 170 639 236 137 394 176 337 689 838 477 339 963 535 394 507 368 190 618 268 837 530 355 390 602 308 494 768 720 39 685 315 131 937 809 487 734 973 797 618 251 147 535 121 983 912 385 459 396 797 587 514 299 688 423 52 3 988 138 1 49 229 490 617 221 437 230 260 119 508 341 719 669 257 105 408 67 587 763 378 651 563 646 282 633 206 987 504 264 730 213 453 872 320 134 910
607 583 423 442 693 992 437 183 125 960 63 142 115 710 228 356 145 994 288 372 458 602 235 809 532 172 136 649 850 951 348 896 612 120 188 48 609 824 49 117 381 58 759 977 20 975 735 867 978 877 416 14 41 921 567 895 841 202 389 524 936 340 333 264 45 599 201 834 642 912 226 886 858 9 279 215 291 251 463 253 556 596 337 13 284 209 208 347 778 749 941 864 595 904 932 53 231 743 820 651
159 811 662 700 584 995 323 133 354 895 412 722 555 151 148 287 184 561 904 105 362 345 484 39 227 282 871 707 820 989 109 580 64 853 776 992 555 650 336 11 737 602 796 512 458 603 904 597 529 89 171 624 346 911 233 454 796 886 320 820 850 397 112 858 373 18 618 524 303 787 887 195 887 231 276 103 866 939 387 126 653 486 863 423 710 766 67 426 642 300 259 774 715 968 346 853 696 121 165 729
886 617 186 604 637 857 296 870 419 15 500 619 332 551 716 224 84 103 165 115 983 117 585 293 855 302 664 522 897 694 865 458 349 734 66 636 188 901 449 732 871 871 695 220 682 537 469 896 843 166 333 662 712 211 73 564 59 908 938 594 238 667 426 370 962 203 647 664 871 659 918 386 645 798 685 969 143 745 469 379 22 949 668 37 679 66 610 604 968 874 80 15 945 30 504 423 731 990 428 903
583 705 201 437 111 596 740 232 577 625 915 963 881 886 486 473 492 638 639 751 196 486 672 458 63 247 93 648 572 794 905 314 897 1000 920 62 507 692 28 697 578 523 877 853 129 318 773 13 11 420 643 92 766 486 263 293 811 25 338 78 781 155 682 983 451 6 105 270 777 81 946 624 291 655 296 105 887 289 303 906 452 344 29 161 946 745 580 579 885 424 486 637 517 885 853 131 441 384 295 41
552 785 518 252 768 503 585 38 299 185 286 600 556 137 842 210 746 782 867 445 952 348 981 217 794 966 944 450 1000 745 51 367 655 543 217 618 648 378 682 216 483 407 741 873 712 223 173 104 493 984 722 253 817 693 717 29 689 807 758 570 937 693 245 342 162 91 284 433 66 572 732 584 713 454 774 544 566 865 70 18 147 68 930 939 834 203 649 678 467 351 527 587 262 31 603 582 53 279 307 236
109 361 864 329 861 812 252 468 342 74 14 730 360 658 629 92 274 239 844 901 893 787 26 147 898 511 191 539 814 159 242 609 313 205 44 897 235 896 548 999 697 240 186 676 331 618 833 778 121 507 205 8 811 850 470 826 916 867 948 34 543 571 405 747 481 156 135 126 247 346 985 889 783 406 655 563 586 43 569 112 740 981 758 822 148 774 193 349 824 41 88 981 722 167 854 606 433 6 592 210
604 398 285 533 443 537 106 262 469 207 958 17 513 889 342 4 157 444 64 558 912 773 213 73 679 957 427 149 27 886 29 906 597 286 386 418 476 782 715 52 739 155 768 940 893 53 624 416 391 21 180 652 771 264 25 433 200 311 76 201 744 347 778 392 88 95 745 371 327 931 88 512 96 590 262 101 570 252 106 605 150 117 808 890 173 257 447 115 296 276 540 279 452 116 77 174 394 308 952 515
429 455 544 522 937 993 810 78 720 557 278 162 985 567 262 621 579 227 221 773 823 944 485 763 25 399 1 332 342 356 563 73 25 694 539 125 231 773 552 606 911 145 319 340 43 278 183 148 902 362 760 628 525 609 170 151 373 872 624 129 380 561 736 555 596 21 21 135 820 142 342 748 816 180 407 372 424 211 7 87 978 464 681 679 95 536 997 553 468 491 953 363 115 21 857 536 981 846 968 504
668 513 559 921 806 529 627 258 45 320 998 51 17 428 296 294 890 91 465 15 60 604 815 793 242 923 647 893 869 562 193 350 557 661 187 425 784 703 686 993 277 409 776 563 37 307 323 477 281 720 510 384 900 350 950 495 933 274 312 257 683 287 88 784 271 685 369 743 731 350 869 702 210 122 219 823 652 787 316 620 972 564 460 182 640 969 653 922 800 222 578 753 942 586 795 46 86 481 996 710
457 244 751 579 418 327 292 161 986 245 754 306 590 524 366 335 790 602 359 325 926 416 634 931 603 432 769 142 633 786 979 580 485 80 973 871 122 891 714 275 863 731 141 451 466 204 424 52 94 12 124 889 136 334 168 892 100 791 895 918 411 282 504 733 489 570 713 140 763 240 226 948 20 873 959 702 489 508 310 650 625 409 716 867 911 938 920 412 489 748 530 867 364 434 525 883 45 671 970 374
810 793 626 666 325 594 211 937 49 130 201 661 99 168 18 501 650 807 364 417 558 397 717 364 691 579 230 551 714 532 764 86 932 342 69 668 890 630 623 143 135 453 91 149 580 90 147 11 455 316 829 46 45 311 718 553 210 953 576 721 773 752 673 3 636 467 738 743 678 426 537 864 442 932 573 728 155 996 290 880 2 967 227 814 827 809 721 375 656 148 785 921 39 297 154 534 504 295 899 424
935 626 68 840 608 379 624 369 53 296 401 438 486 690 37 470 521 13 578 309 222 303 754 598 522 912 235 745 617 685 109 312 784 89 889 139 698 795 35 862 626 305 950 921 505 549 332 702 545 260 199 936 130 881 432 842 964 262 371 510 773 541 255 810 11 689 113 562 416 972 52 814 808 973 342 494 26 544 120 389 47 844 974 656 693 299 5 349 148 811 616 293 57 765 176 137 939 129 995 289
640 392 675 916 150 588 208 610 319 973 595 586 258 283 655 148 857 672 539 44 443 60 927 34 376 141 757 890 702 25 73 103 669 864 219 845 589 195 610 374 586 857 855 757 982 373 116 207 15 853 113 702 643 383 184 975 258 416 853 484 671 234 746 975 171 500 12 359 45 685 866 491 434 392 483 905 609 356 455 95 298 144 103 766 227 354 144 498 796 876 890 245 643 146 724 176 800 740 826 765
716 740 316 988 109 471 515 753 565 666 698 193 433 610 766 485 60 74 783 965 995 160 871 777 89 707 93 712 921 382 504 736 190 827 937 587 145 423 794 67 833 886 267 654 908 175 576 344 862 448 396 883 51 151 963 711 779 401 65 916 651 963 702 133 294 578 798 931 447 50 607 948 722 263 472 668 486 920 888 156 937 676 196 588 566 111 16 960 902 597 775 734 863 40 381 714 589 528 367 53
771 727 883 175 573 692 394 495 633 19 507 285 828 482 150 558 548 625 755 953 517 322 411 848 72 396 186 406 789 323 780 558 66 776 697 979 73 339 144 763 634 587 697 65 926 25 680 139 685 519 954 515 343 323 423 429 127 479 103 714 207 651 633 291 752 969 383 728 893 507 881 525 669 463 416 972 122 952 863 877 44 195 647 607 991 242 673 25 283 819 857 454 401 262 4 192 937 643 362 770
842 367 296 328 893 774 781 93 905 419 471 378 430 743 284 133 110 305 119 203 281 919 805 40 143 242 941 326 687 363 10 483 473 575 31 349 584 156 621 883 447 191 320 844 736 39 666 515 728 406 964 908 52 609 561 683 933 443 401 445 992 783 2 815 730 543 630 171 64 802 248 941 482 882 762 120 893 29 848 300 727 737 348 217 900 469 98 181 690 4 757 373 605 889 216 504 237 998 464 545
915 180 845 992 541 820 6 518 916 773 868 930 151 441 275 3 548 325 195 640 722 342 713 697 753 926 995 8 560 268 277 182 965 700 460 35 997 813 369 226 862 640 155 566 368 298 805 169 996 111 417 526 826 355 853 434 194 389 800 665 129 211 975 687 121 298 515 995 129 58 719 416 538 128 846 417 493 704 135 380 465 311 309 447 194 811 467 788 47 400 912 792 907 84 761 883 858 537 322 728
28 783 105 820 929 180 56 809 965 140 280 24 574 104 6 744 595 157 285 997 182 801 323 444 392 921 780 947 978 997 308 401 888 626 222 435 660 733 929 962 469 856 805 239 861 701 61 157 116 172 773 2 142 28 759 513 576 692 543 575 417 185 270 217 654 791 114 751 630 346 520 141 520 886 300 895 162 458 130 908 539 307 5 465 957 625 47 156 410 733 130 369 696 133 956 863 820 379 222 383
708 75 644 175 155 78 643 203 160 553 986 318 990 829 490 45 467 435 338 345 462 146 293 12 267 60 196 951 792 592 26 622 705 950 349 623 289 401 289 496 592 738 973 901 518 964 735 427 298 746 373 617 999 563 800 303 394 848 3 865 667 926 86 782 853 835 821 547 220 594 596 717 778 864 327 893 340 405 703 445 995 577 26 452 462 66 630 575 1 324 184 30 985 799 152 53 224 493 733 354
833 328 50 250 898 465 496 949 170 506 804 928 919 170 835 138 231 468 985 789 650 300 600 157 869 501 638 605 652 776 94 259 530 878 605 990 508 354 235 78 902 191 289 733 70 193 651 728 148 806 406 936 280 66 951 36 234 371 868 135 640 369 455 367 786 391 373 414 201 726 689 931 600 162 123 670 899 360 117 709 391 270 681 20 506 601 447 878 437 919 758 302 451 396 738 51 872 844 307 796
635 308 805 156 246 88 286 916 826 267 946 308 392 631 505 209 964 960 743 715 474 145 928 525 332 485 752 611 396 679 459 922 856 255 106 299 849 740 91 601 677 180 675 184 283 223 8 802 544 83 175 755 716 685 194 344 817 262 8 524 673 152 601 470 897 220 923 450 493 858 250 910 76 892 307 373 734 928 106 908 695 263 240 418 941 865 706 603 264 510 466 275 431 323 749 188 320 659 56 387
417 513 986 21 742 804 257 610 521 161 957 169 135 838 490 597 833 343 404 128 682 1 794 352 803 414 159 365 983 775 906 554 600 344 324 675 918 92 548 63 280 176 323 932 886 338 98 591 765 526 987 306 134 156 632 361 393 450 436 616 586 178 176 749 153 865 904 177 398 687 467 458 356 649 725 425 968 558 20 154 19 86 108 992 350 766 940 242 92 530 584 248 203 449 457 623 2 190 218 117
960 574 722 793 242 866 700 640 859 678 28 204 876 766 300 174 984 156 681 817 858 66 596 461 830 856 403 990 651 649 840 345 789 226 806 406 419 283 5 488 392 489 915 298 788 687 977 752 530 574 50 708 131 613 192 301 934 253 676 876 794 551 586 786 76 500 187 404 230 821 290 628 495 93 611 553 745 292 1000 512 159 703 480 184 593 776 825 985 444 54 825 235 698 85 195 313 630 431 203 434
366 777 649 301 499 642 369 834 743 777 93 736 353 529 396 181 77 133 152 578 46 247 607 581 497 188 494 764 669 609 902 250 158 494 155 794 598 785 725 805 221 76 817 257 319 200 750 15 98 529 687 943 390 106 151 589 545 668 809 121 208 897 521 900 934 449 655 51 276 796 696 864 583 911 467 699 549 724 570 465 507 882 545 420 669 34 614 685 122 758 431 976 295 682 973 606 33 857 103 969
644 77 919 377 827 307 984 562 763 94 315 475 342 335 893 697 74 315 818 488 641 197 734 736 44 376 494 224 670 596 849 514 749 948 191 233 458 747 491 497 598 362 857 213 663 151 988 48 500 357 240 131 69 329 539 481 466 463 545 544 576 11 483 538 167 234 436 265 150 321 21 862 997 395 353 56 201 973 683 253 789 447 666 556 393 516 639 222 113 804 317 208 883 85 446 43 189 655 693 237
590 225 322 965 213 277 224 473 576 484 564 513 433 924 669 564 536 510 802 466 965 513 63 143 60 524 654 885 490 523 618 382 492 318 544 886 889 639 893 565 69 494 480 445 7 663 629 562 619 49 74 415 602 203 831 872 107 658 871 348 770 763 490 948 784 328 566 819 985 797 511 333 110 636 589 766 217 329 664 946 192 92 406 319 409 401 610 324 64 799 816 246 83 759 89 198 230 188 459 615
28 750 119 588 905 221 178 123 960 937 36 953 114 44 52 596 437 469 994 537 826 232 458 119 512 309 74 738 240 647 15 40 1 541 782 257 615 269 428 292 304 905 231 978 300 725 172 829 818 337 709 461 222 5 366 510 474 115 895 918 514 620 724 570 410 846 925 650 454 464 486 13 35 837 226 124 433 317 632 792 777 272 397 797 254 849 202 760 662 216 148 747 59 104 175 985 373 50 699 300
191 224 25 837 391 502 241 466 405 93 782 158 429 377 542 146 697 717 838 839 116 872 730 255 114 36 533 552 57 774 8 346 54 901 993 717 916 31 175 258 739 239 112 522 762 683 808 138 478 418 410 409 828 487 749 517 797 177 7 681 832 934 116 92 397 540 581 518 838 879 823 300 789 694 291 123 210 902 704 475 524 529 339 307 129 840 755 526 920 687 600 672 699 156 546 701 688 660 157 456
415 305 823 456 86 679 837 673 582 432 328 993 941 792 973 249 797 2 367 201 259 216 379 884 880 810 883 657 725 835 706 845 990 804 763 786 216 55 563 340 462 7 512 347 697 292 955 429 73 818 807 701 688 655 298 304 847 599 606 52 486 991 205 205 308 780 261 116 178 879 533 668 890 774 703 313 416 557 557 747 200 37 466 124 665 293 280 588 907 202 192 128 358 419 253 92 913 290 971 47
880 483 810 468 671 265 378 558 886 714 726 566 753 509 467 614 210 279 390 938 310 787 300 935 114 942 980 939 27 366 88 839 878 593 638 686 729 577 538 433 468 741 374 282 107 157 119 43 417 432 135 59 322 727 44 987 849 379 954 724 848 395 133 755 350 323 776 427 982 715 152 640 130 965 763 241 552 363 394 551 835 182 710 352 394 550 371 564 907 457 493 918 715 766 500 107 973 220 766 828
380 9 103 832 286 680 554 957 154 780 367 475 822 502 773 67 878 589 436 764 334 585 300 305 659 455 719 324 520 421 149 261 508 652 887 270 509 241 113 29 267 63 988 648 956 514 265 33 251 184 742 58 880 361 716 175 862 176 641 393 362 270 55 990 119 765 131 321 556 376 707 738 292 876 294 135 642 201 596 907 849 654 821 974 191 959 173 614 403 255 377 119 4 9 721 342 432 915 635 205
119 253 478 29 157 989 535 30 810 415 395 174 622 587 916 2 385 862 207 350 482 399 714 970 62 674 67 85 943 86 10 733 613 353 128 672 415 82 447 891 976 946 912 302 902 686 165 966 666 619 880 681 220 539 623 997 820 122 231 506 267 463 258 968 445 742 190 576 325 639 492 243 759 409 810 32 636 402 744 79 372 938 539 596 10 511 718 631 273 209 39 40 100 425 2 988 580 917 821 824
367 58 919 424 488 830 12 586 660 924 527 130 167 275 575 842 92 551 276 712 308 546 590 415 632 250 156 791 49 741 897 134 363 800 386 505 759 301 460 416 798 860 952 923 598 982 545 663 26 751 281 699 627 647 107 615 173 383 12 775 970 252 173 565 698 972 553 815 439 931 87 842 646 933 399 959 490 478 417 861 804 244 82 474 197 808 291 520 932 143 450 81 648 975 18 15 370 845 983 293
751 64 361 246 869 734 648 76 241 674 719 337 52 996 571 278 788 359 161 60 10 53 516 787 250 445 166 174 931 885 487 293 575 302 522 130 33 694 961 259 560 843 928 205 668 872 712 2 992 937 265 304 438 341 358 482 378 372 458 531 807 493 819 947 327 326 860 397 344 366 255 676 367 990 308 344 557 458 519 612 703 426 888 9 368 79 73 7 234 750 644 655 94 99 265 678 188 662 147 78
152 675 235 630 675 920 564 686 248 241 657 444 745 889 545 771 346 414 200 377 222 399 805 128 127 519 521 54 269 980 258 377 930 591 97 356 148 883 309 118 577 754 887 366 541 941 613 722 767 527 139 589 429 965 605 223 420 900 425 344 450 614 561 489 551 230 244 313 121 60 27 579 365 225 483 138 43 502 111 893 344 697 862 415 45 746 806 306 344 547 754 764 939 916 766 841 583 397 281 138
332 522 804 903 805 88 147 433 724 573 755 331 397 983 11 179 66 184 530 158 21 566 695 178 961 29 100 341 133 838 246 961 46 9 872 812 491 619 447 946 466 719 355 306 484 153 628 887 817 788 655 216 954 833 4 398 442 641 989 567 178 755 134 995 74 990 425 311 71 714 600 154 440 605 632 172 702 722 283 426 828 925 223 814 795 747 829 11 574 549 702 975 364 95 761 929 894 475 924 450
756 539 867 518 631 415 876 186 437 459 390 476 203 517 593 989 71 830 377 362 154 672 550 737 295 362 396 458 836 332 462 62 454 77 948 550 644 206 697 499 269 700 243 365 96 556 674 145 744 996 670 624 734 294 216 35 508 918 784 317 704 817 119 172 187 818 307 537 862 902 473 853 22 78 742 600 723 47 443 426 332 445 196 412 514 78 692 249 261 794 610 810 202 720 417 784 676 53 389 464
442 379 631 993 891 497 747 510 978 8 248 877 542 360 342 269 817 637 952 180 773 438 995 758 52 256 735 698 739 989 424 219 95 956 928 38 955 580 338 727 692 865 71 56 623 677 800 478 135 509 884 296 717 157 183 345 53 964 530 706 668 790 973 608 441 36 403 317 238 224 122 284 596 973 342 313 342 166 781 719 440 49 210 95 218 188 587 117 540 81 903 842 289 407 680 201 16 645 953 749
381 150 240 378 849 857 228 469 644 409 516 249 250 786 761 690 358 777 266 344 424 863 856 314 35 78 688 463 865 422 245 134 222 858 572 18 88 177 159 653 768 477 686 383 196 411 630 635 794 482 1000 306 832 344 587 332 272 896 450 927 990 537 213 552 239 868 313 688 772 426 615 114 23 855 806 503 357 721 116 945 59 228 78 933 181 570 284 739 158 36 408 373 760 160 406 128 133 812 223 256
751 377 636 592 171 906 441 454 793 872 697 357 69 469 193 637 554 477 305 45 114 953 576 480 741 741 926 419 716 124 852 207 935 589 238 7 264 357 140 520 802 793 702 921 388 860 883 945 988 598 282 625 666 36 854 397 510 200 301 633 559 610 835 903 94 63 270 718 682 56 341 968 237 403 186 102 717 958 522 831 734 22 965 911 588 827 539 796 219 318 479 668 999 18 469 810 374 303 53 18
620 120 202 374 283 739 54 135 267 348 312 89 652 286 399 557 863 970 977 456 828 69 76 563 213 701 431 808 201 385 690 390 614 618 994 353 552 549 535 107 186 874 967 989 367 978 954 900 146 866 62 426 497 777 668 160 161 407 834 523 361 838 742 556 730 332 672 683 183 343 252 69 736 130 212 437 661 325 594 836 774 869 913 269 24 472 952 216 623 563 992 246 923 332 311 940 37 296 455 306
253 515 134 174 662 956 876 728 659 170 403 30 838 659 81 479 13 856 399 691 598 117 260 391 287 965 90 64 214 919 492 803 824 157 286 816 960 399 713 494 274 469 406 503 171 132 781 482 610 793 797 834 506 31 609 620 848 710 533 964 677 451 845 357 66 409 993 776 337 956 446 769 799 572 991 451 383 975 497 924 544 788 798 727 432 953 405 150 547 886 264 155 322 686 769 195 677 490 212 602
238 481 350 999 714 368 805 800 129 764 642 24 217 436 235 375 456 179 923 122 847 533 961 760 20 274 885 719 32 443 658 140 605 226 632 687 179 594 693 501 529 883 852 806 978 730 232 759 230 192 802 306 79 876 888 628 82 149 915 567 923 135 969 309 4 309 237 66 655 859 932 892 442 126 224 599 962 566 320 267 663 161 469 652 906 963 794 437 180 165 941 328 36 477 208 543 466 762 85 38
572 896 770 585 445 583 825 408 531 375 678 251 487 53 89 130 287 439 832 470 631 720 568 441 423 862 971 163 705 12 782 728 792 340 818 468 31 424 568 172 387 247 567 697 456 345 805 201 726 275 174 272 530 177 713 175 555 230 470 983 233 810 18 570 968 890 539 506 361 403 474 80 779 284 827 54 73 956 107 10 729 763 690 877 18 727 349 9 380 921 66 123 423 835 543 290 415 241 242 771
392 196 173 839 298 584 276 111 233 735 29 666 132 434 401 691 837 686 389 175 8 147 67 942 932 298 890 683 90 645 481 856 13 526 811 313 272 277 304 883 171 158 896 532 640 132 175 68 466 313 983 450 807 858 249 299 291 578 729 381 600 496 341 463 213 11 277 581 750 434 397 143 538 760 663 349 234 157 530 528 230 651 302 747 391 383 864 176 825 735 591 335 304 166 515 28 371 210 776 283
371 21 572 351 700 191 621 315 991 547 863 12 856 373 816 667 931 90 180 181 605 485 232 238 137 910 586 891 487 202 402 67 658 898 417 249 203 962 379 55 229 449 410 894 177 820 62 476 929 158 801 193 721 443 121 452 359 946 502 36 94 317 75 833 422 913 164 147 747 354 867 130 784 443 819 221 108 60 646 838 287 559 534 204 662 540 650 177 572 119 887 358 17 823 667 466 232 229 163 376
517 608 394 709 20 128 433 328 965 203 422 848 276 740 694 320 477 576 10 772 379 149 970 609 310 481 326 674 514 439 186 732 160 895 807 91 672 473 721 853 369 460 67 658 230 386 330 292 715 453 331 385 70 351 952 21 715 473 458 972 127 820 28 896 586 872 834 109 474 241 554 311 273 83 958 632 572 667 232 979 212 742 656 843 926 981 9 288 416 194 205 729 607 610 716 688 270 631 889 124
102 191 755 574 263 212 17 301 109 989 447 919 598 112 820 74 790 688 788 612 511 984 598 515 892 306 223 936 24 578 120 550 96 557 496 759 682 235 279 877 801 979 342 536 765 679 406 743 431 459 756 27 361 302 131 661 942 849 936 380 568 492 719 725 574 751 577 234 613 245 576 765 954 92 880 978 210 185 177 411 270 703 29 336 896 128 520 546 694 408 849 896 957 13 961 279 236 499 84 756
932 185 490 289 70 228 877 40 458 411 125 801 92 693 155 966 519 141 639 762 971 690 677 544 526 144 6 801 269 248 620 309 613 734 897 627 177 959 80 949 753 365 553 714 833 598 519 503 891 847 392 206 114 273 15 188 556 677 143 537 524 173 636 655 919 697 229 176 792 604 586 610 515 328 867 558 618 500 883 166 244 34 90 611 343 220 691 547 412 445 167 413 723 710 359 94 277 448 903 348
617 735 159 798 478 556 862 650 794 166 576 313 943 706 825 646 536 701 467 8 743 616 311 642 411 86 789 36 320 565 70 535 737 670 952 722 971 490 574 446 168 202 571 69 42 864 985 215 985 93 348 506 327 92 110 667 59 283 725 262 611 637 933 619 877 675 506 373 704 201 252 293 839 879 173 550 692 418 411 561 29 967 868 16 204 422 388 192 281 215 162 909 439 303 634 777 119 626 42 433
552 707 797 29 475 528 939 392 840 314 284 558 985 217 731 93 990 277 743 743 121 106 876 393 884 54 129 334 682 335 184 436 30 493 452 403 365 972 48 33 299 200 156 584 30 175 307 513 373 511 84 78 11 169 778 463 978 39 406 560 6 465 454 703 899 590 174 933 156 452 147 133 684 837 683 335 474 547 215 506 366 18 668 133 216 569 436 723 681 636 129 386 965 660 143 694 196 942 375 816
473 565 338 907 384 344 531 539 680 738 265 417 872 864 342 611 540 23 451 986 425 985 180 139 448 323 628 551 105 534 15 363 649 554 663 451 415 276 656 737 153 141 382 592 998 165 198 957 238 173 833 843 628 943 602 513 316 607 492 19 331 294 179 817 802 334 125 548 430 531 562 881 546 847 676 314 590 915 665 459 979 548 92 52 598 335 548 800 563 220 911 212 560 657 36 492 371 78 3 863
828 435 450 860 721 692 335 6 606 111 839 291 283 758 797 951 761 937 187 507 77 673 40 974 177 608 185 543 899 396 31 429 960 611 650 975 608 411 283 429 436 303 770 869 36 675 687 27 184 380 264 428 695 860 230 304 446 555 683 415 51 630 919 806 390 590 711 154 648 532 580 178 189 243 512 595 17 933 606 93 995 23 487 584 87 410 806 91 240 821 491 541 509 684 342 68 318 517 260 637
662 88 482 969 479 375 807 264 432 881 599 681 311 26 972 93 993 372 302 683 38 965 675 535 417 637 236 21 268 340 825 927 749 908 369 27 382 872 405 163 62 144 388 328 402 603 30 915 407 22 876 454 505 136 910 709 588 222 796 1 660 786 471 285 210 488 952 191 471 910 727 741 450 523 232 368 348 509 498 651 941 532 910 584 495 680 975 777 897 976 318 999 89 853 278 843 520 223 445 86
976 614 251 559 155 412 211 241 151 362 991 307 701 924 353 237 570 556 220 618 630 381 416 151 149 936 406 716 436 299 670 783 87 508 944 10 629 69 288 166 132 748 294 15 254 973 155 313 81 218 509 14 464 945 625 617 350 579 952 541 760 606 387 260 488 508 243 340 727 985 487 659 23 426 913 775 92 981 902 746 345 190 505 288 857 428 719 575 356 52 135 358 694 356 867 931 353 936 557 419
151 820 694 681 582 963 716 312 778 451 326 333 741 951 681 224 856 636 447 688 285 163 437 773 116 822 193 109 620 503 48 315 91 269 311 786 317 730 433 925 453 662 57 537 424 437 919 42 104 321 84 491 648 992 752 538 992 269 177 162 204 977 973 277 262 698 970 659 463 579 123 563 335 956 272 66 940 505 685 917 564 472 623 272 334 509 771 565 560 760 700 228 400 33 251 780 514 716 743 936
16 985 634 520 718 363 597 368 3 574 582 42 589 177 45 814 698 465 13 588 596 933 105 734 820 401 971 776 735 492 997 707 298 235 256 888 973 351 453 715 222 233 975 112 129 618 688 477 296 621 504 587 497 907 983 540 725 138 90 785 657 1 982 659 262 371 1000 119 778 965 985 229 524 884 139 732 296 292 495 448 71 856 965 561 737 493 869 535 145 367 829 977 712 560 531 723 869 748 748 531
292 146 81 5 16 611 285 448 965 680 864 202 835 761 967 566 315 598 457 974 209 251 369 891 989 349 140 915 548 560 19 938 271 718 554 609 105 147 647 2 436 136 415 576 823 460 436 681 577 370 823 525 575 258 357 211 905 231 814 990 27 503 177 248 83 300 835 721 573 537 640 601 197 449 505 602 134 711 616 881 615 255 488 899 915 598 899 356 490 532 932 889 545 246 75 864 489 450 775 829
525 758 339 571 237 114 793 559 10 319 225 138 722 23 295 52 786 945 746 556 536 238 590 457 699 313 843 830 449 51 621 564 205 424 560 663 997 387 582 154 182 971 27 240 231 403 294 317 289 832 205 720 955 707 326 232 916 502 444 790 32 424 28 630 29 373 132 889 645 598 309 247 425 358 67 423 759 986 858 774 116 125 968 834 370 350 828 88 366 490 620 578 615 302 732 799 396 824 711 243
601 317 80 907 919 330 593 366 505 655 465 263 205 804 988 829 628 421 324 844 101 247 682 619 508 661 632 760 67 195 562 417 289 914 797 801 679 63 190 936 987 476 195 826 176 542 432 868 597 978 572 28 884 909 949 388 185 429 603 156 109 472 759 83 569 819 409 91 873 820 397 187 76 812 274 132 129 456 32 363 831 756 784 493 771 856 154 557 836 246 10 543 311 103 724 739 197 719 834 538
962 934 873 962 230 643 824 257 323 765 325 538 142 737 47 280 287 360 839 96 579 757 874 989 746 80 264 340 335 68 847 637 334 856 206 324 91 715 544 500 371 43 231 776 674 773 958 797 678 357 696 915 940 487 839 588 365 198 859 454 307 857 359 182 622 609 602 576 335 812 171 605 177 242 634 981 363 790 799 11 553 438 556 486 524 902 624 157 221 638 647 393 767 693 941 381 372 700 159 358
251 363 694 150 53 597 53 164 385 873 907 279 977 769 965 52 767 630 82 388 621 914 299 751 964 8 615 959 292 559 177 954 680 536 347 346 386 143 496 202 377 39 325 669 877 45 153 283 606 606 600 973 456 743 196 579 309 866 255 923 121 296 661 843 577 56 209 884 811 426 127 385 292 175 372 880 675 911 713 24 896 25 105 148 629 182 581 561 181 693 671 488 249 660 821 243 610 924 432 255
803 272 727 303 160 401 374 535 399 41 433 793 330 303 583 835 31 770 308 338 680 358 359 169 451 557 299 607 151 51 989 59 818 286 635 470 901 447 821 176 679 707 69 590 718 59 352 804 449 982 913 41 843 97 924 848 310 869 471 232 720 234 335 59 599 954 970 248 235 57 248 554 410 303 902 74 733 45 557 257 289 191 620 926 847 83 622 312 961 986 62 188 453 449 546 52 871 795 725 369
798 531 737 267 857 699 233 255 333 298 411 298 38 766 718 679 945 874 859 415 100 265 859 379 719 330 215 411 202 156 734 873 558 373 526 625 890 866 413 741 805 687 821 689 545 875 76 703 517 77 252 882 267 159 827 992 584 58 816 813 36 321 179 624 104 755 666 57 653 916 596 399 346 349 65 995 950 75 210 625 900 119 836 723 164 754 120 275 756 717 224 940 743 350 846 969 344 4 826 569
462 298 757 733 761 364 824 561 194 683 176 833 312 199 271 787 184 491 435 101 711 991 901 235 407 665 202 700 478 352 848 530 551 93 83 655 732 989 422 165 163 131 230 305 206 278 766 761 86 937 595 959 594 756 215 816 80 414 188 513 582 144 672 1 512 453 879 9 954 496 257 232 513 361 96 325 251 443 90 124 462 380 705 224 354 2 405 101 484 989 58 902 639 792 836 507 694 692 835 487
825 837 325 327 602 107 696 321 720 792 562 367 600 568 439 380 312 383 621 682 860 794 698 36 613 969 345 10 268 92 171 848 209 508 998 5 537 356 291 566 928 677 51 618 108 642 91 563 568 136 358 644 108 648 820 501 536 451 378 577 862 656 833 445 212 882 252 650 867 822 478 373 169 592 543 471 772 652 359 355 535 670 322 977 437 729 575 92 388 681 852 285 693 271 594 653 297 312 959 999
157 715 870 147 972 284 89 143 659 569 519 38 338 155 154 509 471 192 790 745 718 335 360 612 732 485 615 140 567 167 938 772 55 401 521 951 947 796 594 266 819 6 210 785 117 208 77 333 888 985 39 857 512 387 178 298 137 196 696 872 651 514 258 125 115 62 398 969 768 925 908 919 449 538 491 898 323 194 555 843 91 667 82 868 616 145 761 91 377 307 187 719 186 222 684 29 483 499 198 758
120 887 813 666 357 560 795 12 962 859 249 392 343 379 805 966 604 586 747 333 696 272 972 497 8 67 565 822 332 795 161 251 177 823 31 102 385 478 117 781 446 802 128 242 914 58 497 469 714 317 30 65 538 684 154 245 685 638 23 378 190 409 503 674 327 613 398 559 91 160 716 781 429 219 770 908 346 14 207 938 366 906 528 193 448 271 871 346 736 112 80 182 812 891 304 966 878 472 317 338
622 845 226 867 809 214 585 386 471 584 993 571 655 918 254 710 142 412 3 420 288 229 567 119 176 179 218 474 932 575 695 618 786 152 607 930 980 205 374 606 50 267 885 859 554 156 171 890 632 6 815 176 822 519 453 805 940 717 71 691 895 730 432 198 78 140 59 841 207 1000 424 172 292 542 654 757 305 744 710 483 480 477 854 33 263 990 261 545 300 838 328 342 924 798 452 65 103 651 465 162
637 234 118 553 824 640 477 440 1000 547 115 363 156 473 750 803 157 133 855 18 604 698 400 140 601 336 757 542 169 992 136 236 218 739 238 940 269 602 828 257 728 244 464 982 522 912 470 714 735 594 854 833 68 651 445 366 185 144 927 138 898 754 982 84 82 880 524 199 355 451 954 157 244 140 757 542 829 163 507 730 635 690 21 609 515 458 254 249 124 549 430 736 114 828 939 452 388 326 495 272
976 391 505 123 628 413 297 889 414 922 542 491 540 112 389 735 269 632 165 789 649 97 218 398 419 535 178 605 791 976 712 906 910 743 849 167 452 363 247 880 195 147 678 112 575 645 502 574 522 160 84 463 978 156 234 658 675 849 939 877 760 60 306 906 628 975 692 624 762 968 293 428 642 454 449 859 103 17 66 751 193 271 768 770 948 72 796 92 910 135 692 445 764 926 699 769 941 477 5 58