11 10
-250250.99 -532419.39 347225.60 -436372.46 988867.96 804838.90 -301763.70 -375294.20 -885529.27 -664986.55
462347.20 -628596.00 -584483.29 -918428.68 -101348.60 -299177.92 -246294.74 133515.20 -755538.87 -772902.08
-696817.62 844914.76 62591.17 47772.40 -704845.08 -757785.90 31517.72 -9703.34 37118.89 -246173.83
-600027.15 604553.46 -906396.75 455888.15 -927037.13 -974474.88 -954984.21 -559066.72 -184762.38 -259425.81
-910835.17 -253787.19 26785.84 -777912.36 875022.50 963732.11 966658.47 -123438.35 525255.85 373229.93
-756138.25 -470663.00 -395773.72 284010.13 -330568.87 -952542.92 835556.33 486737.01 763299.99 -364878.70
-25032.19 -479652.21 -167387.13 -956703.36 -180229.52 -337436.05 214527.58 -828626.85 -151839.79 -433605.02
907141.75 473023.37 -511715.99 -736347.24 -284996.27 40543.88 837623.88 -820391.91 -660077.72 356573.96
915649.94 -503431.66 -776998.74 -929730.65 -268356.49 312311.38 684118.74 966524.86 -161701.51 722742.37
559136.34 -740762.86 895310.83 -287877.47 -937689.60 631466.21 -754326.61 291118.16 682517.15 -700148.69
596435.95 -72212.39 -417905.02 554803.55 -265636.07 786675.69 428677.26 -243276.95 -380201.75 851837.94
10 5
-958360.18 326815.47 418663.56 924413.09 -768599.74
260787.17 494331.92 808971.47 386233.36 939892.12
833894.34 -654371.74 -323846.29 256514.75 -522797.78
535018.77 856995.85 77224.16 908375.56 774330.29
152031.92 676033.80 8352.19 -336217.77 955965.27
264291.05 3934.96 -166804.34 72358.36 642760.79
686865.60 359122.37 195151.91 582028.44 -120127.16
-341489.71 -99547.84 351385.38 -863412.05 -64914.49
45460.85 -647129.68 681454.46 770864.36 -453569.22
734806.55 -937701.92 803524.78 604655.33 234513.30