5 15
0.0100 0.9000 0.9990 0.00000001
0.3998 0.5324 -0.5121 -1.2655 -1.7829
-0.3917 -0.7291 0.0773 0.4224 0.0897
0.8415 0.4100 0.8511 0.9348 -0.1842
0.4468 0.8363 -0.3817 -0.0503 0.1969
-0.2284 -0.9439 0.8690 -0.1826 0.6535
0.2230 -0.0055 0.4334 -0.7499 -0.1243
0.3828 0.9676 -0.5393 0.1520 0.1605
0.5678 -0.4651 0.1484 -0.7996 -0.2698
-0.4369 0.3397 0.0384 0.2985 -0.0949
0.4477 0.6693 0.7768 0.1156 -0.2475
-0.8900 -0.6051 -0.5796 -0.8518 -0.2447
0.1328 -0.1692 0.0303 0.5794 0.0990
0.9818 -0.0779 0.7499 0.5676 0.4749
-0.1697 0.7280 -0.8214 -0.6542 -0.5397
0.1972 0.5792 -0.6310 0.7132 0.7794
-0.7132 -0.7652 -0.7254 -0.9906 -0.1045