50
200
0 15
0 2
0 25
0 35
0 43
0 24
0 49
1 30
1 2
1 6
1 34
1 44
1 42
1 28
1 5
1 47
1 13
1 12
1 39
2 42
2 8
2 25
2 3
2 15
2 38
3 5
3 42
3 43
3 13
3 7
3 15
3 9
3 37
4 9
4 33
4 23
4 5
4 28
4 17
4 18
4 36
5 6
5 14
5 46
5 24
5 47
5 44
5 42
6 24
6 7
6 30
7 19
7 12
7 31
7 22
7 40
7 27
7 24
7 43
8 10
8 22
8 28
8 13
8 31
8 16
9 41
9 21
9 37
9 28
9 48
10 12
10 33
10 36
10 24
11 12
11 21
11 49
11 36
11 38
11 19
11 13
11 32
11 14
11 35
12 20
12 19
12 37
12 25
12 27
12 32
13 16
13 48
13 38
13 20
13 32
13 24
14 16
14 38
14 39
14 28
14 49
15 34
15 21
15 37
15 17
15 45
15 26
16 32
16 20
16 27
16 33
17 43
17 24
17 40
17 21
18 35
18 24
18 30
18 47
18 46
19 33
19 23
19 22
19 40
19 25
19 35
19 29
20 39
20 36
20 42
20 46
20 22
21 42
21 24
21 25
21 45
22 23
22 35
22 37
22 28
23 45
23 44
23 25
23 27
23 31
23 37
24 46
24 26
24 48
24 34
25 38
25 49
26 39
26 32
26 45
26 43
27 34
27 48
27 45
27 31
28 37
28 31
28 43
28 32
28 29
28 44
29 45
29 40
29 32
29 42
29 38
30 35
30 38
31 32
31 43
31 42
31 45
32 40
32 42
32 37
32 45
32 33
33 49
33 41
34 42
34 47
34 41
35 37
37 44
37 46
37 49
38 48
39 42
39 47
40 46
41 48
42 47
43 45
44 47
45 46
