200 1 10
0 0 1 5 20
1 0 2 5 71
2 0 3 5 38
3 0 4 5 44
4 0 5 5 48
5 0 6 5 61
6 0 7 5 76
7 0 8 5 78
8 0 9 5 79
9 0 10 5 68
10 0 11 5 72
11 0 12 5 52
12 0 13 5 41
13 0 14 5 26
14 0 15 5 49
15 0 16 5 58
16 0 17 5 68
17 0 18 5 74
18 0 19 5 69
19 0 20 5 78
20 0 21 5 40
21 0 22 5 58
22 0 23 5 31
23 0 24 5 56
24 0 25 5 47
25 0 26 5 31
26 0 27 5 46
27 0 28 5 43
28 0 29 5 67
29 0 30 5 33
30 0 31 5 25
31 0 32 5 24
32 0 33 5 49
33 0 34 5 44
34 0 35 5 53
35 0 36 5 44
36 0 37 5 22
37 0 38 5 79
38 0 39 5 29
39 0 40 5 76
40 0 41 5 33
41 0 42 5 45
42 0 43 5 23
43 0 44 5 63
44 0 45 5 43
45 0 46 5 30
46 0 47 5 76
47 0 48 5 71
48 0 49 5 45
49 0 50 5 25
50 0 51 5 65
51 0 52 5 65
52 0 53 5 20
53 0 54 5 33
54 0 55 5 26
55 0 56 5 26
56 0 57 5 61
57 0 58 5 26
58 0 59 5 45
59 0 60 5 56
60 0 61 5 77
61 0 62 5 80
62 0 63 5 61
63 0 64 5 23
64 0 65 5 48
65 0 66 5 45
66 0 67 5 72
67 0 68 5 45
68 0 69 5 76
69 0 70 5 61
70 0 71 5 22
71 0 72 5 68
72 0 73 5 58
73 0 74 5 22
74 0 75 5 80
75 0 76 5 51
76 0 77 5 51
77 0 78 5 33
78 0 79 5 36
79 0 80 5 61
80 0 81 5 57
81 0 82 5 54
82 0 83 5 33
83 0 84 5 62
84 0 85 5 62
85 0 86 5 76
86 0 87 5 61
87 0 88 5 45
88 0 89 5 41
89 0 90 5 60
90 0 91 5 79
91 0 92 5 51
92 0 93 5 58
93 0 94 5 59
94 0 95 5 49
95 0 96 5 31
96 0 97 5 61
97 0 98 5 80
98 0 99 5 20
99 0 100 5 75
100 0 101 5 78
101 0 102 5 55
102 0 103 5 35
103 0 104 5 64
104 0 105 5 37
105 0 106 5 56
106 0 107 5 50
107 0 108 5 60
108 0 109 5 62
109 0 110 5 62
110 0 111 5 73
111 0 112 5 71
112 0 113 5 55
113 0 114 5 54
114 0 115 5 45
115 0 116 5 47
116 0 117 5 66
117 0 118 5 57
118 0 119 5 69
119 0 120 5 52
10000 10000 50 6 193
10001 10000 50 6 29
10002 10000 50 6 239
10003 10000 50 6 2
10004 10000 50 6 264
10005 10000 50 6 27
10006 10000 50 6 285
10007 10000 50 6 11
10008 10000 50 6 183
10009 10000 50 6 24
10010 10000 50 6 181
10011 10000 50 6 20
10012 10000 50 6 240
10013 10000 50 6 23
10014 10000 50 6 227
10015 10000 50 6 15
10016 10000 50 6 182
10017 10000 50 6 4
10018 10000 50 6 166
10019 10000 50 6 19
10020 10000 50 6 152
10021 10000 50 6 26
10022 10000 50 6 161
10023 10000 50 6 30
10024 10000 50 6 160
10025 10000 50 6 13
10026 10000 50 6 223
10027 10000 50 6 22
10028 10000 50 6 271
10029 10000 50 6 12
10030 10000 50 6 264
10031 10000 50 6 6
10032 10000 50 6 185
10033 10000 50 6 6
10034 10000 50 6 164
10035 10000 50 6 26
10036 10000 50 6 174
10037 10000 50 6 23
10038 10000 50 6 181
10039 10000 50 6 6
20000 20000 1000 4 172
20001 20000 1001 4 13
20003 20000 1002 4 157
20004 20000 1003 4 12
20006 20000 1004 4 134
20007 20000 1005 4 13
20009 20000 1006 4 173
20010 20000 1007 4 2
20012 20000 1008 4 156
20013 20000 1009 4 7
20015 20000 1010 4 143
20016 20000 1011 4 12
20018 20000 1012 4 177
20019 20000 1013 4 2
20021 20000 1014 4 182
20022 20000 1015 4 11
20024 20000 1016 4 133
20025 20000 1017 4 7
20027 20000 1018 4 110
20028 20000 1019 4 9
20030 20000 1020 4 176
20031 20000 1021 4 14
20033 20000 1022 4 132
20034 20000 1023 4 11
20036 20000 1024 4 139
20037 20000 1025 4 14
20039 20000 1026 4 114
20040 20000 1027 4 20
20042 20000 1028 4 161
20043 20000 1029 4 13
20045 20000 1030 4 190
20046 20000 1031 4 4
20048 20000 1032 4 150
20049 20000 1033 4 1
20051 20000 1034 4 195
20052 20000 1035 4 9
20054 20000 1036 4 121
20055 20000 1037 4 18
20057 20000 1038 4 188
20058 20000 1039 4 3