100
-1 41 67 -1 33 -1 69 -1 -1 -1 28 -1 34 6 -1 67 -1 -1 -1 -1 -1 -1 -1 -1 -1 68 69 34 -1 26 82 -1 -1 -1 -1 47 28 -1 70 18 71 -1 -1 -1 -1 -1 -1 26 -1 -1 56 24 -1 -1 87 -1 70 -1 70 65 44 -1 28 -1 81 -1 -1 98 12 56 63 29 -1 -1 -1 -1 -1 39 -1 -1 -1 21 41 -1 -1 -1 -1 33 -1 54 23 31 -1 56 -1 -1 -1 3 51 75
-1 -1 -1 -1 -1 72 12 93 -1 10 -1 -1 -1 -1 72 -1 -1 -1 38 -1 -1 54 -1 -1 77 -1 -1 -1 -1 40 30 31 75 -1 12 -1 -1 -1 58 70 -1 -1 -1 3 67 -1 -1 52 18 57 -1 -1 36 -1 -1 65 -1 6 64 53 45 55 29 36 98 54 -1 -1 73 49 -1 94 -1 -1 61 -1 -1 -1 5 90 -1 -1 59 -1 97 19 -1 -1 49 66 65 68 -1 71 8 -1 -1 81 -1 -1
-1 -1 -1 35 69 69 -1 -1 82 85 -1 -1 -1 -1 74 -1 4 91 -1 -1 -1 35 -1 9 -1 71 -1 -1 -1 -1 -1 16 2 100 -1 73 76 10 -1 -1 11 -1 49 -1 -1 80 27 38 69 3 -1 78 -1 13 -1 -1 85 2 35 -1 -1 -1 -1 -1 44 -1 -1 -1 -1 21 -1 46 -1 34 -1 -1 -1 62 -1 -1 41 86 93 24 68 -1 45 96 -1 21 89 73 -1 -1 -1 6 69 49 99 -1
-1 -1 -1 -1 -1 -1 14 -1 -1 22 -1 -1 20 40 -1 8 52 -1 -1 21 -1 70 -1 -1 28 -1 -1 88 63 -1 -1 -1 -1 53 81 -1 -1 -1 40 55 -1 -1 93 -1 -1 23 -1 11 -1 -1 -1 83 48 4 -1 -1 -1 -1 19 49 -1 94 -1 -1 -1 -1 37 -1 -1 -1 2 -1 27 -1 -1 -1 -1 51 88 1 84 11 -1 1 -1 -1 88 -1 80 88 55 15 58 7 -1 -1 -1 31 -1 34
-1 -1 -1 -1 -1 29 -1 59 16 -1 -1 -1 97 18 -1 -1 -1 100 1 -1 64 52 -1 17 -1 -1 51 -1 21 -1 -1 44 -1 -1 15 8 -1 64 -1 84 70 55 -1 49 1 -1 -1 78 93 62 -1 -1 -1 20 -1 -1 61 45 81 25 2 86 78 -1 23 -1 35 54 43 -1 12 -1 -1 8 -1 -1 -1 -1 -1 60 -1 -1 -1 -1 33 -1 11 7 -1 52 22 -1 34 -1 55 -1 -1 -1 -1 -1
-1 -1 -1 -1 -1 -1 -1 49 -1 51 52 -1 86 -1 -1 -1 -1 21 -1 31 -1 9 55 71 -1 89 49 -1 58 63 -1 86 59 5 -1 -1 64 -1 70 -1 -1 -1 -1 -1 -1 -1 -1 79 -1 -1 73 -1 -1 1 -1 -1 25 69 65 -1 76 50 56 29 31 5 64 -1 -1 20 -1 92 40 32 48 -1 -1 -1 -1 -1 67 -1 72 -1 -1 -1 -1 -1 -1 -1 -1 9 -1 -1 41 9 -1 6 -1 56
-1 -1 -1 -1 -1 -1 -1 57 94 -1 32 36 10 59 -1 52 78 -1 -1 -1 -1 65 78 98 -1 75 -1 63 -1 46 -1 -1 5 -1 -1 57 16 -1 -1 -1 -1 -1 73 17 -1 -1 23 -1 41 -1 -1 91 -1 -1 36 21 -1 81 -1 -1 -1 11 28 -1 8 -1 99 -1 10 33 17 51 99 12 56 -1 -1 -1 44 31 64 -1 -1 -1 6 70 96 25 -1 72 83 58 -1 -1 -1 70 88 50 43 -1
-1 -1 -1 -1 -1 -1 -1 -1 15 -1 49 -1 -1 54 -1 -1 -1 46 -1 -1 2 -1 23 25 11 -1 -1 52 -1 16 -1 99 -1 7 46 77 -1 -1 -1 75 18 -1 -1 2 11 -1 18 36 -1 -1 24 -1 -1 -1 -1 100 13 -1 -1 50 4 -1 -1 -1 -1 78 86 43 34 69 -1 -1 -1 21 -1 27 94 98 84 55 -1 -1 70 -1 -1 -1 -1 -1 -1 29 37 -1 -1 -1 -1 -1 14 63 -1 14
-1 -1 -1 -1 -1 -1 -1 -1 -1 -1 -1 61 81 63 -1 -1 46 35 57 -1 12 -1 52 -1 -1 -1 42 -1 -1 91 58 95 -1 25 -1 -1 -1 85 81 -1 29 18 -1 -1 -1 -1 52 -1 -1 3 -1 -1 91 -1 70 -1 -1 -1 96 -1 -1 2 -1 -1 62 13 -1 21 -1 -1 96 92 -1 -1 -1 69 76 87 -1 16 71 31 -1 87 -1 75 -1 78 -1 46 -1 -1 -1 -1 35 -1 82 -1 -1 -1
-1 -1 -1 -1 -1 -1 -1 -1 -1 -1 -1 51 6 -1 83 -1 -1 -1 22 73 -1 -1 64 66 39 2 52 25 -1 2 -1 -1 47 -1 -1 7 3 -1 -1 32 -1 -1 34 -1 -1 -1 74 -1 31 27 62 -1 -1 -1 -1 29 -1 -1 36 -1 -1 86 -1 -1 96 -1 -1 48 34 -1 -1 12 20 -1 -1 90 74 65 -1 63 7 -1 49 85 -1 87 -1 -1 -1 30 -1 -1 10 -1 58 71 26 66 -1 35
-1 -1 -1 -1 -1 -1 -1 -1 -1 -1 -1 12 41 76 16 -1 -1 -1 51 28 87 -1 -1 74 -1 -1 47 -1 9 14 67 -1 24 73 -1 -1 -1 -1 -1 77 -1 -1 6 -1 -1 78 -1 -1 37 -1 26 3 -1 79 -1 -1 -1 -1 82 51 100 12 -1 99 69 -1 11 16 77 4 30 27 81 -1 -1 25 -1 -1 23 -1 92 69 89 -1 2 72 73 71 -1 -1 -1 79 -1 -1 38 39 37 49 89 24
-1 -1 -1 -1 -1 -1 -1 -1 -1 -1 -1 -1 -1 -1 70 67 98 97 24 16 -1 65 -1 -1 23 3 11 85 56 -1 -1 -1 -1 -1 21 -1 -1 -1 9 83 97 -1 35 47 37 -1 33 65 44 -1 -1 92 -1 58 -1 -1 -1 64 58 15 -1 56 -1 -1 76 92 54 -1 -1 58 -1 -1 17 -1 91 -1 52 81 -1 70 46 48 -1 -1 -1 -1 46 11 68 39 -1 63 90 42 89 -1 -1 63 45 59
-1 -1 -1 -1 -1 -1 -1 -1 -1 -1 -1 -1 -1 -1 -1 64 40 -1 28 47 -1 -1 16 -1 -1 -1 21 -1 99 -1 -1 75 66 -1 81 97 -1 65 41 51 44 -1 47 -1 30 -1 96 -1 3 20 73 -1 -1 -1 -1 55 31 88 18 18 86 -1 43 65 73 88 -1 -1 26 -1 94 -1 -1 14 -1 62 47 42 -1 -1 -1 -1 -1 20 -1 22 7 57 75 63 61 52 -1 9 -1 69 63 -1 -1 -1
-1 -1 -1 -1 -1 -1 -1 -1 -1 -1 -1 -1 -1 -1 -1 -1 32 21 -1 6 -1 -1 47 -1 -1 -1 49 -1 79 43 -1 78 69 -1 -1 2 -1 53 -1 -1 68 -1 -1 45 65 -1 19 -1 -1 -1 -1 47 75 85 57 -1 -1 25 -1 95 -1 48 -1 93 40 9 -1 38 -1 56 59 -1 36 19 -1 82 -1 50 -1 97 82 59 11 -1 37 -1 -1 -1 -1 -1 -1 -1 -1 -1 -1 -1 -1 -1 74 78
-1 -1 -1 -1 -1 -1 -1 -1 -1 -1 -1 -1 -1 -1 -1 69 -1 -1 11 50 9 64 -1 -1 -1 -1 30 -1 -1 -1 -1 -1 4 78 98 -1 58 -1 -1 -1 2 -1 87 77 -1 45 -1 -1 65 67 73 21 44 -1 -1 -1 33 41 -1 14 -1 -1 -1 -1 47 -1 -1 31 68 -1 82 40 -1 -1 -1 69 -1 -1 -1 -1 9 -1 -1 -1 -1 39 -1 47 35 42 -1 72 93 32 74 99 90 -1 -1 29
-1 -1 -1 -1 -1 -1 -1 -1 -1 -1 -1 -1 -1 -1 -1 -1 100 -1 10 45 98 -1 5 25 -1 -1 -1 37 -1 -1 -1 21 49 -1 65 -1 -1 -1 -1 -1 -1 -1 8 -1 47 -1 -1 71 -1 27 17 -1 91 19 -1 -1 43 -1 22 33 -1 -1 38 85 -1 -1 68 96 39 5 7 63 99 79 93 19 -1 -1 -1 63 65 -1 -1 -1 -1 -1 -1 -1 100 -1 68 2 -1 -1 -1 79 -1 59 -1 26
-1 -1 -1 -1 -1 -1 -1 -1 -1 -1 -1 -1 -1 -1 -1 -1 -1 99 -1 26 73 95 26 -1 26 -1 41 61 20 100 3 11 1 34 -1 -1 33 70 -1 -1 38 -1 -1 -1 -1 9 29 -1 6 52 -1 -1 51 -1 82 45 -1 21 18 1 -1 68 32 -1 66 79 -1 -1 37 44 -1 -1 62 26 -1 32 46 -1 -1 -1 56 14 66 16 -1 -1 91 -1 2 -1 -1 88 78 -1 -1 49 -1 -1 31 -1
-1 -1 -1 -1 -1 -1 -1 -1 -1 -1 -1 -1 -1 -1 -1 -1 -1 -1 -1 -1 -1 -1 -1 16 -1 15 -1 -1 27 -1 26 99 94 -1 98 -1 80 -1 -1 56 60 -1 -1 -1 -1 -1 68 48 -1 62 59 80 -1 -1 -1 -1 -1 83 16 25 -1 -1 6 -1 -1 -1 -1 -1 84 96 -1 8 75 -1 -1 -1 -1 20 -1 68 -1 78 26 -1 -1 22 38 2 -1 -1 -1 -1 -1 -1 24 -1 -1 39 -1 97
-1 -1 -1 -1 -1 -1 -1 -1 -1 -1 -1 -1 -1 -1 -1 -1 -1 -1 -1 -1 -1 -1 10 -1 89 -1 -1 9 -1 -1 -1 84 -1 -1 46 99 79 -1 -1 -1 53 -1 65 29 62 31 65 -1 -1 -1 49 -1 -1 37 -1 25 71 86 36 98 -1 58 -1 -1 -1 33 -1 -1 18 22 -1 42 -1 27 -1 -1 14 60 37 5 -1 -1 -1 -1 3 30 59 -1 86 -1 54 -1 -1 -1 -1 58 15 -1 -1 -1
-1 -1 -1 -1 -1 -1 -1 -1 -1 -1 -1 -1 -1 -1 -1 -1 -1 -1 -1 -1 81 -1 55 -1 -1 70 -1 -1 -1 93 82 -1 28 -1 -1 68 69 -1 63 13 28 86 53 -1 87 -1 -1 12 2 -1 -1 -1 -1 21 -1 -1 68 1 58 -1 -1 -1 99 4 13 52 7 40 5 40 -1 27 -1 -1 -1 -1 81 2 5 -1 46 -1 15 66 -1 67 91 11 -1 -1 -1 58 8 66 16 -1 -1 99 90 -1
-1 -1 -1 -1 -1 -1 -1 -1 -1 -1 -1 -1 -1 -1 -1 -1 -1 -1 -1 -1 -1 29 -1 30 -1 -1 -1 -1 -1 -1 11 77 58 14 -1 -1 23 88 77 -1 -1 46 -1 -1 63 56 85 27 -1 -1 -1 90 33 3 96 66 4 -1 -1 4 20 -1 90 -1 34 -1 18 82 -1 77 99 -1 45 -1 24 -1 -1 -1 73 -1 41 10 17 23 86 -1 100 -1 58 -1 37 -1 -1 98 92 13 54 -1 94 4
-1 -1 -1 -1 -1 -1 -1 -1 -1 -1 -1 -1 -1 -1 -1 -1 -1 -1 -1 -1 -1 -1 39 -1 -1 1 -1 11 -1 -1 -1 -1 100 95 88 21 -1 -1 -1 25 90 74 -1 89 19 40 19 13 -1 80 -1 8 90 -1 34 -1 38 -1 -1 -1 -1 49 -1 92 -1 -1 -1 -1 14 -1 -1 -1 -1 -1 -1 35 -1 -1 14 -1 -1 -1 -1 27 -1 75 71 45 -1 -1 19 -1 82 8 -1 83 -1 43 90 90
-1 -1 -1 -1 -1 -1 -1 -1 -1 -1 -1 -1 -1 -1 -1 -1 -1 -1 -1 -1 -1 -1 -1 -1 -1 81 29 98 61 -1 -1 -1 90 87 -1 -1 54 88 -1 84 -1 18 -1 19 66 78 32 77 52 83 -1 -1 -1 29 -1 58 -1 -1 8 -1 -1 85 62 -1 3 77 -1 44 -1 17 -1 -1 26 -1 78 -1 45 89 69 -1 87 56 -1 62 -1 -1 -1 46 85 11 70 -1 12 -1 73 28 11 -1 -1 74
-1 -1 -1 -1 -1 -1 -1 -1 -1 -1 -1 -1 -1 -1 -1 -1 -1 -1 -1 -1 -1 -1 -1 -1 -1 -1 35 -1 -1 20 25 -1 -1 -1 5 6 39 -1 56 -1 19 92 37 -1 -1 -1 -1 88 -1 -1 94 -1 -1 -1 9 96 -1 -1 30 79 -1 -1 65 40 100 -1 100 -1 78 62 -1 99 -1 -1 26 -1 64 -1 -1 -1 -1 54 14 -1 6 25 -1 14 -1 68 71 -1 19 66 -1 -1 -1 -1 15 81
-1 -1 -1 -1 -1 -1 -1 -1 -1 -1 -1 -1 -1 -1 -1 -1 -1 -1 -1 -1 -1 -1 -1 -1 -1 -1 26 -1 -1 41 -1 -1 46 -1 40 -1 -1 -1 -1 62 18 -1 -1 26 37 35 -1 -1 92 24 -1 -1 79 -1 -1 7 83 -1 -1 -1 37 24 -1 -1 1 38 -1 47 82 42 -1 -1 79 -1 38 -1 -1 -1 56 -1 -1 -1 -1 57 -1 -1 24 -1 1 -1 47 -1 91 -1 13 -1 -1 11 88 -1
-1 -1 -1 -1 -1 -1 -1 -1 -1 -1 -1 -1 -1 -1 -1 -1 -1 -1 -1 -1 -1 -1 -1 -1 -1 -1 -1 -1 93 -1 -1 -1 60 -1 -1 94 86 28 -1 -1 39 68 -1 63 -1 2 -1 -1 17 77 5 -1 99 71 -1 -1 59 71 26 -1 -1 85 -1 41 72 -1 18 -1 91 -1 -1 -1 -1 62 77 -1 -1 -1 19 -1 -1 92 -1 -1 20 -1 16 46 38 88 -1 24 -1 -1 -1 8 -1 -1 -1 -1
-1 -1 -1 -1 -1 -1 -1 -1 -1 -1 -1 -1 -1 -1 -1 -1 -1 -1 -1 -1 -1 -1 -1 -1 -1 -1 -1 36 -1 -1 33 -1 -1 -1 63 56 72 -1 41 12 20 1 98 54 -1 29 -1 87 -1 -1 4 -1 -1 53 50 28 -1 9 -1 -1 71 -1 82 -1 47 -1 81 15 86 92 41 78 -1 28 -1 71 99 -1 48 35 44 26 17 91 -1 72 -1 -1 84 -1 6 -1 -1 -1 76 -1 -1 -1 -1 24
-1 -1 -1 -1 -1 -1 -1 -1 -1 -1 -1 -1 -1 -1 -1 -1 -1 -1 -1 -1 -1 -1 -1 -1 -1 -1 -1 -1 69 2 -1 25 -1 -1 52 89 16 -1 -1 58 44 37 21 38 -1 60 98 -1 -1 78 -1 -1 53 37 12 27 -1 83 -1 -1 15 32 -1 -1 -1 -1 -1 79 -1 33 -1 36 -1 -1 -1 -1 8 60 -1 -1 20 -1 98 -1 30 3 19 18 -1 82 -1 48 -1 43 53 88 90 44 -1 -1
-1 -1 -1 -1 -1 -1 -1 -1 -1 -1 -1 -1 -1 -1 -1 -1 -1 -1 -1 -1 -1 -1 -1 -1 -1 -1 -1 -1 -1 -1 -1 89 -1 4 20 47 82 -1 -1 18 36 -1 19 -1 -1 66 -1 -1 12 -1 -1 43 29 7 88 28 72 -1 83 -1 -1 28 69 -1 2 4 11 85 96 66 90 1 -1 -1 21 38 82 62 -1 -1 99 71 24 68 -1 41 -1 -1 -1 83 -1 80 16 -1 62 47 86 -1 -1 -1
-1 -1 -1 -1 -1 -1 -1 -1 -1 -1 -1 -1 -1 -1 -1 -1 -1 -1 -1 -1 -1 -1 -1 -1 -1 -1 -1 -1 -1 -1 7 -1 -1 -1 -1 -1 40 -1 6 55 20 90 -1 12 68 95 86 -1 -1 81 -1 52 -1 69 -1 -1 84 -1 69 -1 -1 -1 -1 84 21 -1 60 35 94 -1 35 24 66 28 66 -1 78 -1 -1 29 -1 94 12 -1 66 -1 42 -1 57 -1 -1 -1 53 -1 -1 -1 67 -1 94 29
-1 -1 -1 -1 -1 -1 -1 -1 -1 -1 -1 -1 -1 -1 -1 -1 -1 -1 -1 -1 -1 -1 -1 -1 -1 -1 -1 -1 -1 -1 -1 72 78 -1 -1 -1 -1 -1 -1 27 -1 -1 -1 -1 84 -1 -1 84 -1 34 70 13 -1 53 7 -1 33 69 70 -1 59 -1 -1 -1 -1 14 96 -1 69 93 -1 -1 79 -1 9 -1 -1 -1 -1 95 -1 12 -1 49 21 29 -1 -1 -1 70 -1 -1 88 83 62 -1 -1 -1 -1 12
-1 -1 -1 -1 -1 -1 -1 -1 -1 -1 -1 -1 -1 -1 -1 -1 -1 -1 -1 -1 -1 -1 -1 -1 -1 -1 -1 -1 -1 -1 -1 -1 -1 -1 94 -1 33 -1 -1 54 -1 84 -1 45 2 85 -1 23 -1 94 35 -1 49 -1 96 4 99 -1 51 -1 22 -1 -1 55 -1 100 -1 26 -1 30 21 99 -1 74 -1 -1 -1 -1 -1 45 14 -1 24 -1 43 89 33 -1 -1 64 29 15 -1 -1 40 83 53 64 -1 85
-1 -1 -1 -1 -1 -1 -1 -1 -1 -1 -1 -1 -1 -1 -1 -1 -1 -1 -1 -1 -1 -1 -1 -1 -1 -1 -1 -1 -1 -1 -1 -1 -1 59 96 90 75 18 -1 -1 -1 -1 6 -1 30 -1 87 -1 -1 67 -1 61 -1 -1 47 56 18 -1 31 -1 35 65 -1 -1 75 -1 48 -1 92 42 21 -1 -1 -1 35 -1 5 -1 -1 -1 92 84 8 40 -1 -1 -1 -1 -1 -1 77 20 36 -1 63 -1 30 47 -1 100
-1 -1 -1 -1 -1 -1 -1 -1 -1 -1 -1 -1 -1 -1 -1 -1 -1 -1 -1 -1 -1 -1 -1 -1 -1 -1 -1 -1 -1 -1 -1 -1 -1 -1 -1 -1 -1 8 -1 66 74 39 -1 -1 -1 90 58 -1 -1 28 62 -1 -1 -1 -1 57 21 -1 85 -1 53 -1 17 -1 46 46 41 -1 -1 -1 -1 -1 -1 49 69 -1 15 -1 62 -1 45 -1 -1 -1 -1 99 85 -1 93 -1 33 6 5 68 -1 -1 37 60 -1 -1
-1 -1 -1 -1 -1 -1 -1 -1 -1 -1 -1 -1 -1 -1 -1 -1 -1 -1 -1 -1 -1 -1 -1 -1 -1 -1 -1 -1 -1 -1 -1 -1 -1 -1 -1 84 11 -1 42 7 95 -1 100 68 -1 -1 61 -1 32 20 63 -1 100 -1 -1 72 -1 79 -1 -1 -1 8 11 -1 -1 -1 -1 -1 1 1 -1 -1 26 32 -1 -1 -1 -1 -1 -1 -1 -1 67 72 19 -1 -1 93 10 -1 79 82 61 -1 -1 -1 -1 -1 86 -1
-1 -1 -1 -1 -1 -1 -1 -1 -1 -1 -1 -1 -1 -1 -1 -1 -1 -1 -1 -1 -1 -1 -1 -1 -1 -1 -1 -1 -1 -1 -1 -1 -1 -1 -1 -1 26 -1 25 46 46 -1 6 -1 -1 6 39 -1 44 -1 -1 41 7 -1 -1 -1 -1 72 55 -1 -1 -1 46 73 91 36 83 64 -1 93 -1 -1 -1 83 -1 -1 38 24 -1 94 -1 -1 -1 29 45 -1 32 84 -1 18 1 -1 77 80 90 33 -1 -1 -1 -1
-1 -1 -1 -1 -1 -1 -1 -1 -1 -1 -1 -1 -1 -1 -1 -1 -1 -1 -1 -1 -1 -1 -1 -1 -1 -1 -1 -1 -1 -1 -1 -1 -1 -1 -1 -1 -1 13 5 16 60 -1 -1 95 76 -1 8 49 8 87 -1 -1 61 -1 -1 -1 -1 -1 -1 14 -1 41 4 64 -1 61 12 -1 59 -1 -1 67 47 44 -1 76 -1 65 -1 -1 -1 53 -1 87 85 22 38 97 67 -1 -1 24 56 -1 1 -1 2 4 -1 72
-1 -1 -1 -1 -1 -1 -1 -1 -1 -1 -1 -1 -1 -1 -1 -1 -1 -1 -1 -1 -1 -1 -1 -1 -1 -1 -1 -1 -1 -1 -1 -1 -1 -1 -1 -1 -1 -1 71 -1 -1 -1 75 23 7 76 -1 -1 49 -1 -1 33 27 98 5 67 -1 -1 -1 1 11 -1 96 -1 -1 74 94 -1 64 25 60 -1 2 -1 97 -1 22 64 -1 86 45 -1 4 -1 -1 -1 -1 40 -1 99 7 -1 14 68 70 54 -1 52 2 -1
-1 -1 -1 -1 -1 -1 -1 -1 -1 -1 -1 -1 -1 -1 -1 -1 -1 -1 -1 -1 -1 -1 -1 -1 -1 -1 -1 -1 -1 -1 -1 -1 -1 -1 -1 -1 -1 -1 -1 -1 3 50 -1 1 11 91 9 49 -1 74 19 69 -1 -1 24 71 -1 71 -1 65 -1 69 -1 79 38 -1 79 16 -1 -1 61 -1 63 17 40 82 91 38 -1 -1 -1 -1 13 -1 80 57 53 93 30 43 -1 28 -1 -1 34 30 -1 -1 -1 48
-1 -1 -1 -1 -1 -1 -1 -1 -1 -1 -1 -1 -1 -1 -1 -1 -1 -1 -1 -1 -1 -1 -1 -1 -1 -1 -1 -1 -1 -1 -1 -1 -1 -1 -1 -1 -1 -1 -1 -1 74 78 46 -1 81 -1 37 72 -1 67 20 -1 -1 -1 13 3 -1 34 16 81 -1 -1 25 45 -1 10 -1 -1 21 25 52 75 42 -1 90 -1 81 75 59 31 -1 69 26 -1 58 -1 54 -1 39 -1 83 -1 67 80 -1 59 -1 -1 -1 -1
-1 -1 -1 -1 -1 -1 -1 -1 -1 -1 -1 -1 -1 -1 -1 -1 -1 -1 -1 -1 -1 -1 -1 -1 -1 -1 -1 -1 -1 -1 -1 -1 -1 -1 -1 -1 -1 -1 -1 -1 -1 -1 -1 45 -1 35 -1 47 87 52 -1 -1 4 72 76 -1 -1 46 19 -1 90 6 85 43 58 99 64 18 21 -1 6 -1 67 29 79 72 64 -1 -1 93 -1 55 17 39 -1 94 -1 -1 4 24 -1 70 -1 -1 -1 66 36 86 -1 85
-1 -1 -1 -1 -1 -1 -1 -1 -1 -1 -1 -1 -1 -1 -1 -1 -1 -1 -1 -1 -1 -1 -1 -1 -1 -1 -1 -1 -1 -1 -1 -1 -1 -1 -1 -1 -1 -1 -1 -1 -1 -1 -1 -1 -1 -1 43 87 -1 -1 43 -1 66 22 -1 -1 42 18 60 -1 -1 -1 -1 98 60 99 43 62 97 -1 -1 17 -1 -1 -1 20 54 -1 97 61 76 16 18 78 52 17 5 -1 -1 41 57 76 91 -1 -1 -1 -1 57 -1 -1
-1 -1 -1 -1 -1 -1 -1 -1 -1 -1 -1 -1 -1 -1 -1 -1 -1 -1 -1 -1 -1 -1 -1 -1 -1 -1 -1 -1 -1 -1 -1 -1 -1 -1 -1 -1 -1 -1 -1 -1 -1 -1 -1 33 69 10 -1 -1 47 15 43 4 20 -1 -1 -1 -1 37 47 12 -1 84 -1 -1 -1 8 84 -1 2 32 -1 86 -1 47 30 8 -1 -1 -1 59 18 79 66 58 -1 -1 -1 -1 -1 43 29 -1 11 -1 46 54 -1 -1 40 39
-1 -1 -1 -1 -1 -1 -1 -1 -1 -1 -1 -1 -1 -1 -1 -1 -1 -1 -1 -1 -1 -1 -1 -1 -1 -1 -1 -1 -1 -1 -1 -1 -1 -1 -1 -1 -1 -1 -1 -1 -1 -1 -1 -1 -1 64 -1 79 29 82 -1 97 -1 52 -1 74 -1 -1 92 -1 -1 -1 79 -1 7 51 -1 -1 -1 -1 -1 43 45 84 36 82 3 -1 -1 -1 31 -1 37 26 -1 6 73 25 70 -1 49 -1 -1 -1 -1 57 -1 -1 15 20
-1 -1 -1 -1 -1 -1 -1 -1 -1 -1 -1 -1 -1 -1 -1 -1 -1 -1 -1 -1 -1 -1 -1 -1 -1 -1 -1 -1 -1 -1 -1 -1 -1 -1 -1 -1 -1 -1 -1 -1 -1 -1 -1 -1 -1 94 -1 -1 78 -1 -1 68 83 3 37 -1 25 -1 74 -1 14 -1 -1 -1 4 82 20 58 71 -1 86 63 74 -1 -1 36 13 -1 26 74 72 -1 -1 81 61 -1 94 3 -1 -1 63 32 2 18 71 34 41 -1 32 -1
-1 -1 -1 -1 -1 -1 -1 -1 -1 -1 -1 -1 -1 -1 -1 -1 -1 -1 -1 -1 -1 -1 -1 -1 -1 -1 -1 -1 -1 -1 -1 -1 -1 -1 -1 -1 -1 -1 -1 -1 -1 -1 -1 -1 -1 -1 97 -1 -1 61 -1 -1 -1 -1 -1 -1 -1 33 -1 -1 100 -1 79 68 21 53 -1 -1 59 29 18 -1 24 -1 61 26 36 72 -1 37 79 -1 -1 55 -1 -1 -1 -1 -1 93 25 -1 -1 -1 96 46 14 99 -1 -1
-1 -1 -1 -1 -1 -1 -1 -1 -1 -1 -1 -1 -1 -1 -1 -1 -1 -1 -1 -1 -1 -1 -1 -1 -1 -1 -1 -1 -1 -1 -1 -1 -1 -1 -1 -1 -1 -1 -1 -1 -1 -1 -1 -1 -1 -1 -1 98 -1 68 -1 -1 94 -1 36 -1 72 -1 8 100 6 -1 95 53 -1 54 23 47 81 91 68 92 -1 11 66 70 31 -1 32 63 46 80 3 28 -1 79 -1 -1 86 -1 -1 -1 15 -1 90 90 82 58 -1 -1
-1 -1 -1 -1 -1 -1 -1 -1 -1 -1 -1 -1 -1 -1 -1 -1 -1 -1 -1 -1 -1 -1 -1 -1 -1 -1 -1 -1 -1 -1 -1 -1 -1 -1 -1 -1 -1 -1 -1 -1 -1 -1 -1 -1 -1 -1 -1 -1 -1 -1 -1 71 76 -1 -1 40 25 3 -1 8 97 36 -1 -1 -1 61 29 -1 -1 -1 -1 -1 -1 -1 -1 -1 74 83 82 88 -1 40 55 -1 -1 80 33 -1 -1 -1 -1 73 96 44 95 21 -1 -1 77 70
-1 -1 -1 -1 -1 -1 -1 -1 -1 -1 -1 -1 -1 -1 -1 -1 -1 -1 -1 -1 -1 -1 -1 -1 -1 -1 -1 -1 -1 -1 -1 -1 -1 -1 -1 -1 -1 -1 -1 -1 -1 -1 -1 -1 -1 -1 -1 -1 -1 -1 74 -1 66 -1 -1 94 -1 69 -1 11 -1 -1 -1 85 64 -1 25 74 79 46 -1 63 -1 -1 100 52 6 -1 -1 81 -1 -1 2 -1 -1 -1 -1 90 -1 44 -1 16 52 2 -1 -1 -1 48 -1 -1
-1 -1 -1 -1 -1 -1 -1 -1 -1 -1 -1 -1 -1 -1 -1 -1 -1 -1 -1 -1 -1 -1 -1 -1 -1 -1 -1 -1 -1 -1 -1 -1 -1 -1 -1 -1 -1 -1 -1 -1 -1 -1 -1 -1 -1 -1 -1 -1 -1 -1 29 -1 -1 -1 7 -1 -1 24 -1 -1 -1 -1 -1 94 18 -1 53 -1 82 -1 27 -1 -1 54 26 34 11 -1 -1 81 92 74 -1 83 91 4 55 8 23 -1 -1 23 23 -1 65 28 -1 13 10 24
-1 -1 -1 -1 -1 -1 -1 -1 -1 -1 -1 -1 -1 -1 -1 -1 -1 -1 -1 -1 -1 -1 -1 -1 -1 -1 -1 -1 -1 -1 -1 -1 -1 -1 -1 -1 -1 -1 -1 -1 -1 -1 -1 -1 -1 -1 -1 -1 -1 -1 -1 -1 23 -1 13 58 -1 -1 -1 -1 64 -1 -1 -1 -1 39 -1 -1 -1 -1 71 17 -1 31 54 6 -1 26 -1 -1 25 -1 -1 -1 73 -1 -1 -1 89 17 -1 15 21 71 86 -1 -1 59 36 28
-1 -1 -1 -1 -1 -1 -1 -1 -1 -1 -1 -1 -1 -1 -1 -1 -1 -1 -1 -1 -1 -1 -1 -1 -1 -1 -1 -1 -1 -1 -1 -1 -1 -1 -1 -1 -1 -1 -1 -1 -1 -1 -1 -1 -1 -1 -1 -1 -1 -1 -1 -1 74 -1 1 75 28 -1 96 45 32 -1 -1 -1 85 -1 -1 -1 77 -1 4 98 -1 -1 28 -1 95 -1 29 -1 13 -1 70 92 -1 92 -1 44 78 50 -1 -1 -1 59 -1 -1 -1 80 93 -1
-1 -1 -1 -1 -1 -1 -1 -1 -1 -1 -1 -1 -1 -1 -1 -1 -1 -1 -1 -1 -1 -1 -1 -1 -1 -1 -1 -1 -1 -1 -1 -1 -1 -1 -1 -1 -1 -1 -1 -1 -1 -1 -1 -1 -1 -1 -1 -1 -1 -1 -1 -1 -1 83 -1 -1 -1 -1 -1 95 -1 -1 56 -1 100 -1 95 39 54 -1 69 81 -1 -1 11 42 68 24 87 37 -1 18 84 53 11 48 -1 94 93 -1 -1 11 -1 -1 41 2 -1 2 50 11
-1 -1 -1 -1 -1 -1 -1 -1 -1 -1 -1 -1 -1 -1 -1 -1 -1 -1 -1 -1 -1 -1 -1 -1 -1 -1 -1 -1 -1 -1 -1 -1 -1 -1 -1 -1 -1 -1 -1 -1 -1 -1 -1 -1 -1 -1 -1 -1 -1 -1 -1 -1 -1 -1 19 -1 74 -1 89 37 75 -1 -1 41 49 96 -1 -1 -1 -1 4 -1 -1 52 -1 97 1 61 78 -1 33 14 8 -1 -1 21 -1 -1 -1 85 96 5 27 -1 59 52 -1 42 75 89
-1 -1 -1 -1 -1 -1 -1 -1 -1 -1 -1 -1 -1 -1 -1 -1 -1 -1 -1 -1 -1 -1 -1 -1 -1 -1 -1 -1 -1 -1 -1 -1 -1 -1 -1 -1 -1 -1 -1 -1 -1 -1 -1 -1 -1 -1 -1 -1 -1 -1 -1 -1 -1 -1 -1 -1 -1 -1 62 15 -1 48 45 -1 -1 50 21 77 22 -1 68 -1 -1 -1 -1 13 -1 -1 52 66 -1 -1 18 -1 -1 84 -1 -1 -1 28 -1 -1 11 -1 -1 47 93 -1 -1 36
-1 -1 -1 -1 -1 -1 -1 -1 -1 -1 -1 -1 -1 -1 -1 -1 -1 -1 -1 -1 -1 -1 -1 -1 -1 -1 -1 -1 -1 -1 -1 -1 -1 -1 -1 -1 -1 -1 -1 -1 -1 -1 -1 -1 -1 -1 -1 -1 -1 -1 -1 -1 -1 -1 -1 -1 -1 82 93 -1 -1 -1 -1 -1 -1 5 76 -1 32 -1 36 -1 -1 86 -1 22 -1 41 54 -1 35 -1 75 -1 -1 79 -1 -1 -1 64 48 81 -1 1 -1 -1 42 -1 -1 6
-1 -1 -1 -1 -1 -1 -1 -1 -1 -1 -1 -1 -1 -1 -1 -1 -1 -1 -1 -1 -1 -1 -1 -1 -1 -1 -1 -1 -1 -1 -1 -1 -1 -1 -1 -1 -1 -1 -1 -1 -1 -1 -1 -1 -1 -1 -1 -1 -1 -1 -1 -1 -1 -1 -1 -1 -1 100 -1 47 -1 -1 48 -1 3 31 75 8 -1 84 -1 96 -1 94 -1 -1 -1 13 -1 -1 26 -1 -1 -1 69 92 15 -1 71 93 88 -1 74 83 42 66 76 -1 -1 78
-1 -1 -1 -1 -1 -1 -1 -1 -1 -1 -1 -1 -1 -1 -1 -1 -1 -1 -1 -1 -1 -1 -1 -1 -1 -1 -1 -1 -1 -1 -1 -1 -1 -1 -1 -1 -1 -1 -1 -1 -1 -1 -1 -1 -1 -1 -1 -1 -1 -1 -1 -1 -1 -1 -1 -1 -1 -1 -1 86 31 20 -1 91 73 -1 -1 -1 -1 -1 75 -1 85 -1 -1 -1 -1 20 -1 -1 74 53 -1 63 -1 80 -1 -1 4 66 -1 -1 -1 82 84 13 -1 -1 -1 -1
-1 -1 -1 -1 -1 -1 -1 -1 -1 -1 -1 -1 -1 -1 -1 -1 -1 -1 -1 -1 -1 -1 -1 -1 -1 -1 -1 -1 -1 -1 -1 -1 -1 -1 -1 -1 -1 -1 -1 -1 -1 -1 -1 -1 -1 -1 -1 -1 -1 -1 -1 -1 -1 -1 -1 -1 -1 -1 -1 -1 75 64 -1 85 86 -1 -1 -1 6 5 -1 -1 -1 -1 -1 -1 -1 53 -1 -1 81 -1 -1 -1 3 -1 79 94 -1 -1 36 40 100 -1 91 -1 -1 -1 38 76
-1 -1 -1 -1 -1 -1 -1 -1 -1 -1 -1 -1 -1 -1 -1 -1 -1 -1 -1 -1 -1 -1 -1 -1 -1 -1 -1 -1 -1 -1 -1 -1 -1 -1 -1 -1 -1 -1 -1 -1 -1 -1 -1 -1 -1 -1 -1 -1 -1 -1 -1 -1 -1 -1 -1 -1 -1 -1 -1 -1 48 -1 -1 20 86 96 27 -1 87 -1 59 52 -1 10 -1 1 -1 1 76 -1 -1 52 2 39 -1 -1 100 17 47 28 -1 21 40 5 43 -1 46 -1 85 27
-1 -1 -1 -1 -1 -1 -1 -1 -1 -1 -1 -1 -1 -1 -1 -1 -1 -1 -1 -1 -1 -1 -1 -1 -1 -1 -1 -1 -1 -1 -1 -1 -1 -1 -1 -1 -1 -1 -1 -1 -1 -1 -1 -1 -1 -1 -1 -1 -1 -1 -1 -1 -1 -1 -1 -1 -1 -1 -1 -1 -1 23 -1 -1 14 -1 88 63 -1 36 -1 67 22 82 36 34 56 -1 -1 72 62 -1 -1 -1 55 67 100 16 -1 61 36 31 67 79 -1 33 23 19 71 -1
-1 -1 -1 -1 -1 -1 -1 -1 -1 -1 -1 -1 -1 -1 -1 -1 -1 -1 -1 -1 -1 -1 -1 -1 -1 -1 -1 -1 -1 -1 -1 -1 -1 -1 -1 -1 -1 -1 -1 -1 -1 -1 -1 -1 -1 -1 -1 -1 -1 -1 -1 -1 -1 -1 -1 -1 -1 -1 -1 -1 -1 -1 -1 36 46 -1 -1 -1 -1 -1 46 -1 39 -1 98 11 86 -1 -1 97 -1 -1 -1 2 2 78 24 22 49 -1 73 4 35 72 36 -1 66 99 -1 95
-1 -1 -1 -1 -1 -1 -1 -1 -1 -1 -1 -1 -1 -1 -1 -1 -1 -1 -1 -1 -1 -1 -1 -1 -1 -1 -1 -1 -1 -1 -1 -1 -1 -1 -1 -1 -1 -1 -1 -1 -1 -1 -1 -1 -1 -1 -1 -1 -1 -1 -1 -1 -1 -1 -1 -1 -1 -1 -1 -1 -1 -1 -1 -1 -1 10 88 78 53 -1 -1 14 68 12 23 -1 46 -1 69 -1 75 66 70 40 -1 42 -1 82 34 -1 -1 -1 -1 -1 -1 -1 55 86 -1 68
-1 -1 -1 -1 -1 -1 -1 -1 -1 -1 -1 -1 -1 -1 -1 -1 -1 -1 -1 -1 -1 -1 -1 -1 -1 -1 -1 -1 -1 -1 -1 -1 -1 -1 -1 -1 -1 -1 -1 -1 -1 -1 -1 -1 -1 -1 -1 -1 -1 -1 -1 -1 -1 -1 -1 -1 -1 -1 -1 -1 -1 -1 -1 -1 28 -1 -1 59 25 62 23 90 -1 77 -1 -1 -1 32 11 -1 71 75 -1 11 51 -1 -1 49 38 32 38 68 -1 -1 66 61 -1 91 -1 -1
-1 -1 -1 -1 -1 -1 -1 -1 -1 -1 -1 -1 -1 -1 -1 -1 -1 -1 -1 -1 -1 -1 -1 -1 -1 -1 -1 -1 -1 -1 -1 -1 -1 -1 -1 -1 -1 -1 -1 -1 -1 -1 -1 -1 -1 -1 -1 -1 -1 -1 -1 -1 -1 -1 -1 -1 -1 -1 -1 -1 -1 -1 -1 -1 -1 -1 -1 55 -1 -1 -1 -1 -1 12 -1 -1 6 -1 -1 -1 8 -1 -1 -1 -1 -1 -1 66 81 -1 -1 76 75 -1 -1 56 -1 -1 89 -1
-1 -1 -1 -1 -1 -1 -1 -1 -1 -1 -1 -1 -1 -1 -1 -1 -1 -1 -1 -1 -1 -1 -1 -1 -1 -1 -1 -1 -1 -1 -1 -1 -1 -1 -1 -1 -1 -1 -1 -1 -1 -1 -1 -1 -1 -1 -1 -1 -1 -1 -1 -1 -1 -1 -1 -1 -1 -1 -1 -1 -1 -1 -1 -1 -1 -1 -1 -1 98 77 72 79 31 -1 21 -1 -1 42 -1 -1 -1 -1 -1 75 -1 -1 -1 85 51 -1 -1 35 13 12 -1 51 -1 -1 47 10
-1 -1 -1 -1 -1 -1 -1 -1 -1 -1 -1 -1 -1 -1 -1 -1 -1 -1 -1 -1 -1 -1 -1 -1 -1 -1 -1 -1 -1 -1 -1 -1 -1 -1 -1 -1 -1 -1 -1 -1 -1 -1 -1 -1 -1 -1 -1 -1 -1 -1 -1 -1 -1 -1 -1 -1 -1 -1 -1 -1 -1 -1 -1 -1 -1 -1 -1 -1 -1 56 89 -1 84 -1 -1 -1 88 -1 25 7 -1 12 64 26 51 88 42 75 76 94 -1 67 -1 -1 -1 -1 44 -1 64 87
-1 -1 -1 -1 -1 -1 -1 -1 -1 -1 -1 -1 -1 -1 -1 -1 -1 -1 -1 -1 -1 -1 -1 -1 -1 -1 -1 -1 -1 -1 -1 -1 -1 -1 -1 -1 -1 -1 -1 -1 -1 -1 -1 -1 -1 -1 -1 -1 -1 -1 -1 -1 -1 -1 -1 -1 -1 -1 -1 -1 -1 -1 -1 -1 -1 -1 -1 -1 90 36 -1 47 -1 -1 -1 17 -1 -1 88 58 -1 98 47 46 -1 -1 99 -1 -1 -1 -1 88 5 74 -1 75 84 48 59 46
-1 -1 -1 -1 -1 -1 -1 -1 -1 -1 -1 -1 -1 -1 -1 -1 -1 -1 -1 -1 -1 -1 -1 -1 -1 -1 -1 -1 -1 -1 -1 -1 -1 -1 -1 -1 -1 -1 -1 -1 -1 -1 -1 -1 -1 -1 -1 -1 -1 -1 -1 -1 -1 -1 -1 -1 -1 -1 -1 -1 -1 -1 -1 -1 -1 -1 -1 -1 -1 53 13 35 76 -1 -1 84 82 -1 -1 31 40 14 45 27 67 -1 21 77 34 -1 -1 -1 -1 -1 -1 -1 3 90 -1 41
-1 -1 -1 -1 -1 -1 -1 -1 -1 -1 -1 -1 -1 -1 -1 -1 -1 -1 -1 -1 -1 -1 -1 -1 -1 -1 -1 -1 -1 -1 -1 -1 -1 -1 -1 -1 -1 -1 -1 -1 -1 -1 -1 -1 -1 -1 -1 -1 -1 -1 -1 -1 -1 -1 -1 -1 -1 -1 -1 -1 -1 -1 -1 -1 -1 -1 -1 -1 -1 -1 -1 -1 70 3 -1 -1 -1 41 51 -1 71 50 16 73 -1 72 74 47 -1 -1 52 -1 5 29 -1 -1 25 -1 11 -1
-1 -1 -1 -1 -1 -1 -1 -1 -1 -1 -1 -1 -1 -1 -1 -1 -1 -1 -1 -1 -1 -1 -1 -1 -1 -1 -1 -1 -1 -1 -1 -1 -1 -1 -1 -1 -1 -1 -1 -1 -1 -1 -1 -1 -1 -1 -1 -1 -1 -1 -1 -1 -1 -1 -1 -1 -1 -1 -1 -1 -1 -1 -1 -1 -1 -1 -1 -1 -1 -1 -1 64 27 100 -1 -1 61 50 60 25 93 -1 98 91 12 -1 -1 23 -1 -1 -1 -1 -1 91 52 27 -1 -1 -1 -1
-1 -1 -1 -1 -1 -1 -1 -1 -1 -1 -1 -1 -1 -1 -1 -1 -1 -1 -1 -1 -1 -1 -1 -1 -1 -1 -1 -1 -1 -1 -1 -1 -1 -1 -1 -1 -1 -1 -1 -1 -1 -1 -1 -1 -1 -1 -1 -1 -1 -1 -1 -1 -1 -1 -1 -1 -1 -1 -1 -1 -1 -1 -1 -1 -1 -1 -1 -1 -1 -1 -1 -1 -1 -1 -1 -1 -1 64 -1 87 100 11 53 98 100 41 -1 44 -1 15 -1 71 68 5 34 81 48 -1 10 97
-1 -1 -1 -1 -1 -1 -1 -1 -1 -1 -1 -1 -1 -1 -1 -1 -1 -1 -1 -1 -1 -1 -1 -1 -1 -1 -1 -1 -1 -1 -1 -1 -1 -1 -1 -1 -1 -1 -1 -1 -1 -1 -1 -1 -1 -1 -1 -1 -1 -1 -1 -1 -1 -1 -1 -1 -1 -1 -1 -1 -1 -1 -1 -1 -1 -1 -1 -1 -1 -1 -1 -1 -1 -1 -1 43 -1 61 -1 42 -1 13 91 45 83 44 -1 -1 -1 -1 10 17 -1 -1 38 -1 11 -1 -1 -1
-1 -1 -1 -1 -1 -1 -1 -1 -1 -1 -1 -1 -1 -1 -1 -1 -1 -1 -1 -1 -1 -1 -1 -1 -1 -1 -1 -1 -1 -1 -1 -1 -1 -1 -1 -1 -1 -1 -1 -1 -1 -1 -1 -1 -1 -1 -1 -1 -1 -1 -1 -1 -1 -1 -1 -1 -1 -1 -1 -1 -1 -1 -1 -1 -1 -1 -1 -1 -1 -1 -1 -1 -1 -1 1 21 42 58 -1 -1 -1 70 -1 -1 -1 46 -1 58 -1 -1 -1 59 44 44 -1 -1 -1 -1 -1 6
-1 -1 -1 -1 -1 -1 -1 -1 -1 -1 -1 -1 -1 -1 -1 -1 -1 -1 -1 -1 -1 -1 -1 -1 -1 -1 -1 -1 -1 -1 -1 -1 -1 -1 -1 -1 -1 -1 -1 -1 -1 -1 -1 -1 -1 -1 -1 -1 -1 -1 -1 -1 -1 -1 -1 -1 -1 -1 -1 -1 -1 -1 -1 -1 -1 -1 -1 -1 -1 -1 -1 -1 -1 -1 -1 -1 -1 -1 12 64 70 77 -1 49 28 -1 33 -1 38 -1 -1 9 -1 -1 -1 -1 -1 66 9 83
-1 -1 -1 -1 -1 -1 -1 -1 -1 -1 -1 -1 -1 -1 -1 -1 -1 -1 -1 -1 -1 -1 -1 -1 -1 -1 -1 -1 -1 -1 -1 -1 -1 -1 -1 -1 -1 -1 -1 -1 -1 -1 -1 -1 -1 -1 -1 -1 -1 -1 -1 -1 -1 -1 -1 -1 -1 -1 -1 -1 -1 -1 -1 -1 -1 -1 -1 -1 -1 -1 -1 -1 -1 -1 -1 -1 -1 -1 84 -1 -1 33 66 74 73 -1 41 -1 83 27 -1 85 67 76 -1 61 -1 81 -1 32
-1 -1 -1 -1 -1 -1 -1 -1 -1 -1 -1 -1 -1 -1 -1 -1 -1 -1 -1 -1 -1 -1 -1 -1 -1 -1 -1 -1 -1 -1 -1 -1 -1 -1 -1 -1 -1 -1 -1 -1 -1 -1 -1 -1 -1 -1 -1 -1 -1 -1 -1 -1 -1 -1 -1 -1 -1 -1 -1 -1 -1 -1 -1 -1 -1 -1 -1 -1 -1 -1 -1 -1 -1 -1 -1 -1 -1 24 -1 69 9 -1 100 -1 -1 -1 -1 77 17 82 -1 -1 11 9 20 -1 -1 1 41 -1
-1 -1 -1 -1 -1 -1 -1 -1 -1 -1 -1 -1 -1 -1 -1 -1 -1 -1 -1 -1 -1 -1 -1 -1 -1 -1 -1 -1 -1 -1 -1 -1 -1 -1 -1 -1 -1 -1 -1 -1 -1 -1 -1 -1 -1 -1 -1 -1 -1 -1 -1 -1 -1 -1 -1 -1 -1 -1 -1 -1 -1 -1 -1 -1 -1 -1 -1 -1 -1 -1 -1 -1 -1 -1 -1 -1 -1 -1 35 -1 36 -1 -1 36 47 36 19 -1 -1 -1 -1 55 -1 -1 20 -1 7 30 88 69
-1 -1 -1 -1 -1 -1 -1 -1 -1 -1 -1 -1 -1 -1 -1 -1 -1 -1 -1 -1 -1 -1 -1 -1 -1 -1 -1 -1 -1 -1 -1 -1 -1 -1 -1 -1 -1 -1 -1 -1 -1 -1 -1 -1 -1 -1 -1 -1 -1 -1 -1 -1 -1 -1 -1 -1 -1 -1 -1 -1 -1 -1 -1 -1 -1 -1 -1 -1 -1 -1 -1 -1 -1 -1 -1 -1 -1 -1 -1 73 -1 -1 -1 -1 -1 -1 -1 -1 32 74 73 87 53 92 -1 96 -1 36 -1 68
-1 -1 -1 -1 -1 -1 -1 -1 -1 -1 -1 -1 -1 -1 -1 -1 -1 -1 -1 -1 -1 -1 -1 -1 -1 -1 -1 -1 -1 -1 -1 -1 -1 -1 -1 -1 -1 -1 -1 -1 -1 -1 -1 -1 -1 -1 -1 -1 -1 -1 -1 -1 -1 -1 -1 -1 -1 -1 -1 -1 -1 -1 -1 -1 -1 -1 -1 -1 -1 -1 -1 -1 -1 -1 -1 -1 -1 -1 -1 -1 -1 10 -1 -1 56 -1 -1 82 -1 -1 3 -1 -1 28 97 -1 32 -1 46 38
-1 -1 -1 -1 -1 -1 -1 -1 -1 -1 -1 -1 -1 -1 -1 -1 -1 -1 -1 -1 -1 -1 -1 -1 -1 -1 -1 -1 -1 -1 -1 -1 -1 -1 -1 -1 -1 -1 -1 -1 -1 -1 -1 -1 -1 -1 -1 -1 -1 -1 -1 -1 -1 -1 -1 -1 -1 -1 -1 -1 -1 -1 -1 -1 -1 -1 -1 -1 -1 -1 -1 -1 -1 -1 -1 -1 -1 -1 -1 -1 -1 81 -1 -1 -1 -1 72 63 38 46 51 -1 -1 -1 -1 -1 90 38 70 91
-1 -1 -1 -1 -1 -1 -1 -1 -1 -1 -1 -1 -1 -1 -1 -1 -1 -1 -1 -1 -1 -1 -1 -1 -1 -1 -1 -1 -1 -1 -1 -1 -1 -1 -1 -1 -1 -1 -1 -1 -1 -1 -1 -1 -1 -1 -1 -1 -1 -1 -1 -1 -1 -1 -1 -1 -1 -1 -1 -1 -1 -1 -1 -1 -1 -1 -1 -1 -1 -1 -1 -1 -1 -1 -1 -1 -1 -1 -1 -1 -1 -1 -1 -1 -1 20 28 -1 95 -1 19 -1 -1 23 -1 -1 4 -1 -1 -1
-1 -1 -1 -1 -1 -1 -1 -1 -1 -1 -1 -1 -1 -1 -1 -1 -1 -1 -1 -1 -1 -1 -1 -1 -1 -1 -1 -1 -1 -1 -1 -1 -1 -1 -1 -1 -1 -1 -1 -1 -1 -1 -1 -1 -1 -1 -1 -1 -1 -1 -1 -1 -1 -1 -1 -1 -1 -1 -1 -1 -1 -1 -1 -1 -1 -1 -1 -1 -1 -1 -1 -1 -1 -1 -1 -1 -1 -1 -1 -1 -1 -1 -1 -1 -1 5 47 59 85 -1 -1 -1 -1 62 -1 52 -1 94 29 3
-1 -1 -1 -1 -1 -1 -1 -1 -1 -1 -1 -1 -1 -1 -1 -1 -1 -1 -1 -1 -1 -1 -1 -1 -1 -1 -1 -1 -1 -1 -1 -1 -1 -1 -1 -1 -1 -1 -1 -1 -1 -1 -1 -1 -1 -1 -1 -1 -1 -1 -1 -1 -1 -1 -1 -1 -1 -1 -1 -1 -1 -1 -1 -1 -1 -1 -1 -1 -1 -1 -1 -1 -1 -1 -1 -1 -1 -1 -1 -1 -1 -1 -1 -1 89 43 -1 -1 -1 -1 1 21 -1 -1 11 -1 94 -1 11 3
-1 -1 -1 -1 -1 -1 -1 -1 -1 -1 -1 -1 -1 -1 -1 -1 -1 -1 -1 -1 -1 -1 -1 -1 -1 -1 -1 -1 -1 -1 -1 -1 -1 -1 -1 -1 -1 -1 -1 -1 -1 -1 -1 -1 -1 -1 -1 -1 -1 -1 -1 -1 -1 -1 -1 -1 -1 -1 -1 -1 -1 -1 -1 -1 -1 -1 -1 -1 -1 -1 -1 -1 -1 -1 -1 -1 -1 -1 -1 -1 -1 -1 -1 -1 -1 85 40 -1 -1 -1 -1 -1 -1 94 -1 61 58 20 -1 8
-1 -1 -1 -1 -1 -1 -1 -1 -1 -1 -1 -1 -1 -1 -1 -1 -1 -1 -1 -1 -1 -1 -1 -1 -1 -1 -1 -1 -1 -1 -1 -1 -1 -1 -1 -1 -1 -1 -1 -1 -1 -1 -1 -1 -1 -1 -1 -1 -1 -1 -1 -1 -1 -1 -1 -1 -1 -1 -1 -1 -1 -1 -1 -1 -1 -1 -1 -1 -1 -1 -1 -1 -1 -1 -1 -1 -1 -1 -1 -1 -1 -1 -1 -1 -1 -1 -1 40 12 -1 -1 53 -1 29 -1 -1 7 20 68 82
-1 -1 -1 -1 -1 -1 -1 -1 -1 -1 -1 -1 -1 -1 -1 -1 -1 -1 -1 -1 -1 -1 -1 -1 -1 -1 -1 -1 -1 -1 -1 -1 -1 -1 -1 -1 -1 -1 -1 -1 -1 -1 -1 -1 -1 -1 -1 -1 -1 -1 -1 -1 -1 -1 -1 -1 -1 -1 -1 -1 -1 -1 -1 -1 -1 -1 -1 -1 -1 -1 -1 -1 -1 -1 -1 -1 -1 -1 -1 -1 -1 -1 -1 -1 -1 -1 -1 -1 96 -1 37 74 31 8 -1 -1 -1 36 -1 43
-1 -1 -1 -1 -1 -1 -1 -1 -1 -1 -1 -1 -1 -1 -1 -1 -1 -1 -1 -1 -1 -1 -1 -1 -1 -1 -1 -1 -1 -1 -1 -1 -1 -1 -1 -1 -1 -1 -1 -1 -1 -1 -1 -1 -1 -1 -1 -1 -1 -1 -1 -1 -1 -1 -1 -1 -1 -1 -1 -1 -1 -1 -1 -1 -1 -1 -1 -1 -1 -1 -1 -1 -1 -1 -1 -1 -1 -1 -1 -1 -1 -1 -1 -1 -1 -1 -1 -1 48 -1 64 -1 81 -1 -1 6 -1 23 77 -1
-1 -1 -1 -1 -1 -1 -1 -1 -1 -1 -1 -1 -1 -1 -1 -1 -1 -1 -1 -1 -1 -1 -1 -1 -1 -1 -1 -1 -1 -1 -1 -1 -1 -1 -1 -1 -1 -1 -1 -1 -1 -1 -1 -1 -1 -1 -1 -1 -1 -1 -1 -1 -1 -1 -1 -1 -1 -1 -1 -1 -1 -1 -1 -1 -1 -1 -1 -1 -1 -1 -1 -1 -1 -1 -1 -1 -1 -1 -1 -1 -1 -1 -1 -1 -1 -1 -1 -1 -1 -1 -1 -1 55 19 16 -1 11 -1 16 -1
-1 -1 -1 -1 -1 -1 -1 -1 -1 -1 -1 -1 -1 -1 -1 -1 -1 -1 -1 -1 -1 -1 -1 -1 -1 -1 -1 -1 -1 -1 -1 -1 -1 -1 -1 -1 -1 -1 -1 -1 -1 -1 -1 -1 -1 -1 -1 -1 -1 -1 -1 -1 -1 -1 -1 -1 -1 -1 -1 -1 -1 -1 -1 -1 -1 -1 -1 -1 -1 -1 -1 -1 -1 -1 -1 -1 -1 -1 -1 -1 -1 -1 -1 -1 -1 -1 -1 -1 -1 -1 -1 -1 -1 100 -1 -1 -1 42 18 -1
-1 -1 -1 -1 -1 -1 -1 -1 -1 -1 -1 -1 -1 -1 -1 -1 -1 -1 -1 -1 -1 -1 -1 -1 -1 -1 -1 -1 -1 -1 -1 -1 -1 -1 -1 -1 -1 -1 -1 -1 -1 -1 -1 -1 -1 -1 -1 -1 -1 -1 -1 -1 -1 -1 -1 -1 -1 -1 -1 -1 -1 -1 -1 -1 -1 -1 -1 -1 -1 -1 -1 -1 -1 -1 -1 -1 -1 -1 -1 -1 -1 -1 -1 -1 -1 -1 -1 -1 -1 -1 -1 37 93 25 -1 -1 -1 32 -1 -1
-1 -1 -1 -1 -1 -1 -1 -1 -1 -1 -1 -1 -1 -1 -1 -1 -1 -1 -1 -1 -1 -1 -1 -1 -1 -1 -1 -1 -1 -1 -1 -1 -1 -1 -1 -1 -1 -1 -1 -1 -1 -1 -1 -1 -1 -1 -1 -1 -1 -1 -1 -1 -1 -1 -1 -1 -1 -1 -1 -1 -1 -1 -1 -1 -1 -1 -1 -1 -1 -1 -1 -1 -1 -1 -1 -1 -1 -1 -1 -1 -1 -1 -1 -1 -1 -1 -1 -1 -1 -1 -1 -1 8 -1 82 74 38 32 -1 18
-1 -1 -1 -1 -1 -1 -1 -1 -1 -1 -1 -1 -1 -1 -1 -1 -1 -1 -1 -1 -1 -1 -1 -1 -1 -1 -1 -1 -1 -1 -1 -1 -1 -1 -1 -1 -1 -1 -1 -1 -1 -1 -1 -1 -1 -1 -1 -1 -1 -1 -1 -1 -1 -1 -1 -1 -1 -1 -1 -1 -1 -1 -1 -1 -1 -1 -1 -1 -1 -1 -1 -1 -1 -1 -1 -1 -1 -1 -1 -1 -1 -1 -1 -1 -1 -1 -1 -1 -1 -1 -1 -1 -1 -1 -1 37 53 10 -1 -1
-1 -1 -1 -1 -1 -1 -1 -1 -1 -1 -1 -1 -1 -1 -1 -1 -1 -1 -1 -1 -1 -1 -1 -1 -1 -1 -1 -1 -1 -1 -1 -1 -1 -1 -1 -1 -1 -1 -1 -1 -1 -1 -1 -1 -1 -1 -1 -1 -1 -1 -1 -1 -1 -1 -1 -1 -1 -1 -1 -1 -1 -1 -1 -1 -1 -1 -1 -1 -1 -1 -1 -1 -1 -1 -1 -1 -1 -1 -1 -1 -1 -1 -1 -1 -1 -1 -1 -1 -1 -1 -1 -1 -1 -1 30 47 -1 -1 -1 41
-1 -1 -1 -1 -1 -1 -1 -1 -1 -1 -1 -1 -1 -1 -1 -1 -1 -1 -1 -1 -1 -1 -1 -1 -1 -1 -1 -1 -1 -1 -1 -1 -1 -1 -1 -1 -1 -1 -1 -1 -1 -1 -1 -1 -1 -1 -1 -1 -1 -1 -1 -1 -1 -1 -1 -1 -1 -1 -1 -1 -1 -1 -1 -1 -1 -1 -1 -1 -1 -1 -1 -1 -1 -1 -1 -1 -1 -1 -1 -1 -1 -1 -1 -1 -1 -1 -1 -1 -1 -1 -1 -1 -1 -1 -1 -1 39 58 5 36
-1 -1 -1 -1 -1 -1 -1 -1 -1 -1 -1 -1 -1 -1 -1 -1 -1 -1 -1 -1 -1 -1 -1 -1 -1 -1 -1 -1 -1 -1 -1 -1 -1 -1 -1 -1 -1 -1 -1 -1 -1 -1 -1 -1 -1 -1 -1 -1 -1 -1 -1 -1 -1 -1 -1 -1 -1 -1 -1 -1 -1 -1 -1 -1 -1 -1 -1 -1 -1 -1 -1 -1 -1 -1 -1 -1 -1 -1 -1 -1 -1 -1 -1 -1 -1 -1 -1 -1 -1 -1 -1 -1 -1 -1 -1 -1 -1 24 -1 -1
-1 -1 -1 -1 -1 -1 -1 -1 -1 -1 -1 -1 -1 -1 -1 -1 -1 -1 -1 -1 -1 -1 -1 -1 -1 -1 -1 -1 -1 -1 -1 -1 -1 -1 -1 -1 -1 -1 -1 -1 -1 -1 -1 -1 -1 -1 -1 -1 -1 -1 -1 -1 -1 -1 -1 -1 -1 -1 -1 -1 -1 -1 -1 -1 -1 -1 -1 -1 -1 -1 -1 -1 -1 -1 -1 -1 -1 -1 -1 -1 -1 -1 -1 -1 -1 -1 -1 -1 -1 -1 -1 -1 -1 -1 -1 -1 -1 -1 -1 -1
-1 -1 -1 -1 -1 -1 -1 -1 -1 -1 -1 -1 -1 -1 -1 -1 -1 -1 -1 -1 -1 -1 -1 -1 -1 -1 -1 -1 -1 -1 -1 -1 -1 -1 -1 -1 -1 -1 -1 -1 -1 -1 -1 -1 -1 -1 -1 -1 -1 -1 -1 -1 -1 -1 -1 -1 -1 -1 -1 -1 -1 -1 -1 -1 -1 -1 -1 -1 -1 -1 -1 -1 -1 -1 -1 -1 -1 -1 -1 -1 -1 -1 -1 -1 -1 -1 -1 -1 -1 -1 -1 -1 -1 -1 -1 -1 -1 -1 -1 91
-1 -1 -1 -1 -1 -1 -1 -1 -1 -1 -1 -1 -1 -1 -1 -1 -1 -1 -1 -1 -1 -1 -1 -1 -1 -1 -1 -1 -1 -1 -1 -1 -1 -1 -1 -1 -1 -1 -1 -1 -1 -1 -1 -1 -1 -1 -1 -1 -1 -1 -1 -1 -1 -1 -1 -1 -1 -1 -1 -1 -1 -1 -1 -1 -1 -1 -1 -1 -1 -1 -1 -1 -1 -1 -1 -1 -1 -1 -1 -1 -1 -1 -1 -1 -1 -1 -1 -1 -1 -1 -1 -1 -1 -1 -1 -1 -1 -1 -1 6
-1 -1 -1 -1 -1 -1 -1 -1 -1 -1 -1 -1 -1 -1 -1 -1 -1 -1 -1 -1 -1 -1 -1 -1 -1 -1 -1 -1 -1 -1 -1 -1 -1 -1 -1 -1 -1 -1 -1 -1 -1 -1 -1 -1 -1 -1 -1 -1 -1 -1 -1 -1 -1 -1 -1 -1 -1 -1 -1 -1 -1 -1 -1 -1 -1 -1 -1 -1 -1 -1 -1 -1 -1 -1 -1 -1 -1 -1 -1 -1 -1 -1 -1 -1 -1 -1 -1 -1 -1 -1 -1 -1 -1 -1 -1 -1 -1 -1 -1 -1
7 23 82 49 98 56 43 97 38 23 76 57 74 25 88 62 63 80 92 18 64 34 39 98 38 89 29 64 25 81 38 29 13 66 92 27 29 45 32 5 24 87 98 52 6 10 53 66 60 60 66 21 69 51 68 84 95 1 67 90 6 26 29 21 39 71 78 23 6 75 2 10 99 10 96 25 6 87 53 4 28 28 30 73 87 25 12 87 15 16 18 6 46 78 94 77 62 40 95 73
97
16
