27
50
775667377 904956848
961772035 967188666
550505920 985768140
574278620 885813974
545549309 645750966
456434888 514068405
357894858 470750315
210036548 700886035
110993463 447782235
983341022 999402285
163663330 801611288
161277185 375913306
643817834 890555351
163735136 438970393
478925087 823103139
818164783 980520429
162986025 757284787
34969114 729145002
635632292 966604010
139280954 490285488
311165791 347394138
65365111 231501192
558673409 658293420
340638498 808344156
393138750 744739637
957959986 995877659
451447731 707068809
498745140 728184625
167607583 239600758
684495749 910647908
207789528 673666785
700797652 763324078
384660861 887345668
162912967 319281254
79975705 477395164
424089198 797539405
987261375 989029473
123581569 863557474
392888212 761517510
203344874 819907566
168998277 941151705
963482074 975194690
892740548 911752280
255793299 443136955
112706332 989233047
617331989 733683514
826921117 853842655
65634749 978034493
64173656 711339541
384204677 788668071
