301 3 1
20 998 0
26 1000 0
27 1000 0
35 998 0
37 1003 0
48 1002 0
51 999 0
60 1002 0
67 1000 0
73 1001 0
81 1001 0
86 1002 0
89 1002 0
99 998 0
104 997 0
113 997 1
115 1001 0
122 998 0
129 1003 0
131 1002 0
141 1001 0
150 1001 0
161 1001 0
170 1001 0
178 999 0
189 998 0
199 1000 0
208 1003 0
218 1003 0
224 100 0
232 102 0
233 101 0
240 1000 0
251 1003 0
254 999 0
261 997 0
264 1000 0
274 999 0
281 1003 0
282 1001 0
287 1002 0
298 1003 0
309 1002 0
310 1003 0
319 999 0
323 1003 0
333 997 0
336 1001 0
339 998 0
340 999 0
350 999 0
356 1000 0
358 999 0
367 1003 0
371 1002 0
382 1003 0
390 1003 0
393 1000 0
402 998 0
413 1003 0
422 997 0
433 998 1
444 1002 0
452 1003 0
463 998 0
474 1001 0
477 998 0
479 1000 0
490 999 0
496 1002 0
506 1002 0
511 1000 0
515 999 0
518 1001 0
526 997 0
535 1001 0
546 999 0
556 1001 0
562 1002 0
568 100 0
572 102 0
580 101 0
586 998 0
595 1003 0
597 998 0
604 998 0
606 1000 0
612 1001 0
616 1000 0
625 1001 0
628 1000 0
635 997 0
636 1000 0
642 1000 0
652 1001 0
663 999 0
671 1002 0
680 1001 0
688 1000 0
694 1001 0
703 1003 0
708 1000 0
711 1003 0
712 997 0
715 1003 0
724 1001 0
730 1002 0
735 999 0
744 1001 0
745 1001 0
754 998 0
765 997 0
769 999 0
777 1000 0
783 999 0
793 997 0
794 999 0
798 999 1
803 999 0
813 1002 0
814 998 0
818 1001 0
825 997 0
834 1000 0
844 1002 0
846 1001 0
851 1001 0
853 1002 0
862 1003 0
865 997 0
872 1000 0
873 1003 0
875 999 0
881 997 0
885 997 0
891 997 0
893 1001 0
898 1002 0
903 1003 0
908 100 0
909 102 0
920 101 0
923 1001 0
932 1002 0
943 1001 0
945 999 0
947 1000 0
955 1003 0
963 997 0
974 997 0
977 998 0
982 999 0
987 997 0
990 999 0
1000 999 0
1001 1002 0
1007 997 0
1009 999 0
1014 998 0
1023 999 0
1029 998 0
1037 1000 0
1039 1003 0
1045 1000 0
1051 1001 0
1057 999 0
1063 997 0
1072 997 0
1073 999 0
1081 1000 0
1082 1003 0
1093 1002 0
1104 1000 0
1111 1003 0
1120 1003 0
1131 1001 0
1137 1000 0
1146 997 0
1147 998 0
1149 998 0
1151 1002 0
1154 998 0
1157 997 0
1166 1001 0
1171 997 0
1181 999 0
1184 998 0
1195 1000 0
1205 997 0
1215 998 1
1221 1002 0
1222 1000 0
1224 1001 0
1233 998 0
1239 1001 0
1250 997 0
1255 1001 0
1258 1002 0
1266 997 0
1275 100 0
1277 102 0
1282 101 0
1292 1003 0
1302 999 0
1304 998 0
1314 1003 0
1325 1003 0
1336 1002 0
1347 1001 0
1352 997 0
1359 1001 0
1366 1002 0
1373 998 0
1383 1001 0
1390 1002 0
1395 998 0
1398 1000 0
1405 1002 0
1414 999 0
1421 1001 0
1425 1003 0
1434 1000 0
1438 999 0
1444 1000 0
1448 999 0
1456 999 0
1457 1000 0
1462 1000 0
1472 1003 0
1477 1003 0
1483 1001 0
1489 1000 0
1498 1001 0
1503 997 0
1514 998 0
1515 998 0
1517 1001 0
1525 999 0
1528 1002 0
1534 1002 0
1544 997 0
1545 1003 0
1547 999 0
1556 998 0
1565 1000 0
1576 997 0
1587 1002 0
1590 997 0
1594 1001 0
1597 998 0
1605 999 1
1615 1000 0
1623 1000 0
1630 998 0
1638 999 0
1639 998 0
1641 1002 0
1642 1001 0
1645 1000 0
1655 100 0
1666 102 0
1676 101 0
1679 1002 0
1684 1003 0
1693 1003 0
1695 997 0
1697 1001 0
1708 997 0
1709 1001 0
1720 1002 0
1724 997 0
1725 999 0
1726 1002 0
1729 1000 0
1739 1001 0
1742 999 0
1747 1001 0
1753 1003 0
1762 1000 0
1771 1002 0
1776 999 0
1777 1002 0
1784 1000 0
1793 999 0
1798 999 0
1806 998 0
1810 998 0
1815 998 0
1818 1002 0
1821 1003 0
1831 999 0
1834 1003 0
1840 998 0
1847 1003 0
1848 997 0
1851 1001 0
1856 1001 0
1864 1000 0
1865 1003 0
1873 1002 0
1874 1001 0