200
00111000110000010101011110000111011101011100110110101100010001101001
111111101111110100101000110000001011001011
00111111010
11001001110100
011100000011111000110011
1010010100111011011101000100
1101111100111011110000
01100101111
10000110001000110100000010000111010110011010000101011110000011
00000000001011000001010010101110100111111100001011100111111000100
11101001010101111001100000000110000100110100100000001
0100
0001011101111010100110000000101010010001010100110100100011100101010100110001100
11010011011001110000001111000010111101101101000011010000011101100101
0
00101010011011100011101110010
1010101100010111010101101000001010000
00001111010110110011001110010110010
111001100
1100
00110101011000100101100010001100001010111011001111110001001
000110100101111111101001000110110110100111100000010010111101100000
01010101000000101110110010010100111100110000110001010011001001110100110110
10110001000001001011100101010010000110110001011111000001000100
011111001100111000001010
11001010111010111010100011101110101100011000100
0001110011110010000100110001110111111010000110100001101000011000101111110011
10
0111010111011010000111111001111010100111011100100100110010010001010011110010
10010000110010101001000010001111110010010111000101
10101001000011110000101001001000000011100000001010011
1011101110100000110110000001011011000100100000111011101101111101001110111010000
0101110011011010100101101100000101
001101100001100010100000101110101100100001011
101010011101000011001100110101111001110010101000110100000110110011011010
011001000001010110000001010011
11110111101011001000010011111
00100111100110111110110111110111001001001
01100001000100001011100111110111000000100111
00110101000001101011100010000100101010101101111111001101011100010110010100110
1011010000001110110001000011110111101010
00001010111111011111101100001011100111
01111010010001
100001000100001011011111001011000011110010
00101010010001100101100010000101100110011010111011010101001111100111
0000011000110011000110001000001000000110110011111110111
1111101101011011110011000110000001101110
01010000011100101101100001
000001101100100001111100110111
01100011
1010000110001100011100111111010100010001010111001111001000010100011000110
01110001001111011111001001000001
111111001011011100011101111000101001010101110
1100001011110101100001011100
101110010111100110011010100001100110100101000111110001010110001110000011
1
101101
11011011011111110111010000
0111101010111001001011010001111010011010010001110001100111
00101
111000010010111100000001000011111011011000010101000
100000010101110011011000010010100111010000
01110001010011110100001000000110001010001111001111000001101011000000011101100
00101000001010111101000110110110111100100110
000010011100010101101100001001010000010011010110001011011
11101010110011010111000001000100101010101000
1111000100111010000011010010111100
00111010110001001101000010101100100011000010110001
0111100110010110011111001110001001000000110011
001011010011
0010000010001
1111001010001011011101110101001010011111100000000110001010
0101111000110101000011011100000011000101011100111110
000100111110001011011110110011010000
1100110101010111000100
10100001011000010011001101010011101010001111010010110001000111011110011101
01100100011010001101101111010000111001101010001011111
1010111100100100111010010110000001110001110111110011001000000011011010110011
010010110100100010110001110010110101001110110011101010110110110000
00000
1110101100100100110101101
1000000101100101111011101000101110
111110100000101111100011010001100100110010001101
11101100000101110100010010011001001110111100110011110000
011101001101111
11101011001111100001100101101001100111111010
01011100010110010011101110001000110111101000001110011100011001
000011100000010011011110101111000101111001011001110111100000
01011010110011001101101010101100011010000001111001
100001100111000111111001101101100011111010010010011000110001001111110101101101
11110000001101000111100000111010111001010011010111000001011011110010110010101010
101010011010000000010101110010000101110100
0001100100011100010
10110101101011111000101011101011011111001001110
01010100010010110111111100000111001
100010001001011011100111001110001011100100000110011010001001010010100000110
1010111010111111110111110101100101010010000111100111011011101101101001110000101
10100110
0011000010011001101
001000010110000100001100101101111001111100001111001
00101001101110110011100001
101000011010011101
11100100011001
0010
01111111110000001100101010000101101011111000010011110111001100001001001010101010
11000100100101110110011010110110010
10
101010111010101000011000110010001110100010001011001001001000100110000101011
1011101011000100110011010111110010011100110101001010000100000111
110000100
111010110111111001100
10000111000011011011010001110010001111100110111000111001110
1111110101100101111100001111100000
010110100101011001001011110111101111101000010100000011110000011110100000110101
1010010110
111000111101000001101010
011000100001101010001101000111110110101101000001111010001101100001101100010
010000000
10111110001101011110001101100001110
1011001101100110000100111110110110001000000
01110110000101110100010101101110100100101101001010
11100
00000101101101011111110101100110
1101010100
010110100101010101111110011000111011111001010100110110000000100101011110101110
1111111011100101110111010101000000101110000000101001001010010110
10001010000011001111001010000001101110000101011110001110100010111000011001011000
0000011011
01011010101000100010001011100111001001000110
010011010101010101000001001101111011
101011011011101101011100110100100000100101011000
1000101111010111011111100110101101011111011001011011101001110001101110001110011
011000100000011000100001011111001
01111000011001011011101000
0
1111001100110010001111111010011100110000010000101111000110101001101101000
00100010010010011010000111011110100100000011110110
101010000110001111110010011101010100000101011110100101
111011
1101001100
1010110100110111001000100000111001110110010011010011011101011110101110001
0100000111100110101001111011000100011000011111110010001001100111000100111101
0110000101001110100001101100111110100110
0110111010010010001011
110111101011111001100110101101000001001100011010011111
00110011110000000110000110101111110111001100
111001111011001011111000001001000100
0000011010110101
0100100110111101111001011100001101100001100000001001110
00101110001010110010111101110110011110110101011101010100001011000001010110000001
1100011010100111001001
1001100110
110001110011010100100001000011001011111000110111101010001011011000101000
001101101100100101100111011000110000110101101000111100011
110000010111011101110000011011001011010001011110
01000100101010010101100111001111011110100001
10101111000101100010010011010011010111000101000010100010011001101001001101010111
00100111000100000110011110111101
011001001010001011000001110011000010111101111101100100011110110001001110
11010011111000000111101000101110001100010011100011100111001
001010000010
000100110011001111
0101101010001001100110101000001011000011111100111111110000
101010110110111101010011010101000001100100110011100000110111110000
01101100100001110101110111101011010000100100001100011001110110
0100101101011100
001010011111010001100110
010001001010110100001111101100001100110001001011
01011010100011001001111001001110000001011000101111111010010101111101010000
0110011010011101101001111000100000010011100110010111
10110110001001010011101001110010110010
0111000110101010010110011110010000111010001110100011101000101000010010001
00010010001000111011010010100011110100110001010011010011
0100010010000011011100100110100101111111101011010000010000111000001
100001001110111111100110000110111010001000101000111011011000
0010001000101101010000010010111000011011101000101110100101010111001111110011010
010110111
010110101111100100011110010101110111001101001100000101001110100101110110110
1001100110000100110100100001011110111110011001100011
10010010010111111110011001010101100011000001001100110100001110110111100100
0111101101011111000010011110
01110010011010001111011101111100
101
1110011010100010010001011111100100100010011110
011000111001111010100101000101
0101011100000011101100100110110111001110011010100010100000011111
10011100110001100100000111111001101
001101
1001111111001110010011010110011100010110111011111
0010101000001100100111100110101000100000110011000100100
0011001110
011001101101000
1011010101100000100101111101
01
10101110010011011011100011010110001000100111111010101100010001001101101011010
111000000101110101010110100000100010011001110111010011001110100011111111
010110111010010001101110000011010000000111
00110010010000001000000100011100111111111100000111111
010001001100101010000100111000000000111011111110100011101010010011110111000001
101001011101010101100001011000010011011011100000110011111001