6
825
2 30 13 21 30 1 27 13 19 13 23 10 17 1 14 20 15 1 28 1 30 16 24 9 11 7 17 20 18 10 7 23 30 20 2 26 30 8 20 28 5 15 21 20 19 26 19 13 26 4 18 29 13 14 14 1 21 20 13 11 20 5 9 4 20 16 30 11 28 24 10 19 8 16 3 7 17 16 11 18 4 26 16 27 9 13 29 27 28 4 20 12 22 1 29 21 7 26 5 2 11 2 27 27 2 25 23 26 20 7 14 17 26 18 10 14 3 9 12 11 30 21 9 9 4 7 28 28 30 19 18 14 15 23 10 22 14 13 6 12 6 20 22 29 25 6 5 24 25 5 8 22 17 21 7 28 29 30 24 27 17 20 2 11 11 6 29 30 8 3 23 2 24 25 30 16 30 3 6 1 10 6 3 27 1 19 18 28 5 1 25 16 8 2 7 21 25 20 11 24 28 19 25 9 28 30 22 7 16 22 2 17 30 1 16 6 25 4 16 17 18 16 13 12 22 6 8 2 29 20 2 5 4 10 13 11 23 10 6 11 3 18 22 25 24 2 2 29 15 21 25 29 24 5 7 2 21 11 3 23 17 15 28 1 10 13 2 19 11 7 15 24 2 29 17 18 14 3 4 12 19 21 13 14 28 6 28 10 20 3 17 29 21 14 6 11 15 20 15 6 2 3 22 19 27 12 19 5 2 30 19 17 20 1 16 15 5 24 27 26 19 24 13 15 28 18 1 10 16 16 9 25 24 26 1 9 27 14 22 25 1 4 26 13 29 28 22 26 21 10 13 13 14 25 13 8 13 9 23 23 25 30 16 7 25 22 5 3 10 25 20 9 21 23 4 23 10 12 1 7 5 4 28 26 23 27 13 29 11 22 22 24 17 1 6 14 27 21 21 30 18 4 14 21 21 4 14 20 21 3 16 10 21 11 20 22 14 19 26 2 14 29 10 13 26 25 16 26 10 18 21 17 17 6 6 28 6 15 7 30 23 1 5 15 18 6 30 1 7 5 28 26 16 28 19 7 19 15 29 11 8 12 16 1 16 2 26 19 15 5 5 28 26 5 8 17 14 22 22 24 10 3 5 27 2 9 10 20 3 9 8 29 18 23 30 4 27 27 21 12 22 16 30 2 16 17 17 14 17 12 13 1 2 29 11 2 3 27 4 24 12 11 2 5 13 26 30 29 27 9 27 19 20 29 23 13 21 1 11 15 5 12 19 6 3 29 8 30 11 9 30 7 15 3 19 13 14 1 17 5 27 18 5 29 9 3 12 19 8 25 26 20 5 3 8 2 26 21 3 15 30 5 17 3 24 7 18 22 22 17 7 26 25 16 17 15 26 12 17 6 28 25 27 25 20 19 14 30 11 15 16 27 30 30 20 25 22 24 15 10 12 30 7 9 21 25 24 13 13 11 9 30 19 11 22 27 17 9 25 29 18 5 25 27 26 30 13 9 28 11 9 23 14 8 23 13 7 21 20 29 24 12 23 21 14 28 28 1 4 27 7 24 10 27 9 15 11 7 18 29 10 25 2 29 15 29 10 21 6 29 9 7 26 13 10 28 24 29 2 30 3 21 15 9 2 22 7 10 19 30 9 14 1 1 26 26 20 23 1 13 27 18 22 23 5 20 26 13 14 12 14 20 3 30 10 3 30 12 26 11 1 3 4 27 18 20 15 14 2 20 11 5 9 26 28 5 20 11 24 26 6 27 1 2 18 19 9 3 2 2 8 30 19 26 4 9 12 23 2 16 3 5 21 10 24 29 5 22 27 27 20 24 15 29 6 4 27 4 5 11 15 2 11 27 17 10 4 10 26 5 13 25 20 16 24 15 5 23 24 25 13 25 8 7 11 
13 259 292 724 134 510 646 620 665 704 787 597 396 624 512 412 724 711 703 762 231 773 413 196 493 208 289 736 558 670 502 171 520 672 423 537 366 448 562 773 205 552 56 478 436 621 768 20 700 170 11 49 126 157 147 638 241 41 589 750 84 458 423 550 250 236 523 498 31 410 87 45 675 301 176 751 562 114 507 482 179 383 162 699 689 516 691 198 325 304 315 302 520 350 477 474 335 74 646 92 366 616 708 712 508 50 131 361 23 380 389 205 293 432 393 89 549 477 787 471 31 690 537 494 449 590 230 78 14 700 791 225 150 682 287 283 511 363 431 697 596 744 530 624 564 765 128 51 222 641 204 575 794 750 559 246 585 268 780 324 36 783 355 14 600 461 303 105 395 186 56 140 621 585 298 754 476 159 247 98 350 109 74 243 420 733 699 149 386 129 114 363 476 249 547 394 219 570 100 750 221 496 270 313 489 471 419 220 328 774 358 239 317 421 450 673 707 5 736 216 365 586 647 451 756 692 522 612 574 566 571 70 391 687 9 177 426 393 485 547 296 160 391 232 564 736 90 705 664 561 752 519 351 221 93 793 577 340 591 103 154 345 266 496 589 366 587 481 621 439 599 397 8 435 155 679 656 745 12 799 630 253 459 207 376 493 754 251 618 88 113 11 70 220 734 239 442 116 244 607 351 259 97 239 58 689 396 234 572 50 132 436 637 342 594 688 253 302 233 345 692 800 255 501 641 267 533 201 657 41 224 529 778 628 498 334 727 388 486 198 620 269 335 228 228 558 343 463 634 367 659 713 535 476 364 532 154 317 445 520 589 663 200 373 166 337 573 172 285 176 246 238 515 132 693 284 249 354 734 560 67 374 602 393 95 669 187 321 668 713 81 518 553 676 670 90 103 761 795 497 244 383 512 175 383 570 180 466 424 799 452 110 751 549 227 74 506 744 113 721 561 308 523 142 246 668 368 742 485 227 341 622 753 636 411 101 4 412 254 710 386 286 203 405 599 304 196 685 534 451 219 367 613 310 507 212 139 605 463 151 328 141 421 202 260 429 552 38 279 411 104 647 681 195 38 343 214 441 290 12 495 65 112 235 410 493 49 246 741 157 250 587 229 415 382 240 784 20 770 679 699 623 722 507 540 74 242 521 45 777 107 270 555 647 241 618 604 535 604 768 583 514 742 541 284 474 437 595 553 489 42 615 347 189 638 399 543 162 699 686 628 126 751 232 648 522 421 727 542 424 180 280 616 706 17 775 22 383 376 537 695 279 88 682 93 416 85 798 307 477 757 766 440 349 295 647 58 203 601 662 141 627 54 86 68 797 309 794 474 707 344 255 659 240 717 214 290 714 662 254 5 136 72 275 235 5 397 548 86 224 79 208 153 521 223 143 688 337 674 129 768 485 302 561 517 782 358 133 791 689 721 783 458 524 411 40 150 681 464 593 530 676 131 757 543 688 148 345 481 7 241 644 411 23 56 295 507 291 145 445 392 353 279 749 403 358 51 229 736 740 19 421 715 795 231 42 233 102 750 798 589 252 761 467 147 662 346 644 425 581 98 134 399 230 234 61 563 654 71 486 339 518 409 201 166 563 583 576 389 396 718 709 137 198 613 559 19 531 561 322 217 432 108 191 632 224 396 99 469 578 555 52 364 466 595 383 426 147 82 292 700 647 290 216 442 768 125 617 262 753 536 790 712 595 682 712 165 349 541 184 777 568 8 7 116 757 508 747 641 185 158 460 181 295 591 654 614 596 28 407 404 364 253 81 230 428 501 92 578 236 52 249 612 177 77 616 765 178 121 223 593 492 800 258 786 734 296 615 183 473 72 391 562 692 330 113 798 493 316 480 80 665 254 459 312 
479
27 3 11 4 20 27 23 4 22 1 3 24 17 2 24 4 17 3 29 5 7 28 6 28 27 25 17 26 16 28 9 6 23 12 26 27 20 6 2 7 16 11 9 27 2 21 10 25 10 1 19 2 7 5 9 12 8 27 10 8 12 5 2 2 14 14 6 18 16 4 7 19 29 9 10 18 23 2 20 12 29 12 4 28 2 8 30 24 28 20 6 1 17 15 9 6 12 19 12 18 27 27 26 26 25 17 21 10 20 9 28 24 29 26 4 22 11 27 28 23 1 1 30 5 11 8 25 19 28 2 28 2 25 11 18 11 22 14 9 18 11 10 14 15 26 23 6 7 4 8 22 18 26 13 7 5 19 4 5 21 12 14 8 6 23 30 10 2 29 21 29 4 6 12 18 17 20 23 10 28 7 23 4 12 28 19 20 4 24 19 30 25 23 30 5 18 15 23 17 28 22 29 1 30 30 7 1 3 19 27 2 23 28 7 30 16 11 16 7 27 13 17 8 16 5 7 12 16 10 5 28 3 19 1 25 18 10 16 21 1 23 2 25 7 7 30 16 25 3 20 19 8 22 22 28 27 5 29 20 5 12 3 10 4 4 28 1 13 19 16 18 9 27 1 6 28 25 10 8 8 4 25 28 3 11 10 5 8 22 27 1 13 5 30 14 14 14 10 14 19 21 18 24 10 12 13 4 12 13 1 8 24 28 22 26 8 24 2 20 6 10 17 10 9 21 16 6 27 10 22 17 28 5 18 23 15 23 18 11 8 22 8 26 24 28 3 9 12 6 16 24 12 15 8 2 16 18 9 30 15 25 9 15 5 29 20 16 7 2 21 27 30 25 9 2 20 6 16 26 21 11 18 2 18 8 27 3 5 3 23 12 25 27 21 5 28 14 16 11 15 8 26 14 25 29 6 9 27 11 22 29 26 22 23 12 29 5 4 23 19 20 29 28 22 3 4 15 1 25 9 15 22 13 17 2 6 11 10 7 20 7 30 1 27 10 3 23 5 23 8 6 13 25 29 27 4 27 17 30 1 20 15 7 4 5 9 26 1 20 25 5 20 4 1 26 14 20 23 19 
567 217 281 286 796 336 496 719 150 687 408 771 49 522 93 604 44 158 631 233 199 267 279 290 506 52 408 165 479 786 436 544 88 793 643 121 683 183 400 732 787 701 583 422 454 714 253 659 25 630 75 556 376 302 241 621 517 140 347 521 381 236 294 784 774 622 48 221 627 173 270 469 129 78 764 667 662 710 537 92 154 672 778 191 53 459 177 452 359 480 252 656 386 220 76 698 580 744 95 488 748 533 105 323 491 349 189 127 477 441 534 513 606 462 422 489 311 323 684 39 375 197 233 103 5 25 440 52 201 613 728 531 110 242 3 84 387 25 678 343 550 371 183 113 6 580 618 751 578 747 695 248 276 52 748 576 361 87 94 750 192 555 778 269 286 17 26 445 545 480 519 277 760 698 432 584 602 358 285 705 131 6 289 80 591 337 635 22 539 407 107 344 35 118 752 675 202 680 452 144 43 440 73 163 120 197 509 252 685 299 515 396 391 136 95 49 357 243 330 312 415 280 135 399 639 12 543 206 678 150 257 648 710 11 46 98 528 525 516 558 542 458 161 137 349 213 472 297 695 370 587 426 420 538 733 751 94 308 629 604 272 547 574 339 400 755 242 54 334 764 322 597 726 89 89 717 706 593 398 219 788 425 597 577 681 169 718 518 330 35 325 799 517 115 529 101 664 646 774 486 485 119 27 191 294 260 682 465 781 227 54 717 59 770 174 499 128 797 145 51 198 768 707 177 173 43 234 4 393 667 8 371 142 640 341 80 242 330 357 351 150 106 757 779 437 39 291 725 396 765 517 37 292 442 385 657 551 140 19 198 474 451 306 738 775 10 758 407 314 659 612 360 224 362 243 756 625 41 490 110 316 610 354 378 434 795 21 242 731 676 180 74 599 118 338 418 699 299 30 637 194 346 393 784 794 264 43 659 613 85 69 489 786 254 26 750 113 594 763 253 459 65 658 263 127 42 23 600 760 97 692 652 239 213 432 33 263 389 763 247 688 477 716 586 508 375 290 197 205 174 120 467 200 358 647 69 157 342 729 60 561 64 555 702 145 669 416 762 710 87 313 100 533 37 662 615 762 595 435 
769
1 1 17 15 15 2 12 27 9 24 29 24 13 13 16 13 16 12 13 19 27 7 10 8 9 16 7 28 23 17 4 4 21 24 26 26 6 3 9 21 5 22 2 25 26 7 25 8 25 1 17 10 4 18 5 27 30 11 30 18 15 18 1 16 15 13 2 6 18 29 12 1 3 12 12 28 13 3 13 19 9 11 19 11 23 3 30 12 2 11 7 24 1 15 13 10 27 16 3 2 22 27 1 9 27 24 20 8 20 11 14 6 13 4 28 30 24 14 16 28 26 9 3 10 5 25 1 29 24 22 23 21 29 17 29 12 5 17 21 13 6 13 23 17 6 8 28 27 19 27 18 18 19 10 2 24 4 3 7 16 10 7 2 10 13 15 18 28 22 5 15 1 28 20 7 26 19 2 7 12 29 29 30 12 26 24 9 4 3 1 18 10 4 25 11 16 26 30 10 29 25 22 8 27 25 22 7 14 8 6 17 24 29 10 25 7 5 21 12 28 16 16 25 20 11 2 29 4 5 5 28 25 26 8 13 22 8 7 10 15 25 28 3 14 14 6 13 6 24 3 21 17 11 15 1 27 21 13 24 4 30 7 28 25 12 20 10 14 20 12 9 18 30 25 13 27 27 12 6 26 24 15 25 10 3 11 10 15 26 30 3 24 6 14 12 15 22 7 8 18 20 11 18 18 13 2 18 7 3 2 10 28 1 24 17 29 16 12 20 5 8 12 7 25 13 29 28 4 18 5 2 1 12 19 6 8 3 1 1 14 3 9 24 17 10 6 29 2 18 25 22 6 17 22 26 1 16 4 2 24 6 18 4 2 6 22 28 3 24 10 8 8 1 15 12 2 12 10 22 27 5 8 9 14 28 12 9 18 27 9 1 17 21 10 20 8 9 6 23 25 1 7 11 13 8 14 2 6 2 19 18 8 26 5 16 14 21 23 21 1 13 11 29 12 26 30 12 10 12 30 21 16 12 9 7 15 26 30 21 9 24 14 21 13 29 12 11 17 21 27 14 21 1 28 7 25 2 7 24 12 6 2 11 3 15 20 12 25 12 10 20 25 12 19 17 26 23 10 6 27 29 4 1 17 23 26 14 15 23 3 5 30 25 10 2 18 14 8 14 20 2 6 27 8 3 23 10 13 7 13 18 25 11 20 7 21 3 20 21 29 16 11 7 23 22 6 7 28 20 16 23 19 30 9 11 20 12 8 24 3 30 28 22 29 12 26 8 5 20 29 12 4 29 27 1 6 6 22 1 20 19 25 13 27 26 19 20 29 19 29 21 23 6 14 28 18 13 15 10 3 18 15 18 15 28 9 15 15 25 20 19 21 3 20 1 23 3 4 5 26 13 30 18 22 29 27 7 17 15 24 30 23 14 23 29 9 5 14 21 5 18 30 21 15 23 27 11 30 11 26 19 10 27 21 2 18 24 20 2 21 8 4 18 9 14 4 25 10 28 23 27 3 26 21 19 13 1 20 4 6 28 14 4 6 23 5 1 29 23 2 12 2 8 22 26 9 25 11 26 27 10 28 21 27 8 16 4 6 9 27 29 14 27 27 13 30 5 19 26 15 12 10 12 29 21 20 3 14 3 20 8 12 26 22 15 7 16 16 18 29 29 11 28 5 16 3 13 13 17 26 18 3 6 6 28 6 9 28 20 12 2 20 13 3 8 21 27 30 6 21 7 30 20 24 27 11 11 19 3 3 21 6 19 13 29 17 7 13 22 
149 667 217 440 716 610 158 84 565 156 400 736 85 405 30 391 649 1 521 261 729 115 382 74 89 287 114 728 249 456 357 797 298 306 90 541 2 49 44 325 404 142 486 280 496 789 309 394 94 732 233 388 291 640 640 359 397 514 201 494 645 450 93 334 47 509 206 200 339 538 120 137 376 260 218 85 169 140 3 556 799 256 639 156 63 156 627 372 559 277 484 577 391 128 40 677 31 181 579 677 520 475 799 371 70 231 779 254 670 593 403 429 280 521 603 763 560 9 392 546 128 338 106 429 377 603 485 485 166 320 174 554 61 166 99 121 635 426 44 64 212 97 159 767 394 703 563 118 298 299 495 505 792 690 614 564 622 157 500 760 22 159 400 669 340 520 613 480 179 505 674 101 342 39 787 462 660 655 253 670 575 428 484 396 330 513 484 344 405 568 554 32 658 203 729 529 508 558 698 362 428 535 395 303 479 136 362 659 668 425 502 795 552 579 535 178 321 292 7 173 799 642 57 332 195 633 768 298 202 553 496 54 432 700 494 53 14 280 788 63 129 543 449 469 148 224 211 504 776 193 324 713 44 552 37 327 27 736 276 657 731 786 260 171 459 175 413 101 249 368 683 232 139 186 27 173 330 778 513 16 182 777 659 419 319 793 515 546 138 395 265 685 310 356 670 274 432 480 520 363 493 646 549 712 131 707 242 732 278 676 710 582 37 759 797 262 376 718 664 594 486 123 94 333 748 47 94 716 505 299 553 666 21 731 688 334 98 253 134 499 80 204 382 220 343 494 633 657 475 42 9 788 749 323 664 197 4 541 274 66 791 669 676 659 51 188 594 116 763 112 287 605 277 206 799 113 204 690 174 549 696 92 7 539 280 673 323 374 455 270 650 446 18 295 204 177 147 748 410 691 436 4 419 781 468 37 76 320 664 227 79 782 90 200 567 773 544 17 272 435 95 588 776 23 720 505 164 481 262 14 347 531 388 347 749 597 68 381 369 612 649 543 711 196 336 124 51 444 297 200 20 567 372 556 420 265 683 7 46 481 173 65 333 228 599 420 153 286 621 437 742 447 711 635 319 636 79 741 8 244 311 641 460 792 377 587 598 143 572 208 97 431 734 12 358 615 284 574 714 322 339 535 531 400 327 733 169 561 248 363 443 17 213 136 570 741 245 355 766 369 616 763 577 212 250 587 655 751 215 60 229 776 87 397 740 393 497 244 514 418 752 127 606 791 196 321 752 35 222 22 35 295 748 334 763 637 663 561 519 748 288 705 84 352 737 366 683 392 396 37 285 517 455 753 543 283 117 414 168 291 493 674 638 750 547 695 677 576 714 765 707 610 253 565 158 168 395 687 496 337 598 720 493 133 722 558 315 772 133 730 186 613 337 750 112 440 349 537 761 290 780 207 569 130 583 668 315 328 284 138 800 279 618 713 679 33 207 409 55 224 591 434 243 516 263 400 412 494 369 673 474 768 602 27 601 187 336 390 792 165 745 676 571 748 758 499 3 586 166 387 771 290 259 764 716 567 228 326 238 355 595 207 86 768 20 247 418 41 400 613 388 195 581 124 360 624 13 563 509 79 300 6 669 253 321 421 178 516 199 693 560 373 180 514 476 462 774 175 36 182 276 158 363 671 187 226 9 425 390 532 218 169 697 116 134 628 518 321 533 291 249 140 131 282 370 243 116 528 362 353 188 514 224 106 144 722 532 320 83 259 567 224 198 69 27 161 545 153 654 
665
18 11 18 23 21 14 23 24 20 16 21 30 11 18 23 19 21 23 18 9 6 19 14 17 3 7 23 2 14 12 16 25 15 10 27 15 1 29 22 20 10 12 21 25 30 3 9 1 18 2 27 23 24 7 7 9 17 22 21 3 3 15 20 8 3 19 3 10 12 19 28 10 3 23 26 15 27 16 11 12 14 2 26 17 13 25 28 27 25 15 1 2 25 9 28 3 9 11 26 14 16 19 3 3 13 15 12 30 23 3 10 6 1 7 17 30 18 12 12 4 22 23 24 20 19 2 16 26 12 24 16 9 15 5 21 10 28 10 24 7 19 8 11 21 9 29 24 27 14 17 8 2 24 13 7 29 14 13 9 10 16 1 24 11 4 21 3 17 22 23 26 5 17 11 11 20 21 24 22 6 6 30 17 2 11 3 21 9 12 16 27 19 23 9 16 4 28 6 21 26 6 14 8 6 15 3 12 11 25 23 22 12 8 8 21 11 12 8 26 16 15 24 21 30 2 27 23 17 14 11 15 23 22 28 27 24 29 10 17 21 28 21 22 27 17 22 23 5 1 12 16 6 16 2 25 24 15 24 15 21 5 20 18 15 1 21 25 13 11 2 18 3 28 22 3 21 30 27 11 30 10 28 26 19 20 24 10 12 28 19 1 4 29 18 14 25 21 17 19 26 13 24 1 29 7 21 8 12 17 8 2 18 25 20 24 29 25 4 17 2 25 28 16 25 17 20 20 12 21 22 13 18 8 3 26 26 8 30 14 7 15 26 19 5 21 8 17 6 20 21 13 3 11 3 30 14 16 3 17 19 26 5 13 17 6 18 19 28 7 17 6 19 22 20 14 23 30 29 16 29 25 5 1 2 16 27 10 16 17 9 14 3 22 14 2 28 7 4 24 14 6 3 9 10 16 26 14 3 10 7 21 27 16 2 3 24 18 18 19 22 14 28 6 3 9 8 11 25 17 20 15 9 13 9 6 27 23 14 6 10 23 6 14 21 9 26 7 3 30 5 11 15 14 25 15 6 9 25 11 30 27 2 26 15 19 18 29 2 5 29 14 15 16 7 5 22 21 1 30 21 24 22 29 9 10 3 13 6 3 29 2 1 30 27 15 5 22 2 8 25 19 3 30 28 25 25 17 5 23 24 12 23 2 7 20 7 27 3 22 17 11 15 26 29 13 12 25 27 27 7 12 24 8 10 11 14 7 21 2 26 27 18 18 30 30 16 9 18 6 13 18 18 9 10 16 15 20 2 26 2 7 6 28 1 10 4 13 25 30 29 5 26 1 10 18 6 30 19 16 13 22 12 16 7 8 2 5 2 30 16 1 10 26 11 1 26 11 22 30 27 2 7 18 12 12 8 2 16 15 5 5 10 24 20 29 19 23 22 10 11 29 8 20 26 7 8 27 2 29 16 2 27 4 17 13 26 13 9 15 30 21 5 19 3 6 6 12 16 4 26 11 17 17 5 28 19 13 18 12 30 8 3 16 10 8 
376 734 501 771 498 179 62 675 502 700 323 334 615 21 522 582 781 19 10 632 88 182 99 366 499 626 614 461 686 615 36 397 540 139 634 400 218 374 282 7 771 438 619 134 107 437 300 448 594 112 122 577 619 515 697 409 663 221 722 87 63 315 468 131 353 691 782 661 630 453 760 662 603 42 357 379 369 658 734 794 290 205 242 140 504 783 662 297 666 299 525 673 337 355 70 517 181 187 420 238 499 488 402 363 484 645 165 631 358 791 375 667 676 140 396 750 310 351 554 594 626 618 266 143 180 63 342 54 260 323 671 171 344 719 499 443 709 680 509 480 616 17 577 134 653 544 282 190 544 305 319 794 736 218 227 543 237 682 482 20 292 251 738 597 209 784 161 314 154 569 187 560 497 390 439 745 360 138 154 618 386 527 16 716 93 272 347 253 657 21 163 565 760 489 469 794 85 290 102 427 654 643 623 556 459 562 519 235 715 438 81 368 407 388 789 128 615 593 364 483 209 648 790 649 78 178 634 568 667 660 88 429 173 329 128 219 542 161 324 703 183 19 767 99 337 177 290 696 777 59 275 798 389 529 114 23 718 688 277 225 609 131 457 578 639 51 758 208 110 416 447 277 376 261 13 525 34 780 18 790 524 759 212 485 284 106 663 578 244 243 710 370 530 667 580 36 460 588 799 58 578 186 297 49 343 671 46 164 633 783 177 350 566 505 750 89 363 459 86 326 70 483 158 356 784 33 243 92 134 517 597 261 181 433 583 629 104 727 63 65 366 446 512 353 265 73 237 378 330 17 710 725 763 146 440 327 720 479 242 327 713 620 419 154 281 203 457 216 112 50 43 33 644 495 562 504 393 799 117 140 110 600 649 56 254 791 211 502 630 20 747 611 165 642 115 248 109 559 661 718 408 444 51 295 295 483 492 143 546 392 665 730 714 26 205 548 527 268 233 142 407 400 551 462 578 457 393 491 338 608 375 748 775 82 80 726 472 56 160 375 631 296 317 687 357 509 213 10 318 303 273 452 242 188 345 665 36 500 746 574 154 786 80 746 399 424 258 17 767 501 643 527 682 731 181 225 314 781 228 623 183 641 446 87 542 103 357 45 96 340 239 519 725 352 501 342 442 387 665 593 259 636 700 363 621 115 477 353 491 421 584 299 317 619 297 665 553 246 686 406 481 544 537 771 751 470 565 739 370 454 274 20 151 7 427 348 585 212 363 792 88 80 245 225 776 662 132 26 725 670 514 32 367 547 208 298 635 443 334 55 573 596 667 531 586 198 132 144 528 492 38 557 501 585 575 591 754 178 294 100 671 330 479 380 477 690 171 679 618 67 628 678 48 397 762 377 117 120 239 401 628 64 500 377 164 479 152 200 542 650 52 486 41 455 456 195 314 635 468 264 764 713 785 651 348 412 721 384 754 675 735 337 456 307 479 82 226 462 718 185 147 774 263 298 64 17 506 441 539 374 642 648 94 363 114 100 321 42 53 462 745 205 377 610 351 
469
18 5 28 22 23 5 4 15 23 28 22 17 1 20 13 1 7 18 4 8 16 6 26 11 25 19 1 13 3 25 27 28 26 28 22 13 22 26 2 16 12 28 9 22 21 13 19 11 30 23 10 1 16 26 30 26 27 13 15 6 12 29 8 14 8 9 19 26 16 17 28 7 27 6 9 12 25 9 26 15 23 18 20 1 18 26 1 7 30 24 21 6 18 16 4 12 5 13 30 28 27 28 4 17 21 19 19 1 14 28 9 20 10 3 26 16 26 20 19 27 16 9 21 19 1 10 24 25 9 25 25 6 17 14 3 10 10 28 22 1 2 8 21 30 3 9 23 21 19 16 17 28 7 5 9 24 29 8 6 28 22 2 15 19 10 23 12 13 3 10 16 21 28 26 3 18 26 17 16 2 3 11 24 28 16 14 19 30 16 28 16 20 4 8 25 15 18 9 4 24 13 7 24 10 22 5 4 21 16 12 29 17 27 17 11 19 24 7 6 24 21 25 26 4 12 16 25 27 9 21 17 27 22 3 7 9 15 27 9 20 26 1 6 6 16 3 7 24 16 25 15 10 21 21 3 17 20 1 11 15 5 17 8 15 12 14 15 14 10 20 15 3 23 30 12 25 6 28 7 6 23 17 4 21 9 8 26 15 15 5 26 5 21 8 5 12 3 2 14 29 3 12 21 3 14 21 25 7 23 30 13 25 16 17 21 28 6 7 17 2 21 14 24 15 3 21 8 2 3 17 23 27 25 22 23 24 19 29 10 9 1 7 19 22 7 14 11 5 29 27 14 14 15 15 30 8 20 17 12 15 14 20 19 11 27 1 13 28 1 25 14 11 8 28 3 5 29 6 4 11 11 7 28 6 7 22 17 5 2 10 2 14 11 12 17 15 23 3 7 20 12 6 1 22 3 26 2 21 27 20 20 25 6 16 21 8 20 19 17 29 27 22 25 17 14 6 14 7 14 19 14 12 19 22 5 2 19 1 29 8 18 18 25 5 11 2 27 18 2 12 21 26 7 27 14 18 18 29 14 17 29 18 28 4 6 10 4 1 16 
336 375 66 200 171 314 417 565 77 241 370 669 430 260 648 608 486 155 537 415 367 614 210 234 310 736 713 84 397 467 402 676 159 497 4 74 715 583 78 71 108 745 592 36 735 144 427 398 284 713 140 626 216 266 120 340 452 377 794 471 141 21 692 98 295 428 764 186 596 596 442 19 506 521 714 775 153 248 598 759 236 766 455 605 730 662 1 378 460 693 688 766 528 48 1 235 318 399 319 54 769 17 762 657 478 1 231 661 349 593 585 604 296 143 424 209 287 201 370 283 275 620 8 193 580 122 237 495 211 715 323 294 650 4 164 637 538 222 400 611 694 526 294 566 708 241 123 299 259 660 728 718 473 606 707 785 249 436 793 391 550 320 45 82 284 546 394 112 602 389 553 61 488 7 77 153 727 378 674 78 512 247 103 431 378 777 452 583 467 467 596 796 311 733 652 342 657 213 647 257 610 352 650 317 14 331 329 538 640 544 499 144 591 218 508 256 124 483 271 663 47 143 572 693 323 432 799 792 438 24 668 535 736 52 612 197 17 713 655 781 785 519 132 708 774 44 678 255 410 682 790 771 24 645 251 590 498 263 212 774 674 579 672 627 236 96 602 720 190 446 277 33 95 200 109 367 611 234 783 746 370 156 62 620 59 512 753 767 662 453 255 562 326 457 576 635 439 36 77 248 785 64 32 783 538 447 115 676 711 775 195 385 441 296 335 737 315 316 544 382 347 344 569 430 503 465 103 13 713 343 724 526 615 513 680 120 717 538 356 148 132 117 508 797 489 438 304 406 247 527 667 433 603 113 488 344 91 39 180 267 464 306 89 686 475 477 341 688 58 180 16 346 490 312 448 341 90 386 555 108 297 480 59 436 641 571 684 771 754 251 244 594 772 115 126 81 374 45 57 373 338 220 578 102 139 675 692 211 216 538 227 96 671 49 40 626 478 279 481 187 306 174 369 584 426 493 143 695 659 404 434 87 512 93 538 598 71 642 501 486 25 561 47 311 616 299 290 236 492 327 267 108 379 614 433 457 454 739 627 715 782 463 713 328 502 220 5 394 111 
935
16 30 15 8 30 3 18 9 28 16 16 4 10 23 10 21 9 5 4 23 29 27 20 4 24 1 20 25 3 6 24 22 29 29 7 21 5 17 3 13 23 19 27 17 12 24 4 18 23 24 5 26 8 14 18 3 10 24 22 17 17 7 4 21 19 30 5 18 29 6 6 11 15 10 7 30 4 6 26 7 8 24 13 25 18 11 14 9 9 22 11 8 28 16 15 16 25 28 14 20 15 28 4 20 26 16 23 7 17 9 16 27 4 25 20 17 24 1 2 9 22 7 22 28 4 7 18 7 5 23 14 22 8 14 14 13 7 3 14 3 6 19 13 11 12 5 6 1 18 29 6 17 21 15 23 12 17 10 29 27 18 18 6 16 16 9 30 29 19 25 11 30 14 29 3 7 15 20 2 18 25 2 18 8 27 11 16 10 10 11 14 27 18 30 29 16 29 28 4 10 9 1 12 2 6 4 21 24 21 18 23 1 7 27 11 20 15 21 22 24 12 29 2 29 9 4 9 13 22 19 19 26 27 13 11 19 24 8 21 8 13 10 4 20 24 6 9 12 13 19 25 29 2 8 9 12 11 23 15 7 18 5 30 6 15 2 20 18 2 18 21 26 21 24 8 10 18 15 3 28 7 11 5 8 5 17 24 6 9 22 29 6 14 16 30 22 9 1 21 9 14 3 20 20 21 15 18 9 3 6 7 6 4 8 9 26 16 5 10 1 15 20 14 27 22 1 23 1 19 3 13 30 19 18 14 19 8 13 23 16 11 9 3 10 26 26 22 15 14 16 16 23 1 13 14 30 27 10 24 4 21 3 6 16 15 4 14 5 4 3 30 21 4 12 10 5 17 5 3 23 7 30 27 2 21 5 17 13 20 14 27 16 1 3 28 14 16 26 21 16 4 24 22 19 11 3 27 5 11 19 1 19 7 20 13 4 8 17 16 13 18 19 10 2 11 27 9 16 8 29 16 22 17 25 21 7 23 17 30 12 5 11 8 5 26 2 9 9 2 23 10 12 20 28 30 29 2 9 27 28 16 28 14 28 28 12 23 22 24 28 12 27 8 22 29 13 12 7 9 13 30 1 5 1 2 11 16 26 23 23 10 20 21 13 19 16 27 11 19 28 30 22 11 24 28 1 15 9 12 13 1 11 5 7 12 23 30 4 19 15 29 14 12 27 13 6 10 19 30 30 6 6 12 9 4 2 26 9 12 9 12 17 7 27 21 19 27 27 14 11 8 19 14 26 19 2 2 15 5 26 25 8 6 18 10 3 3 27 13 21 15 18 17 19 27 28 15 24 15 24 13 12 15 28 23 29 20 15 18 29 17 26 28 16 10 22 14 13 20 14 2 23 15 1 19 25 5 22 19 15 22 10 18 9 2 11 2 24 12 3 16 4 11 8 12 11 4 28 15 5 18 12 7 11 26 29 11 21 1 18 16 7 1 26 28 8 14 2 27 8 10 26 12 12 1 27 12 17 7 28 19 26 16 11 5 9 27 10 23 9 27 9 27 10 19 25 18 24 10 2 4 24 23 1 7 1 26 19 30 6 14 26 23 21 24 20 11 20 8 2 5 2 7 22 12 21 21 10 14 19 18 9 15 29 15 25 19 11 6 26 19 21 14 15 28 11 20 27 27 12 1 8 20 12 21 17 7 1 3 13 17 20 14 11 14 10 29 18 16 20 10 24 2 4 26 28 4 2 1 17 27 18 6 13 22 9 2 20 23 26 17 13 26 11 29 24 4 2 18 5 19 24 9 7 30 17 18 6 20 10 11 2 25 6 11 9 3 24 20 27 18 5 8 5 23 16 28 3 2 27 6 6 21 25 4 6 12 6 16 11 2 20 26 29 15 26 25 11 26 29 17 11 24 9 6 21 13 12 24 4 25 17 27 21 10 26 23 5 5 23 21 4 19 13 12 29 16 26 1 17 24 26 8 21 27 21 21 21 19 14 10 22 24 19 9 23 1 16 17 9 21 6 17 24 29 16 26 20 26 14 10 30 14 28 12 25 5 10 17 10 3 19 5 30 17 17 18 3 30 28 25 25 9 12 17 7 13 4 9 17 8 7 9 20 22 23 28 3 1 11 21 23 26 18 20 
755 299 90 464 755 778 469 759 170 109 30 241 451 316 121 587 129 741 554 392 595 21 578 237 600 453 751 478 781 81 577 191 353 267 5 37 483 203 760 595 764 446 185 557 362 438 170 252 759 532 692 626 432 592 268 286 309 44 407 335 335 335 510 444 428 636 128 85 796 635 674 300 1 553 592 313 420 651 753 540 550 121 423 267 352 205 607 334 235 186 635 718 797 787 327 800 235 431 679 653 532 335 283 223 756 699 61 585 44 728 96 796 518 686 778 793 516 732 742 735 74 565 263 300 176 115 203 546 127 787 133 597 231 341 296 554 358 240 729 307 314 223 632 695 243 107 104 451 651 472 65 263 636 312 664 336 100 453 631 399 46 289 673 763 359 405 373 133 783 674 228 80 404 55 288 656 84 748 696 426 333 247 556 60 147 611 602 220 91 385 409 514 479 718 575 388 389 308 785 665 795 406 198 443 114 282 341 722 46 612 248 174 623 384 344 649 646 383 82 198 679 182 280 489 216 387 576 125 473 682 448 156 714 191 146 373 676 726 604 462 569 436 419 188 416 70 614 397 317 629 75 233 204 650 780 248 352 343 608 346 310 384 727 690 447 605 273 581 145 258 181 213 559 345 80 370 642 3 260 386 524 444 386 426 372 553 87 503 24 738 193 331 606 353 463 275 330 180 62 14 579 303 690 548 655 270 422 621 433 698 757 455 779 609 234 183 708 701 663 436 635 609 191 489 630 419 170 553 754 120 354 342 374 325 483 67 174 128 459 550 67 755 328 304 100 146 34 344 251 321 285 276 599 263 293 570 368 687 703 479 729 528 680 51 336 107 669 535 566 505 757 795 164 556 117 407 460 273 747 537 314 216 32 661 190 83 314 136 457 326 775 130 773 229 744 446 291 19 146 33 21 605 89 141 464 202 24 464 454 172 99 706 571 538 232 196 614 191 273 612 204 127 376 774 132 736 793 351 517 357 149 798 145 282 574 60 16 591 352 24 701 437 306 472 76 79 286 614 215 776 505 76 30 719 386 492 623 293 467 555 137 232 778 188 370 336 376 336 756 43 721 251 710 488 189 419 539 771 690 420 352 87 678 317 94 4 758 367 342 216 659 280 84 622 334 483 7 628 177 513 336 262 465 366 18 305 138 16 775 165 27 87 179 36 99 495 401 315 382 779 580 442 278 402 125 320 438 491 525 47 240 284 119 33 110 86 565 653 62 645 369 426 188 302 758 584 616 671 552 508 216 448 518 212 515 737 480 232 315 545 666 545 74 725 512 749 413 532 782 485 362 373 553 593 54 675 71 440 569 788 139 410 678 231 60 479 714 126 214 343 448 162 459 167 410 225 323 107 146 32 273 353 255 537 635 668 378 739 678 502 254 762 266 568 518 567 286 607 240 193 164 22 432 700 96 579 151 508 171 604 720 509 560 674 534 315 274 690 616 115 423 48 81 675 6 504 67 323 797 241 171 587 443 503 519 800 473 370 300 606 147 153 167 265 686 90 37 498 236 643 582 606 219 669 110 367 191 182 683 677 13 287 69 211 739 373 519 274 357 487 31 566 203 629 679 358 58 70 510 51 189 146 634 666 552 569 684 38 28 577 555 131 693 51 689 418 183 63 28 439 756 462 432 579 686 278 637 342 383 220 19 736 55 588 83 9 319 477 634 153 569 238 535 420 449 613 702 415 605 548 99 602 614 603 49 774 160 637 678 774 621 289 645 661 788 35 382 219 601 439 457 562 717 712 70 45 73 330 606 443 696 699 311 50 778 227 625 19 128 322 211 329 217 117 191 648 125 746 562 286 367 537 162 414 340 159 315 162 353 724 695 119 223 468 394 327 760 482 500 236 488 721 87 438 753 722 145 29 800 790 132 707 605 336 400 221 52 529 46 195 457 628 310 721 311 31 254 298 407 594 97 534 136 81 196 640 469 396 123 187 453 579 144 378 424 614 675 536 55 583 402 68 330 422 67 328 26 266 463 98 771 409 334 633 249 651 259 730 19 358 422 512 554 600 410 61 244 251 717 643 773 110 30 458 776 227 721 492 59 763 563 368 393 173 209 461 300 542 415 392 376 452 57 223 37 566 205 485 471 50 165 511 633 578 329 
