5000
94309 -43857
-70624 -5813
-84557 -22678
-26307 -82028
84260 13911
99658 17695
89345 39710
-92345 77253
20586 -27495
-76867 31099
-27022 63010
57087 -49366
-13153 94987
-25225 99186
77012 -38702
-66344 14111
99887 61602
-65682 53127
-74711 23621
36592 -65724
15152 36310
9559 13521
25771 -230
20438 87216
60339 -99602
29346 29717
-45206 14071
-17215 -28244
-13448 -57995
64990 99190
58990 -25964
-91715 10405
-23113 -86344
35006 -27946
-52527 -24229
59340 -46317
-49714 -31751
8180 985
-60891 -27166
34096 25298
27724 2773
-45810 -4672
-57837 29854
97769 20055
17823 -80213
-45749 12743
-23186 63252
51544 42513
-12923 -77524
-8139 -93505
36091 35337
-65486 -12721
45101 -87023
31445 9387
-94266 62122
-44163 68430
73923 -42357
52374 3660
-99086 -79057
56159 -48010
-58667 87378
65650 -18167
-8245 -96147
64313 -77498
70668 87702
46834 80190
29202 -8211
7759 -85517
-80642 -89531
-37181 -38216
1785 -69133
-18113 -91363
-9903 -52122
23552 -48983
17906 93398
94084 86420
-48353 -5773
-60743 42525
87116 -5078
-32205 58683
-66952 39652
20617 -21790
-50068 -13395
-56136 -51054
-6378 69621
-29294 16664
5887 88873
30959 74101
-51094 -35092
-45873 -44598
88900 80456
3328 26869
37565 -59660
5374 -53360
-64448 -17363
-17969 71557
-89719 66009
43664 -97072
-75310 -7902
-46975 -69044
27161 10995
96326 48364
-8733 -81167
-12233 -40249
-99811 -20269
-66734 -67900
-30576 -95724
-41237 -28608
-53502 -69168
-46051 78980
34414 -82770
99690 -77785
20679 -95768
1179 91628
-38927 66003
-97583 -53564
-23968 57417
-44621 27240
-44555 55583
-83248 -99541
-61803 48952
-85947 -20568
33147 85159
-25761 -31177
69938 45757
-20080 30475
34518 86473
-62207 -87726
49891 41461
-25873 96128
-5556 90155
40811 39096
18994 -80182
78435 -51475
-41058 -59731
18431 52586
-19297 -3090
65636 47498
-20542 78245
7599 -94111
14790 -60933
-4500 -75636
41744 -13166
20455 29641
-44553 84918
2625 -84457
95023 6205
-23868 -76298
78614 -3606
61626 78895
97619 46120
32016 15438
-43042 13161
-17696 240
44891 -5366
47198 98574
57002 -33744
-36620 27759
28799 -44251
-48900 -16426
34366 -65573
-68635 63861
-48943 -83195
17575 -72717
38397 36007
-38275 -60908
-38876 -29395
91682 -34920
97454 -25302
21154 -71800
-60843 -55557
-5414 38579
-99322 -83994
54569 32956
91726 75113
-4538 60578
-93143 59265
-74830 -17908
51950 24619
-63171 20187
-63385 40793
-30043 -35169
41078 45115
17376 -97494
10558 99365
93558 -80620
50845 67667
737 -78016
94334 79497
-24012 82816
30430 70953
2758 -88266
-47826 33560
9179 -55079
-46022 67564
-14369 -4843
-7411 98608
-86240 4954
68703 -86874
95010 -13194
54544 78132
-24585 -33451
83978 23474
32075 -72712
50207 16379
20117 -82658
90716 -39883
65522 50222
-81648 5196
-30741 -92899
-72774 -13568
65647 15978
27103 -81744
-45819 -79849
21833 -63397
-99717 75178
-35298 -31506
-42023 1129
-36614 78004
-53288 -12601
88307 -30491
81179 -58487
-89388 64713
-66643 -36524
9248 -93472
-50369 17139
-43400 39952
-62907 -95252
25894 -71519
34241 69531
-76422 -82262
-13835 67294
-75850 -55845
-92584 -36533
-75459 -15558
74886 -96937
8259 96706
38640 -6444
-82096 -41657
54007 -90374
88405 -97810
-1318 -49303
99734 87562
-99967 -70693
91501 -79900
91015 -96848
3532 64166
-8924 -79703
-56802 -82576
-87452 -45782
34410 15036
98753 -37232
-96307 -79477
80920 -84671
97566 -35114
49670 14101
-48308 -65325
90954 84175
-73322 -40682
-70306 -82501
97908 20779
-17772 74858
20478 54806
-42784 -48249
25458 38932
-73970 -68613
92060 88046
-74154 -66851
67877 81270
40101 -6702
-25176 -51008
69423 -93950
-67981 -13439
-83780 67199
55203 89563
-99 80912
81680 54909
-29706 37315
-21963 -30774
58273 -89413
83209 -16419
-18725 -1463
43587 -23939
35773 -17584
60059 -92306
83690 55404
-73038 -38984
51209 -23630
57582 32377
-89494 -47711
-62705 77014
-17079 59269
-73953 57031
48052 -59490
84600 97636
31976 31818
-82939 37429
-18792 -72276
-95809 -72430
-68817 -70309
-37909 87102
31853 -58340
77039 -16410
-18153 11729
47172 71897
-5495 -89249
67555 69562
16360 -91992
-80822 58815
46489 91052
-7417 98957
60112 9983
35475 15323
-44911 -97501
86377 -63435
6596 -42189
34594 72311
-29161 -55090
-20328 12884
98217 88206
-7646 -47336
-91957 -94207
6400 -81690
-43091 32859
10600 73594
31365 60540
98430 85933
-97241 99253
-25079 -83290
-67727 -67794
-9256 12395
-81045 -88720
93794 11155
20176 -68204
68013 -57740
-96616 -22202
7748 -49156
66034 -37064
4140 -11401
8356 -76489
16843 -75112
36080 -64833
67566 -96766
63009 -11876
-87796 41677
9779 75264
-49400 33001
-15660 67475
-83052 6175
-19248 -11382
44556 24640
87463 25793
69934 99955
-51648 -63785
4064 -95694
-21981 -18003
56734 -7681
93801 28914
-31331 31956
41782 -37442
-43688 76072
-45422 94158
-18369 27803
13159 55950
-7843 9615
63801 75435
77516 -71822
85422 14646
-35055 -53054
11247 11056
-60663 51621
-84685 1935
64333 35808
32801 -4909
32902 43645
46092 4075
76668 436
-2571 45199
-26860 -56450
32050 54701
14227 -54784
-25731 49045
-54980 -1980
72972 -74443
89843 74496
-30290 65860
-25451 -27168
-92586 -15988
-96946 86369
-73316 -95298
-72998 8335
-5192 -1245
-9445 -42683
57698 -71920
-13722 -69897
-30693 -21545
-51860 -43546
-94680 -57186
-76312 57647
78242 63852
34928 83029
56686 83538
63602 80309
-202 -85544
1800 -34749
51687 5674
43237 -76171
-76335 -48240
-39626 29157
-2499 -40496
-42184 -92660
-74495 -65832
68237 40051
-18926 -51571
-68914 -3841
4324 63799
20270 -9874
-67080 67863
-39906 -61253
-79675 -6121
-71147 66580
-99358 743
23065 -19382
-46866 54242
99385 -98117
56323 -80129
64837 67928
-23814 80056
25302 48240
14493 -23227
30673 39613
43339 -96319
-32145 -1961
58151 -35611
-69307 -2370
79756 4695
-32825 -58773
-79077 -47869
-67219 -98718
-95969 -94642
7672 -85365
60617 -17679
-120 40317
17793 -82651
19076 -61345
-37553 24740
-65410 67417
-72231 -47466
-62188 -62997
46626 87890
32167 68933
46851 -18682
-64161 32068
5534 73115
70302 -74868
-25168 42920
35512 -97501
-99502 14987
79807 -73083
-41213 -71478
80601 -36438
86940 -75860
86523 -81053
90020 -61802
-17864 -88670
56767 10271
-32178 20199
66566 -9543
-79493 -80651
31134 5165
20210 15322
41191 12783
-18072 2035
39019 68309
-74231 83882
32505 -67956
-9783 -56524
30575 10898
84133 52512
25103 58424
-80584 -57833
18878 52087
84155 -20838
-85096 52090
-45935 49487
56881 78271
84527 -32702
-63901 44322
19666 -71173
-655 88447
72235 35554
-71103 90686
-71971 17657
74834 68707
52996 -2805
-48284 -72599
-43866 33615
62873 9118
-42849 79922
-56571 762
-68810 -69663
-77126 -47259
75187 -13708
84865 -22401
-57775 -99427
-91242 14057
-12704 57484
-18970 66821
-84117 -60821
91425 34519
42824 -20544
36145 -54810
49469 -59958
58750 -1302
28185 82335
73933 -98281
-59727 -63879
65322 -98752
16958 -42351
27775 63174
-69396 45758
-57845 -42587
63772 -33961
38187 38260
34069 -82418
12965 -78816
74743 -42393
-8036 -94478
-42881 84837
69236 41123
33965 42340
13067 -82885
-85463 50558
29631 -11147
22191 -65082
-51009 25240
-7443 -80593
84190 83605
-63411 52935
-6500 7102
-81308 -81079
-95180 -90108
98835 -57132
-21743 61474
-38009 47084
-75495 -92912
-15756 -54515
45865 7584
-30575 7177
-69640 59406
-37040 18272
-47488 -33100
-27934 -39079
-36853 74265
39062 81954
-36353 -31978
-73239 13797
74667 18013
-1701 91812
24450 87388
22386 -3397
39103 -76032
47711 -53326
-22660 -87101
53513 -68053
-32906 -304
38962 7668
-25211 -86174
93439 -60365
-21842 65260
87805 16838
56902 -77712
77395 -4797
8707 26993
96383 35825
42796 1513
-95019 -38715
71394 -26420
-84741 -68683
-99953 61342
42930 62041
-38459 12603
39663 -21242
-44898 -89644
-35657 -18728
14794 49938
-84662 -16243
46121 96640
-51368 -70618
19030 52850
60935 83766
43102 -88160
53414 -44276
-90842 81649
-91564 -59450
27598 36654
85375 -19222
5607 -80605
50659 17652
-20768 38569
54593 34850
90544 6024
98470 37715
63857 43516
39528 6038
12427 -83344
28457 -25969
56007 -64671
-49542 31733
29699 82494
-71530 49189
78179 70899
50743 74256
-82516 -61452
85085 -34220
-58067 59796
64348 15758
19293 92742
-24013 -18361
-99182 51184
21475 -80187
93142 -2685
-47564 80296
46156 81855
-91501 -71957
-78815 51084
78951 2824
-15542 52710
59452 -3260
72047 18163
-94875 -10945
-78815 -34283
6337 -72229
-87082 66025
-69516 -17987
74047 -29920
-66771 -40786
45172 -36971
42965 55229
-58963 47312
8940 54489
63428 59301
56877 86014
-1459 59238
33268 -99714
-36906 -46158
-41422 -8848
-85398 -39834
98457 2939
89201 4602
60663 -72178
-13842 -77554
70901 85287
70362 71992
-23419 -21011
3390 94888
-87337 72648
75109 -33599
-47207 13873
-77861 -83719
-21152 -92548
72219 -65769
-65991 90716
9952 68490
24914 -73891
-22863 14985
-90161 -51094
3714 -94487
81745 14098
-42702 -36935
-58896 -57475
-97024 74081
21702 -57599
-38762 -60526
54289 -60354
-42231 5521
-50159 24350
71595 23877
53591 -66207
-99167 38390
15078 98543
-7125 64399
-72377 19905
-49276 -97268
-34506 54829
63446 -42558
-11527 -39842
-29344 -49716
-89452 -92108
7452 34613
46666 -1483
-50784 -85784
-79009 -36465
22903 53331
68388 30159
56024 -15053
-55347 -36919
-30331 -48912
14606 82361
95855 16200
-31800 82097
-76518 -54016
79780 -37631
19768 -82229
-38018 -20362
61643 65046
-59021 -73553
-86744 89036
-89297 38866
37977 -24596
-98608 8581
98184 16989
67594 -28830
-64204 80912
47385 41406
-54120 -55490
32200 -54187
70405 99608
31778 10503
-71089 84457
-82302 87624
-76842 71986
-52311 -36632
-12064 -89696
56056 -84326
-34398 -59655
-5877 12778
-54230 -30307
-38953 12662
91329 9224
-66051 99020
486 -59537
-6520 3593
-26660 -58098
-70639 -7150
-41589 11430
-92002 -68910
-91925 -97524
-97466 -96864
22761 76198
58003 -24255
69397 -98788
-58161 -38410
72013 65954
47361 -7702
-93169 -7897
-54954 -67769
88382 -7898
12487 82300
-75962 -82116
-93370 -13490
-9868 -30443
-61570 18601
43486 -28241
91269 97447
26039 45533
82419 -18411
-29627 -77220
57147 49678
-3309 -25228
6157 85886
67879 -57562
90683 78029
3457 85370
32567 -95366
-58786 -56310
-4704 16364
81565 -57538
-37937 22192
-71277 -35103
31412 75266
28938 -89444
26808 -93800
38563 37339
67845 1914
-45085 -35038
-58483 31315
99190 74257
-59704 74837
23100 -91584
-45170 -20603
87444 -92538
-6326 -49491
28469 81464
-90085 39066
52543 5883
24848 25994
-9316 9247
65911 -65615
-62367 -90984
21327 50358
-53404 -25866
-85279 -51000
-76908 34520
-86938 73858
41460 58659
-39548 67388
-91791 -35254
-1051 -79820
50175 82196
-21832 -8971
-92418 45441
88439 -28137
60092 -45763
95506 56400
40668 65776
-80874 -97057
-88595 -67027
91304 88133
-98616 -3890
879 4098
-3858 -18802
26791 92948
73349 -37821
21006 -38550
8054 -74416
77235 -73306
-96000 -77987
53354 76063
7844 64186
-83675 -51935
-58053 42723
-82767 -75495
-86351 13840
-60997 -33299
66866 -65161
-79623 72414
-46429 13616
16358 56039
14660 -51489
-66719 -46622
26311 -74385
-9613 79933
-36258 77463
-46499 -92364
91690 20013
-76708 49777
-79408 -93918
94437 -72245
-65874 -85345
-16190 -22282
-72011 487
84734 -93850
-89998 -77464
68915 6551
-73533 -41845
-43745 -87898
99377 47286
-69252 81909
25149 -3791
10432 61592
-80437 2364
20759 -50523
-74585 64475
47193 -96081
-11004 26236
90051 -16635
-23478 82857
-76999 -97694
83845 74649
-37752 47323
-35030 -48234
19768 -69590
-1164 71493
88852 59976
-62200 -10502
94330 -3731
63554 23745
48167 -55756
-96592 64155
-49019 -85875
86532 76957
60469 -47547
-57006 92556
-96099 -7764
-48148 8198
21681 65485
-16525 -70426
30978 -53112
-75441 -82531
43623 -81343
-69615 -3512
81723 7843
98849 79305
13814 -15339
-50586 -70816
67422 -4419
70457 -93416
-54073 -99402
-53454 47462
-33340 97563
26984 -83185
61617 71725
36060 76916
-56724 -36471
63580 -39483
63604 7356
-68814 -88920
-11023 84909
49033 56194
-49608 57423
-30686 -41771
-77235 -76462
12100 92351
-32688 -47974
34777 52094
-8335 58879
16605 -19079
87376 -76807
-24559 61897
-16294 -76325
99579 -43805
-78801 -73626
-78222 87592
-43549 42084
-46936 -50203
-60326 -40986
98056 -18503
86054 -54117
49278 -68834
-49359 16571
6155 23045
68226 49278
96707 -38078
94114 -68982
15027 -35804
-27135 -37994
4598 1809
-23634 -2841
-86903 50972
-44675 22415
96439 -68716
75409 -5114
11421 -7
99107 98714
7690 -71524
-19455 -54982
-91715 -87248
-3297 -99154
-26559 13954
-61234 69023
89591 70888
-71066 -59224
-10343 48815
82813 17821
-8646 -15112
-46304 78107
-79654 80104
34309 50851
46495 63365
-95502 -91361
-611 -66421
97058 67414
64105 92306
-72097 -7916
73937 -57662
-59124 -2534
-37352 20134
78606 -82048
81780 86023
-95277 -66387
66370 -24494
77623 -96550
-72148 23150
27940 -64426
20201 -12433
61356 96919
57604 -18823
-80676 -21776
19980 77351
49767 -76535
33720 -19752
-84969 1928
88411 66982
2159 97523
25385 60000
91706 84734
60080 41731
71344 -5735
-53781 30968
-48690 77951
86776 18079
-37545 88335
9453 34960
-11938 -44105
-64223 99482
64505 14557
29801 -34548
62729 -99244
-9108 17923
-1273 81347
-95702 80294
-10578 -21521
96476 20019
61353 -61232
70327 -33327
-88906 -73225
51366 -78941
33550 44551
53677 -64251
-1384 -88966
80111 -34602
-68410 -33222
-76064 34344
62507 40890
-20987 -41170
-71365 64729
-98310 88272
41921 9800
-522 60760
-39657 -20987
-19764 -94544
-89521 -4711
22429 -70628
64530 33304
270 16235
67305 77191
49768 -93402
37058 88907
78281 88644
-66482 59197
-82163 81782
89290 -85431
24336 -80148
-29171 -1879
53785 94902
-93580 -43739
-35485 -81239
67444 65815
84461 34859
-23970 23931
-77133 -74386
-74574 -52758
66890 -39254
29719 71945
15633 -50755
-91939 -53550
-60898 -78863
-31474 -75179
-88586 -14685
-92113 19239
-20926 -38884
54459 -22237
44707 95241
47811 22000
-73872 -66322
-81352 -29323
12701 55850
24045 -29845
40729 -3620
-27520 47000
79911 -59213
61712 -74035
-81968 -42826
-27658 -5109
-92751 -5117
-93706 48235
-99392 -34841
65240 1622
-37164 -39523
-40486 -22044
99824 -41377
80393 93255
-75874 78142
57311 92441
19495 3527
-31353 46008
48441 3124
69671 45609
14333 -86341
2418 -80078
-92400 3600
44816 93235
14730 79691
39493 20547
9945 -36867
56922 31889
85956 31546
-5119 -54551
42097 -71023
47627 -88917
78173 29906
39698 -69932
27984 27558
12492 99808
12958 -79653
30054 -44714
38326 -17389
43482 42994
-39109 -30298
-15330 -51670
90461 29008
35196 -1392
22268 -19418
-42237 -73751
-59138 27017
-31799 99168
79791 -52993
-14468 -98257
-58189 36394
53188 63252
-53448 -62814
-62236 -10985
39546 82364
21402 -78545
45967 88612
-76153 57691
-58798 50726
-19884 -78358
72561 -77887
70334 -99595
71178 -4571
62985 85621
61499 24563
-86478 88563
6404 -68504
-1024 -26506
98821 -38396
-70492 27797
59111 30837
-53689 -2390
75449 17553
75219 -25103
40244 -46496
-34573 33144
16153 55799
-92465 -65501
-94599 -17302
37719 -82725
74038 35193
-84490 -43274
-88488 66623
-46179 7055
-49513 6780
-95814 69248
-98584 10746
98502 -52161
93654 89402
10332 -24607
21677 -93653
70640 6781
14985 -19052
-99249 96249
61203 54549
-2090 -37919
-40725 24783
25112 -87204
-13768 21981
-93741 90497
-15762 94639
-94547 -1220
-18681 49383
26214 92571
35003 97089
39822 -35573
78740 -97159
45949 -41611
69227 18933
75932 93029
-60659 53930
-97559 12396
-8575 87175
-2226 62277
-81825 -42502
99486 3213
32479 76966
32095 11880
-50494 -32751
-99166 -69995
6168 72575
9403 -39270
-79491 -56722
15316 -28769
30817 12605
-69201 7362
-7447 -34418
-42949 64572
72769 -88824
-85020 -60588
-54483 46138
-30512 36122
27600 -61951
71650 -15100
11206 -83565
-10992 -82954
9178 22575
32026 56820
-33016 -1289
-57251 50863
-45771 -57930
4485 86330
92243 -89972
92041 -58706
2195 49647
214 -6947
-80053 -79466
74322 41972
24340 -96474
35662 -7971
64356 -46811
-34085 87246
13313 -87406
-81080 83275
-88042 -30034
-8576 -69205
12695 30509
-78259 -38237
-956 57053
-16580 35375
67274 -64046
25760 35273
51274 35635
-76693 -91359
44067 55268
68942 66549
89382 -63091
49464 -18676
-22790 -48473
-23947 93814
-48905 7765
-64201 75560
72581 8328
12422 16367
-62543 -57070
-62131 -48264
-75594 38896
-87889 21304
55561 78199
45022 86253
-26314 -81818
-43767 29246
-30696 -3008
21618 67191
-983 -65853
16403 -30524
95314 -38916
8818 -34510
-70446 -58928
98776 -97889
42566 -70483
68757 -25766
68834 59789
59806 38721
82469 65894
-53224 -72008
81036 2409
-22294 -76478
-23655 50762
30041 1682
-70816 37293
-79543 -55263
73536 -14045
-14087 40529
-75174 -64521
6722 -31086
93999 21528
-8510 -41929
42214 -72639
17572 -98936
-96500 83877
-56379 -10583
-35257 62326
50255 40940
-53499 -95341
-90838 2332
54030 -83866
-80873 -57858
-2001 -42676
-51704 -18339
-46147 48742
74884 54551
13363 -53487
-27116 85451
-79550 -34626
-1243 20192
-13981 61757
-59912 -98839
24044 -24538
83661 52472
21721 7978
-87308 -6405
96285 78228
-83732 78218
-39008 22208
33509 -81117
81398 -33375
-61839 92732
-83833 54158
-58231 -27209
-47751 18991
13934 63591
-82200 35632
-54642 49459
-59848 -82762
55289 -59135
-19628 68626
-86317 -49449
-84824 -66675
-70812 -467
-68820 -66487
27048 -10536
58163 76809
1229 84350
-1159 -48601
-63586 453
47837 -46979
-46936 -60536
-44408 27067
39520 -7385
45526 3608
-28361 17850
-9760 31767
-56066 -41959
-6265 -38557
-36610 41612
83139 -55899
-91018 -64123
-87581 -4029
50038 -57063
90599 54123
-54641 8304
60084 85369
7130 -50552
-43329 48165
-59065 -86190
47910 -47278
70933 -67985
-82070 -36503
36418 97349
87511 -12304
33580 13630
10257 -17788
8638 -63908
-29615 -36953
-63846 -70212
46102 -93549
59823 -3262
-32719 -45061
-9352 88611
87309 99276
25061 32187
-85126 23031
-91268 12681
-75359 58212
16532 26896
-79910 -45845
-31860 -5959
26209 17815
-47598 64234
76524 30437
-74126 -98301
-93030 -92260
-73776 74629
-16014 -12433
52044 95592
-46052 -99641
75626 -91655
73259 84548
-90637 1182
-6973 -29229
-7363 -64660
39068 -94038
-27858 82557
-24822 35693
33569 62289
70699 -21420
-84945 -66954
-35193 -80567
39645 -62281
-29135 979
25050 -48251
47885 -60852
-40338 42084
-90975 -19699
49625 -17043
-38246 90886
38398 46899
-17202 -77147
85399 -55051
60665 48519
46053 52472
40713 -30168
69013 -96596
7163 90777
-48778 -43670
-82031 -28563
30789 46198
-67050 95916
-66925 -93241
-28544 -98447
30481 -32240
89495 99724
19806 685
-87965 -62077
9142 -58884
-51376 61772
80539 71640
-67734 38255
48175 47481
56846 67025
87182 -58647
-13530 5973
-19722 -59513
-87862 35333
-81285 84767
61353 7460
-68236 -28058
1594 -51553
62782 2763
-49015 87155
-58408 -12508
97428 -44476
-70937 -81887
-47806 92122
46663 -62756
-84587 -50981
-1854 25768
53182 -30133
87104 36215
-59734 37690
-20076 -91406
32562 25396
91561 48335
-21685 -81489
-82296 89515
-88375 -71499
-2993 98777
11372 -50094
-93889 67553
-71650 -10592
97097 60642
-26721 -32578
-44837 81444
59448 -12334
-4504 -63279
-62717 -82009
24434 -29824
-19872 -23360
-91472 16643
22398 -12174
63493 -90397
51781 49378
-55933 4082
-68241 -58607
86343 -50486
-55599 28794
-62772 63174
13266 -40036
-88073 -57472
-52074 12896
20245 -3866
-22427 -53119
-27869 -21478
-83388 42495
22094 -27567
-29308 6525
97297 -6387
-92817 20275
18753 -64012
-81998 -48930
7160 66408
95780 37171
24818 94393
-86030 -62783
52139 55510
67105 -35855
-37317 -77309
10237 -16140
57885 -86021
65438 72598
85448 -54185
-94259 75567
-35569 -63447
27779 11856
-96759 86507
-90698 -81580
-80176 51031
-35684 72950
82350 -62393
18289 -47112
-39333 38381
-81609 86423
71117 36398
24149 43502
58463 -88014
342 73388
34727 -11036
31395 -4344
-2873 -34030
14644 -73781
-7360 37444
24854 -59847
67154 -78014
3139 70219
-80660 43855
-92726 37619
7117 -76073
75284 -83855
50683 -99690
-82265 -99863
44450 21749
12299 -39985
-90957 38938
84403 11979
1848 35398
-53634 -35745
-99374 48594
-10378 -24180
-85144 -21750
-45122 -22267
83556 -25441
-31617 -96216
60440 -66584
-4093 32183
93733 76826
59506 76195
90682 -79752
81797 -43169
82033 -31241
52529 -69182
52862 -49427
-78692 -35362
70845 41981
-83493 51170
-1375 42878
16850 -59397
52391 89518
94572 71385
-61685 68778
87750 -83629
-66578 -729
-26305 -53898
-97782 30300
33976 -36984
-83603 10440
90432 -683
39408 84942
-9927 48927
21631 39409
-23990 80007
-82008 53119
-5092 30669
23184 -308
-71179 5702
60857 -77485
-63151 31620
94388 -80149
47692 52624
70129 -44300
-4716 97010
61464 -59941
-11474 -64480
-82099 -54477
61809 -53240
21128 46967
94830 -99448
62848 65395
28846 -84960
31940 -25833
65024 43488
13765 -41462
22902 -50443
58544 -85495
-74597 19130
-82636 6408
62325 -3231
-86012 59962
26409 -4645
-29999 -5231
-16416 8662
49146 53927
-10155 8053
-53115 30771
10176 9133
-46249 -50981
-77811 -27966
-10453 -17579
52679 92389
-10434 -28858
98795 -6
12082 80612
21672 -15065
2948 31741
83159 11096
-41407 -8447
-19299 56955
-12266 -75525
-30893 75561
-33783 -30672
-83613 -15744
-70017 -15243
-26118 -56196
25075 16215
-7339 -7365
-66852 -50992
-30677 45411
93972 16369
94740 90765
27745 -41376
-21563 -879
-73168 55211
63207 82272
-92969 -22411
-57668 -5515
-42317 -17873
-70637 19305
41784 25770
-66594 -92609
29092 -31349
-49042 81791
-76385 98517
15714 20247
-52981 29304
-62449 26725
-80031 90705
-37214 44244
-74164 -56164
-3404 15801
-85950 32473
-76418 -16742
92046 -99804
86124 38052
52215 8490
58204 49066
-69006 -98736
73975 30736
49606 -75145
15867 65568
-6244 -19330
27661 62080
32678 39993
-94964 -8074
69924 -31559
-6768 -51627
-77801 53211
27603 -39115
79075 -17391
-18423 -45873
22515 48456
71747 33761
34499 28241
-14139 -40994
-9223 -61901
11952 86125
-97410 -69282
-25630 -39443
-54479 -26888
35460 -29786
72300 77252
-58138 94977
-62023 22596
-92311 -31262
-18764 45718
80143 -99556
-94561 -64508
-82814 36926
69851 56050
-68552 84318
-68274 -3307
45904 59563
79348 -1910
87551 49359
-4569 14310
9506 36988
-96578 37336
16119 79997
33429 -82795
-87368 70212
-16332 -58265
60536 96097
-12040 -91512
-38982 94729
14984 94523
-89795 25785
-26695 -51772
14606 87659
-91095 -22329
-52606 64402
11505 38455
7125 8316
-50778 -55363
-43434 49364
82366 -20108
19833 -43205
72266 -86358
-72639 33861
20436 -6591
68049 -70325
29573 71982
97955 87938
-47269 -84711
45936 71718
-95995 -18110
-86663 25587
73315 -96088
39505 -48921
95551 10596
41096 20475
15149 -78270
49029 76450
96539 -85919
8883 -3090
7870 4947
7042 53017
78514 32185
25780 30107
71100 44823
61907 -20780
-79218 -80363
27240 27912
70716 -92933
57502 -40957
-93712 71216
34558 -93781
45772 15305
84251 94509
-33373 59154
-51356 20682
83902 48408
22030 -36671
-60235 41390
76231 86710
-51922 84836
3010 8241
-77923 27441
13746 46485
32457 20999
-82879 60640
88731 -9116
-71581 -14343
15087 79847
76931 31610
86200 50377
-26056 -55953
11383 -73799
-6047 64159
97134 -57870
34348 66875
-97337 -96957
-48288 -81575
-39501 -49372
-65287 -32092
59547 -76767
24228 -22086
-6619 48892
14975 78321
28502 -89095
16021 54772
-16836 -48485
64016 93652
52340 21301
76450 81497
71847 -48330
-45052 -38217
-66888 32709
-42761 -63038
-40781 -97209
-9015 11983
87180 -86601
-86702 40896
-93530 -82768
11868 4896
1536 84400
62768 16932
-31897 -12062
-6712 33666
38713 91304
44082 -2440
-71758 87993
87589 -77897
95292 -43504
96193 -50756
19892 -56406
86939 52923
-73824 29405
98206 61990
-27576 -84608
99701 -70141
-81020 -97420
-42374 -84484
-91424 -47024
42914 22116
-5320 82412
-20936 -37510
-95579 -19153
-88743 19299
-47953 -1647
-72569 64314
-53448 13770
76015 -6932
99725 -57624
-19554 58549
-47260 53315
94212 -99743
-5418 -28977
-82675 -96504
85755 7420
16492 -74989
19051 35653
88910 -36216
3957 -45072
80675 -45362
57795 61508
11498 14482
-643 -67295
-31176 8857
-25792 85788
-77587 -38626
37933 12309
-74617 -73170
74645 76697
-56488 -17154
78574 -63837
62079 -54529
22723 88466
72983 44765
-94130 -37263
-71930 46700
37467 -47367
43205 -39596
-94617 29497
59030 76024
88905 -19404
61531 60037
-64219 -68517
69531 84218
1983 -95828
12015 70616
42275 -21593
83531 80078
29052 -37490
-94506 96683
-90957 -37780
81794 15421
-77094 98157
45084 -94901
-44494 -14956
74505 -68880
-11124 1986
-76442 36601
75284 71821
-24743 -83215
76300 74610
19401 22470
-21758 62854
-6316 20674
58318 68845
-2627 -74911
-29463 68516
-93691 69891
-39593 -71312
67015 23505
-76373 -99883
-58173 22006
-94100 44037
96585 1265
26414 51218
-60703 12985
-46632 -87974
-65297 37294
92121 -55123
-28756 -65364
-5707 -86900
84384 18169
46786 -19847
-74439 33244
11458 -37835
-11072 73113
-36984 -85258
-29695 53367
13350 76546
90288 -79110
55230 91884
-43074 96094
21948 -78073
-23091 -40183
31479 26012
91253 4766
84054 89821
-44070 -54387
69156 69998
-13732 9553
51795 25510
-33867 -18176
-74073 66331
-4613 -1200
-46559 -86099
15563 -69330
63562 63369
-666 35845
40461 59354
84363 -6734
-99423 9557
-13108 -37539
10460 -69085
61532 63036
39967 80557
-12667 -76037
1279 -27088
-32257 72720
-80407 -81921
70768 74024
18506 -54686
4133 42028
53449 44569
-51167 29889
-26414 70152
-50733 -86806
-67050 -36111
52059 -47495
58232 98814
87416 51920
4706 -48019
75958 82026
-94987 81218
-66518 14837
8267 -59163
-51530 -16613
-61838 24381
71529 -7266
64289 18644
-2418 -84937
71474 -19881
-13837 90538
57063 57085
74485 -18600
-48234 62904
65214 30629
-63182 85123
-98723 -56956
11587 16948
-58891 80787
47825 48682
14006 -13354
54921 -64349
47010 -20261
62705 -87244
32545 79374
66810 -75703
37705 10303
-89805 -73016
99615 -15553
6361 -69370
31040 42045
-91015 82978
23522 82495
-50906 10998
25422 70132
-13008 -59876
-2507 -93861
-60124 45431
-72729 -2247
-23254 -90666
-63595 -21891
-83972 -42279
-64997 -69886
10281 31347
69562 -64771
95924 32163
-12813 -26787
-45749 19974
98330 -95025
3528 23424
-2214 -4571
-38325 -36849
4600 -54470
91866 66030
55382 38560
27749 -78999
29010 -79599
20418 87158
-56225 -34188
61602 -69395
21478 -38924
34060 3338
86459 -86756
64379 19076
3633 -67151
24338 82384
15578 62043
-91443 -56492
69307 30751
-13599 43606
83280 -50566
-22315 16214
-11670 37343
24118 12623
-89288 -21436
-46202 -40735
29916 82993
-61440 82578
-6881 -14692
-56973 65399
-52945 32641
-26557 72806
-13920 -46728
54703 -3858
33803 69749
91393 14018
17238 84342
27046 -27935
-77528 -38011
-79666 -56329
23938 3682
-36320 -55905
-57947 78985
25628 23917
47857 -60717
22627 45389
-29810 -28878
37547 -42006
19861 21048
75489 41880
42162 30880
-32715 -99081
20410 -16750
63851 1510
-79526 47140
-66049 2928
31817 -488
-39703 -14484
4466 98855
82101 -58272
-44487 -85714
-89018 -24537
1772 62066
8300 -78251
84481 35509
-3529 85325
-72489 -34323
-99989 -90597
34328 18362
50193 55384
-4595 83337
-89174 35581
-87780 74723
62883 82846
93861 -29804
-86904 -14131
55685 47317
-31821 -25508
28561 70490
80697 -14352
-90994 11515
75243 74866
12707 81959
-79289 -9769
84818 55338
77480 -12698
13353 23006
-71559 -17838
56726 2643
-19482 15713
-59417 71163
-89100 90597
95678 -20819
46424 97935
-17989 40722
93048 53909
61306 -17099
-87129 -82363
26188 -91601
1941 24296
36574 48696
94848 -3791
-74893 36955
17626 15598
55255 -36511
28556 -40262
-29060 43601
-49250 -31861
87289 91183
28880 39826
-72749 -79
43938 -47453
-5687 93312
57317 64728
-74314 87802
-75133 -80936
-47580 55931
-20614 -51516
-86543 -68024
64542 92641
-42041 -69347
52638 -19265
61353 -39741
4027 -35510
-57818 21569
96153 72197
15583 64574
-70559 -96198
66219 47927
37760 86564
-58455 38348
30222 33932
-91509 8040
53362 98094
43924 51590
-23736 51394
-17443 -66023
-63029 46476
-921 -69168
-62718 40009
50757 15230
-29301 74134
83424 -58647
-37365 71880
27766 81603
7438 57089
63053 52759
-46508 91011
78729 -56509
-25216 -57639
-57659 85747
71061 3595
-67738 -13778
-89544 56635
-48549 -33555
-40067 -98795
-12943 -93619
-47344 -5818
-39692 31412
2765 84032
26306 22275
2706 33113
-52579 98040
7411 32611
42413 70864
-78822 45739
39014 37740
-1911 -64701
-18756 -88362
38165 -75823
6710 1405
63964 90433
63241 75087
30311 -22153
68678 73963
-32484 -95164
-93857 -85536
29649 66478
-72749 96023
57167 89199
-67163 -52140
-66977 29641
-23477 4995
77493 19492
-71858 -70476
-72185 77337
11509 75180
28014 -49555
-55377 -73199
-79655 -72672
-13090 -55932
26689 -8196
-69726 18632
8549 71181
-26040 73474
-74372 -90343
37455 10428
-66866 -80108
96315 73476
95112 -18859
-86795 -8088
38751 -81070
44564 52599
6866 -66522
66123 33101
57911 -92654
-36244 -61414
22619 -31081
31706 -78900
78026 84822
-92834 -50780
-78634 91541
76162 26704
77089 -72981
-26727 13262
86047 20598
41245 -33219
31284 -47901
-33795 -94717
-62097 40745
55160 -59177
-52005 -24440
36278 -65550
5892 -23428
-10742 -88138
79898 -97117
62548 42071
-56760 50403
10633 -71082
-56796 71318
-53131 63512
-28998 -58148
-18583 31001
17235 41099
-91892 -27044
35010 6520
-42592 30661
-60417 -78000
-54811 70114
89245 86700
82522 -37882
52525 -94181
-14324 -62739
35229 77636
45595 38471
-10059 40602
38030 98579
23008 -29541
90190 46315
93156 -51247
70184 -86771
91036 20889
-53365 -44191
-29374 -11371
-64603 74336
34031 92074
53653 -42614
-71385 71041
-6187 49918
5108 5873
-78649 51478
-9268 67601
24251 -47808
52050 27761
-60688 57654
86809 28360
62371 35382
-29833 -40168
-92737 4997
51137 -24515
17602 -29566
27825 -78023
60650 46880
53877 -66167
2938 82172
63545 -86543
-19991 44887
-85439 25832
75808 -50299
43252 13488
-6072 -11561
51291 -41278
26357 48617
-9950 13089
-47515 -33197
-76874 56160
44644 80733
-57653 67455
8402 43807
-61025 -1741
52383 -4117
-50080 -62140
-63342 77419
-70292 54805
87787 94643
85122 -55026
4688 -61770
8727 -12386
-45094 -49677
-74037 65215
-28128 -92906
27170 -9909
-38571 67959
-31688 1700
-96282 -66731
-89011 67149
-81475 -57142
-4590 -47714
6243 -32486
-41404 -3778
92305 5988
16534 7492
90218 67518
12115 43743
-12898 -69764
72545 13565
-76425 87949
-3829 -61891
-83242 52018
-94963 -41477
90134 -19036
-60201 -59584
88145 12794
47710 41258
18968 -2628
-27590 93388
60846 67484
1578 23521
-87071 -86478
47259 4340
-26957 44501
96806 68278
-95414 9988
53199 41224
97220 -28245
67743 2231
99794 66073
50315 -2273
-31757 -80878
-70766 -73195
3842 -67655
-24072 769
36816 32180
-69203 -25472
51318 35658
-41749 -26927
61098 -60835
1421 -7502
15833 -83864
-77052 55358
-53204 26309
-69078 82334
-88148 11738
66400 -69242
26811 86450
-30494 52164
81888 -78961
9480 30341
36682 96417
53399 -80466
1732 66755
-29125 -86353
22429 -26648
68045 -49598
45284 -76294
25962 -7918
16930 -23559
52305 15160
-48074 -74732
-66745 -11919
-83843 12462
2895 -71002
-14995 74299
14994 -56541
27416 -74786
-18994 75373
68019 -63360
-49223 48117
36581 77806
-44849 -41947
-56712 40532
5434 -46892
18381 19269
64868 -35963
10489 -29908
-211 -4872
50114 -52474
-53228 -55223
-33541 -75853
-76805 -5666
75848 -57980
8110 -58096
77653 24875
-36657 29849
-79090 67173
-50794 85042
79077 -91046
36524 -35713
-18798 62608
64971 76554
-14749 -46132
-70235 -20158
-67174 -13023
95969 49744
88669 69151
99394 -15681
85942 -90680
21888 -54762
-3905 -62325
30495 51666
92536 98443
16953 90537
-20695 10140
-2716 -55055
-37304 2159
-55023 -25858
62060 -22877
24090 -68638
3338 53906
-29765 -42795
48024 57497
53224 53954
-88838 27099
-62020 87048
-93364 70362
70584 16552
-47395 -51781
77123 -78445
-24156 86943
-91249 67307
82464 11741
1907 25792
-84684 51895
63703 94859
34782 46034
27099 21399
-28069 -53262
81762 -55679
56369 -12683
-95961 32506
-66624 84339
-41154 -37618
-39736 -90620
70981 -96310
58277 34068
92971 44996
-46305 -38378
-35192 69720
-33310 35134
-20769 -69302
71456 90259
-97701 -63786
98064 85588
6185 47895
-62499 62608
98377 76219
-12682 -58934
-79391 -94532
-66148 39237
42965 4237
-97059 -58152
-97527 30671
-51535 -13913
53656 -10639
-15996 -33014
-7392 87048
48011 -12676
-55681 -56620
41141 51975
-93236 42470
-21247 31954
-68713 -9741
18298 44563
33101 -6763
68962 -89604
-50731 91261
-29756 -42131
46625 19893
-64767 -61996
-50392 -88353
-57407 45283
83409 33531
38979 -97421
-11681 -61385
-38227 -80167
-32754 -67948
83285 9495
56973 -16650
70714 -78727
-66492 -88073
22066 -98723
-73973 18385
67307 52085
26933 31984
37938 273
42403 41141
-20167 97783
-3327 -57626
-3560 61473
74695 76856
-12358 79270
48891 -2010
55170 -63896
94564 -45767
-53636 -63930
55062 -2435
85871 41304
52604 -62518
-4719 -57438
-13844 88317
57080 80994
-71326 41190
-18462 -58140
-87676 65342
34959 -93523
35140 55584
-31640 11061
-79295 -4146
-45257 -21325
84644 -10262
-14360 5232
-65932 29236
71549 -93971
-417 -41624
36890 99486
-24065 67160
46766 82649
-19865 25675
-11781 -98011
2793 49873
-23032 90115
61128 88598
13691 -4015
-49567 59563
-69750 -35088
-21684 -43409
-81499 -42009
-66720 45526
89425 -69630
53215 -18067
88860 -52048
-60687 -28010
-90603 64648
59000 63196
87388 1494
-26787 79698
-79099 22592
60329 -1254
42146 85913
20018 -80748
70315 -72932
-23836 34097
14790 -69498
18583 23570
19151 -72899
77931 81847
77356 -27585
9789 76034
-62579 19132
4417 -39122
17310 -45136
40690 42309
62202 -41766
-90987 13824
-42465 33534
-32927 29762
-44875 47789
-80520 98001
-87222 95933
-59011 -83132
-4101 -95732
85759 44417
36161 22890
4004 -49469
78264 -27018
-79023 -48072
60434 -69130
57087 -15303
34651 52735
24882 -15988
65745 97899
11532 -44734
-34411 38367
-36865 -91792
90495 36400
89487 -57820
-78650 -36673
-30630 54052
85366 -21535
67782 -24909
67546 29368
21068 40376
21359 -80108
52719 54826
-41063 46606
64029 89170
-70902 31639
11150 85758
-97339 98347
36455 -52913
-18989 50297
34795 52918
-29587 10670
81256 -84590
54168 -86878
73296 27318
-57951 -12364
-30879 10928
52299 -7701
-97872 91457
47067 -42604
72486 -64448
70745 61476
-3712 79013
-16537 -42966
-28384 61159
-37981 -11564
-75795 7437
-39392 10490
-96020 69759
51281 -90101
-20083 43711
-92302 28789
32839 41473
-5103 -85057
22783 96002
60277 68401
49012 14704
-40043 56444
31869 90978
-85167 -13235
84941 34556
38215 82950
-28641 -88729
-99246 -95327
5512 40109
-64579 -81535
-90766 85787
-64801 59227
43380 -56122
77369 70454
42692 75672
15965 -85531
25355 -62887
-18266 -47649
-89733 -49454
-51215 94620
30153 -45736
90731 -94678
-25298 -44545
18084 65788
3687 77476
3621 23985
8231 -43937
-4797 -46670
-8761 -85700
72787 -22585
74925 68168
-19866 25255
-40563 6003
43195 5036
72476 -5502
73434 28360
-65646 -39206
-18189 89820
-89211 6649
88940 -78094
-71602 74867
83201 92604
92999 -33674
-40808 49570
-49179 -2516
-1814 -17402
-44491 27850
4608 -33009
-14217 20006
29121 44402
3610 37708
-49646 84437
26508 -28007
47710 -16340
38777 -6493
61611 38131
79715 75022
36325 -49120
-37478 96545
-79361 67137
-56921 -81668
-55322 -94795
-76054 -55250
84414 97
-81294 -86121
53298 39760
-54699 -78645
-16532 91692
57334 18316
-36263 63590
-93323 63088
-12834 -98573
-49436 22109
-30558 -24590
-60163 -8941
-2991 20809
-56032 18036
-89734 -16533
70180 80674
-57756 -58796
-3883 94756
8179 34959
-62113 91790
56298 31073
-47003 68211
35082 -62924
-82456 50135
80586 34533
-84836 -85421
43791 -67034
-6454 93775
79716 -74098
33634 -21050
-30774 91475
24354 -38050
-90005 76787
-37775 97266
39964 81986
34169 98764
-46637 16302
85764 -25801
43389 -4677
-51906 -95635
-51719 -47720
-49435 -51661
-93016 -20912
-22033 -65006
-4792 89782
-47461 61163
-53702 -24446
18583 76610
97518 17208
56961 21888
-30521 -35438
-17332 -13319
81805 84429
35250 -79925
-65880 17075
-61753 58743
53943 23732
-42596 -3216
91699 96604
-71906 -55259
-75756 -72227
-98615 -29458
-86868 23491
-67007 68685
98905 38041
-41112 94309
60721 -67663
5467 -3030
37459 37089
-91821 45141
85709 37500
-54489 73202
77963 -7786
98756 -36066
-68497 5008
8610 -84992
-31293 -4905
90636 91413
-52183 -31837
-12228 -50418
51029 -79585
-20775 -5848
37501 -32566
54968 -93707
-43612 15968
55097 78714
-89860 -19269
-52374 -23496
-14672 -62238
-8786 39511
-50814 -32636
61644 60461
-27590 36922
-9811 -10067
-6268 44338
-35347 -95038
73557 -5930
45280 -13545
28168 14921
85237 -45510
-80394 -94410
44970 58087
-21699 -78977
89600 22611
67749 81872
40848 7061
-7549 92773
15928 74844
51208 -59817
45773 -48957
-54592 2372
-18560 -74602
-65210 -67015
-52866 -67697
-16910 12379
74394 -53498
-5825 -77867
-88577 26261
-21430 88467
-47793 34633
23388 -11281
89670 36559
72135 -11110
-87827 39627
11439 17875
-24839 48546
81123 85700
50173 39463
-96646 -35391
47990 62610
-8250 94704
88910 -49641
4340 31376
21127 -79586
66430 -86600
83480 -87995
56432 -10385
3239 69755
-36805 61385
31355 -26012
42629 13459
90209 3542
-69940 50838
-2767 17947
91019 -97291
30226 48754
-57708 -30948
55252 -30042
92432 -62340
-13721 61728
-29339 -32068
-20847 -32589
75063 5924
22636 -68777
75156 -30431
-67273 50678
9268 -51690
39866 81123
34231 91473
-30418 64169
-78462 -54583
-8798 90299
56164 32621
-85408 8069
87922 46561
77753 -16525
6781 -62060
-38311 -64834
-65198 50402
72964 -16630
-41085 8077
37810 79059
23457 44318
-59430 48899
22910 -28267
49926 -91872
-23641 76645
-72761 23059
41748 -76737
-86302 -89827
95219 81014
-24423 63957
40565 44024
41427 -41059
97469 97416
-43084 90581
57027 -34519
4480 -22930
24574 47574
-6860 21348
19657 -54763
5407 54046
25145 46074
88565 16433
48565 -64990
72727 -15484
94425 -53079
-65309 -4380
21438 -75944
95671 12907
39483 -50541
-16760 93834
33558 34790
-80052 13211
77300 -50524
-42628 -32987
-15242 20008
21194 -97262
22912 -56218
14910 -25741
-63369 10812
-19316 57788
80444 -52989
23780 -29148
77354 3921
42982 65889
2715 -70887
-97542 -65249
-79798 1654
35955 75378
-51067 -90755
-86628 34054
-20623 -67395
-20104 -67602
5157 -74567
47970 62726
-73282 24871
82865 13514
99103 24106
58544 10465
-4135 24356
59296 8485
-12853 -64291
90149 -542
59532 -58647
-59658 97625
-69145 81887
-29708 -8345
60275 -80361
-43580 -78081
44948 -77465
-80549 -57149
-41003 41543
32311 31055
8810 34390
82347 -7350
-85926 84623
46784 -35922
27976 -18348
-23080 -32958
41686 50557
54703 -17364
96799 29385
-56476 -14537
-24861 13362
-41563 16546
94381 -82489
96896 -5829
58616 -22816
74127 -39041
39721 91459
-78226 84058
39021 24618
76723 -31019
48401 -73101
-48687 67968
32190 89559
61469 -2989
94786 23997
-17774 54435
63177 28030
-20058 -77397
1077 -87071
-79753 -32530
-56638 -55409
78347 -62104
14102 -76650
54895 -86118
-35269 91596
27849 85420
-77104 48335
37087 -99579
-36836 92299
-64832 70000
83839 -56459
-92146 79208
-47032 -91214
-8867 35964
40595 -6348
-80052 -98446
-30574 -13864
72112 88239
-78983 -94520
7428 92284
-40799 -6534
-39211 25294
54600 97738
54365 -37090
-77912 -21611
-34980 41886
-89432 46017
58203 -81728
66069 -31205
77505 -105
-14515 -8250
53091 -78127
18501 -58049
-79973 -39044
57556 -43579
42086 72308
-80380 -24097
8979 -19407
68888 59883
83819 74417
71904 -75419
91530 81197
30016 526
-4374 40622
85969 12230
-64660 84070
-70548 83800
-2469 24652
-92526 -25117
3211 -56796
-54248 -46685
-83468 -64807
5535 -74253
55119 3747
74330 95609
-75285 8556
-79088 17063
-62328 34058
64870 -11410
-60042 -49028
-26686 10459
1339 655
-76518 23605
34350 -6362
84283 -96974
32646 -7837
16201 -80521
-3647 -44896
-60466 78912
33010 -16961
-42550 -17669
-78964 18819
62071 70084
-85716 -42627
-24275 -92098
18762 61042
-40578 60403
89238 93663
44380 79811
-86279 77574
-28080 -84303
1163 -78101
46135 93388
32355 -73744
-21377 8258
52483 -25780
-21160 -7693
20753 30034
60840 -23713
-41528 76973
-77743 22859
50791 -20129
-84401 81080
-56723 73373
-8812 -47375
32692 -13334
-9638 -7604
-83693 64124
-22634 -76989
53391 92022
55752 6044
60503 48841
-82323 -39772
9207 -69178
-53595 10150
68787 76112
96158 37053
-70631 57958
-87041 19215
-80576 -784
-92638 95564
69720 38044
-96647 95472
50549 -4293
49147 22011
41796 -76349
20442 -76826
29576 7661
-52318 -38468
-80407 39099
-77612 -73474
-52191 21082
39387 -99941
-63612 49505
420 99209
75992 -93986
9112 75321
-85342 9111
-14878 66047
38543 -64688
14704 -95117
-19698 -20300
-45298 -26505
29913 25980
23697 92879
41896 45455
-9095 94879
-30462 81991
77519 -46865
84500 46591
-81047 -36814
-14844 -78896
93346 -32816
61824 -40021
913 -6993
-9194 -52243
-32556 55861
43329 13794
80734 -74372
70652 40721
97213 78290
35805 40923
-1960 27741
-39016 30846
56566 -25801
20556 -96107
-8569 81403
33141 -12474
-2278 -28296
98598 -59353
-77990 37914
625 -30380
-61852 -26417
75235 19209
-99878 -37980
71905 -41512
54773 -64290
17915 16660
-40517 -22767
63027 -47576
8316 80900
-10313 40084
65322 97770
-99506 -14061
-73199 51977
-9875 10316
50900 -81142
-22607 13143
56533 -95516
1780 62820
98010 -50475
83241 -25560
-977 -9288
-29536 34801
-60996 63694
89159 -29462
63652 -63146
36882 66693
-69698 -32110
18015 -73937
-54755 -47917
17429 -14500
-5960 42229
90832 -24392
82024 -65800
-98964 90066
84059 39867
93873 29141
-42301 -78990
-52528 -76438
80829 93693
34428 -31815
-59018 54666
6778 -78592
18772 -95005
48930 -27342
-31022 -83514
-40183 64683
-29190 51853
-72003 -3780
-28282 -34413
-7759 91396
32006 -46942
31926 80725
-77499 -80379
-6536 59702
-33090 91751
5821 10933
43659 16652
-44116 -96210
-14815 -70696
50102 -52914
-94329 54152
-57750 -74787
86609 37226
98850 30489
39426 -29779
-53800 72651
74079 -86832
-15551 -64916
15750 -47112
-91827 -28661
94699 27059
-31832 -46774
88171 -82688
-64770 90338
40166 66044
-67110 75477
11195 37794
-85344 -28282
-40581 -56558
-11062 -25497
-19607 -93501
-70779 -17671
-4525 89434
90016 35800
-46940 -97252
-29196 -42717
9108 38623
-18597 -24565
-92878 21887
87627 -82430
31109 -74710
66232 -10748
20413 8541
21526 62845
47442 -36094
-74728 -16987
-65287 98078
65775 25473
36782 8943
-86410 -70282
6279 30209
-94870 64569
-81359 88077
-94389 -97798
73861 -35757
65583 -70752
-86108 -16618
-37483 -4648
-93145 83839
90943 70479
-13582 -15686
-60910 -16144
-84355 4827
-74877 72146
-79176 -71601
-47489 55618
26956 -36127
56436 8674
70261 52171
33235 75467
39823 -8730
39429 -9374
98562 -12449
-95764 -27948
3183 -69020
90924 -53677
-32302 -82638
-48281 42058
-54652 -2245
-68505 -49573
82943 -4841
95567 729
-76869 -10430
64546 -47413
-87210 -76839
-50968 50627
-32128 -5362
-86532 63128
-93374 -74152
-72497 -78224
-56427 75517
74682 78239
-92416 14116
93105 -41537
88266 95784
-44615 -3113
27997 80752
87381 51086
31203 21349
-80007 96409
83086 16775
42656 77207
-62329 -17001
-52951 47321
1668 93828
-89218 -84716
-16416 98100
34714 -68062
43601 67937
-95781 -10258
94975 -62498
-29708 83195
-16863 -4309
-43208 695
-1461 51160
-40072 5097
-62733 -35689
72134 12160
-87100 -68280
-15467 -7581
-50593 66030
76651 -54642
-96533 98970
-23920 -39872
-40952 29059
31130 -82823
-32758 -5871
-23576 15744
57027 63150
-6823 -20486
78131 -90330
95801 2649
25899 4596
-84546 10423
73504 -41522
58676 53501
6386 -57023
-38816 66492
42406 55509
-77930 -41209
52062 -29059
-75273 39757
-61435 67826
58359 -74658
-69905 46886
-45092 5740
62033 52928
50940 83435
-6817 12960
84853 -6658
84014 74584
19278 -72164
-33065 -5513
-72560 83276
58817 83061
62207 95864
29827 11249
56010 -61109
997 56969
37938 1765
16214 -72006
28754 23537
-83635 -80415
44337 68525
-73907 4616
-47818 23393
-74945 -4877
-69278 4117
-60599 36960
34384 -96448
-70064 -86241
-61060 7394
-89211 -7395
42763 6094
69459 81124
24794 -79939
-20529 27786
-38250 -55329
88277 -42374
2358 -80780
-77878 69192
-27296 66933
62230 -97466
74860 83055
65694 -61328
18916 -26147
18473 -32577
86700 -23279
29832 43934
51030 -49689
25158 -99839
14968 51595
92829 99115
72198 -41497
-1839 -3314
75146 44441
80906 77844
-41023 42156
50877 2897
-35361 -77656
36210 -98741
-25892 -5046
84903 14090
-43484 -59979
-7674 -78170
62587 52459
-41294 2956
77165 82421
3234 -50698
2528 -85106
-40380 78997
71887 -42198
-84129 93944
-43039 -14434
-34852 -98705
-16005 99227
-27139 -85358
-56791 70471
81910 -39190
-72064 8476
-87187 -37309
-48424 -1743
-86006 -84518
65977 25877
-55551 73539
96686 40525
-8063 -62807
-58184 -62464
-92899 5528
17203 88770
-25999 51987
-48306 40225
-32766 -64656
-25566 -82720
-41490 4436
-45978 -38197
-91978 75407
34990 22133
21069 66153
-7163 -76570
-85823 3864
3565 -95599
-82849 87076
45240 -68618
-546 25451
-91060 -25217
17211 -57979
27885 -21114
-12591 -56103
970 -66268
92949 42652
13521 -34206
3083 35505
-48546 92146
97479 -54837
88612 77011
-31886 -26877
-23462 94958
21484 96773
-18546 98609
-67275 57013
15203 32110
-12459 -52864
-42705 59694
-36647 -79964
29454 -21847
-28390 96350
-94694 -36628
-31497 74724
-12002 60317
16885 -39041
31835 -50226
-73524 -2092
-42380 -49789
-69015 -14424
-2846 51554
59837 -70242
-43709 -2243
-79896 27545
10930 44879
-64446 9980
45982 -95274
-74136 -18977
-43848 53479
-9673 12556
-98677 4445
85381 9573
96813 13803
37373 -80057
-11720 60176
-69397 12538
47970 68268
-37288 -669
1940 -63361
-92297 -52433
24253 -45810
-73337 -28069
42080 6017
-69861 -43594
64641 64225
-99353 -13498
33609 81810
-8593 36009
59693 -13622
39383 -19807
91184 42538
72990 80032
15115 -6765
-96395 -44764
65629 70282
40308 96663
-65939 -66307
73246 -5065
78536 8085
73594 -95118
-58805 -68940
-50667 -75515
19872 -91103
2442 -28134
21446 64605
64266 4930
-44226 -28611
55827 18849
82002 -50888
-5902 49501
-37429 18193
-95151 -8212
77599 90088
-41168 -74692
-42105 -36743
-54337 5916
-69532 4759
-26638 -78827
99382 -52810
96395 19480
33033 57354
25778 -25289
98208 43304
-45129 7848
-80686 -71888
-50493 -24234
296 -44127
-15393 -94219
-32260 -47418
93070 93249
-88410 -13358
-57751 -83755
14498 56550
-55987 40834
28196 -73003
15606 19404
26423 -48538
-25979 -42988
-79507 -71251
42704 -5732
63238 33468
74002 -51571
93635 341
-44656 -4464
-41199 -4678
12184 -87224
-87182 -29248
-26902 97328
-82459 -77308
-58056 -18026
-21145 94024
7081 -96270
65887 -25968
-49499 -58606
94816 -76392
-61974 -49028
-61170 -24113
76023 -63014
6671 -76571
-62321 -64732
-66840 89242
-65846 -92285
-62720 6471
65112 3383
-24197 76215
-95502 8734
-70135 77138
46839 21033
96370 93881
-66412 -55023
-79602 39870
20076 -57063
-16585 -90003
-90770 -63851
-79128 57182
-88551 -57340
86169 -64172
-21009 -32819
-50691 -72281
-96827 -67029
-80437 -47900
-65337 -29415
-34107 -6217
-55669 20318
47626 57060
62067 -68010
41053 -98323
-91995 -83752
55743 -27992
-90190 -24737
55780 -74222
-80905 -94407
-33665 -71867
-15973 -6625
-66278 68618
7640 48611
-5492 80684
75351 26321
-36993 -26780
80185 49159
52213 20002
-25341 -50648
16974 41200
68633 35076
25923 11516
-94566 71772
20085 86789
4518 -27041
-21443 -86888
41534 -33974
77872 72081
78109 -62871
64447 28564
89368 13443
-55511 -88319
-4734 42581
-12647 -39263
90738 10148
-23344 16387
-50159 -42813
-42862 71969
11387 52398
38048 72157
-93429 -75468
-23914 -46791
47254 72535
32557 -85597
26673 -58804
-27537 40043
-62306 60870
-52963 -88065
3825 -9922
-87059 -59965
29888 -72577
16804 -89618
47755 93171
4726 -29214
-14888 83967
-91504 86150
62561 -82277
-27407 -96590
-42521 -88212
33314 -48854
-91619 60726
-29272 -29684
12330 -91472
91961 55626
81215 62141
-82244 -70543
-7233 50141
55553 57036
-25099 -10731
-30926 -38114
82726 -56349
-85133 -11924
42491 12253
93088 69342
-56565 50573
74522 8136
88051 -62507
30708 6307
-61269 -3195
-32077 656
12780 82850
-88227 55985
-84765 89775
91542 15579
-22560 51456
-96973 -35048
-52883 60012
-51983 -21792
-43239 32897
55286 77520
7207 24553
-14728 -12824
20290 -95618
-37889 80308
-60001 -42794
21414 30376
-43476 76709
-98618 38472
94349 -72219
-75040 -35585
-82027 -57372
-9764 74782
49755 25504
56286 -64540
55956 -99072
-22984 -24925
83542 -62643
8122 34473
-75255 -38785
-21811 -45235
97612 61992
79005 -51236
18450 93881
62434 1714
-50963 17839
47319 -24624
61154 -91338
-76596 54605
-40471 37495
-2906 -63300
-32011 28260
-9420 -93518
32005 -20967
-26762 -68798
94315 47202
19380 -61541
-38002 43
61983 6044
98210 -77593
11342 93272
70714 37847
-65363 -161
94513 25128
97321 99812
97838 -1809
-63610 71492
-43149 -8555
-81771 2566
61533 57740
-84729 34164
-58030 80696
95715 19942
-60657 43540
91825 68099
-12644 95245
-592 75521
67035 -91295
14733 41487
74976 -64212
-87810 19361
-44155 -21555
81317 94681
4479 35412
-48018 -97850
2820 30845
70417 -15059
-52344 -94432
77324 85673
59734 -20151
330 -79238
10223 70749
-53397 -47399
-60375 388
-52867 87044
-90386 -43539
-16877 60702
64297 -92944
6249 -63665
-17470 -29692
47900 85835
2210 -82113
48679 -42464
10481 -31469
11422 84242
-49645 -15940
35785 57930
-36552 -39281
94792 -4012
-670 59303
-59009 -80051
60754 -73818
-17343 36632
-80729 -83864
-82517 98538
7954 55092
65045 -46838
-609 -46681
-49672 6205
75510 -42732
-48209 6349
-58479 61174
30672 -23832
8184 32801
27898 26219
-67351 39813
-89280 4374
99385 -65703
-98570 95701
-36257 96251
-66264 40376
-46933 -71856
-99669 -57837
-18238 -15062
32030 38567
98199 84951
-55063 -35864
39744 -45392
33334 -43527
-59017 -7262
95829 81930
58941 -26036
30070 -35387
-14928 -94586
85372 -737
95830 -85973
-41302 -68895
-77559 -70519
73743 -44353
43096 -55635
18284 -12633
-892 -74769
-67177 530
-89353 -56144
-50508 -70665
-3731 -42933
68257 -64199
-13655 3549
35936 1077
38461 -13592
-26798 -19455
-35437 -8535
-6840 27511
-50184 89984
-7 23710
-27928 82058
50914 91582
-64907 -68001
47580 -98230
33984 -98562
-34266 65481
-14177 -73025
-222 -5811
849 26788
-878 86292
77694 79837
-9988 -42543
39834 19608
-93645 8709
15950 61782
-80906 -94584
-12956 85842
34511 21890
-92451 14898
-31703 -26972
-69080 -49360
31081 -26776
-65155 45883
84020 59103
-21845 65992
-34091 34350
-35474 -61213
29722 39006
90201 -24285
57910 -68651
-60729 -42373
38877 19931
-76031 -62402
-12074 -19332
-25549 19637
-23495 97813
-23168 -97577
72611 -30363
-54988 38723
-73865 38405
-9954 -1013
41826 85603
49913 -24066
45629 55776
93376 -65159
-3471 16363
-78110 -29004
80554 67808
-84440 19292
95671 17333
-1515 -54258
-6766 61863
25201 -47454
55937 -97982
-40725 -35485
-31846 -22809
-57415 40140
16408 78165
67455 3396
69402 60692
-48968 13388
-55507 43707
-32841 99406
25078 -43086
40475 -80859
43590 427
40584 3112
8750 86168
-37602 -29032
67809 -76452
-84149 -25111
93368 -57198
34053 25686
83623 -38433
55057 89908
-12972 92369
53237 -30385
-5084 -61092
34325 -48548
35012 -16049
38063 11250
99533 -82088
-92148 36691
-57936 -63487
1932 53928
-59673 35625
-72551 18064
-53052 35615
-53349 -74397
14285 -57851
34125 -65969
-11531 -37829
-13006 49070
23737 61909
-64748 -1034
-82627 2174
-14161 -52863
76966 46356
38288 58524
43037 66555
94668 -18685
-86095 47216
-51802 38560
-11140 25737
14231 -26744
12111 -46458
-78025 42580
-40837 49038
98178 -60195
-64146 -75913
-83320 -11552
-76846 72377
-4370 59281
70383 25047
-76579 69096
38356 -37782
37758 25277
-88443 -5243
61129 -31780
-81166 40533
55932 68079
-93217 -16373
-14859 -99440
-33014 -35369
-8864 20806
-54813 94728
-37841 -5752
25931 19438
-44444 89299
-92016 -53030
-13059 84771
-70782 72235
55855 88386
96373 -35342
-9814 -8943
-25612 -93769
23859 -33205
60724 -83526
98804 21898
-60908 -11978
-60485 -60189
-87893 4765
-44673 8591
-64084 -75485
-49689 18210
35521 88529
57174 53813
-61595 1828
92490 -66417
-3739 -98125
-62043 46379
38116 79187
-24566 60649
-56121 -64702
44309 86199
-67591 2053
64048 77646
80669 -10436
90660 -78038
33451 -5729
23804 -17710
-72284 -84047
10617 45275
-86090 -22548
-57340 36708
71604 44262
15486 28488
87307 -73387
63698 -6984
-86787 -97453
-15014 26780
77076 -16239
-44256 -49332
-95581 15938
-46860 95253
48662 86998
70775 45270
-45522 -71836
-24410 18098
-76240 -98720
16801 72320
52868 39851
85551 -14510
-14064 83840
-35623 1632
-23130 -31101
81599 13056
2592 -12022
61409 -42974
-96022 -4748
-16480 -10940
-80365 -13466
-99337 40563
-69427 -4261
90040 -32362
24744 -34386
-82758 4830
-20416 70458
39002 -72830
45250 -76315
90472 91037
-74207 44138
22405 -58829
49056 -77751
-26044 -98426
-22591 27856
-20441 -14133
-42744 -78097
-96055 44557
-59352 -74354
14550 93005
27863 92599
-98999 -77200
7381 -46065
-20707 72564
-65184 24721
-31936 35901
-4971 10976
60897 -66610
-17947 -34916
-15242 -86715
-7868 44676
48734 -10060
-12944 -53811
94415 74627
74119 90410
48884 -46314
11287 -96205
13001 87410
-25716 -58466
-16151 75140
43919 23062
23317 -80850
47509 -22228
-90698 10153
-1564 36445
95639 -51843
-85247 -64611
-21927 -40803
88206 -95725
-56140 -37942
-48565 49815
37708 -78595
-54652 19160
-6274 87204
73051 -13570
-22827 78508
32660 4903
-29038 -41538
-34809 -3011
-92057 -86133
92253 83435
96828 -42257
80635 -27548
-20731 -52861
-49400 -98161
-46041 63457
12922 -95029
93820 82683
-56068 -45969
-22621 -5070
44278 -61642
-78628 45704
-94287 45547
-96583 59388
31399 46903
-6228 22654
-3498 -51995
40991 24088
-10054 75403
72040 -42066
36013 -73263
20859 21691
16213 -74839
-21980 96476
17933 -69327
70347 -50666
95306 78577
70589 71884
-47660 -73613
-15234 3805
51520 4832
-16796 -76469
93517 87666
49096 -66824
53028 8664
88850 -15167
-6785 37389
-43564 -97122
-42705 -81014
96924 6397
34070 54300
22650 99029
57871 69149
-93638 94721
-23089 42892
83904 -95110
67364 -48373
33899 -845
31601 43734
-87874 -7560
8496 -65135
-44456 -35768
9820 87160
-40335 -78381
22899 -32157
-77361 -56971
-90146 -38225
60095 5734
43685 -12749
50457 -70804
70591 -47639
19330 -81756
-87193 -80006
9518 70616
39230 78567
-74138 -67938
64568 -63109
-74844 33660
-63326 -40292
78423 84039
94330 -70374
655 -23599
73133 45530
90585 67547
26853 50685
-96902 77768
-75939 -80699
-8844 22948
27018 25110
2411 -58416
-28235 81542
37375 74956
84380 -16905
91013 19499
-60343 61337
27814 -90691
52732 -49503
4916 66304
-75429 -9466
-46185 98124
-70244 -19448
16463 -7753
60899 -69818
3008 -44568
90645 -29155
25438 67634
40127 72926
-25394 -35850
-8122 18508
-3060 89143
39836 -17018
-86034 57893
70718 -96052
87659 52627
-11968 -38893
-84609 53798
80383 -45232
2019 -30512
-53223 98740
-26880 -56310
-55093 44277
34286 60565
4387 -14807
6804 71786
12192 31821
92564 84403
-13024 -67521
-30652 10818
-16040 81915
793 -1012
-66486 -13987
-39100 -95335
12677 64228
-85145 38901
-37192 3527
-69495 1378
-18964 33995
46714 57412
21398 -4750
84711 -20519
-52141 22056
-86320 -33572
16374 -65782
-45695 -30074
-92067 28858
45975 8938
83215 -45548
-38316 -77602
-93362 53816
21708 8358
-34323 81308
99024 -46462
-34453 -85502
-70894 -72845
73297 -87296
80823 46483
51894 60972
-11585 -17410
7020 -75
-83850 -9573
-64353 42116
-26305 -39781
-30879 67453
-22284 77540
-59281 12323
-27138 14839
-8500 -30681
-49888 -72685
60900 -62530
97906 79616
-16089 -52968
-2749 15924
57981 52810
-38904 23849
-34415 14680
-88409 31035
64732 72782
-44422 -36473
-97969 31437
-95348 29831
-2643 -36348
22648 5070
-88129 48672
53529 6677
-77621 -73233
48584 6476
-13883 95961
-22942 -13275
55960 35879
-3756 81537
88255 -95429
-59634 -50162
-18803 -37865
-26873 -64444
-78282 2462
-47011 70931
80671 -81842
58434 -52562
80531 -70589
56977 -42153
21676 -53273
-52374 82630
86704 76898
49607 61782
-53490 -77921
54200 -42732
34222 -75489
-84543 33602
65073 57017
29835 -64238
32461 32547
-33749 75883
19414 75243
-44969 -16238
-55135 97037
-4543 -68749
55003 17279
28836 39558
-22839 -68621
-74783 -66951
35183 -38863
15525 -13421
15439 -50309
78216 -88676
-65909 66032
-44255 -90067
97846 68177
1444 69824
-7973 37616
-42514 75520
70013 -98274
75382 -75875
-41106 5940
-94087 22888
13465 39676
57429 -31311
-81068 -3824
-95551 -56642
-52200 59771
83871 69082
-84744 -52474
-14819 -98264
-26947 -9543
-50404 -12000
-50646 -57659
-65948 37220
-50830 57264
-7362 -58937
99344 87718
-69864 82530
-28549 19183
-64184 -39122
-92752 -71590
78323 19492
-61180 35031
5735 -88428
19625 -35927
-61575 -48855
-85 -37143
-32509 -219
-14145 -74008
-65150 -12757
16082 47401
-78049 8829
71137 14607
76165 74047
39507 75108
-87829 -87800
53637 13502
-44829 75404
30726 -39313
79475 -10542
-8278 -53690
-12309 -36034
42422 -11230
-56743 -93562
23130 54085
21826 -65072
-98029 -90608
70220 76222
97663 69923
-48159 27372
-21684 -62155
-78981 52566
-83936 -95070
-46198 12413
33546 18017
-49324 -96229
75173 77515
-77269 -86627
65116 -54606
85031 41492
-93953 73901
-56985 40222
-86710 58502
38736 8275
-19894 65699
-10238 5295
-81867 -65091
-47058 95597
-54947 5162
69926 -53539
-56958 69716
28347 -56766
-19431 -67719
-66561 -97608
-180 -16689
-72835 -21228
13173 -90569
3333 -83505
-4990 -8943
3956 42133
-23870 -46163
6047 44719
19582 57281
-59913 -17047
-1727 -3441
-81450 42026
77488 48225
-71810 3194
-73748 10172
83119 -55182
-96499 -54735
34418 -99635
21389 1653
94292 -77566
-44702 7280
-83756 -7171
13866 -62587
-4188 15657
-27695 -82031
12009 56612
-46997 90041
22051 8403
-90923 -60119
-75092 -70758
16754 34347
-45112 -28834
78582 -1944
-2100 -71764
90238 -51284
5407 88328
17001 60477
27067 -28263
41445 59176
-67175 -1388
59749 -31525
-93697 -84944
-49400 27015
-43810 81399
91458 95183
-47311 -59901
-18441 -56246
-43215 64217
-47321 54995
-26074 -36379
-95582 -39932
-30841 74091
33701 46259
24255 -50631
-63780 82711
42242 -17044
77030 33276
1904 -11475
34791 -72201
55273 -78726
63712 84323
15809 -33920
-84251 -56261
93272 85741
-39724 74728
42556 -42887
-76953 45580
24857 -50292
6317 53443
66746 -31040
19901 93751
44791 -2744
42023 53952
23800 -53521
9336 48670
28072 -21528
-37982 85557
72870 -97019
-47013 -20922
-68824 -88738
-73245 34029
-34831 -2395
-34292 6468
51735 25338
-76225 62041
-80286 -90052
44033 -12713
96698 63787
14357 -57977
-80586 89861
16461 -26745
-18931 -49234
-85902 2443
-45838 17425
-71454 80781
10221 -28852
-76934 84567
21359 64647
60759 -48836
53390 -87668
-29529 81308
-55953 45303
86690 47226
-68375 -94129
-78610 13716
19748 71199
-85783 11586
2863 72669
78614 30384
-6302 65004
-86771 20553
-52723 36691
99829 -45163
-14059 -77008
96388 -90569
68215 86487
47553 -9265
45197 7439
-19302 47664
5345 -3458
-10745 -44478
45152 68215
658 3409
13319 -57590
48937 86243
-47564 -68689
-73632 -87992
-34560 -48959
-32296 27385
-63279 64281
11533 26974
-27205 7995
-40335 10117
-39182 20825
-84665 18406
-89134 81932
-55300 -77883
-2092 96144
3083 83374
-84952 -34372
-91052 -14462
-85688 -44129
-81035 52757
10109 -52965
2395 20969
35103 -44607
82436 86060
60019 91507
-56750 71705
98790 -10430
-66608 35962
-63265 79442
91818 75439
-12727 -13976
21754 -8252
-24123 -9623
-2144 -84962
62472 -26941
78041 -98259
97121 -72929
82176 76663
-53616 -5990
-58684 -40642
-21896 77297
-33080 -22551
-28964 -38864
-66263 -96296
-45164 61031
15079 -35351
55422 -96104
-39492 20762
43407 11310
-53159 14723
82767 -6498
78315 60243
-78464 -66233
-13982 -48828
-6570 53069
-49309 43775
17783 53183
-92010 27790
50474 -23904
-50554 17549
-55671 16454
-98125 26153
45728 76336
2138 57980
-32799 16560
-12562 23883
-95964 74945
-158 69334
17072 -52215
-45246 10961
96640 -91510
91006 -33562
-51258 -45595
-11430 -91753
53866 75732
30294 40527
-78924 16979
78062 -52987
-55588 -26267
-98059 -83805
-86986 39643
-12583 -78465
45011 85924
92242 21855
18828 -78786
-37361 -91507
70228 47301
-42443 -50602
47415 86511
-1349 -85825
-51198 22269
17874 -37452
2626 19475
30974 46719
84388 -9510
-74665 3106
-49393 -30259
21344 19858
-98798 -45329
89160 -71566
-6924 -62761
72194 -16680
68776 -95155
-86072 99221
54665 -24847
-33491 7464
-38995 49974
78302 65970
-19051 78911
89203 63257
96332 -98530
-10608 -44491
42512 84946
70408 -72671
81010 -14707
-36753 -43770
-34349 -7257
-25790 -70338
20074 -89072
-10815 -5221
35083 -1140
14987 -39127
9829 -75453
-95538 11479
-66277 47639
-26197 67782
-13548 -89822
96060 -7900
-44235 87711
-67563 -31729
42972 649
-63686 59686
33770 54123
-14810 59566
97253 65121
-43120 -69422
-91384 -53352
-53300 21760
3713 -94192
-22736 65179
12626 55244
-40065 90875
-71014 -65525
-91402 32487
-51757 -49460
23944 1697
776 -32094
-7351 -91818
-59500 15189
-45778 -78357
82031 37975
-74033 -49606
77153 -40873
91365 -56970
-4141 52450
-55402 -90645
50455 -27710
-79259 -29477
-22932 56967
-72836 -43130
-98523 49456
-72889 72179
-24613 -93815
-93768 10157
-34198 12297
22311 -62522
64864 90262
-24393 -81101
49132 -71485
-34712 -20668
-1101 -32751
55858 -47103
29435 19466
5322 49345
-37493 -8832
25964 83298
-81944 -61507
41101 90984
62781 -53827
-81362 -51362
-30392 48685
60361 43194
82515 -27946
62214 -87433
99843 25030
-41113 26502
-43966 1050
-98851 -14168
-76064 56197
32537 78122
95831 60725
89426 -75218
20199 68764
36451 78290
-58424 45540
-18316 -61171
22443 63983
-61115 12837
-10832 87480
78800 19557
43809 57680
56203 -68518
22331 19608
441 -62970
-34331 97327
11255 -30594
-28986 17943
-79180 -43306
12717 -70495
83630 21194
5914 -74117
74430 89941
98694 -69267
68177 30628
27724 25251
29323 67460
18867 -78827
88936 94663
78307 13495
67685 45216
92327 -77829
-2489 27692
-13792 -39825
-26383 -44629
-80426 -64298
-96959 -2517
-59814 62590
3171 69859
-98004 38265
-58916 39854
-23245 -94325
-431 6618
7010 35355
36185 -37547
-82684 16279
-2246 95134
-8607 -77140
-62846 -91485
66074 51818
-54985 48545
-48336 -60905
-72161 -13474
64234 84844
-29045 15502
-80280 -45441
-9056 -19640
-98335 11586
62704 18393
-28365 56680
60091 68331
86423 31452
64587 12683
10645 98808
13609 -33719
76672 82716
93826 68363
-22660 42890
-53077 -24538
1941 51584
23500 83511
-52458 -46456
-64758 -41006
-11490 60682
60076 -76154
-9835 4378
51503 -48620
-96587 85541
-56869 -48629
65726 36646
71002 -84733
57467 58610
-13563 77587
47901 33089
99344 95022
33640 47283
-43676 55424
-6307 46354
-96858 -1218
66868 -50014
55985 -47193
-81559 83856
25293 -85536
-74453 8182
57302 -96650
-5277 -30807
-98172 39632
83666 -69457
-85946 -95819
-86837 10528
-22551 -88588
-64187 57629
36921 -75504
29935 -1879
-58139 -95275
9731 22710
-55528 48197
-96239 68454
-62083 55925
44211 31101
-22973 10235
-47279 19578
93294 11891
-42673 15925
81524 -93084
-90484 34894
18770 17238
-57781 89819
-84067 -44646
70403 -51469
96240 -37527
-32254 -19631
-88442 76650
-56956 -33742
49390 70493
-45456 19936
-24687 -54729
65882 -15204
-10867 25439
84583 -4289
-30266 -21588
-67455 11621
-87559 -10900
-10891 75704
-13761 79418
68447 -45369
49530 95902
-5889 4043
-55888 71877
-921 -7563
-30441 -29595
31275 -87717
-56755 -91171
-80186 -23662
1856 -28581
-46483 92663
47476 -20486
88580 30555
-52050 73793
-26488 97610
-52573 19208
-11221 83830
-98532 28328
90859 -70788
50482 -86777
10180 23099
-21078 37035
98384 88305
-60489 84510
-8418 59778
68471 -45032
-54215 3774
29723 -38704
47614 -47014
-10847 20429
-90864 -93432
-72780 97320
43080 74140
-33557 -16798
-69132 23864
-254 -20782
-66383 95420
84761 -98351
70293 -26206
-40399 63554
64577 63606
-14476 55420
-94580 93868
-83966 842
-24388 -41985
-35688 48761
79942 -4365
-83440 21650
29527 9774
77273 59714
32405 -23870
-36791 17277
44054 59369
92705 68561
61461 -25102
-77141 61661
73892 39399
-54782 -68328
-53061 22560
13774 -5891
49734 81678
-84105 -31011
-11195 -22473
94228 86467
84167 56568
21477 22485
-67493 80563
64646 25238
99777 -32099
51019 69387
-65227 -3194
-49574 14274
-58362 52394
-9464 -54035
-59961 -15976
20987 64095
-20818 -12666
-17918 -4847
-26504 81481
18027 -68356
-17888 33659
16570 99816
97587 -46606
-32453 63551
-11888 81886
35744 84103
94040 66336
30167 82006
-68972 54291
32744 -50656
-74388 61198
-739 -72909
7136 -77299
-45 -82718
67733 47384
-22352 -61483
17641 -44036
4359 -62357
56703 393
-26278 -3375
-3685 2373
81263 47453
16702 74378
15402 51030
73993 73802
55719 -97701
34236 77489
61800 -34269
-80938 91516
-29610 15128
16616 -79323
99997 -27109
36832 11899
44545 67390
-19071 -92936
-36915 94152
-10678 31455
33337 -79249
-46276 -82492
28769 13096
-24914 32680
46324 21418
-43047 -61924
-96729 -38755
38562 51765
-36945 19915
18664 16110
-29683 -79531
67712 -23545
9822 74214
-28473 -47475
-66618 -25091
-18192 -34474
-49223 80460
-51127 -77734
-71607 58523
69373 34337
74006 47051
44008 -71224
-7119 -41815
19086 47148
-56363 -22200
1606 -76382
4283 85772
19383 83260
83730 -48660
76967 -21620
61969 -94856
-27568 63974
17033 9108
-11169 16260
-75402 56814
7827 70464
-37187 37096
62584 89089
92427 20422
-60026 -47103
73197 -45778
-52485 41622
-65775 40725
11033 92717
13135 -96081
-9304 -47153
43577 -65612
26477 3958
16870 -68577
3776 -15174
76376 76291
-45245 -59535
73120 42339
8714 -54229
-44500 30646
-76017 -55135
38218 58871
58840 -99542
-88182 14304
-60755 -76487
52449 -48226
-49679 -23951
-57773 -50270
-83731 -40925
-35034 -10543
-13698 39853
37319 -48281
67909 -49961
-46781 -17349
-57989 -84590
-24942 -96246
9631 73124
42926 77487
-22332 11216
-18682 -70124
93793 21288
-98074 -37540
24078 62217
87917 -76323
-86138 36879
-60298 -83592
-57333 -47609
-98177 -78741
42092 38242
-90852 -49651
57103 -40747
86757 32804
25890 98530
-16116 -27633
-57022 -27805
-89122 62160
76761 39264
-49612 64470
-90993 -29965
-99929 -82884
-18724 25466
-61004 -32150
4927 87079
-70790 -48146
-18387 64810
30140 6124
933 1461
-8861 96658
2896 -63378
-60611 -71007
-11344 -62050
60428 312
-30697 2569
58894 30741
46597 -81510
96092 73519
-37567 -47227
-22269 65130
98641 55094
78701 -73357
-14402 49960
-92816 65077
-18838 -65711