50 0.0500
-5.5601 -2.5854 -15.8656
8.3722 -10.2318 -7.7651
5.3182 -9.6316 -14.0640
-6.2456 -18.3852 -5.2312
-1.1738 -16.8338 -2.4013
-4.5183 -11.7153 -14.0784
2.5758 -8.4032 -8.0014
-4.6836 -14.3063 -14.9282
-3.4487 -17.1167 -16.6877
9.2786 -0.7955 -16.2317
-9.5139 -15.9089 -6.0031
5.5903 -19.5413 -8.4467
-9.9672 -9.6905 -7.2041
9.7125 -14.8180 -3.9501
7.4097 -1.5450 -19.9557
-0.6102 -0.3706 -12.0211
6.2746 -9.0709 -4.5829
-0.3014 -19.4178 -18.2695
-7.7709 -14.9751 -0.7017
2.6353 -3.6668 -8.6784
2.7071 -3.7620 -1.4663
8.2525 -3.5038 -18.1159
-2.7790 -19.2898 -9.0728
5.9229 -18.9771 -16.2266
-2.6904 -15.1142 -4.0983
-2.9581 -7.2224 -10.1317
1.6700 -1.2140 -1.1292
-7.7662 -3.1289 -13.0794
-7.9835 -12.3318 -9.7929
9.2221 -12.5697 -19.7526
7.1941 -17.7778 -10.4332
6.9996 -9.7052 -11.0678
6.0095 -19.5922 -8.5476
-1.7723 -0.2973 -3.9720
-8.9208 -16.1904 -10.9516
4.0588 -13.3590 -12.8003
8.4294 -0.9274 -11.8463
7.9714 -13.3949 -18.3452
0.5344 -6.7831 -2.1403
9.3032 -4.6013 -4.8180
4.2010 -5.9689 -4.6534
9.4870 -12.5257 -18.3389
-5.2072 -15.5703 -12.7280
6.2063 -18.7981 -11.0051
6.2634 -14.7152 -18.7320
-5.1578 -18.2986 -3.8445
-6.5950 -16.0931 -3.7072
6.2057 -8.2125 -1.7053
-8.8036 -0.7001 -8.5805
-3.9496 -3.4859 -6.8117