200 0.1500
-8.4738 -4.4016 -11.2318
4.4693 -0.4402 -9.2301
0.0224 -18.5590 -14.6312
-0.0023 -6.4154 -3.9252
-2.3812 -18.6813 -14.2371
8.1919 -15.7323 -10.9575
8.6241 -19.5020 -7.9890
9.0026 -15.3939 -9.0302
8.1826 -17.3366 -9.5317
5.0082 -6.6197 -10.6449
-5.9030 -10.1847 -12.5523
-0.4520 -12.6822 -3.2416
5.3730 -13.7201 -8.5475
-4.4790 -10.9431 -12.9404
3.1480 -12.5930 -10.8181
4.3865 -11.7402 -1.8715
-6.3910 -5.1776 -11.5525
-1.4709 -7.3124 -9.5419
-1.7023 -19.9715 -18.1548
4.1879 -9.5131 -6.0768
9.1094 -6.3417 -18.9374
-3.8229 -8.1481 -15.2976
9.2994 -1.0990 -3.0320
-0.5535 -3.1705 -17.3778
-3.8253 -10.7401 -5.1631
-0.2835 -17.2625 -13.1293
-3.5115 -13.9916 -16.6900
-1.7020 -11.0376 -4.5020
5.9278 -9.5522 -10.7874
5.5643 -2.2542 -6.5016
6.0096 -1.2178 -19.1869
7.5134 -14.4687 -10.4847
5.9352 -5.6552 -17.0570
3.1750 -18.6150 -12.8586
6.2566 -11.4459 -8.0029
4.5632 -3.5754 -4.7897
-9.8571 -11.5949 -10.7373
-8.8900 -9.1712 -7.8446
6.5691 -1.1638 -17.4370
-5.3914 -6.8168 -17.3505
-5.5184 -8.5027 -16.6095
5.6446 -2.8605 -19.3265
0.6529 -4.0610 -0.4972
-4.5148 -16.6180 -2.4660
8.1836 -16.0493 -11.1694
4.3846 -3.0931 -16.6345
3.2994 -3.8433 -9.0057
-6.7057 -19.2894 -14.3693
6.1574 -19.1047 -19.8357
-2.7677 -18.7276 -17.0103
-9.5362 -9.5056 -6.0661
-1.4589 -17.3086 -13.3729
1.8069 -1.1868 -0.1488
-5.1679 -19.7884 -3.3872
8.5323 -10.8279 -4.5712
7.3240 -7.8077 -2.5475
-9.5219 -14.5681 -14.4556
-7.5874 -1.7857 -19.3912
3.4512 -18.5732 -12.7844
-1.6380 -16.3719 -9.5797
0.6998 -13.6591 -5.2582
-6.7960 -16.1498 -12.9098
-2.4325 -15.8743 -1.6258
6.5619 -17.8625 -12.6103
-5.3466 -10.9784 -14.4737
0.0361 -1.5479 -12.3498
3.0026 -8.0876 -4.9609
-8.7667 -5.1035 -1.0745
2.0712 -14.2484 -6.5526
4.2410 -6.8710 -17.0614
9.4695 -0.8923 -11.5075
1.8727 -19.2074 -0.2273
6.3749 -7.2700 -4.7783
-6.2394 -13.8469 -15.0721
1.9210 -18.1619 -2.0878
-0.7545 -11.1038 -17.9058
3.6981 -3.6621 -7.4090
-5.1595 -4.2916 -17.0864
6.5455 -8.3859 -14.2125
0.2649 -7.4230 -14.8282
6.9381 -11.5749 -2.1533
6.7094 -18.0130 -7.0749
-3.7901 -4.9189 -9.1474
-0.8480 -2.0927 -18.8549
1.1464 -13.4418 -19.2945
5.0704 -8.7652 -2.1171
1.9652 -13.2593 -0.2956
-7.6857 -18.9480 -5.3476
-2.5825 -12.7707 -2.4694
-3.4541 -2.2202 -7.1202
-3.4190 -18.8093 -15.0978
9.3683 -11.8946 -16.7993
-4.0397 -2.0085 -16.7005
5.5572 -17.3027 -0.7721
0.6041 -19.1366 -1.3809
-2.8355 -5.3716 -9.5258
-8.1484 -17.8788 -17.0155
-6.7760 -18.9449 -19.0597
8.9686 -18.1742 -9.8330
-7.6274 -15.7042 -4.7386
8.7627 -10.6057 -19.8872
9.9842 -19.0445 -12.2110
0.7811 -2.1653 -3.5378
2.1877 -12.0280 -3.3104
7.3812 -2.5619 -5.6473
-8.0443 -14.0284 -10.2816
0.1011 -3.3425 -15.2433
3.2918 -12.5160 -4.4903
-6.0845 -10.4675 -17.9288
-5.7602 -1.2965 -13.6791
7.8595 -9.5139 -19.2193
5.8596 -18.9609 -3.4611
-9.8240 -6.5178 -16.6857
-3.1425 -0.9450 -10.2753
3.1485 -5.1853 -17.8014
6.7759 -1.7216 -16.8916
0.9248 -14.3299 -5.1871
-9.4346 -9.7491 -4.1437
4.6947 -17.8363 -3.3412
-5.2432 -3.8442 -10.0574
-6.7835 -5.3192 -3.8417
3.9780 -0.7031 -14.8771
-5.2848 -17.0554 -9.2119
-2.0110 -12.8668 -10.7939
-4.5092 -19.9148 -10.5650
-4.4823 -11.0043 -1.4225
-6.4199 -7.2503 -7.1117
-4.3741 -10.5822 -0.6078
-3.1508 -5.7531 -3.1956
-2.7862 -0.2017 -7.4826
0.0197 -5.7018 -11.5234
4.2465 -14.5040 -1.4558
0.8393 -15.1670 -11.2561
7.9019 -3.8589 -10.3106
-2.9660 -12.4751 -0.3761
-7.7557 -2.2195 -2.8478
-5.5122 -13.0128 -8.6088
6.0479 -0.9911 -0.1638
-4.3754 -16.1527 -10.2455
1.1513 -6.8659 -17.8482
2.9271 -1.5724 -1.6960
8.8755 -1.5532 -0.7844
-9.0261 -1.6796 -14.5757
-3.5867 -10.8277 -0.8944
2.1018 -12.9461 -12.5168
8.0986 -3.5530 -17.2492
-5.0264 -12.5611 -15.6652
1.2696 -15.5272 -8.5015
8.7205 -3.0265 -18.0147
-5.8619 -11.7450 -7.0774
-2.2687 -14.9678 -13.1068
-5.9197 -2.7627 -6.0550
-1.7794 -5.9914 -9.6054
0.5252 -12.6529 -10.2356
9.7103 -4.3107 -3.4460
-7.5126 -9.9145 -12.6620
-8.2219 -12.0945 -18.5162
-5.3196 -4.0247 -6.2757
3.9709 -18.4128 -16.7204
-9.5683 -18.0497 -17.9756
9.2029 -2.1210 -15.9149
-4.9237 -0.7824 -8.6000
-2.6295 -10.6691 -14.5558
1.6715 -5.4946 -9.6910
6.4133 -17.7358 -7.9269
9.7920 -17.0184 -10.0993
2.6029 -13.2494 -0.7077
-0.2918 -10.4260 -1.9467
-9.6818 -2.6223 -17.4185
-2.4166 -10.2309 -10.4688
-9.2118 -13.6579 -12.8641
9.1236 -1.6603 -8.3130
8.6674 -2.7258 -12.4855
-7.6607 -7.8572 -13.5398
-9.8051 -0.3764 -0.6145
0.7361 -7.6363 -6.6227
8.5308 -10.6498 -8.3424
-5.4692 -15.1520 -9.5578
-5.4159 -19.3949 -12.6318
4.9989 -14.4586 -2.7459
4.0500 -6.9336 -2.1503
-8.5238 -16.4247 -1.8146
8.1407 -18.4347 -4.5154
-9.6914 -17.2953 -17.8048
-4.1201 -12.2346 -1.7825
-1.2720 -17.5230 -14.5530
-9.8725 -19.4390 -11.3786
0.2438 -15.0008 -12.4022
-7.9326 -6.8236 -12.1479
-6.7695 -10.0521 -15.8325
-4.1574 -17.5166 -4.3854
-4.4137 -0.8865 -11.8914
-6.8961 -5.8957 -5.3288
7.6264 -17.3698 -4.2023
7.1952 -13.9096 -10.9104
2.3928 -15.0897 -2.5729
3.9839 -2.8663 -11.0017
0.3800 -16.1149 -13.7195
4.5902 -0.8198 -16.9579
-8.9871 -18.6509 -11.2906