500 500 800
30159 86612 21991 75144 25817 4398 52260 31035 95290 71892 68314 7307 11704 96649 25320 69720 50028 13019 9091 96766 26226 79780 94710 31653 15586 37379 83858 21298 59134 39073 9930 77452 13551 68331 16583 24507 95015 79016 38596 46932 46633 73010 42715 83775 47672 55351 69596 90675 319 84404 22108 35750 501 13841 29457 71822 17559 34361 91950 51730 81497 29629 14995 9833 78916 50491 41741 66257 34394 37415 61528 82022 41972 42061 59636 74401 36248 38931 12943 52890 58061 88528 99 61954 65164 25638 87812 29388 28672 7658 35897 51301 67680 58701 47798 69848 25887 67717 46350 90311 29291 20199 61268 19053 58812 69763 30210 23022 78714 11999 74099 81345 28726 67859 85497 34057 92578 55229 55297 3930 94159 63421 61259 28137 68905 94037 21975 60230 37479 18416 58625 15451 9994 53677 16154 75379 53181 72262 54453 1331 14567 66368 10318 51861 66177 78951 61811 45745 27327 65663 25731 60481 65361 36885 98637 56241 3133 81162 62135 16281 8336 62147 35489 92206 56122 9484 28285 57073 56100 21259 11792 1224 38770 29726 13497 47970 92217 42690 47941 62626 82611 7464 19743 45652 79200 45655 94664 28843 99912 40095 59831 86259 15591 89891 62339 64348 46866 81405 31709 78738 82063 26311 55289 12897 64425 10141 62736 36126 15575 58603 56287 72136 26236 63451 21560 45173 43779 71732 14204 68112 78514 24739 74026 36804 53840 13419 88242 26550 25412 48085 10194 53773 54965 92789 21572 58635 39528 36584 68223 42805 59028 30978 86454 77780 53510 71394 42938 15412 89743 84378 24229 79305 57465 86310 4353 12072 17169 41751 41585 84271 82256 12491 13413 55747 69046 44188 91121 85519 52023 75654 4589 46898 63786 46692 75409 92343 98058 49664 7977 28301 82535 84814 98480 86181 82963 99746 16265 29749 35576 2650 89026 74396 81007 36835 30793 90978 38773 69186 5901 54224 30089 26607 46368 41284 19287 63857 18034 20221 31042 40188 16124 36666 41708 70019 74649 75757 8119 86571 35428 12545 91135 71447 494 60291 33515 63842 41515 77884 12539 90563 17623 5883 66855 83184 64142 36815 2294 64906 56610 1579 57292 68942 28130 86425 90696 42890 45589 18924 93780 59418 27737 21087 90709 15183 37918 25885 80144 72864 36879 15949 87167 146 88748 83575 69076 73541 33770 84397 72617 98729 47546 31212 80926 51724 74560 30106 84209 36341 27926 39906 87272 51160 51874 72534 98838 58421 57693 16079 1213 50293 3681 76119 89188 72094 62071 47503 36351 33779 20496 93159 90527 98797 57309 32945 50360 47821 53667 81384 79160 68295 44996 91368 41356 23280 86819 37454 93532 78526 2077 63460 90368 27390 97251 89808 95753 10355 43008 46732 36758 29759 48685 82984 37357 71017 71227 58983 70897 4646 96618 71870 59317 33124 60944 78565 12027 98625 90664 13971 65709 82224 38735 96573 70526 85482 64450 84514 73769 52097 8224 73589 77761 96279 32901 31086 48102 41824 52943 73780 25090 81422 60742 47350 25674 8546 28501 65136 55254 33606 8506 13768 73405 40743 39823 12914 6441 26686 83865 93473 91187 68666 58334 16530 32668 66184 47750 65231 42815 19876 89975 33583 14545 3874 93728 74567 37257 47694 93694 36980 79070 54059 59854 49710 89204 72976 87155 48324 27197 86833 33834 18947 45409 65892 1678 12417 2901 39462 59183 98883 26430 58785 41947 92321 83675 30490 11096 22765 66630 19051 94256 8826 67821 7348 73303 51608 1312 57775 19923 1536 46402 83112 96311 72522 65199 60376 61998 48881 89250 43466 76277 96766 89438 41454 56734 89452 90071 23036 55003 45570 94569 84548 21929 83088 91303 45669 12832 21721 54748 40975 53539 79537 24208 71106 20374 7169 96572 70111 248 9925 37839 99334 97242 24268 41703 60125 41200 64136 22992 82443 16427 51818 56659 67429 71581 80420 73690 63853 3136 30326 8191 96962 30221 12943 803 34010 83287 61544 16000 94826 29706 69603 68939 39629 79265 24448 98368 37154 90097 60907 89351 79899 8306 45142 74663 99726 61793 70870 27673 47996 94478 46186 25781 48555 45815 21044 35734 56734 5510 20243 56025 18912 21631 40062 65498 69694 27080 68964 77029 6734 93721 83065 90995 55529 891 90293 88469 47086 85620 37018 89277 91621 51407 62199 6910 47207 29019 33078 38811 85495 85582 45124 36810 87633 16232 43677 47277 71619 34610 69550 91572 57842 97608 45627 77241 8587 86547 98296 35883 36279 22726 58844 62886 86627 270 77410 66767 53916 36564 35669 84386 8809 63263 94838 59411 14796 35592 67024 37698 41603 65857 30364 48126 24917 37733 57138 75310 25184 40991 30981 50239 6674 91479 11399 33935 88459 18685 72243 64421 82916 87478 86219 47934 68142 20253 16526 47699 17625 95278 63213 83149 38304 95715 77081 20100 78386 19252 17837 3217 75108 49084 31625 1924 30570 88620 7400 98498 13336 88516 67153 45492 23369 39817 1100 4150 97718 45366 83949 36242 82764 82324 14113 21516 94655 38130 39280 31854 99411 21633 31003 32234 26757 68848 9657 24838 1719 34927 63203 98771 3904 54300 45575
5000
391 50533
330 61464
209 25963
100 88696
203 7361
219 58020
435 59151
18 69177
166 26417
121 64784
322 80118
386 84245
267 25196
444 52726
167 62402
65 55799
238 97699
366 92791
336 4816
267 32580
385 33337
228 61810
447 64527
138 6014
476 23229
445 82149
394 13088
19 49803
133 1523
90 27917
468 26433
63 46904
65 28920
352 85744
101 57110
121 40390
458 85207
179 25149
152 38280
172 60292
392 31765
499 45809
393 7521
313 25506
405 50326
200 68305
390 75081
177 45803
209 20715
123 72837
449 45733
453 45235
56 25971
300 42516
7 10604
490 87282
496 66110
199 74735
163 13767
147 96667
86 33009
442 77934
346 65462
490 93186
154 85711
333 16888
286 24261
340 73014
238 17523
225 7148
449 2034
88 45476
371 85191
227 61060
382 79184
69 3456
255 13270
96 74111
412 20552
326 1680
451 8076
412 85443
441 11465
254 50292
3 48112
99 68474
348 88464
405 11338
105 54027
239 4759
475 70810
130 99100
218 65482
124 85252
119 87298
494 61697
481 79113
88 9544
115 59492
240 81267
404 30693
42 72605
106 2578
21 54782
494 7873
331 41025
259 82260
445 90910
304 66702
328 49177
459 51535
288 63904
481 48680
159 20024
127 24965
51 78975
282 70426
376 73592
229 65001
196 70645
284 15600
128 32197
325 39418
338 64441
280 15739
486 80472
358 36510
413 28907
188 79360
213 81026
238 19460
26 77525
387 72387
102 62060
174 44778
121 96827
319 75872
110 29833
42 48799
349 33661
324 25395
416 25975
154 25726
80 58054
10 91907
23 90667
175 37861
172 26460
71 18446
373 51919
7 2809
19 39448
442 91098
207 41929
71 76580
39 50650
25 86357
292 59080
187 88851
459 16490
482 37242
135 72545
218 42668
88 90983
96 34170
410 98399
343 86994
109 54068
339 92321
444 45430
231 82628
379 31100
146 26409
435 2839
321 67947
442 59125
363 28274
467 27009
278 2450
176 44135
376 28250
474 8400
268 87813
366 79285
120 43587
158 26269
187 81653
147 21886
406 58608
303 49929
186 56744
424 50098
302 35683
276 70036
99 10235
383 11507
188 29046
366 92434
425 28946
495 87225
356 22972
359 5714
382 32480
214 76611
132 63564
123 588
478 8707
429 12020
254 9865
409 6795
414 98759
356 41379
193 45036
265 37692
104 34430
404 2935
373 47851
457 93479
368 31081
31 26137
175 71534
223 68520
102 66867
175 20318
100 47408
327 84899
237 2173
258 19878
7 15493
72 80812
439 30851
451 56944
429 64764
280 79216
317 33506
339 47896
152 88422
248 34874
69 3995
169 47943
457 75621
107 46422
250 7817
226 8006
490 67681
302 68719
219 62467
243 20261
320 31485
448 16822
198 35989
67 68955
451 99592
423 45955
439 5828
307 11011
142 54787
340 8566
489 45446
90 21588
118 68314
371 92974
55 8242
440 46110
441 70208
12 10225
37 71633
130 84903
195 92766
149 55264
263 27202
301 8667
214 84990
155 790
8 73180
413 53987
122 50513
121 10719
395 77854
75 739
261 43594
209 22119
26 43251
200 72566
323 32688
471 77462
180 40640
80 48691
373 3104
68 33935
283 15909
105 76031
183 85920
364 77628
472 78813
205 24920
51 34709
349 17558
414 12141
227 72338
196 57519
438 4911
224 71750
482 38721
377 32360
396 87865
25 46858
346 2862
14 4365
311 51053
319 19217
158 62105
153 40631
304 61911
220 80889
279 15188
263 61475
26 55316
60 18415
480 35579
87 47533
196 59980
197 41728
298 45851
440 23308
389 95442
429 87276
442 96217
213 2077
175 91269
323 24268
221 94265
299 15053
323 74368
402 12190
149 77355
248 30659
25 7713
399 98594
450 84778
110 45643
447 52760
290 84590
114 89539
207 14032
86 21117
289 39715
117 66400
471 78067
86 93066
314 75286
242 56302
444 17541
270 55534
249 51385
111 97472
408 6622
132 62129
341 72204
241 2854
262 76222
352 52215
198 39205
47 98190
203 94115
354 1043
342 12408
306 70750
327 81054
381 57105
311 74026
80 3028
251 97970
263 98694
292 58619
95 58556
354 91933
58 85972
248 13300
470 54420
21 32100
446 60533
153 73498
306 42004
334 42410
363 29644
137 79009
97 34390
104 27015
186 22015
491 56733
215 23350
334 9670
312 20829
309 51686
36 53578
186 30204
398 50011
441 12728
59 47024
449 96594
170 40482
95 67303
396 27030
81 87146
498 84182
394 82596
365 95033
147 79745
294 29487
305 99486
140 4699
474 41511
263 22291
360 2121
493 25494
284 54966
8 40589
209 8517
368 98912
216 71497
254 72650
460 7115
24 49379
386 70730
142 80674
300 20531
304 59711
138 44890
432 7289
317 95458
155 72993
342 39474
339 28318
240 42240
390 25302
369 67395
346 72947
8 4118
60 10118
320 87931
52 80289
4 77398
240 35393
407 26277
368 92351
142 32409
456 56887
38 96150
454 12968
115 95013
116 83507
436 28988
402 58220
374 24755
470 72148
486 62418
417 24171
15 46097
57 26210
98 49845
302 30447
118 32982
60 92052
24 10260
452 48432
442 72698
489 13498
258 52305
392 50043
192 19437
271 32402
247 72632
399 68259
133 7907
400 65335
165 47427
32 2972
69 6843
256 47226
450 55667
381 14097
157 79312
23 63619
200 7217
242 99370
350 1996
494 12895
395 31928
345 3984
461 30595
51 56056
132 37173
480 62013
250 35372
468 85993
382 33400
215 61374
280 12903
220 77595
244 94753
414 45361
212 53840
228 80428
64 44568
63 70762
438 42745
413 23452
297 95573
260 42348
58 15480
417 45054
412 43205
331 79373
261 19615
289 98615
291 78127
140 8712
229 36559
465 4866
156 84025
109 77921
441 88417
268 40678
278 78873
25 186
350 87478
56 73161
101 82306
292 73049
332 17933
418 30510
147 10490
292 55227
239 57881
274 96046
346 99381
480 82860
8 72925
95 36435
432 87758
155 95862
31 46539
166 72208
475 5573
406 42174
488 23138
226 19158
238 44006
69 86526
171 84023
57 25954
484 94169
10 80349
142 73815
494 59337
220 82833
118 52807
350 94534
179 37523
310 74509
147 47179
66 96735
166 94994
397 83137
17 93668
470 39839
105 30371
279 15111
389 39674
229 73956
458 16181
122 6097
345 50046
294 50095
216 53579
121 73587
101 50985
363 20402
222 71827
141 67715
207 45443
253 93163
408 17579
48 81921
357 3207
312 44258
444 54517
183 53176
39 74767
457 76874
87 64146
353 11555
281 81780
141 35478
14 55937
69 71739
143 882
212 60551
67 29245
167 46457
182 7538
378 46438
379 13051
68 41508
242 86202
199 72693
388 72218
456 69279
65 64451
434 69575
392 92985
307 38511
123 19926
135 63573
32 99327
348 3019
191 89172
168 57249
233 10993
469 69718
118 51269
413 13666
298 24459
184 47627
5 26461
483 41893
104 48549
284 93419
36 77690
425 53735
390 97265
139 72827
278 36407
115 23274
481 47844
404 34111
124 51118
103 92195
339 59783
291 36437
250 19639
14 92732
2 23091
95 64342
437 12547
214 45235
423 68851
406 37039
494 56956
356 20247
445 19732
188 91531
53 12272
491 66764
50 57839
1 31727
219 12330
447 46018
493 21199
238 43157
124 33128
107 19397
219 42347
96 80628
240 36324
376 45920
494 23475
337 94793
254 39637
340 14497
134 89162
81 23128
405 52661
186 9044
228 35882
466 50500
5 21828
404 86212
60 30592
26 4606
316 53286
160 51087
298 39264
282 87457
288 39597
258 84690
71 80550
151 71607
447 20775
462 76744
118 34833
400 28939
34 68803
136 58192
152 41775
95 83849
392 44315
88 5956
327 37800
18 36522
154 47965
185 65975
263 66392
291 94314
235 72962
133 82923
433 2359
149 82617
129 80606
19 60011
234 48454
42 86170
370 53805
236 15620
304 1951
162 51576
258 54577
92 35497
357 49219
462 1566
200 71543
298 3514
384 23578
437 16433
231 70989
279 7058
205 76896
57 64103
130 82386
309 65571
39 23289
267 46764
303 65820
84 82487
159 79640
85 12219
367 52078
210 61177
92 90440
180 13859
254 1837
297 13884
134 48396
223 69617
198 22670
353 84621
81 37941
166 52811
473 93033
158 72311
327 44561
101 35811
66 95027
3 68529
79 7279
7 98902
329 54372
53 7952
81 759
271 51152
223 33887
17 19380
17 9771
486 63227
221 79513
463 30620
173 34990
15 2805
54 98241
454 70855
333 2938
226 10631
262 27564
272 88247
447 80455
111 74059
162 83418
388 1630
299 61347
28 34455
493 85552
302 5640
235 51263
487 46223
405 87698
0 84159
418 47167
135 15168
266 90430
95 47649
64 73922
4 58398
204 18302
423 69240
41 279
458 9847
119 26591
34 51341
465 10377
246 97351
273 93032
13 83438
475 24115
444 38697
226 9400
182 9115
327 49734
92 63429
248 68132
252 79676
440 53867
399 79932
296 14022
401 87072
16 56860
1 11893
114 28804
489 26347
179 3536
298 93782
122 63338
214 78400
404 437
167 27236
191 43279
431 46909
363 86800
303 9030
65 43728
137 48833
223 57835
292 58214
290 91070
277 68931
442 87122
217 70345
10 71465
302 5542
114 66627
486 43624
483 70067
405 94641
116 17508
236 33842
364 96016
360 5930
53 94506
233 46913
4 24902
74 59912
171 80163
39 63117
0 63907
335 61663
34 94142
311 5553
131 20461
423 90709
45 41663
82 45272
67 93357
402 31665
111 60221
1 68575
193 56255
399 41427
234 21157
63 33014
451 83250
421 26748
227 90305
83 65651
245 54605
96 41100
250 66978
182 88153
314 79461
59 78991
458 38681
60 30228
115 49789
320 56323
265 72984
107 33171
250 10525
358 87472
80 69785
175 82446
298 56730
138 29654
107 29725
170 97757
291 20213
142 1672
94 11297
134 92643
498 41834
207 49131
412 18060
103 59970
129 91802
130 69853
177 36383
220 41196
81 47355
43 83845
341 33282
11 58469
268 3480
2 40494
442 69855
348 71668
412 71987
251 95573
326 92541
317 37839
443 72829
325 25172
88 2455
171 68607
459 79824
281 27619
35 835
134 73936
213 49445
475 30602
321 72675
208 93951
437 67889
54 14695
386 41004
497 18571
314 21100
16 97676
19 62888
157 39284
356 24562
227 45359
147 41410
190 77277
108 45617
97 14320
469 43102
441 99053
137 25604
120 36170
346 35003
175 24254
490 83738
293 87349
125 22535
36 97216
172 48690
453 58916
30 34811
433 19451
448 2658
123 20524
317 38726
224 66342
67 5358
337 876
74 32774
359 941
90 55745
429 70134
384 11175
383 18705
242 69907
261 1387
188 67622
243 16269
230 19936
164 29982
465 96190
181 46214
387 35734
487 47135
291 54470
164 48765
440 32522
207 44080
382 68929
245 40058
221 62159
205 25402
187 29135
133 84129
65 69359
378 86314
66 16302
14 84121
83 78495
210 99479
5 40550
286 95129
205 97565
441 69373
458 2033
468 52080
51 18634
454 71070
241 73841
313 33089
272 85458
404 1487
117 33202
430 41772
281 91853
346 41431
220 20998
348 57993
82 42268
117 83057
185 17346
319 32083
178 55094
326 75223
188 38538
489 3938
242 62640
95 11885
72 95991
90 30154
465 85750
368 61909
475 21537
153 25469
200 41430
228 32266
447 45934
480 747
207 85503
324 72796
110 71297
6 53294
14 41334
324 57737
142 14025
205 34126
292 46513
178 2716
339 21017
333 10810
49 35855
441 20240
368 94002
45 22417
171 57296
420 59802
431 69896
91 38
277 7830
241 42706
346 41925
412 12978
479 70470
428 72996
449 72514
458 94581
191 55122
18 98570
334 40881
113 24119
115 47741
15 70348
371 25483
311 8683
202 34107
14 96669
119 61241
496 12234
39 3418
376 8115
346 77688
309 99989
59 59114
430 57679
353 56781
181 1222
280 95880
352 12732
494 3396
341 36356
182 17286
428 48956
354 86634
444 25249
462 1563
186 86721
73 23590
85 21725
163 41797
98 43982
139 49165
99 15858
474 70665
458 25265
164 7152
23 84105
213 30884
103 40128
175 63294
348 41212
82 90901
195 51758
94 78876
237 36536
236 25409
319 87688
197 78700
473 73920
228 16189
324 42765
475 49222
146 45643
419 91146
317 7923
345 13996
328 41569
475 55944
275 52105
80 28366
163 48232
346 55974
138 12096
420 83431
154 24247
43 34736
131 32956
181 36948
259 44811
296 91550
338 56425
292 21839
227 62953
212 42170
290 42056
118 16578
210 17680
480 90420
239 9965
377 84286
289 29614
167 38980
66 76155
471 36289
441 36885
478 9231
35 63376
119 53211
168 6930
337 20084
82 29545
255 53212
405 27409
411 64170
253 11407
368 90119
386 43038
368 93533
420 72503
276 13956
309 82015
157 44802
253 76926
388 93684
246 29921
177 34949
218 24988
389 72468
427 91192
69 89027
230 63662
196 31412
481 84691
148 15822
397 86379
120 20246
450 18049
294 61007
81 37951
52 8848
443 8583
429 68050
408 90062
176 15458
428 83281
116 79239
77 54907
287 28173
341 26329
493 72892
393 61227
421 55582
107 21428
362 59676
76 97082
194 96063
97 38560
379 99461
315 42695
422 85709
454 8444
170 58216
121 76685
417 21935
219 76242
242 79096
473 27434
39 24309
450 78756
11 43751
92 47498
433 6333
249 56547
174 51610
174 19264
37 23963
455 38083
126 15768
211 29090
272 98616
439 7703
45 70131
323 61893
492 87766
336 35031
127 15189
135 35892
393 41639
447 61860
419 94009
455 28262
428 80246
251 71600
496 97284
454 26023
295 50438
496 26815
411 44399
307 90734
387 6509
1 75396
465 53337
199 46900
354 4599
422 52392
164 56051
350 33008
73 34337
279 54564
394 61650
126 81137
54 81502
212 60645
417 63742
177 819
441 61107
302 52961
240 56267
96 37255
90 86929
414 71160
9 62671
494 46756
498 86652
306 44480
267 99174
99 39478
480 30150
274 86590
349 23141
186 73996
139 3251
223 99391
496 48812
301 92528
30 36357
49 6183
477 73996
91 88549
242 20578
52 20715
13 70338
293 49947
415 11594
321 77285
304 75586
15 93098
0 70301
259 8520
42 86584
27 82098
381 7206
339 97458
77 60334
82 58619
246 37382
383 98435
296 95442
98 85388
348 87637
204 11359
102 95052
254 58150
162 38217
177 30180
145 28642
266 59540
34 80774
392 96399
102 32483
413 29198
383 88639
275 62144
100 93689
495 87928
93 93499
294 49740
482 12259
75 97959
465 54799
473 17541
7 98786
251 5788
144 73047
35 54640
31 79717
485 56829
93 3622
30 68088
249 37708
488 98644
357 85013
294 7933
175 57776
236 81973
228 82322
166 58980
246 5331
192 194
335 52861
78 9002
353 97664
462 21025
408 83393
29 97142
244 60058
132 73037
153 86700
430 10730
418 29835
200 60263
478 57914
125 16584
294 18107
185 37354
376 37418
168 50650
36 52155
184 69784
196 42699
445 23193
337 98415
165 78991
464 68397
114 77309
367 78303
120 11871
90 18622
352 58794
159 96062
379 6223
434 67844
462 66226
201 54109
345 91094
265 68246
416 4477
80 27172
142 59484
483 9047
246 24842
237 87217
207 7133
283 45694
74 51712
56 75402
229 42669
167 57719
326 45095
467 89598
82 44153
215 18128
462 20085
6 59715
311 9261
348 594
88 82522
399 50867
491 40593
151 78446
141 58764
441 3006
401 58383
284 52900
246 72313
410 48130
204 60207
350 11803
107 21073
438 57618
168 50952
66 44232
435 97552
27 2660
486 10924
345 31930
208 1521
281 46028
187 73968
13 96378
24 56827
358 58091
209 51632
141 22573
78 62053
460 74988
480 75436
53 70319
23 77480
11 86036
277 31218
384 16325
465 54297
246 42033
171 65214
396 87440
153 48064
443 73711
410 90410
185 91801
301 58450
145 19437
95 60787
232 39982
147 12300
181 344
311 13623
312 8415
354 8063
199 93257
342 29017
485 71410
10 73082
181 90731
158 2635
405 45608
211 52155
412 7011
194 55048
332 82408
1 54653
203 66678
192 81021
3 97808
155 37630
121 34147
361 31492
101 22154
360 16525
187 1693
341 12813
419 74430
351 62121
39 78340
366 86299
368 33840
477 73554
141 81494
437 3439
336 32031
172 135
388 18226
211 7314
453 24167
251 55354
216 84727
139 55172
151 87549
340 31445
486 68132
450 10573
111 68984
422 70571
368 41510
73 29517
224 53709
376 32638
189 58072
447 26176
380 99593
100 28886
301 99351
136 33280
272 90521
43 63309
89 98929
262 56379
480 95110
56 34906
360 21830
357 42267
356 38619
289 50106
427 23787
8 73564
351 4080
299 2073
154 67073
90 81883
192 89609
283 63375
34 98940
136 35801
119 78142
478 50332
352 5264
153 41425
364 94616
260 78810
445 34236
165 90211
316 73845
366 54863
219 68107
35 79660
305 63789
279 41547
450 23474
351 96297
244 65898
336 11587
34 56585
416 5277
468 83975
355 2588
149 40369
417 71826
448 1145
233 3532
442 68168
7 93555
282 87959
147 92559
371 63646
145 3306
106 903
369 50330
115 52155
291 30427
252 10271
320 9392
261 27540
237 87311
431 25362
59 11807
105 41827
205 84556
351 56056
271 4773
461 44272
332 65553
31 98122
90 72677
3 68933
329 79720
448 59937
1 52306
404 54114
125 81813
366 98129
428 36865
338 83067
172 98522
258 77663
451 45811
406 36628
68 32200
109 47205
316 70364
236 70520
362 10987
424 48532
317 89883
36 98968
198 96971
40 95503
351 13129
245 79608
411 84755
379 30862
472 40193
415 60657
367 40186
92 89571
237 35090
394 50629
374 16670
125 30694
21 29117
205 39543
110 46955
225 97229
363 90848
382 6596
409 88326
261 7869
207 34774
301 12864
276 44408
360 50403
483 60395
102 75112
261 46312
402 78529
294 15889
100 7214
245 77618
477 55839
380 67472
47 50780
178 54736
232 5541
311 90121
149 11135
245 25283
295 23267
65 85022
407 90204
84 21871
314 29504
467 9924
265 37346
284 26
223 17072
218 9730
254 3307
4 29188
341 16163
392 82405
210 75360
111 6596
471 66761
56 37192
396 26907
65 61606
345 46417
497 21308
455 87448
471 46379
175 57060
414 87527
417 53509
395 72336
128 83543
255 62420
129 32802
82 15407
396 45586
282 10049
383 67550
52 2583
386 16107
368 71634
484 1679
8 80514
226 78814
24 60934
484 81611
27 35674
106 28366
442 18733
466 52044
167 49277
297 50679
203 86607
232 72443
189 77341
199 78277
344 1917
361 44328
147 50669
444 89125
76 20171
309 96565
410 67928
226 74397
392 62039
279 69915
145 2016
154 90336
123 37253
174 5051
11 89142
466 16599
290 13156
120 14835
25 83248
240 29962
197 84354
212 16790
120 55706
150 80075
429 79230
125 30309
288 3758
312 50000
451 76364
12 31982
285 35188
133 31034
301 40117
126 22567
364 25635
313 54985
426 76716
427 37352
326 94535
224 45365
164 53712
348 45603
474 60050
341 40107
447 37073
209 62998
464 8807
403 49349
222 33252
109 99230
92 46848
319 89783
488 9149
202 34943
422 88280
450 84664
405 88106
333 49240
366 16314
293 24834
433 4779
192 73771
493 26129
266 83652
234 80682
57 47232
430 20194
454 73324
320 62250
276 79540
292 77366
415 89808
83 97566
218 30155
134 45356
124 41097
250 49160
78 9719
321 27123
332 97794
478 31439
91 78771
114 51048
407 97304
106 20833
374 50381
318 58540
203 38786
339 90257
201 54460
463 3253
124 28337
463 19179
148 2325
17 42307
413 92266
185 47008
325 87891
139 33857
434 2206
345 2283
360 67784
486 88756
116 91279
412 95874
233 55029
120 19466
384 52537
118 3473
393 89166
435 47748
23 82650
169 58870
284 58979
488 91195
426 34911
0 45456
189 89630
10 59003
390 1724
100 73866
292 50420
441 24423
98 215
74 36364
91 18244
336 12663
252 35041
472 7075
160 11213
434 19691
496 30472
436 10739
144 30844
400 45763
30 975
213 78425
348 38992
165 84907
0 23373
227 86567
203 42165
1 46986
453 71450
352 58944
157 97438
173 39767
213 84546
298 68924
321 43035
157 95626
358 51480
205 83652
256 41735
334 10956
128 301
152 16152
426 91396
252 97016
451 78336
265 69057
73 69378
111 31693
302 36696
59 16301
154 68715
276 64707
27 41445
272 39320
102 70141
75 97215
71 73986
293 49432
377 22392
31 68535
70 93214
227 42546
361 68834
70 54251
379 50216
274 86912
196 93735
240 18495
446 75342
327 97717
472 19597
482 72682
292 75174
152 5138
477 41030
322 13528
383 98882
257 88475
24 99977
458 23882
242 53032
438 15954
8 87842
42 96884
389 39216
336 92082
86 98679
382 58951
375 71023
7 4138
253 80585
40 86111
200 28723
379 45869
48 96708
114 9788
43 22655
183 12211
323 95730
426 52284
449 6822
51 77157
366 6540
212 6946
225 22338
169 99773
190 76737
403 42853
70 87761
341 61989
187 79704
289 88932
179 20727
198 27889
99 94260
447 52515
481 81777
0 45835
288 99171
185 77574
281 26863
107 8065
82 42501
29 58105
266 80969
414 8210
176 25514
460 86544
311 90566
173 11198
269 71771
390 24595
257 37252
481 39207
308 46347
64 53942
19 90512
486 65817
197 33959
232 35893
431 81871
26 19986
10 54719
397 97656
195 82445
433 90296
228 79382
305 46540
203 80111
354 4587
201 10869
53 47542
423 73176
258 10357
45 44295
85 1574
8 37644
176 40546
96 76866
358 89547
0 82797
275 28567
231 15366
386 82299
97 26750
466 76205
170 10295
136 44430
215 91284
215 60541
340 5829
294 72084
402 47705
173 69710
228 76959
383 45913
447 71422
112 5043
416 79831
216 21230
11 39446
291 84726
345 79513
407 84268
228 77354
90 56449
268 60021
439 44586
447 36508
361 35866
37 83370
376 62612
61 73117
65 35066
211 27876
492 91537
337 90965
484 5795
280 93341
19 50396
135 46619
461 33937
27 49656
8 80538
202 37256
103 51677
110 96150
227 57297
420 75549
14 12917
377 86342
112 36731
246 45172
489 1844
0 62698
166 35290
360 40984
219 12288
214 59561
206 6386
90 41528
358 68745
257 30196
282 18577
298 43754
439 57477
223 64625
489 44180
331 4619
385 66425
83 94743
316 84875
467 60089
489 92566
162 86930
123 19151
413 24116
246 82807
451 37629
257 98457
28 18276
433 82788
154 69839
486 96749
436 31881
81 48580
180 2983
465 92242
284 4943
387 5223
444 45667
97 21917
219 43670
256 44728
326 58455
310 91135
344 96429
16 78155
459 24623
111 96867
387 47338
348 93446
289 21707
246 67757
455 21670
239 19734
279 12109
240 10867
168 63061
249 93027
190 38521
421 59429
486 58662
290 33589
129 53113
168 91681
344 87945
76 87750
256 15178
336 13451
177 18524
250 71218
377 78618
320 31817
234 48425
241 77328
403 36659
169 8402
174 18786
384 45092
42 46617
69 86411
100 23260
335 88921
4 92857
490 2853
173 95491
382 91375
313 66658
409 89153
96 10801
23 94471
150 22026
39 96524
108 24390
230 96083
112 33999
146 6533
192 79454
473 10689
438 82377
61 45240
74 95149
291 39165
463 78902
247 13217
457 82815
499 82075
231 63093
141 92301
308 9449
113 86575
474 67729
288 60793
277 20678
386 80982
326 29216
287 61564
452 95995
287 74230
71 54243
421 27601
208 19134
438 84979
337 38653
244 30489
242 62970
489 74916
383 85029
432 60371
390 40050
292 48969
148 76097
307 53959
22 65235
491 77258
285 59413
1 58750
164 7575
297 21305
341 74218
211 48763
343 1801
379 24104
390 93300
113 25131
2 13387
424 52683
160 70918
318 4295
197 43144
239 84740
109 2411
333 31362
11 15189
125 32591
432 23444
184 78484
1 87450
330 95759
491 59280
151 37169
409 65318
461 93718
154 70388
265 74459
383 55686
203 12059
7 81274
376 26287
378 6170
207 55497
208 9967
140 21666
103 88210
476 59859
48 25879
212 20726
368 83650
76 26577
390 8648
274 14477
73 89424
252 78411
50 41131
51 71221
109 56539
16 16191
11 89182
20 18462
494 78690
0 65150
334 72412
369 74046
339 40302
443 99103
154 376
364 51100
464 6968
298 7325
106 54449
459 13540
15 39023
382 93874
466 28073
489 95051
376 3156
34 64459
348 25173
62 75548
97 993
45 31695
36 21875
447 60834
499 87819
323 62100
352 25463
93 31988
305 67530
201 34071
377 39361
155 73334
218 86649
248 22039
491 84461
150 52310
39 56072
350 50340
131 98643
141 82412
39 13503
437 4902
144 10707
160 47833
40 61053
56 92343
320 52731
325 30960
210 42928
347 22930
195 10371
115 82883
433 19844
292 7652
293 58543
236 10891
12 99296
430 14873
240 50246
347 32917
493 78286
244 90956
409 71948
261 37666
14 6680
178 47706
101 63614
234 40776
467 97162
269 60197
337 3169
210 74694
311 4168
125 20557
458 50297
444 22563
470 80698
369 42306
298 42289
416 59578
418 65963
471 32927
368 42602
306 89864
408 57877
468 27476
490 40869
478 38859
2 29813
23 63786
44 89186
452 77429
286 5079
340 2095
281 18360
361 17004
403 75810
182 70665
220 44893
249 20203
254 87965
327 27811
478 83632
209 67419
115 65883
29 76616
21 60466
107 48022
189 64377
160 28993
312 63481
90 63135
363 12012
454 455
163 12170
64 3136
93 64110
273 28667
464 43607
404 39188
416 46238
34 45502
173 13584
0 45691
107 55156
404 16977
282 19341
253 19399
341 59993
106 94745
421 40511
141 67183
136 62659
381 34725
117 92330
478 72420
235 67221
218 34083
318 48717
104 92492
479 88964
138 1834
228 15445
170 5155
261 9475
173 2751
443 46903
315 18842
30 3406
139 68659
159 23009
118 14049
118 76230
201 6070
421 14349
384 92450
275 45861
56 93840
255 87887
438 72219
338 88710
472 19332
1 23130
372 50216
222 57856
364 21097
69 70176
225 4551
149 73700
129 46967
484 5231
14 34183
417 96162
407 64739
306 71455
456 88731
79 90164
131 32820
127 94523
255 87441
130 62869
178 50629
236 31037
175 25407
17 50610
215 59117
72 21806
38 45648
347 57981
486 65053
298 52469
101 73245
88 8560
434 71034
157 30127
324 59147
285 14892
286 17762
13 34047
462 33526
335 8397
353 90428
192 11331
397 76451
232 47721
376 39196
104 39809
347 13270
456 72284
204 93500
87 69921
43 59659
485 37019
237 90002
302 16781
397 17286
22 79754
196 79410
491 89559
371 7181
112 79523
482 48331
52 95001
329 20314
360 51315
307 78035
241 48374
450 94476
83 89178
101 3825
488 23085
291 60757
410 34944
26 37228
92 90527
194 22283
381 27530
193 22726
110 87736
439 95078
371 76884
358 44112
494 25151
93 93775
50 45261
299 4366
326 88282
316 97096
165 38278
479 96828
80 63110
38 65616
409 92769
434 38096
271 8845
418 11500
29 25540
409 96166
403 5026
305 7000
33 42022
114 62864
141 953
284 65430
499 55512
398 26764
363 38145
99 19032
347 37591
53 17359
353 75308
401 63391
303 25281
431 33789
8 4713
30 61245
464 3118
241 7801
196 87598
158 26334
170 18245
449 38186
12 92645
237 80100
96 52972
28 58266
107 46535
201 24273
417 82811
172 14466
421 66394
342 11503
263 29854
141 54113
394 716
325 51357
307 69251
322 39917
354 54042
126 34468
310 73503
64 71475
324 4457
430 26631
125 48405
312 38579
196 7837
192 68868
227 97226
276 54620
446 41591
258 86459
246 84300
18 67607
182 67139
142 61600
170 71903
58 97968
200 34302
413 82045
94 2451
297 90655
216 32699
166 35368
91 74865
246 28475
223 89343
82 13881
492 41699
96 12929
140 67061
84 17959
459 47700
152 80421
88 43520
59 89242
329 2004
327 44413
144 62326
57 61536
170 41491
264 20946
101 81058
305 86955
359 71127
440 43077
372 32663
386 89901
46 3815
466 50580
424 67136
171 11483
316 17755
439 24747
178 96124
382 93276
489 31506
260 26641
310 59055
498 8809
269 70105
177 84758
427 56551
283 70110
11 78822
340 58578
149 35797
482 84610
281 21834
291 56307
302 30067
426 75880
431 48106
412 98900
106 96478
112 58696
423 29178
457 92959
126 98363
469 13781
133 85484
465 81519
130 96132
48 69706
468 74198
481 95926
452 18103
298 45309
399 25994
297 10631
225 4626
366 84726
167 91171
0 8600
429 9393
483 48743
45 80995
283 35385
284 340
460 18022
101 9018
164 929
48 72684
449 41799
379 10079
127 24497
172 96081
279 91433
419 83762
173 93812
78 6133
3 34050
75 17517
150 96429
48 65139
369 35020
192 85033
84 15916
81 82905
471 20213
45 32665
140 8967
125 97053
311 23511
71 47065
13 4350
232 52093
428 19140
225 95553
22 48466
497 47943
198 23787
449 42118
253 70459
371 47094
57 30048
465 49094
296 50410
39 88880
213 2801
305 20180
325 2943
486 33891
245 4024
159 53192
153 94694
8 90376
6 57326
139 74773
450 87984
349 25150
482 31825
431 68963
454 14842
437 35363
440 44519
51 80544
72 35875
253 24294
379 33314
193 51698
16 39577
350 75078
33 90954
343 72578
66 14937
1 55032
335 39713
119 83015
230 41499
238 22847
132 76574
393 79480
82 87178
44 66904
182 34859
364 25050
120 61352
178 51674
479 99171
479 96328
360 8139
82 7449
28 21491
230 47111
273 6439
214 6041
305 9628
297 32378
3 31682
291 76333
94 67466
76 82425
234 43981
380 85873
491 59020
169 69265
223 59021
157 6383
384 80434
398 63430
24 69963
80 42629
153 62761
68 33696
433 16562
326 91661
67 81434
128 32494
106 88920
491 26673
266 83560
338 34713
267 85016
355 80086
331 10864
119 4518
76 22525
361 56590
74 11366
331 85667
310 559
194 12636
75 71686
6 2435
68 40538
482 35199
389 81137
437 54671
142 60152
110 15296
157 51650
312 95577
179 66391
253 57826
65 59530
394 67586
438 62747
408 64845
205 26931
433 50451
374 89037
14 72093
284 40057
1 7773
24 42290
71 92392
337 18022
188 16790
176 10986
71 24887
381 98996
59 30531
13 32226
83 33042
176 46310
49 73803
413 98849
103 28127
200 35775
428 70789
242 82060
203 89494
441 77230
170 19927
330 74390
17 49866
70 56658
130 15716
220 81671
385 95854
352 34130
299 74259
477 43337
488 81863
481 24908
163 43524
97 74526
321 84354
378 82468
302 47979
367 87306
399 29746
235 35757
302 50988
1 38190
446 97481
154 66083
429 25623
247 7835
353 38625
461 42544
28 40705
60 98631
442 63473
189 24880
288 99069
263 38931
436 39755
380 40923
402 14797
26 85013
109 99336
422 37838
179 34429
373 27013
7 61273
32 24110
285 60793
82 2558
33 61696
101 12874
355 47835
101 27587
66 32892
409 57228
197 36007
229 94232
166 26597
174 7798
435 87371
44 62273
279 44373
132 49693
118 8677
25 16634
77 21216
265 22738
447 30892
477 16662
256 89440
73 42411
252 67872
299 36228
28 56700
406 88922
76 1245
45 51799
81 94944
36 61058
383 47881
372 98813
28 65608
229 13719
229 79544
205 28878
312 11639
294 63260
291 34611
53 59542
288 8290
242 79329
206 24321
131 1218
315 79755
400 32121
92 48230
62 91623
421 33800
442 73867
390 19934
274 31537
393 26366
2 61846
427 11308
35 31201
194 98031
475 62729
222 75337
443 31564
138 31804
115 66658
116 85510
278 58982
110 94773
470 331
217 30662
139 23134
104 97111
461 62114
359 69289
259 68028
274 14810
331 80573
340 28583
481 69904
125 17673
361 34703
90 98094
237 84272
100 63112
365 62306
47 35803
197 65535
42 66057
69 89584
207 27809
279 91322
10 71903
253 7049
388 18865
0 6799
388 39581
356 79676
190 77668
70 60419
202 3277
81 59142
187 86251
294 41936
275 52924
365 28094
209 53463
57 67892
164 86892
265 77548
438 24360
161 89393
414 99416
152 49807
222 66185
8 93991
97 97931
385 28980
291 59683
23 84312
166 81680
111 13821
377 13904
106 70221
193 78320
133 81133
142 5980
113 73016
50 62658
24 54170
3 65651
15 87900
317 18504
213 10633
253 19241
117 1199
242 98139
56 30256
174 61441
50 70811
371 85102
157 33580
40 14129
280 17982
480 57579
34 79520
185 16965
467 25639
406 48054
177 9659
127 31200
235 37316
68 28633
329 19404
188 66582
75 43213
22 10784
70 42301
417 40246
329 12763
380 22171
116 80771
487 49799
158 31378
203 26564
78 97223
329 35097
203 77192
248 6675
465 49507
57 23721
103 13020
230 94049
356 5772
0 45114
387 12088
51 21928
71 49054
109 17666
492 75969
130 31225
298 67393
196 5325
186 29286
175 89718
428 69371
178 91952
292 49731
191 23793
148 40568
249 64069
240 51251
369 96102
117 42683
58 63249
97 41525
240 41750
215 11642
4 63166
87 33834
197 34815
96 98795
174 34640
499 18406
86 74301
50 39323
131 21897
136 25927
49 62961
424 92115
460 75144
488 61328
22 70868
483 51822
351 82169
307 1531
97 33000
75 58024
338 1671
128 59307
490 20629
276 20350
36 92033
182 89856
133 52794
140 8952
296 33936
31 69414
299 57934
137 13809
470 98794
93 2109
264 47702
350 53224
266 75684
33 50075
448 54618
24 33080
222 52580
493 72452
435 17424
354 65268
444 55578
195 56490
161 59081
303 97680
22 88092
213 37947
434 81401
14 36473
461 85041
456 78056
209 96838
105 66865
132 17984
489 35531
293 10089
380 50864
107 28035
340 61584
262 4765
401 25210
111 16493
74 28814
51 2526
340 74175
159 58977
461 52407
484 41754
293 7777
168 5147
61 65205
347 80036
222 20363
475 55504
358 48188
262 4311
229 46024
317 67486
363 26168
329 43113
354 42420
91 69048
238 71314
9 66395
273 1228
215 79406
225 13679
15 39786
420 23158
41 45086
242 63270
429 25026
451 68028
393 91732
207 13604
186 57700
223 26363
187 74014
135 69053
245 11934
175 25093
438 86386
361 36558
376 15740
409 51383
453 68412
152 3247
86 76465
86 14469
388 73405
102 28558
90 44022
11 23056
441 20411
467 57770
191 24096
393 58508
84 28122
459 73254
44 62021
7 96829
23 69408
189 4072
429 3528
2 68292
16 57086
455 11872
315 32470
213 66256
361 92471
213 94713
365 91494
208 87051
68 24565
444 1597
82 3766
22 7214
270 51870
177 70237
108 6673
237 32250
249 46952
134 25464
181 24348
355 42989
318 62833
41 83185
81 43053
363 70279
341 90111
54 59854
243 86727
176 48022
458 29556
241 91569
179 55117
286 98425
190 80063
440 64280
220 62138
264 56486
324 15036
290 97559
340 48605
27 91360
302 89139
437 38103
362 17721
3 48245
110 18725
209 33049
485 84
381 37423
425 63499
119 89630
286 17868
374 11746
365 64181
190 92736
317 76298
336 10019
498 29573
51 89634
275 9255
454 21850
122 79476
373 3857
452 37758
121 84960
490 56713
460 35045
218 88015
494 18638
377 37605
75 16088
296 98053
54 45263
461 11175
111 24043
83 97827
101 48063
300 25310
298 14047
161 25124
155 90415
370 7594
397 50793
96 31864
224 9076
21 52590
99 24730
259 83998
222 45340
417 19930
435 55575
76 36568
282 48182
481 355
268 21220
234 1130
392 49376
78 90316
442 79199
388 53957
421 73527
307 36463
11 60190
488 88484
272 83485
450 75038
198 86088
26 90593
58 30248
432 63931
312 2129
184 94229
389 13184
202 39538
277 34803
75 56309
8 68707
207 58629
226 82071
95 84788
435 97282
112 19599
89 86670
203 96463
460 38047
290 13394
385 42797
247 14059
52 9054
308 39718
71 64232
267 61410
359 92688
6 15185
115 14519
84 64505
197 36
449 72330
95 8993
440 13947
193 39796
206 45742
434 31954
325 42774
111 7198
41 60296
391 60925
476 56184
72 1850
321 55221
403 96361
18 83061
112 39829
338 62724
251 84392
447 64306
123 31870
486 76785
443 46278
55 54254
345 1807
250 42029
363 80576
232 45932
384 20495
64 72806
284 46702
20 55086
274 3105
131 68264
38 89366
414 90639
452 21265
160 46666
221 70224
284 12247
13 12331
111 69110
384 60100
164 4788
447 94021
252 4240
284 71986
39 43011
18 89693
99 71315
91 47007
52 60666
173 47612
465 4615
473 82318
45 85599
26 60664
378 53752
492 23911
117 28568
138 7228
423 25399
82 32625
278 38124
97 69575
158 46781
480 61733
96 81735
259 52510
64 61036
366 50355
38 65206
220 236
13 74049
190 4446
81 25330
130 85062
193 71927
225 87723
379 70924
317 17835
384 90358
437 69618
142 38135
211 47309
368 9418
480 83036
74 90127
18 59347
160 52003
77 19693
165 82444
433 10583
5 63960
348 29645
403 88858
130 53456
9 69644
352 3543
258 50105
308 14698
459 7077
19 66485
375 95487
434 85761
285 59548
267 99201
498 13057
482 83429
497 58669
228 68291
404 40907
68 90296
70 1795
138 50576
41 86595
355 39289
245 61940
178 29985
98 36134
331 10448
90 62002
361 38224
286 95807
390 59067
91 81559
171 87170
221 38108
211 15784
32 22164
484 65679
110 75088
467 29451
420 2450
331 70201
294 79334
27 19790
370 73728
398 52645
132 83158
31 12562
461 30203
385 97732
400 62998
399 52978
440 26170
97 48394
167 47741
23 46257
34 16419
314 71249
155 76056
51 63707
38 11235
165 88566
148 48482
376 15085
351 8117
211 10469
10 90801
330 54711
93 81780
478 20271
354 45553
73 55354
138 39181
440 54453
480 52577
203 26474
493 35851
473 16101
355 36772
174 55352
79 80733
204 54882
479 54006
205 88756
69 85439
194 41378
250 7618
146 92121
364 26329
287 41742
401 34645
55 53477
278 81277
496 89829
75 98653
435 99329
331 33998
174 22646
126 78759
137 76366
217 43428
90 2716
491 8869
480 79903
227 87772
66 50797
223 88777
442 92465
318 3991
471 20952
29 77305
168 33503
13 43539
113 34058
258 11135
378 1438
484 69769
220 44596
336 8533
192 25888
129 90765
340 50032
237 18552
399 47993
295 62050
433 55544
153 62668
442 73831
468 58775
159 49934
224 26762
303 2228
5 27770
497 48288
310 52650
44 66469
486 40011
355 85814
271 22418
340 31623
499 46833
75 19291
320 17215
440 6975
379 15012
188 46909
290 45222
472 98586
442 34357
48 84270
17 61233
25 97521
73 32816
138 999
2 20116
398 79940
58 57297
407 48399
473 85912
0 51495
125 85367
19 75550
102 54085
353 58768
144 64518
332 7543
424 48456
192 56278
4 28940
421 90431
163 15431
110 50144
24 74344
440 37203
329 22718
335 61335
77 46851
317 32214
76 42221
281 91277
490 62770
104 64362
414 93381
470 72201
267 51356
389 80685
110 444
396 34171
419 90460
271 11109
366 52869
276 45373
52 56400
135 37011
487 25811
58 21197
307 87281
57 66076
36 46479
103 38205
318 62126
170 41901
244 38339
492 65886
499 25718
310 75770
471 3824
307 49267
82 296
263 83398
47 77159
278 45092
30 26381
387 18753
185 66108
172 90958
305 11882
82 9594
181 63029
260 26590
487 8546
217 38138
165 84709
111 77121
256 342
493 9815
132 46990
385 77553
369 9206
40 51450
138 97745
453 72102
21 99459
408 28703
452 17534
3 91188
488 25399
145 10101
340 86561
399 85921
238 28475
28 68500
390 70595
400 59358
224 31145
436 2622
224 73316
357 62718
141 25868
20 1823
146 69490
381 63464
166 46387
27 1472
84 13295
74 63390
403 63114
20 9200
348 47211
78 77272
266 81924
433 83861
282 83736
332 27103
415 23705
212 83115
121 40838
127 19150
320 99874
90 2296
305 97838
291 29514
389 2598
320 47778
470 34187
480 4825
258 26544
423 10002
415 39101
357 16501
492 9879
176 55708
128 61974
237 91064
109 61605
195 88021
180 37079
214 86426
151 11740
118 22230
1 82757
27 13387
207 35250
145 1295
382 84466
164 94705
93 73947
229 64572
301 12663
227 4370
454 41459
322 84311
356 6581
332 58919
451 54328
406 38733
80 92317
217 31090
158 31777
263 76495
355 90726
203 74550
29 95872
464 94758
341 79115
310 43531
42 29757
242 56240
334 83807
385 22602
388 9012
446 78805
121 58745
356 86353
464 69588
43 17060
214 27959
194 84700
304 26509
398 45703
371 26400
468 40573
446 3172
61 25802
442 66930
73 30238
462 54637
26 17644
95 63161
242 79417
138 57136
482 93102
149 41866
93 94972
9 52216
85 55510
85 46122
194 41047
103 365
23 60052
45 75743
259 75310
280 62574
118 57242
153 94718
154 8672
459 71310
247 66059
84 69607
31 84020
80 50153
113 24054
363 15590
17 32701
55 48840
312 19906
437 60083
91 35801
63 27647
396 42527
22 80738
143 53366
422 85803
208 89391
313 11122
320 92434
236 98876
338 19990
377 93646
457 83759
198 20654
431 24910
13 69865
486 51777
400 34219
22 68573
386 29113
288 97141
389 41837
305 38283
215 67564
398 10599
77 95861
260 45955
186 51701
275 65478
278 26644
146 15291
207 16614
486 59898
386 9712
410 86902
4 65686
201 88531
169 21249
360 73168
384 16759
4 79795
80 17485
316 39782
7 2986
402 67869
480 95909
151 20267
51 42729
57 43279
356 81943
475 12797
227 23362
204 94299
321 56051
174 82487
390 64798
108 40218
198 37349
442 67859
52 41499
362 9557
147 64831
75 46436
463 12352
342 6725
62 31850
125 15172
26 45481
367 34209
263 22467
284 61869
487 86418
90 84893
461 76970
347 86706
48 84219
334 70511
294 12728
48 30139
499 21951
34 31289
405 89728
58 28252
481 87750
230 34148
329 39374
82 8314
204 4571
460 69311
127 70169
306 11964
102 95930
223 70316
394 90781
220 73467
350 69900
188 52501
80 82308
228 64786
255 11681
427 15224
472 87981
65 90814
62 51803
127 96125
306 23409
94 25203
350 27957
282 32248
55 29195
178 37769
83 38971
393 64794
17 92789
291 36142
466 60366
375 84531
269 44575
303 11409
316 93565
306 84422
262 48390
402 88165
474 10454
134 12657
240 62433
343 61742
445 14312
157 82484
79 86781
108 71332
67 2980
16 57906
136 17419
340 31168
378 18361
261 40097
156 25017
288 87002
72 12953
32 71587
385 83008
285 91868
187 20998
275 7539
155 77369
197 25281
470 71604
80 95791
17 62985
450 78855
428 73379
312 2068
188 82701
310 40721
220 53021
279 7610
329 42708
45 8600
357 15166
23 97639
379 11068
301 65093
201 98409
291 18035
292 28851
315 78747
215 46745
141 76527
22 54241
13 97087
5 61238
40 15123
199 83228
476 46075
270 85031
242 48349
176 29777
309 34506
303 4310
38 23136
168 83450
330 66594
448 37680
352 36786
20 31643
281 9708
33 60745
426 98865
433 62264
176 64296
54 82614
49 49518
216 34159
124 26664
318 20533
312 29947
235 48615
90 67260
171 31374
196 1890
216 52606
312 64773
399 4024
400 42195
183 87508
251 65556
486 27267
385 21330
34 25613
271 35737
72 82818
404 44882
431 78988
397 24084
47 46740
10 70887
233 17805
421 65328
354 4967
186 61695
189 34263
20 37876
201 96589
191 99740
105 90101
493 55251
309 93568
299 20725
115 16722
135 25197
310 22067
271 51493
42 90580
183 2683
185 7777
73 29123
336 20080
434 36456
328 54911
126 70193
149 30715
47 13079
217 63206
326 77673
152 28304
89 79891
274 69707
447 75942
195 60377
487 70783
138 75847
444 12604
286 26550
389 98816
101 84526
110 57723
40 19158
351 73741
51 48721
65 20190
15 64412
190 80656
57 35678
49 57973
465 3759
162 30061
423 98760
311 21763
119 91899
472 18963
13 41375
351 86777
430 67657
170 52378
404 33568
147 97213
115 33954
309 32269
314 88028
172 14523
163 58023
181 46714
280 12965
12 60425
55 74778
77 86361
399 79980
268 67346
28 70246
116 36872
403 46553
455 35639
172 91583
349 38677
203 65491
76 42293
485 3441
492 14375
497 73123
312 63687
480 74430
160 72012
227 77315
379 20331
393 59444
354 63169
249 55268
3 58081
345 6641
92 42966
123 11768
424 68938
104 2400
490 97713
316 77627
489 87497
174 48442
382 99263
482 85825
149 76761
258 6358
31 91396
99 86764
430 94107
278 53494
415 60216
315 17809
32 1473
32 30552
126 43306
204 43642
330 66879
477 14553
390 95325
140 77632
471 7053
12 47659
314 27197
381 91212
324 57773
13 9257
276 58718
311 93332
350 59951
406 34954
345 6168
175 44807
289 31574
5 57307
200 45179
454 68066
303 60306
301 56246
183 50854
307 91479
48 39614
425 78803
35 52051
400 72287
297 45535
284 98198
293 13675
173 34147
224 84255
123 62915
245 88548
51 57724
458 59759
191 10237
287 43877
307 98871
285 8843
143 12591
310 53595
492 11886
301 33055
75 97983
44 75829
300 79985
81 47353
84 13880
270 55331
294 46482
485 71457
126 68712
91 20350
271 6251
420 62811
351 85365
185 17271
163 1430
344 89282
284 20436
291 93547
454 10530
48 13076
480 23171
205 23059
431 64342
251 41324
297 72649
196 774
42 73117
136 60392
154 36205
396 71244
40 29108
415 86103
450 79942
412 93508
219 44089
24 79015
214 69215
266 75588
320 46150
474 28109
197 152
422 82283
303 86431
250 21468
102 20641
357 52855
127 82748
483 22375
403 96487
144 58726
192 25859
170 42853
319 79879
289 2312
22 54210
27 49085
310 35565
237 88738
102 69034
266 975
425 30773
368 67617
431 24348
407 19804
183 23150
165 50971
268 47892
243 32698
303 28644
5 68374
51 33517
113 97196
358 58241
437 90461
62 93080
338 88148
448 83704
451 20894
403 64229
89 15904
190 43879
480 44852
340 10578
125 88312
279 33174
322 62119
390 77820
91 94193
317 60121
130 13908
251 62132
57 82370
213 34922
52 10291
264 34786
36 23237
415 91497
299 96429
291 90596
224 51395
69 20318
187 39630
325 80240
249 82575
30 30439
2 48306
179 69587
160 52465
149 35417
329 36049
174 29126
443 51980
165 16910
415 95445
350 73811
323 88372
410 94177
398 95885
106 37165
9 28864
72 77715
330 30362
70 85789
272 50864
229 31390
300 11953
7 70119
92 26913
391 13322
115 40187
200 64805
8 17759
190 41992
175 75128
134 92907
357 55313
296 10121
338 21593
113 4330
405 60130
335 42412
89 56309
437 21654
309 98193
413 37419
25 12629
170 95359
321 16180
66 77307
88 30390
242 15136
85 2691
331 87615
435 13512
460 47786
248 1573
106 29315
91 103
137 51302
19 64086
442 157
266 37577
58 84476
477 69071
481 73582
353 24273
325 92810
247 77501
429 13293
400 52540
336 35550
394 39696
46 1164
56 40052
338 79742
430 61660
36 10538
115 13789
439 31926
118 24261
192 18335
347 40801
451 95168
283 11723
16 64256
182 80740
122 99986
69 90532
239 52773
7 68918
35 96789
277 92533
264 48874
11 85999
154 61598
327 31585
496 74119
157 19521
100 50123
134 78491
353 42924
299 52926
461 7477
134 947
483 43886
296 68200
347 78299
14 67100
20 77327
131 79477
237 29458
244 75746
212 5400
153 30859
499 38225
486 51364
393 31344
210 3346
417 67020
423 28860
302 7170
213 13957
362 48180
409 39740
456 66674
35 86723
178 85703
375 37663
38 64053
109 30665
187 43825
372 12376
342 6113
88 1051
221 22224
383 6072
359 42831
408 59009
470 10541
247 39483
259 34301
181 99255
76 29360
333 32805
379 45547
81 47825
353 38673
289 82674
333 28084
53 40752
68 60849
113 64255
167 77063
468 55734
204 67175
171 58027
254 96932
275 45871
249 2735
253 5800
321 96895
245 35355
337 97947
31 18301
275 75946
377 55605
55 8580
492 97116
427 41905
473 4179
194 59371
249 25222
72 28573
38 38359
376 40178
41 60011
79 79482
297 94027
18 35350
476 96971
399 14601
187 25674
437 68182
44 25173
276 63078
473 25603
162 71072
171 11107
334 13943
200 32119
471 84599
367 49422
90 20227
324 51370
346 6401
149 10416
45 98999
73 33926
402 62443
450 89048
42 31655
42 4944
118 56260
353 86712
231 13940
274 22881
455 82351
387 40449
472 31858
20 9200
358 73518
192 33495
211 7733
327 50482
476 72634
69 20257
75 18216
292 69539
271 71216
421 81587
22 93099
4 22441
252 18415
67 533
151 76907
109 15510
426 71024
270 19658
252 18556
271 97984
460 80598
66 72135
64 49662
400 35937
267 60975
38 57128
197 58596
458 32071
497 51311
217 83739
288 94576
103 93303
230 4532
461 8035
260 79498
72 50447
489 37798
435 25164
21 39820
112 21999
450 69488
159 54713
190 28665
490 73481
388 14872
213 60398
58 62700
132 41567
122 31154
274 70172
129 12781
1 99646
367 33444
80 50386
387 48133
143 88753
8 24889
219 78342
349 65579
235 22923
62 80236
326 59926
481 55015
194 14041
408 64011
451 79610
140 6958
446 14264
484 23420
297 12889
109 11034
49 60159
166 34855
409 84291
196 54172
325 42620
343 59214
433 95578
255 57132
224 4483
477 24072
368 26859
126 94929
59 75513
188 67962
254 54544
443 78889
292 49065
122 344
25 22148
145 489
458 5889
161 72666
9 32174
222 56810
144 90984
388 23441
236 90486
385 49179
298 22233
62 84046
401 18078
290 7459
45 77694
413 62488
328 85648
289 11590
329 51485
203 44521
379 76719
135 8084
20 36983
3 42800
431 11320
196 52851
232 2807
499 97393
110 10549
185 41125
324 97928
222 16622
103 10414
424 33748
248 96759
11 50712
373 69517
28 17715
426 76422
251 70844
63 25119
487 18330
363 51504
447 21918
336 64022
105 20631
190 86325
264 84364
375 91454
351 78389
320 38607
318 58617
235 77028
255 34617
250 44102
52 72309
166 33869
351 51306
10 19365
496 31662
365 55220
434 27624
430 97470
463 90166
27 45281
187 74331
322 55988
297 49312
64 30084
452 84079
323 38891
406 20387
209 69081
72 17210
274 92083
453 32124
139 71507
210 87215
190 36790
284 7460
300 81409
411 52455
124 54260
474 49050
465 98025
447 166
417 88671
165 77669
455 35495
24 43644
322 55793
369 8748
23 12242
481 29621
48 16629
159 71687
348 31151
169 95115
69 68091
233 91303
128 21218
315 39929
479 94671
97 52171
455 63732
254 46846
305 63182
33 33033
220 76281
51 50819
454 73145
481 53531
25 54246
117 81855
236 35803
346 48385
154 41512
474 31732
248 52524
295 29937
229 35482
187 47829
335 29638
485 46426
263 48944
400 65121
173 59564
149 96566
482 3889
313 38409
474 85026
80 67068
97 16584
42 34808
301 20494
136 39508
221 65112
95 14851
454 69085
397 43258
173 66114
421 46095
273 7685
321 32285
83 82553
257 59227
459 53118
303 89613
136 69235
439 87707
318 29373
423 7746
279 74710
373 6606
354 21374
315 72309
106 88066
484 75077
142 96164
398 20073
6 85774
326 78706
410 36988
306 68685
432 75874
252 58454
363 43741
48 51617
193 56658
464 79946
432 68494
431 57656
279 41081
188 3689
435 56578
251 14238
182 33592
344 39145
239 25944
31 8210
166 83672
410 25560
181 33089
382 29571
462 12123
299 14387
9 53496
285 38509
85 81775
495 7735
458 66149
300 4174
30 18010
137 16016
452 78970
258 33647
401 50437
461 91465
17 64809
344 22035
132 10592
33 70015
13 27640
349 1263
23 8128
221 51349
28 39841
116 72171
392 36594
38 11228
309 64276
88 61066
126 91140
415 48982
407 9065
66 89750
78 2281
71 44506
47 49966
346 13545
291 65058
5 28802
65 78426
31 36936
26 21312
321 95232
339 2478
250 6615
67 81770
401 88918
356 58459
25 9380
145 25137
402 94277
406 90843
106 46145
390 44739
383 66581
262 32776
75 45808
109 62864
225 89919
362 17582
83 11357
107 16505
128 83576
486 31180
476 72730
430 16635
47 73812
358 30228
48 54750
168 71824
260 64646
75 64463
54 99043
139 53004
156 65938
217 7850
173 95967
309 16393
95 65601
95 59773
238 83911
415 67721
333 43852
346 467
309 12131
410 17837
192 94898
98 75927
96 76061
472 70643
212 46505
124 68173
317 76213
490 98565
468 82422
330 37381
92 5593
48 57590
206 14431
98 52143
168 45169
223 73184
369 26120
333 2533
266 57838
119 11705
103 68121
450 99680
239 84504
204 72811
329 4497
211 53513
301 53820
236 97342
159 27503
308 99122
135 34243
98 3227
174 8469
426 4187
127 90737
121 43128
228 54056
232 46108
342 38009
56 98798
76 36593
96 75801
467 38404
464 97288
46 44220
301 9577
39 73911
347 20472
79 37854
181 16547
152 17577
392 3104
133 2634
238 64370
321 24878
232 37316
168 35827
474 90240
218 51713
135 43085
300 99172
439 55904
451 71326
382 79324
223 66151
383 79876
432 70922
478 84319
116 3337
432 42077
468 86021
121 65449
473 76377
491 45525
14 87376
435 31597
73 2129
304 51201
179 27370
197 91324
487 77661
106 30841
229 83579
166 10406
112 15951
421 29258
59 5767
389 27100
16 50222
149 1905
183 40518
196 39220
443 26577
332 94740
202 79740
248 67244
393 267
9 73967
264 8468
287 13829
260 85113
271 39946
332 73135
482 71158
309 24529
306 33423
256 45021
120 99894
381 7853
140 64705
80 32290
489 59656
271 19915
186 78961
450 18932
462 49607
475 99613
295 11385
190 36944
231 57251
464 49985
202 86607
304 62734
427 45988
364 48468
481 86936
161 69363
49 39873
91 65166
243 79149
232 63781
360 60375
396 94754
493 82742
102 60694
81 30208
393 84674
426 96585
332 23367
237 61841
293 44565
83 58162
198 795
14 64777
307 39125
261 48719
43 3752
229 99049
6 52971
187 17255
233 85661
315 71379
129 69036
107 43020
12 74754
151 65989
464 44707
305 22431
137 27501
451 50601
354 34172
87 16098
11 32886
58 47106
442 75500
123 21922
119 5737
498 39645
431 7468
77 96591
6 22803
212 46605
223 52106
391 56530
327 5122
189 68052
179 42397
498 97677
194 87662
105 20508
77 13312
379 23771
280 98364
442 94726
129 48904
356 19365
190 95974
336 30818
138 32069
318 91501
81 41992
440 20085
128 51373
427 88695
359 57123
242 48742
39 57868
433 1050
204 49712
230 99535
213 68388
57 62564
452 91928
240 19646
337 79123
10 41886
338 72307
335 1387
413 7562
382 94362
227 77726
2 24652
447 94741
10 55755
8 88224
444 81828
114 1540
415 67863
392 55417
199 7379
135 1677