50
200
0 11
0 8
0 6
0 40
0 30
0 14
0 44
0 33
1 2
1 31
1 8
1 26
1 48
1 12
1 17
1 23
1 44
1 22
1 11
2 6
2 20
2 22
2 7
2 4
2 16
2 25
2 42
3 44
3 22
3 10
3 38
3 9
3 33
3 48
4 26
4 32
4 19
4 43
4 30
4 37
4 6
4 45
4 11
4 35
5 10
5 14
5 41
5 33
5 16
5 45
6 44
6 31
6 11
6 8
6 39
6 34
6 30
6 42
7 19
7 16
7 29
7 28
7 12
7 14
7 49
7 25
7 38
8 42
8 37
8 12
8 38
8 9
8 41
8 25
8 27
8 15
8 46
9 42
9 44
9 28
9 38
9 40
10 38
10 29
10 14
10 11
10 43
10 34
10 24
10 13
11 47
11 41
11 45
11 35
11 33
11 16
12 36
12 25
12 19
12 20
12 22
13 27
13 34
13 49
13 33
13 25
14 37
14 17
14 39
14 44
14 35
14 21
14 25
15 31
15 25
15 22
15 27
15 48
16 49
16 46
17 25
17 26
17 33
18 37
18 38
18 28
18 47
19 20
19 29
19 24
19 46
19 30
19 31
19 23
19 42
20 38
20 33
20 43
20 45
21 38
21 25
21 29
22 47
22 43
22 37
23 48
23 36
24 29
24 26
24 40
24 38
24 32
25 34
26 27
26 30
26 46
26 29
27 45
27 43
27 31
27 29
27 38
28 43
28 40
28 32
28 41
29 36
29 38
29 45
29 46
29 48
30 42
30 48
30 43
31 33
31 48
31 45
31 39
32 47
32 48
32 36
33 46
33 47
33 44
33 45
33 35
34 49
35 38
35 46
36 47
36 45
37 48
37 45
37 47
38 42
38 49
39 40
41 46
43 45
44 47
