14 42 588
40
387
126
337
96
134
175
58
354
176
308
118
36
300
145
10
463
323
183
424
505
108
362
385
395
174
180
376
70
97
71
431
517
163
576
562
239
118
163
536
109
7
436
198
517
63
293
395
542
507
571
175
84
20
86
276
85
377
233
520
581
50
221
86
2
338
41
101
45
272
461
467
120
118
524
431
0
440
111
252
250
554
6
224
185
58
579
355
55
298
560
41
242
234
503
4
14
155
35
380
563
403
289
197
424
411
278
85
411
4
205
176
524
145
105
208
556
390
95
0
173
106
11
164
443
563
401
261
570
561
487
574
416
482
537
531
339
14
405
423
150
162
173
383
494
29
88
289
410
496
528
8
400
400
403
56
212
134
226
507
587
193
267
436
87
320
208
347
104
387
448
485
260
301
238
270
123
459
85
271
54
227
23
344
439
21
579
239
28
370
447
45
437
327
213
283
204
173
294
288
58
137
552
343
533
560
55
211
455
127
399
560
41
76
181
307
403
370
13
14
83
350
82
586
22
48
565
107
419
94
288
199
541
67
343
391
37
208
389
51
3
369
111
283
157
512
186
306
517
178
156
556
397
564
39
414
152
390
289
282
456
278
156
537
565
492
28
579
403
375
363
195
124
416
35
125
382
92
307
530
578
185
86
518
472
276
434
348
447
258
186
475
400
290
315
228
14
540
117
464
397
42
157
418
527
219
462
541
526
237
210
208
293
229
102
187
406
450
269
451
439
349
579
86
229
258
396
478
225
340
500
231
186
369
525
4
513
259
493
221
340
19
98
357
1
142
14
337
563
231
484
113
426
52
455
192
72
229
583
383
382
533
52
28
537
122
131
98
123
545
48
544
11
54
547
491
395
566
225
401
117
370
467
28
492
298
46
244
291
339
309
322
518
62
274
137
480
577
492
325
376
163
193
201
9
6
513
313
11
348
445
535
424
24
295
418
450
426
455
376
86
380
568
114
443
84
57
96
307
381
419
490
390
224
568
559
27
351
117
504
302
454
78
170
569
472
484
435
82
421
104
9
160
274
518
201
19
45
261
425
172
541
224
5
351
399
192
33
530
239
268
553
458
226
317
332
490
260
60
176
258
35
151
275
219
533
376
145
65
158
16
394
483
286
39
109
224
249
181
28
297
382
195
28
171
74
63
186
401
305
164
520
78
184
329
205
471
212
0
320
137
273
494
280
536
217
63
532
575
210
18
23
66
131
98
362
75
209
22
350
5
91
411
27
116
241
141
396
466
282
302
453
9
542
493
81
284
174
449
317
185
40
40
278
160
465
112
240
297
76
348
467
288
162
136
148
203
82
115
358
72
352
467
310
28
348
267
235
