606 210
595 236
178 242
365 575
425 250
450 591
283 547
44 259
75 540
415 288
596 111
103 209
291 354
272 486
69 515
225 408
7 49
319 129
91 572
551 308
373 86
580 115
349 136
392 228
9 191
235 132
257 602
498 458
575 408
418 440
589 40
371 383
120 168
187 423
535 453
355 466
262 435
411 49
335 168
421 357
249 162
48 514
160 487
555 478
237 103
229 408
163 97
227 262
37 165
489 394
172 405
27 239
44 166
593 370
362 589
371 15
89 209
424 265
275 128
551 151
382 430
166 458
300 142
187 119
147 132
128 372
282 148
292 124
215 364
243 430
29 46
301 498
533 424
168 457
528 396
400 593
335 87
220 99
152 555
385 21
584 110
53 506
511 181
400 96
571 410
389 605
87 280
553 353
589 108
548 275
436 56
187 207
233 21
213 569
351 5
564 551
261 31
419 571
464 79
77 309
249 359
409 88
201 570
516 544
63 268
428 382
501 240
428 539
16 472
410 263
34 186
478 166
393 203
448 147
175 333
197 574
64 116
525 329
503 158
344 578
90 129
202 549
167 487
195 292
557 177
404 138
543 536
87 326
545 297
171 265
132 141
57 429
9 474
338 348
353 248
525 22
306 14
145 120
338 401
449 51
480 11
506 382
255 517
504 51
176 122
402 539
556 230
15 129
280 305
520 536
337 455
323 102
207 378
398 378
492 312
308 556
583 143
213 290
557 203
347 457
201 524
382 242
101 196
105 503
231 585
263 457
412 62
244 504
477 215
282 287
134 341
337 581
241 544
120 504
261 47
455 289
557 206
64 578
104 402
84 137
199 529
587 228
420 12
558 59
346 429
526 267
459 240
23 14
161 585
197 528
143 217
478 215
228 255
581 476
517 275
330 43
457 454
412 518
266 537
584 52
421 460
27 77
72 302
336 275
378 117
277 94
53 435
41 197
273 560
30 270
99 240
