100
1 49
4 55 32 4 11
26 88 40 47 52 81 11 80 64 73 46 42 90 89 98 94 67 92 65 56 14 71 6 95 38 32 35
30 65 87 83 55 84 28 53 89 48 10 41 71 18 16 63 38 20 50 70 98 39 46 77 79 100 32 11 69 93 68
28 53 8 94 42 14 71 70 86 73 95 88 35 72 20 22 38 98 85 78 12 37 15 45 55 66 100 96 67
3 52 50 28
29 31 34 85 32 40 98 23 92 12 18 48 20 24 76 30 62 64 77 46 68 70 69 59 14 51 38 47 99 79
21 98 48 97 18 91 58 25 93 15 72 100 70 90 39 60 66 75 44 43 64 53
6 11 53 89 71 64 54
9 39 74 17 62 36 49 58 92 18
24 53 57 100 52 60 66 16 59 87 68 31 22 55 23 61 19 36 38 17 24 98 42 35 18
1 83
15 70 74 32 81 21 76 55 23 19 56 28 90 93 84 66
27 54 90 21 52 77 87 38 96 80 20 47 56 40 76 62 84 28 99 60 66 27 30 100 29 74 88 97
22 23 92 63 46 78 36 93 76 83 80 39 31 99 87 19 67 60 75 41 89 74 58
8 85 37 87 93 21 96 78 30
1 78
19 21 98 99 57 50 82 20 88 29 37 51 43 78 36 39 62 79 74 91
21 68 57 50 28 59 64 35 74 94 87 81 22 91 41 39 73 96 79 34 97 100
19 43 59 83 26 38 31 24 53 54 28 98 64 52 73 62 90 86 51 70
20 81 60 79 90 82 37 66 87 36 74 77 73 68 24 30 49 51 78 88 91
5 53 61 37 71 89
29 60 84 89 88 59 31 45 77 46 53 25 81 94 76 34 47 64 39 35 32 55 37 70 36 66 40 99 29 30
5 70 81 31 33 91
8 81 42 92 40 89 28 85 58
10 37 79 35 99 69 44 49 70 53 54
28 45 52 72 63 96 94 83 71 90 43 61 100 62 47 66 36 97 54 67 56 78 50 51 95 91 65 60 92
2 83 92
1 70
18 42 52 41 65 75 70 100 99 63 51 45 38 60 57 34 89 71 80
9 49 90 72 58 83 74 61 95 88
7 36 64 60 63 48 73 84
25 82 49 55 45 76 96 100 97 69 47 42 89 77 70 62 67 60 81 90 43 50 68 38 41 54
20 78 64 71 42 86 56 67 80 76 68 55 95 90 99 74 85 54 92 81 48
26 42 60 67 63 68 48 89 91 70 62 45 65 40 90 56 95 96 36 80 87 84 93 55 54 88 81
29 45 50 44 98 39 38 89 78 93 94 46 81 58 52 48 82 60 85 69 66 49 84 61 70 72 86 96 55 67
1 81
30 64 56 97 71 49 62 96 66 92 50 83 73 75 76 42 85 52 44 81 86 94 70 89 46 63 65 68 90 100 95
18 64 45 82 50 56 98 93 77 47 51 96 100 52 43 88 54 67 57
29 87 91 71 93 55 92 47 56 51 50 45 84 90 70 82 79 63 68 42 52 74 77 65 80 83 96 44 69 81
5 46 67 62 43 49
5 84 75 76 96 50
23 90 63 95 46 48 76 67 58 80 50 57 98 74 44 79 72 97 45 86 93 89 60 84
17 78 49 91 74 85 100 52 58 62 82 86 56 55 71 87 73 97
19 89 83 51 65 62 98 58 56 86 49 87 95 82 70 54 66 80 91 63
21 66 48 79 67 69 54 80 74 82 62 49 63 50 56 53 84 89 70 100 57 58
13 74 79 48 87 58 90 95 49 99 59 75 72 50
28 83 51 61 99 85 65 70 91 76 63 69 56 54 78 74 98 80 71 79 97 59 94 60 53 90 89 93 95
6 80 85 54 53 64 67
27 96 52 65 97 58 61 68 59 62 80 75 51 55 93 60 94 98 56 72 57 74 95 53 82 89 73 78
15 69 91 100 80 88 73 95 82 93 74 87 90 75 64 57
2 55 57
28 89 55 94 90 88 62 93 85 91 61 70 97 63 69 98 75 81 73 54 74 65 95 58 92 78 96 66 68
19 58 72 86 89 69 78 98 82 100 87 83 63 96 92 59 85 91 88 97
17 59 90 64 70 58 81 95 68 72 94 84 69 85 74 98 80 92
11 57 59 94 63 82 84 60 93 76 96 61
14 62 96 95 78 75 100 85 73 58 99 88 59 82 67
13 95 92 77 76 67 99 82 94 65 87 63 90 86
15 63 74 64 89 75 90 72 92 82 71 83 68 91 79 94
14 99 71 84 63 78 88 73 95 66 85 100 75 90 70
22 81 87 89 83 93 79 90 100 66 85 94 68 62 70 64 86 95 91 92 67 84 73
14 68 73 94 81 87 78 71 84 80 100 69 70 72 96
5 93 82 68 98 80
23 69 82 94 65 95 75 74 78 72 79 87 98 67 83 88 97 70 73 68 85 76 92 99
22 75 88 74 84 87 90 78 76 93 91 95 100 99 69 71 77 72 73 67 82 97 79
29 86 67 97 71 90 76 100 83 68 95 88 75 72 93 96 85 91 70 87 98 80 89 99 81 82 92 79 69 73
30 78 92 73 90 69 77 97 81 72 76 75 94 86 88 82 71 85 98 68 74 100 87 95 84 89 70 80 91 79 96
17 83 95 92 76 96 81 70 80 98 100 71 88 75 69 99 91 89
12 97 73 86 84 100 81 92 70 76 77 99 90
11 78 95 91 93 81 74 75 90 100 82 76
13 77 73 89 98 75 96 84 91 72 81 83 88 97
1 85
2 78 83
5 85 80 96 77 92
4 97 89 79 100
10 86 99 93 92 95 97 91 85 98 94
21 85 81 92 100 93 89 78 83 87 90 86 91 94 96 97 99 95 84 88 98 80
2 90 79
14 85 90 86 84 95 91 98 100 99 96 88 87 97 92
11 98 87 84 94 97 95 99 93 82 86 92
7 85 100 90 99 84 97 87
15 93 94 91 92 87 88 89 97 96 90 84 86 83 95 85
9 87 89 97 90 92 85 98 93 96
1 90
12 88 97 90 98 86 96 100 94 92 99 89 95
12 92 90 100 93 96 99 94 97 88 89 91 95
1 93
6 99 89 92 97 98 100
10 99 91 96 100 95 98 93 90 94 92
10 95 94 100 96 91 97 98 93 92 99
4 92 94 95 98
8 96 95 97 99 93 94 100 98
7 97 94 95 98 99 96 100
4 98 96 99 97
5 100 98 96 99 97
4 97 100 99 98
2 99 98
2 100 99
1 100
0