27
123 126 43 156 51 497 453 183 251 424 145 347 171 3 48 179 367 48 222 420 362 467 427 372 47 253 95
101
1 11
1 17
1 21
1 16
1 19
1 14
1 20
1 18
2 12
2 5
2 25
2 27
2 14
2 21
2 4
3 5
3 24
3 22
3 12
3 26
3 7
3 13
4 14
4 22
4 12
4 16
4 11
4 23
5 27
5 20
5 22
5 19
5 16
5 25
5 12
5 21
6 16
6 13
6 26
6 17
6 21
6 25
7 14
7 27
7 8
7 22
8 16
8 22
8 15
8 23
8 26
8 24
8 14
9 15
9 19
9 16
9 21
9 23
9 10
9 12
9 27
10 25
10 17
10 15
10 24
10 16
11 18
11 25
11 21
11 12
11 27
12 27
12 23
12 18
13 19
13 15
13 24
14 17
14 20
14 26
14 22
15 21
15 27
15 18
16 23
16 27
16 25
16 19
17 26
17 27
17 22
19 25
19 23
19 22
20 21
20 25
20 23
20 22
22 27
22 24
24 26
