27 920
56 0 79 76 168 134 164 96 233 47 0 128 162 4 164 29
229 85 80 3 104 88 184 136 117 90 161 130 70 169 62 141
12 154 27 138 4 53 40 60 130 228 164 145 65 141 64 94
51 167 99 128 4 31 0 138 77 0 0 84 165 224 153 145
8 48 58 33 137 49 20 38 40 64 101 29 56 1 72 34
41 65 51 100 57 224 7 12 168 101 68 34 1 41 192 0
98 5 98 2 153 1 66 35 137 41 5 49 144 32 176 132
130 49 45 8 1 49 236 37 67 97 130 83 57 108 137 101
240 210 21 8 214 9 147 16 64 127 59 12 82 41 218 165
8 104 156 183 98 250 195 130 136 0 204 49 69