5000
2441 3128
556 1481
662 851
888 1821
108 400
3562 4769
1944 2315
134 204
754 3806
982 2418
260 814
370 684
2490 4632
477 1179
288 401
165 550
554 1035
2033 4190
267 4498
2364 2560
2972 3195
3963 4878
1999 4342
884 3414
1951 4662
963 4659
1133 3626
2498 4818
19 206
2407 2741
3663 4317
1179 1612
416 541
308 1838
1835 4321
1893 4278
18 1116
702 1752
2294 2978
1206 2966
396 3316
436 647
2182 4351
14 15
102 152
440 2116
260 980
2082 2631
34 205
60 76
1971 3483
1653 2905
609 1509
2280 4385
1583 1825
344 1321
1664 3187
3119 4400
16 574
811 4191
128 2500
2592 3171
52 114
681 3992
436 2866
870 3382
3180 4715
1313 2744
315 849
3639 4825
69 639
1849 3115
2061 4024
2811 3327
112 484
268 1278
1831 1895
566 2751
694 1171
977 1868
432 535
17 20
1723 3657
796 1281
304 1513
1569 2337
352 533
2451 4679
186 297
1300 3513
330 2926
290 388
4 1657
1615 2442
171 1712
266 589
340 4391
1322 4789
1315 3141
1965 2713
333 997
295 772
242 482
2026 4636
275 721
862 2222
1361 4181
3433 4038
163 4027
80 416
2811 3865
905 2118
643 4387
152 393
180 1143
836 4899
304 741
1965 4276
1134 3226
2528 2761
2156 2236
58 4304
580 2086
2481 4548
131 173
2819 2994
1719 1735
1629 2558
4914 4974
2365 4121
593 1702
3298 3976
60 1145
2991 3788
1399 4171
3179 3284
1741 3184
946 2171
244 3578
2515 2902
3518 3629
997 2237
1069 1354
3003 4453
3437 4794
1823 3089
1214 3142
870 4490
237 3651
15 57
1503 2881
470 1115
589 809
59 107
522 3714
475 567
293 4052
2745 4784
4255 4858
778 4586
534 1251
1903 4043
1961 3125
67 1146
1992 2952
1902 2345
2107 4384
533 534
3210 3439
316 3763
2687 4111
2304 3676
865 1660
757 4405
172 4901
1749 3931
1610 3013
704 1676
3331 3419
438 4238
309 3869
130 162
2099 2721
1281 3844
317 654
1537 1836
1221 2209
160 493
127 404
1540 2667
3265 3653
1511 4324
2478 4312
256 313
2614 4688
744 4003
3151 3961
3429 3740
1022 3139
383 650
1684 1888
211 739
86 763
633 1374
3089 4474
1852 2821
1548 2041
105 185
254 1902
838 1032
162 2856
549 2777
973 2867
77 271
2928 4904
2607 3274
4562 4592
433 479
865 3733
990 1595
2324 3906
249 2102
1175 1346
108 332
654 4438
2121 2922
2254 2510
905 2412
1426 3880
84 219
430 3350
1056 1591
2275 4686
1198 1599
2431 4157
1913 2328
1410 2954
511 1643
464 794
749 1692
381 410
90 93
2081 4656
500 3496
528 3831
887 2670
2703 4483
80 803
1658 3735
670 894
700 2298
1304 1858
288 2914
1143 1856
13 37
1696 4653
107 268
1657 2212
64 4854
2142 2346
4234 4485
2053 2794
3482 4252
22 2460
4152 4916
251 420
2767 4403
1373 4843
2890 3491
1298 1681
255 2385
994 998
157 234
402 2664
1562 1701
131 192
778 2317
3502 4072
3162 4289
141 2564
1281 4177
326 3847
2985 4547
1073 1473
2483 3749
2193 4770
1846 4335
118 751
1380 2785
1503 4524
273 2778
497 4787
2023 4299
149 584
125 1823
1580 3997
1017 1434
2194 2934
442 469
1038 2615
341 1854
4103 4479
676 3465
166 586
443 2210
209 899
1027 3807
3437 4577
174 202
1803 3781
3186 3523
570 1733
1287 4271
1576 2743
448 1529
2350 3367
462 3985
1749 4552
1727 4269
2922 4130
53 180
786 1974
198 199
21 2193
1155 1946
792 1132
2615 4060
131 1673
239 4110
656 4777
43 2093
968 3532
1216 1577
505 854
1463 2836
968 4724
32 4975
1965 2359
4232 4375
600 2245
2192 2887
593 3379
1534 1918
766 4720
10 253
524 552
825 3236
1625 1864
9 10
781 4735
1889 3009
1669 1694
713 952
3547 3841
627 2950
50 157
177 2775
274 655
495 1071
2073 3875
1288 2634
2866 3276
1661 4903
1069 3637
173 340
663 927
1921 4507
119 251
2183 3339
64 455
1293 2077
36 151
812 1601
1643 3739
939 3069
52 278
1872 2386
1925 3892
269 604
395 514
1393 3719
94 3186
661 3518
748 4330
1392 2745
2647 2921
1231 1812
779 2948
2714 4940
1268 3361
2827 3427
16 486
38 1379
1970 2303
1631 2538
861 4014
645 1519
176 1472
1154 3779
1399 3198
4443 4631
218 337
86 100
1816 1877
331 2704
2094 2472
99 279
4263 4360
184 776
695 2413
190 4406
3537 4978
3927 4430
2261 2880
12 240
725 2725
166 1376
825 2613
175 714
2099 2608
14 1546
3654 3979
160 1058
1710 1745
3962 4837
263 1019
202 799
1663 2697
2285 2494
22 362
7 16
238 3231
2023 4555
2366 3936
147 598
560 2198
7 177
265 270
1458 2923
136 600
837 2289
112 2925
150 961
3830 4807
194 507
576 1581
1922 1928
175 2542
3070 3430
2076 2246
2128 3941
2526 4602
1271 2513
1371 1810
2393 3755
1900 2779
622 919
551 2724
62 86
314 2322
2865 3357
1123 4417
1409 2065
1508 1986
1475 3309
31 41
612 2130
1301 1710
1042 3994
1 56
20 130
229 1118
281 2592
185 231
128 1270
1546 3536
2881 4203
1381 2858
847 1325
1290 2877
277 674
1738 2669
61 3204
620 2274
3430 4607
403 2375
752 3545
3940 4539
708 4634
223 1263
977 1134
2563 4180
48 1322
41 596
636 1092
717 1009
710 3057
1748 1755
1755 2587
1490 4187
979 1034
1287 3417
1599 2531
678 2301
154 688
1942 3203
434 446
2319 4019
205 1548
779 1213
825 2302
1765 3603
16 19
3030 3577
151 1107
1543 3071
1875 2229
2420 4281
2284 3011
962 4392
1362 3921
3004 3837
754 2103
3959 4911
219 696
1363 1742
1607 1697
10 51
1864 2731
628 1121
561 666
2031 2241
379 3242
4244 4661
118 3709
392 768
59 1526
842 2109
2653 3631
919 4719
752 797
315 3996
2899 3473
1089 1241
581 2024
1771 3625
1549 2781
1358 3765
204 519
2798 3004
671 2283
915 3925
2297 2949
3252 3526
595 1834
859 3884
380 2536
2130 4958
2034 3062
550 3107
630 1303
553 3313
1591 3542
3328 3385
824 3685
1664 1713
296 4434
148 1538
1823 3652
672 1460
1191 2828
667 913
511 3036
1608 2252
2292 3188
2591 2604
653 1574
420 3857
668 1141
3761 4044
351 3121
750 3590
849 2842
191 662
1645 3752
1193 1250
786 3119
811 1534
1073 3666
213 2556
2767 4410
3714 3963
1944 3349
2054 3897
1497 2782
1001 1722
790 920
144 267
62 284
455 826
450 3748
966 4376
80 395
1316 2384
1121 4790
108 1324
3459 3555
349 1999
1318 2152
281 747
802 2906
3252 4951
2083 3323
3162 4226
1106 4192
50 123
93 620
148 224
2356 4553
421 4129
222 710
323 2440
443 1826
1968 3758
58 1326
1936 3017
1483 4336
1538 4209
1677 1757
181 1552
4737 4956
892 1684
641 1545
835 3015
2772 2863
368 1437
269 458
76 272
3180 4808
132 2292
866 3260
1070 1439
1233 1924
1652 1666
3593 4176
1300 2052
411 680
1534 2717
2098 2802
8 3170
2641 4093
1589 4045
3334 3436
369 2691
883 1095
2342 3458
2618 4877
2067 2167
2841 4029
766 2211
969 1852
2501 3133
484 1923
1702 3338
31 55
227 419
83 2894
1506 2559
1047 2807
1846 2534
4256 4456
1086 1089
8 2973
986 3448
2478 3093
1665 4256
731 3943
39 4685
410 430
1229 3975
261 1075
1440 2548
861 1625
52 280
1002 2797
1155 2650
3319 3541
1906 3043
1323 1345
2268 2750
1607 3954
1431 1633
1813 2760
216 1831
2189 2963
169 1256
175 2645
2355 3239
539 599
2547 3562
1913 3634
406 2150
1483 1950
1319 1499
271 290
1511 1544
1055 3189
602 1452
1069 2969
3185 3428
1535 1995
19 26
2840 3508
1586 2933
1942 3933
84 102
2486 4925
2475 3328
4229 4753
561 949
80 636
55 677
2461 4567
1230 1596
3762 4781
1746 3817
274 2511
997 1449
3689 4170
3357 3454
36 73
280 4472
68 2190
211 398
4172 4752
557 774
637 3063
1850 2277
954 3531
1363 4079
145 2173
42 517
2039 2203
3777 4247
53 256
172 263
8 412
3343 3798
1473 3949
1179 4017
65 767
848 1265
2014 3266
1966 3153
153 227
542 4389
1360 2708
665 746
1524 3597
375 2983
82 1771
2404 4128
1598 4560
1993 3968
4240 4912
2235 3825
3107 3332
493 1798
148 1990
285 870
1799 4222
1589 2221
523 2579
3194 3326
192 593
301 1549
1989 2546
39 112
467 492
1664 3482
2776 3619
2504 3582
613 2488
2004 4831
64 106
1254 2074
3763 3910
443 3611
1475 2562
505 1850
176 245
564 2496
249 3481
174 3571
1536 4394
2006 2311
1211 3991
476 4968
3257 3920
1449 1844
1936 2855
343 4390
717 1943
1724 2449
820 4327
556 2192
2250 4058
269 615
1520 2188
1943 4062
431 2535
2762 3882
4291 4914
552 985
2544 4562
1714 3391
584 4462
297 1104
3731 3744
658 1504
300 978
583 2168
2191 2297
39 239
1623 2327
404 4748
1565 4946
2964 4420
3861 4771
744 1087
1326 4706
467 734
1574 2339
110 1090
522 1029
1280 1853
1106 3573
468 580
3662 3958
480 1455
942 2614
1203 3289
407 4179
1118 2081
255 1266
384 551
2342 3549
3243 4429
761 3593
171 921
3767 3914
479 1052
2372 4053
2684 4210
3397 3479
785 2480
1753 3302
2631 4270
149 1573
306 358
1158 2332
375 1960
829 2580
579 1492
3399 4145
315 406
763 2271
209 4785
24 32
1262 1594
1625 3247
935 1001
1297 3240
3800 4590
900 2014
592 1982
479 995
1768 3953
14 976
1652 3097
11 839
118 1653
104 1277
2732 3440
492 2276
1718 3873
3792 4849
3608 4614
1136 1390
125 343
1418 2875
2578 4844
2940 4756
853 916
2422 3570
375 402
712 4510
300 1688
2669 3360
645 2474
109 4744
321 367
147 1980
2456 3575
18 2967
1851 2053
166 2642
1221 1291
467 2818
118 3263
284 2709
927 1505
43 370
670 2663
1646 4861
236 3112
1251 1855
2699 2798
2749 4285
2094 4450
1817 4102
748 800
55 503
758 3286
42 435
2888 2941
260 413
330 697
739 4938
1817 2119
300 811
1127 3450
18 53
1096 1331
1059 1126
810 1068
230 565
1162 2091
3162 4929
554 1147
2118 2371
71 2269
41 59
45 184
632 1197
2684 4439
1556 2018
441 1589
111 1789
1972 3734
3974 4603
114 1608
75 92
2009 3764
3686 4941
722 2885
3184 4644
760 2461
1092 3822
1179 2373
821 4344
3127 3476
2798 3623
3031 4426
210 1536
1249 3478
775 4583
1409 1586
1872 2799
385 399
557 825
3449 4733
432 1977
676 832
1433 3401
2167 4208
3447 4234
403 3707
986 1185
53 64
526 4693
841 1763
194 829
475 657
900 2499
3666 4447
192 4077
4175 4260
455 1315
384 2313
390 3192
3426 3746
2771 4362
3467 3650
209 357
757 966
1933 1966
1335 2363
794 2218
3032 3175
1739 3099
2200 4643
687 1119
2282 3464
1247 2213
134 518
56 623
190 483
894 2387
865 2919
1784 3773
111 363
1317 1461
1971 4455
624 3783
4111 4635
115 2850
932 1125
3475 3697
658 4371
1547 3667
1076 3614
2198 2962
1592 2956
407 1184
1949 2155
1744 4041
4115 4864
58 3674
227 1025
299 1083
2679 4678
590 868
179 2586
416 504
872 1408
3295 3663
335 1206
1241 1370
2479 3252
2565 3194
643 4526
3470 3853
1039 1948
2864 3916
921 4819
479 3403
879 1164
1118 1169
1884 4511
357 445
643 2063
185 3064
1523 1561
100 695
459 2890
509 540
1257 2347
277 4565
265 477
933 1761
1955 2450
218 1447
663 2233
1810 3059
79 154
2626 4943
690 4298
2944 2984
2774 4838
1363 1432
825 1016
861 879
988 4839
4322 4963
890 3715
696 2591
180 1904
455 704
259 928
467 1307
252 335
772 909
1514 3820
2361 2945
1492 4021
174 4652
830 2661
1599 1886
2783 4150
1671 3220
233 2060
405 2106
9 610
1075 4022
2298 4732
2046 3027
1805 3437
207 294
1955 2089
1068 1264
1078 2582
2622 2944
285 434
1095 2620
562 4393
1026 3703
420 1064
504 3404
1385 1597
679 967
3667 3889
597 1396
1098 3722
1889 3686
767 4262
267 3587
1043 1056
1695 3990
248 281
1849 4273
650 3315
4656 4684
2502 2671
881 1861
947 3964
136 2638
1234 2660
122 169
3390 3810
1638 4523
746 4760
152 4882
134 840
399 3221
1045 4125
378 1786
154 1077
735 1046
1590 2909
2040 2456
2432 3535
1906 2470
2596 4889
1166 2436
2312 2419
454 489
66 853
94 807
315 408
1360 1542
202 333
2644 2943
899 1482
247 678
2584 4718
86 1635
3535 3594
2374 4452
859 1004
2916 3104
1008 1718
256 3442
2180 4703
1003 1108
200 4243
376 383
3612 4698
1273 1382
1164 1289
394 433
2183 3271
1338 3140
2179 2915
1610 2509
1609 1912
554 3929
2590 4928
681 2889
700 2129
3972 4139
54 1531
14 1739
115 156
4020 4859
241 1981
155 2020
490 947
990 4242
1404 2447
932 2980
436 1391
927 4776
1395 2752
901 2383
943 2015
588 750
1452 2326
55 322
611 619
1272 2154
97 2098
163 351
118 165
609 2187
1313 2512
3093 4622
1976 2201
2455 2659
530 892
762 1830
2939 4459
1023 1872
206 372
2752 4035
949 1517
185 3446
3878 4418
129 872
168 4494
2409 3971
1545 3109
971 3092
124 1749
1260 1963
1292 3383
550 595
1214 2083
812 2929
925 2602
539 4178
772 4167
919 3126
3887 4680
321 1699
440 2037
1813 2837
1327 2829
395 694
2719 4274
620 1756
248 643
399 415
535 602
1845 2575
2980 4018
339 1841
310 1623
630 1682
237 1967
2269 2672
2859 3306
2540 4913
2871 4892
69 101
38 104
792 1420
490 1299
1011 4697
3908 4070
275 1672
1399 1716
564 1971
1749 2348
2249 4996
148 2410
3625 3913
614 954
3465 4268
74 3672
429 1002
3969 4069
1100 1361
3054 3200
1073 1582
336 962
1633 3708
255 470
164 208
2148 2827
481 1267
603 656
3077 3451
2670 4100
4727 4948
419 3277
239 513
4143 4440
1507 1525
678 1063
1048 1787
615 621
1205 1741
1688 4436
4153 4232
339 1617
2259 3493
428 1220
1975 2965
5 39
3590 3747
965 1272
1267 4629
349 4516
1417 2196
2092 3098
1259 1341
63 2046
1943 4745
1595 2834
941 3962
1050 2649
338 1224
466 473
2561 2810
1476 1863
1991 4319
736 865
2543 2913
680 1775
13 3947
875 2084
735 2336
224 786
143 3530
465 2979
3531 4169
255 2076
353 1438
1303 1748
197 1123
1065 1947
114 143
1000 2300
50 257
218 2758
810 2957
681 770
633 1900
1113 1247
86 2796
1978 4168
861 1450
1091 1883
569 4738
1852 4481
3118 3909
874 3457
3235 4323
1961 4994
483 665
608 1740
1026 2767
760 1580
3392 3607
1476 4442
1794 1917
129 160
247 2281
293 4812
493 951
153 2025
2090 2280
423 886
1297 4146
1147 2609
1261 3489
875 3389
472 4214
1194 1484
114 375
214 226
83 90
1693 4796
338 1941
85 855
445 2391
1311 4380
13 133
266 448
3963 4240
2699 4969
350 3668
1040 2508
1132 1859
1036 1271
332 1953
231 649
409 2907
1422 3244
4116 4509
366 644
154 167
311 1231
1888 2441
2697 4310
661 2742
2771 3317
29 1951
159 364
547 4887
1299 2892
994 2194
957 2819
537 3078
208 274
4001 4664
786 1317
414 1588
3070 4293
1592 3640
418 4647
1317 2378
2663 4057
118 703
73 1176
17 4295
309 3132
234 3371
1871 4382
2653 3829
954 4193
1244 4836
419 523
739 1879
204 745
254 4574
782 934
496 716
2564 4303
2610 4708
655 1541
2251 4610
1582 4800
41 139
211 563
2250 4095
289 570
324 378
200 265
382 4863
1303 1998
22 131
323 4482
251 3460
49 111
7 8
1354 3560
559 4458
42 376
561 4937
39 1809
1227 2747
45 110
80 126
528 986
287 1045
953 4960
3379 3633
250 683
127 2353
713 2854
491 3261
1071 4112
1255 1940
276 496
1079 4339
1559 4759
2056 2524
107 136
1693 2995
66 96
729 3225
658 4334
1785 2069
203 957
662 1425
2267 4584
537 3620
1768 3303
1066 1575
572 4257
2174 3803
1859 3978
1484 1498
164 3136
302 779
334 338
385 1784
305 1013
1513 1890
887 4464
387 735
153 155
2927 3088
2744 4246
7 30
1105 2404
9 3867
744 1015
1924 3901
587 3202
1881 4374
725 4051
2508 4297
23 515
1003 3424
21 137
1475 1508
76 159
557 787
184 244
906 1483
331 1426
543 732
451 4531
2324 2477
188 4741
4697 4723
456 4492
1142 1551
2361 3701
675 1359
393 1524
3473 3893
3467 4239
268 791
359 2908
1216 3506
1499 2216
2231 4144
419 1777
3105 3298
1665 3127
769 2489
901 3851
1286 2676
991 1335
300 3117
2405 4416
1093 1543
444 999
1486 3579
43 538
1497 4571
19 729
858 2403
528 713
1166 2466
1321 1803
2122 2883
869 1554
1626 2275
1424 1502
74 2619
82 3124
246 1191
49 3409
1494 3363
549 4865
853 1880
2154 2732
146 302
1403 4797
1734 2335
833 3055
558 1214
13 47
1003 2763
515 3224
1183 3012
1738 2487
1960 4480
489 4296
1410 2537
48 262
791 816
760 3950
345 4620
13 320
4050 4875
1236 3208
597 1023
2177 4649
1 3
799 1351
2596 4245
43 1909
1662 2468
543 3151
1099 2434
1278 1843
221 246
585 1440
2066 4505
2270 2773
375 511
519 3777
982 1704
1667 3724
992 2056
1148 4561
1273 2618
1062 3393
392 4534
2143 4953
393 466
1075 1779
949 1310
1165 1773
2734 4998
287 344
261 3725
1856 4361
3600 3872
463 1919
1368 3421
932 3802
1600 2687
1033 1528
499 3917
800 1808
1727 2551
1868 2522
69 120
2323 2804
2126 2475
834 2916
100 194
2909 3122
684 2803
2181 4945
865 3547
2184 4650
140 585
2000 2163
540 948
1829 4617
527 2960
2319 2657
223 360
1528 3090
1569 3272
68 506
399 1430
95 555
1303 1506
74 645
486 3679
4118 4633
135 4105
1943 2958
715 3100
22 423
1670 1914
306 537
3703 4349
18 191
601 3270
886 3688
837 1772
4965 4977
38 95
227 1478
846 1997
871 1226
581 3185
455 4408
1149 4055
67 2884
3115 4395
3021 3047
1551 1813
873 1210
67 798
920 4172
824 958
1309 1678
539 2127
3805 4311
244 353
1361 3086
709 2333
168 4034
1160 2071
1317 3411
29 911
323 1254
23 35
1873 2331
2432 3675
629 1871
1781 4314
183 581
1536 3256
399 2038
354 1122
148 3561
2373 4206
601 691
2396 2568
149 1268
1521 2395
494 1287
1434 2051
1350 4204
1143 1611
213 2010
1578 2964
1006 3156
416 576
2642 3563
1646 4873
27 1084
739 2446
1989 2258
219 1097
8 1793
437 1569
40 117
67 72
1265 3636
385 432
1232 4116
415 846
211 212
258 905
41 3551
1275 2812
1127 1470
3055 3956
890 3706
2384 4258
1336 1559
24 2764
819 2574
2399 3246
124 1767
1643 4369
735 2552
1309 2507
112 113
418 1194
1203 2728
77 500
1439 1571
1427 4681
84 487
1289 3438
1480 3023
781 4832
277 943
1659 2423
307 812
668 679
2005 3751
228 250
880 1128
527 3444
2751 3598
4341 4373
456 3084
1091 4048
398 1501
1789 3495
2927 3344
931 3399
2143 3696
157 371
27 417
51 3005
1346 4124
1810 3243
762 3046
4071 4558
2828 2879
812 1800
2425 4762
1423 1523
171 1510
596 1328
423 743
719 4842
1 2
2644 3556
1009 2846
69 258
3240 4702
2703 3630
670 1462
108 230
1507 4835
602 3944
1186 2680
54 141
125 1747
621 2095
2062 3042
1293 4893
13 317
954 1457
1165 3031
1896 4942
796 1005
1707 3197
581 2002
312 392
1674 2406
922 1156
138 249
432 1428
2553 3980
163 1814
275 2035
1715 3006
15 58
2614 4957
1208 2707
2689 2955
379 1968
260 1785
23 907
2127 2757
9 207
3399 3690
2609 3268
711 3552
946 1954
39 4804
47 3398
610 3229
19 558
94 931
2162 4355
1259 1799
1328 2722
1856 3682
107 174
330 669
2347 3859
613 930
952 4083
2194 2730
1453 2009
1860 2200
943 4658
105 1048
365 652
2835 5000
203 233
416 3267
23 766
20 60
989 1845
2626 4228
1405 4801
205 2506
166 187
512 4853
208 1319
1414 1915
916 1627
218 1358
42 195
1282 1857
230 1463
2712 2848
778 834
22 1282
1974 2260
507 2121
1476 2249
1020 3273
1990 4813
1427 2432
597 4522
2601 4225
561 3942
794 1401
905 1038
106 1308
2767 4259
65 69
388 1364
2389 2416
1594 3965
2 25
196 2766
648 3485
54 622
1576 3157
66 1585
526 1929
2033 2845
845 1897
60 316
22 3182
1351 4709
1116 1729
223 577
140 682
523 990
1232 3510
2624 4152
3499 4054
1146 3348
2 12
3525 4944
711 1014
861 2683
1245 1744
1613 3345
1558 3307
38 1693
205 1340
1087 2716
2861 4569
2014 3741
2554 4597
848 3832
2629 3669
677 1824
3883 4329
123 1337
3457 4803
1893 1996
852 3730
957 1711
3749 4448
3112 3855
79 181
2454 2675
852 1212
2718 3321
2280 3228
474 1380
1204 1334
2157 3775
2161 3546
547 857
393 396
43 2622
300 726
250 1685
1711 4566
474 762
1206 1602
133 737
94 146
1692 2047
183 1285
2701 4792
435 614
1629 2045
1250 3218
1826 4148
764 3520
138 2841
263 3583
244 1945
59 526
280 597
4099 4855
2323 4750
318 3048
1841 2594
1727 4570
670 937
740 813
17 310
491 4328
1976 2893
262 1127
1065 2224
1647 3736
998 1839
1557 2780
70 2405
261 896
1249 3854
1543 4050
1758 3618
1727 2138
2256 2577
1276 3905
595 2490
3430 3524
396 744
352 661
710 760
35 109
631 2287
667 692
2126 3413
2082 4884
26 309
602 2402
574 2285
821 3951
46 153
1442 1532
3506 4780
2759 4615
430 822
519 1816
2095 2137
724 756
1762 4823
1364 3211
717 1489
120 2262
971 1723
1196 1620
1194 1393
39 409
3284 3987
1025 3305
117 835
145 178
66 1661
1949 2823
1091 3760
1774 3463
95 693
2292 2992
3024 3415
677 1280
717 2365
1257 4696
705 2078
4498 4986
241 2422
695 1640
4295 4828
1188 2021
190 982
1021 4820
350 988
2894 3340
1 522
796 4740
31 3466
220 441
153 2653
876 3515
1259 4331
1027 1135
412 613
1585 1613
29 530
1267 3172
986 1827
44 94
3427 4404
2220 4917
300 460
123 2584
60 1400
246 303
276 1644
618 3970
17 1159
387 591
1635 3743
1709 2696
2999 3492
4008 4140
3464 3939
2090 3262
1132 3158
45 1715
666 4713
499 2126
902 3330
879 1762
2839 3212
4409 4921
3391 4032
1237 2268
1710 1962
606 936
1738 3416
1744 2897
673 2251
1510 4386
4606 4866
168 3201
393 1357
1714 4772
279 4318
585 711
2358 4025
17 880
931 1503
125 2701
2434 4642
3193 4071
633 1719
2614 4668
135 3559
2 3500
716 4767
3366 3586
1520 2390
504 3548
2234 4135
1525 2692
28 1818
1958 2325
289 1336
497 709
166 554
538 3199
221 3130
874 3645
1003 3049
46 74
3854 4154
10 2149
329 2195
1141 3160
3809 4623
2325 4007
2757 4407
823 1318
3128 3665
3477 3966
1368 4624
1369 3114
622 753
2 5
40 1515
2378 3588
31 494
2159 3375
1096 4726
2095 3205
2460 3522
4312 4428
966 3681
2532 3809
55 442
496 1000
1364 2026
296 4346
1491 3955
48 78
27 352
2008 2036
1033 1466
763 2257
3499 4528
963 1899
40 44
1883 2238
1822 3592
1295 4554
98 4966
2710 3935
487 2876
9 13
3828 3858
4180 4378
428 3567
2263 2682
262 2160
168 229
706 2516
572 2199
363 3771
1740 4816
1066 2050
94 1196
301 719
3018 4036
772 2132
2824 4491
95 220
522 2366
275 617
1522 2033
207 510
968 1521
1169 1436
2341 2711
758 852
58 62
3639 4621
176 4717
456 3469
2123 4302
186 3834
2160 2719
1028 3804
1369 1600
354 424
4282 4765
373 1031
2030 3584
2725 4747
885 1338
617 847
3659 3782
2388 4609
2843 4848
455 2097
786 1572
121 411
204 2180
1216 2012
75 394
3517 3927
1837 4290
1278 1665
285 723
786 3207
3463 3649
1794 2975
368 564
251 2099
143 425
24 28
251 368
2056 2935
588 1227
925 2146
807 1260
1925 2601
280 843
37 255
27 864
150 871
1406 4397
2960 4194
157 450
1408 1753
1554 2001
2147 4814
1966 3329
1531 3216
2993 3995
1061 4016
4349 4909
2332 3887
1773 4799
99 247
1081 1174
598 891
1021 1412
1357 4905
350 2736
2321 3034
81 164
315 3217
819 1876
63 795
1930 2208
640 2859
4029 4046
788 1133
1565 2605
74 77
232 933
76 427
391 738
2418 4249
15 782
1272 4101
1610 1677
143 1008
738 1093
126 305
2242 3801
931 1070
911 2394
1040 1624
913 2226
1201 1560
180 4300
3659 3721
514 670
1477 2616
2278 2959
1367 1927
53 1018
1195 2698
2242 3066
89 2677
3381 4551
22 298
970 1759
459 1707
1360 4305
1837 1869
1750 1796
3186 4143
1235 1344
751 2075
196 348
1956 2259
2706 3441
3007 4223
1099 1655
4212 4841
498 2343
3341 4221
332 1805
982 2008
28 2232
143 216
3606 4283
2303 2464
837 2305
2676 3295
240 293
1189 1794
708 1085
264 1647
475 2852
217 1913
3 182
525 1680
1626 1862
308 3490
496 1539
1085 2917
64 1061
634 823
3525 4056
1683 3886
1520 4879
1775 4098
657 1727
500 1630
2686 2755
317 1486
874 2234
3124 3337
840 935
497 4869
183 2072
431 2186
1604 4970
2868 4674
333 717
1741 2389
1480 2090
2210 2342
38 2174
1803 2519
2493 4722
669 4755
3119 3766
821 1170
1735 1738
340 3016
1337 4692
763 1444
1742 4255
844 1124
329 379
1718 1765
1028 2566
476 3180
222 1926
3106 3116
1118 3745
143 386
411 1936
891 1057
30 2111
827 3596
721 929
1841 4132
819 1011
174 225
35 349
859 955
513 842
622 3102
1052 3410
1370 3021
812 2607
733 781
556 893
137 874
88 4066
1560 3137
347 1698
2047 3852
149 211
2251 3001
2002 4918
4198 4714
451 3727
43 3368
464 860
408 1129
899 2358
977 1306
244 471
344 4495
1451 2113
2287 4325
447 944
175 4834
638 4761
4166 4900
28 2291
2967 4250
165 521
484 4441
2301 4413
246 385
3301 4593
215 4730
1547 4279
1815 3377
1546 4950
1942 2133
880 1243
78 149
1445 2357
3210 3245
251 342
115 299
496 1387
4403 4728
595 2165
22 49
471 974
3223 3756
1680 3474
1261 3103
672 836
2385 3776
77 2445
89 790
539 2920
19 22
1454 1468
325 635
456 1696
383 979
4770 4939
1784 3896
2158 3716
2275 4123
360 1276
813 1397
742 1811
1565 4347
450 583
2321 4517
145 3455
1829 2900
459 4529
243 1079
282 431
1079 3039
2407 4473
241 3498
4812 4870
3101 3900
1100 2355
691 1429
88 637
23 168
1026 1654
511 2178
1224 3738
2821 4949
177 1305
61 1375
1850 4518
346 1101
337 4802
2053 2729
1137 4020
1234 2465
1052 2640
557 690
1735 2814
562 3957
1491 2918
2831 4399
859 1770
790 1296
317 4613
3007 4186
65 903
2144 2248
711 2324
504 2087
2227 3145
281 2971
1223 1381
382 559
2454 3786
838 1670
2858 3720
2736 2936
956 3812
3 1343
218 1606
466 3528
973 3072
164 780
3661 4345
3001 3354
696 708
2120 4665
2914 4936
127 769
678 2665
806 2555
103 2927
2697 3780
1160 4907
3768 4476
2817 3456
802 845
2749 2805
59 573
736 2563
2617 3511
246 3254
265 3352
219 495
617 3373
1908 2612
415 2017
1038 1695
1245 1778
2778 3819
260 3879
1234 1550
4614 4746
22 2319
2964 4591
2101 3922
2351 4550
1984 3282
689 2360
2269 2482
770 2686
290 2930
100 965
179 4163
454 904
675 1410
79 1096
605 1720
893 1229
1129 2425
908 1675
849 2135
1532 4711
181 761
1443 1706
531 2904
215 4763
780 1026
2620 3369
4654 4815
4550 4739
474 544
1486 2825
97 651
36 1565
539 1649
1643 3797
277 1158
715 1815
330 1952
2097 4381
763 4979
173 2230
69 172
2579 2974
637 4701
564 1258
911 4627
437 996
608 1446
67 387
6 183
885 1112
238 374
908 1870
555 3870
1344 2502
728 3816
548 3019
2453 2495
160 1240
711 3507
593 1047
299 940
132 1512
2847 3227
1309 2458
446 4902
1721 2184
3907 4433
919 1192
765 1074
1204 2898
609 3698
871 2123
1814 4094
914 1476
273 1621
2920 4594
179 3250
254 4793
1691 2062
2062 2286
969 3082
4341 4862
912 1493
611 2476
2943 4189
1992 3191
4879 4919
921 1865
1457 1882
2536 3292
398 878
195 1117
2981 3468
2056 3534
2522 3616
28 43
143 4521
46 161
95 722
1319 2712
249 345
440 941
304 1949
998 2532
1091 1833
4600 4867
45 3658
2285 3120
2205 3989
3519 4084
3743 4587
64 4115
532 901
1896 1908
246 1687
824 1163
2859 3290
2900 3622
3129 3320
510 4677
272 1780
1340 1471
89 2454
4117 4233
1023 1477
1512 2088
22 1042
1781 1989
823 3946
300 3600
2630 4368
304 4013
951 4198
1245 4064
995 4527
2446 4971
300 476
3832 4061
156 2545
1047 3930
1386 3253
471 566
152 2864
338 3796
868 1652
533 3504
5 50
547 1180
1566 3075
3636 4085
1956 2148
3028 4673
1645 4454
87 3830
641 4654
5 11
191 3565
261 341
1523 2688
1829 2179
2589 4896
3337 4352
4328 4805
516 2600
2788 4218
791 1403
2867 2987
228 833
1806 3308
3131 3177
4320 4980
284 1985
558 3372
4079 4341
3874 4277
2411 2993
3299 3814
488 2382
984 1469
1020 4446
2217 4008
2268 4683
557 1142
1920 2066
1591 3907
1644 4207
2569 2899
1677 1903
936 1373
2815 3615
692 1413
1697 2561
3747 4419
127 440
3358 4871
67 103
1200 2175
1252 4377
520 3149
2514 3060
598 2762
669 4817
2179 2554
948 3038
570 4468
1665 2005
1462 3904
1400 4699
4058 4366
4593 4845
1281 3928
894 2813
411 4959
136 237
2608 4097
804 1431
1099 1474
4677 4984
584 1737
1517 3576
110 1155
254 2039
512 731
1750 3331
285 1295
677 4136
2405 3863
513 3146
1331 3678
1378 2240
1030 1316
231 3285
224 733
4477 4546
77 437
34 87
1832 2220
2688 3174
221 618
277 1955
2986 4736
4442 4856
2409 4898
544 1614
1798 3860
3617 4251
297 706
2736 3828
2416 3074
625 642
133 217
4490 4897
416 490
162 938
2858 2953
1018 1490
4036 4669
3085 4544
1802 3642
333 2444
3466 3527
260 3540
557 3407
37 356
1884 2521
1404 4427
1092 3068
1747 2583
668 2073
29 54
1216 1959
854 4667
223 1518
1915 2278
611 1150
422 2417
1208 3648
3388 3521
819 1320
590 2117
10 214
82 91
440 601
233 1911
1526 2265
448 2455
470 2296
343 932
4161 4460
280 2932
815 3655
694 1114
2605 3981
1479 3213
622 1080
3094 3181
85 3488
1089 1817
3766 3977
2669 3002
3087 4757
397 3138
101 210
641 1896
874 4103
670 1751
484 1603
1909 1932
1742 2656
391 2011
1028 2723
1042 2267
1468 3333
18 312
496 2578
213 633
46 190
1705 1790
3943 4798
691 2204
829 3232
135 2647
2682 4868
750 2379
439 628
138 2527
714 971
225 4545
305 508
2814 4075
7 48
2246 4266
618 1556
88 1182
1324 3255
118 1465
355 465
674 1290
862 1099
2025 3670
118 325
2015 2166
3290 3635
394 730
3 7
2814 4985
1172 1496
374 2525
2670 3477
3360 3471
896 1323
379 3612
1696 3148
1212 3843
3 18
1718 3959
82 3984
3411 4211
489 1662
71 85
929 1937
180 1255
1148 2947
1148 3030
123 873
672 3772
1670 2549
921 4141
1448 2003
1520 4721
435 1348
1428 4357
388 418
947 3067
577 1553
75 1976
468 2469
161 1130
752 2774
3232 4671
4381 4508
1133 4134
1331 2312
1553 4421
2243 2849
137 176
3476 4695
366 3604
2225 4676
1241 1384
447 546
203 474
319 498
153 1404
2527 3299
2481 4886
39 1094
537 2486
3394 4241
1157 1598
2217 2362
3361 3836
891 2314
859 1350
3361 4160
430 1183
359 4205
1438 2162
1070 1520
2642 3164
62 2048
115 1283
316 900
108 285
138 248
2391 3388
1657 4475
1091 2114
1356 3406
1919 4465
2021 3699
32 98
542 4954
718 1040
2960 3517
198 213
49 82
1854 3085
107 2350
554 2376
2816 3096
6 14
547 4001
543 626
700 1137
23 1003
2520 3717
749 1979
1376 2108
1121 1154
131 1567
1761 2272
938 4689
910 2100
71 81
701 783
200 915
292 2189
789 4039
1351 1705
142 1994
52 908
4108 4432
329 1148
1278 2718
1779 4153
1468 3529
614 792
632 1201
966 1758
2105 4872
174 625
4238 4275
1916 2800
3 334
2443 2865
582 2399
116 179
5 21
508 2214
1559 2120
2172 2294
556 1228
2407 2501
1094 1956
140 1269
113 125
3298 3662
886 1152
1500 1651
3420 3628
102 850
117 438
578 1178
1764 2270
2858 3222
1416 1578
179 888
1206 2822
3529 4637
49 83
1619 2809
3441 4292
2593 4612
2432 4809
119 1418
3703 4891
426 3550
997 4895
247 326
2066 3911
319 1874
2740 3516
1639 4423
13 34
677 984
1014 1415
766 3178
1411 4768
1019 2344
802 964
1821 2424
2831 3459
73 365
539 4267
136 869
3075 4409
1027 1088
169 403
1406 4320
2247 4338
2789 3856
1507 3359
98 1522
1591 2316
1126 4559
1315 2140
4444 4606
455 475
1074 2791
50 1860
210 1195
977 3429
896 922
1672 4846
72 2770
51 1456
372 2654
198 1199
1117 1768
1323 3554
143 295
2847 3370
1552 2738
2248 2720
1171 4443
2825 4149
1460 4284
1362 3210
126 4705
1792 4306
120 4666
622 1459
1287 1889
1261 4471
339 377
1335 2483
2454 4026
406 524
994 2648
12 1037
3090 4120
1857 2183
2125 2874
883 2623
2429 3173
162 4782
3713 3757
141 718
615 705
1268 4532
32 52
12 1208
66 866
15 1339
1055 1942
1968 2937
1189 1987
1370 2239
521 4224
1307 1933
227 296
1163 3154
553 2028
526 827
86 1668
1903 4286
177 627
1081 2999
1045 2789
348 4993
271 720
1831 4126
1566 4350
4 17
6 209
2300 2349
1605 1615
686 1039
2664 2700
2464 2735
2575 2628
125 861
346 1690
36 46
159 4493
16 65
1092 1187
3896 4589
3689 4131
1372 3037
129 459
1036 2256
2245 3234
3258 4199
2889 4307
893 1017
438 2055
431 1103
617 3512
2464 4783
252 2380
1262 2710
4249 4964
3410 4568
717 3691
286 4220
4117 4992
2964 2988
1657 4791
582 2139
479 658
1234 2541
870 1507
237 1355
656 1233
551 1590
87 3986
571 3462
1252 3079
4304 4533
69 1731
2497 4927
54 2372
1849 2991
2076 3923
934 1076
599 3162
1877 3007
438 2749
1124 3447
1240 1386
1154 1674
868 1309
98 397
209 545
2492 4015
460 1782
1603 4213
1163 1893
1851 1988
78 3484
3091 3387
1255 2733
608 1168
1291 1901
1384 4908
153 1091
3026 3574
1331 2840
1783 4616
25 4497
99 2528
1326 2550
566 1144
507 1248
2099 2223
2112 2452
505 4520
200 1881
581 707
1765 4195
110 629
257 3713
261 1724
889 1189
463 3380
480 802
236 2392
3208 3525
160 815
227 1906
14 1313
985 4821
1732 2284
1261 1658
641 1944
348 4229
2771 3487
3072 4272
2456 2705
882 1082
697 1887
288 1363
2166 4910
499 1049
109 189
910 2860
1628 1992
569 2857
670 748
459 543
1621 4006
848 3610
2565 3265
184 819
321 939
623 2310
161 2589
774 1669
455 468
25 68
1133 2946
1275 2473
1068 2610
2691 3135
3114 3425
3597 3700
2009 2161
1625 3940
1228 1527
1201 2484
655 2057
282 1105
120 956
1241 2433
813 1511
527 676
1756 3732
557 4155
1860 2585
38 1579
337 2351
37 542
302 875
345 2843
745 983
511 3040
761 3443
1506 1547
2718 4000
762 4640
1509 3826
2437 4743
565 1743
4 1010
1109 2641
975 1708
750 1369
237 1312
164 3433
4258 4737
1521 2381
235 1846
394 1113
256 3799
272 1294
531 1236
2694 4264
1210 2085
1539 1978
2084 4682
1065 3101
1061 1540
492 4158
3184 3824
58 260
213 291
4207 4850
714 2756
3439 3878
527 2044
112 2032
2480 3118
2147 2411
183 687
314 324
4509 4934
734 3632
3764 4445
2941 4435
2704 3248
446 877
124 201
1059 2169
2184 2540
282 390
377 1638
972 2503
1265 2526
1769 2869
17 681
150 2497
111 3673
2048 2330
1657 3381
474 3581
1541 3003
2505 3131
748 1211
326 391
938 1851
472 925
260 1131
103 186
28 664
148 818
1236 2882
411 4484
2184 2206
602 4852
46 321
1069 2598
2380 2435
761 1587
1645 4504
896 3435
1331 3564
166 2471
218 3275
1572 2588
113 759
257 2261
360 587
300 346
467 727
1237 2136
1478 2970
2281 3613
1496 2769
1 75
328 2504
2501 3050
476 605
807 1593
262 773
2769 3639
389 736
1364 3731
126 314
261 1636
207 1149
250 289
2508 4920
1214 2630
50 488
13 1078
234 1557
4020 4197
452 758
66 1041
102 259
40 359
3062 4383
131 347
321 4536
326 4161
3472 4672
574 1060
338 553
1235 1806
1566 2321
2964 4315
401 505
1168 2597
611 2144
2372 4582
36 129
3075 3972
2401 2806
369 2539
2387 4090
611 1288
24 218
238 1073
3722 4598
102 2177
621 4500
951 3312
1399 1920
1607 2515
788 2636
155 3778
209 405
319 2293
112 1679
2094 2306
596 4184
246 4457
4765 4961
1485 4751
503 973
274 2627
1147 4356
684 4488
472 749
528 1840
1442 3169
60 97
4 6
2555 2703
944 1297
2161 4156
229 4215
427 3850
785 3999
48 461
1124 3656
654 1894
158 562
102 640
1141 2361
1495 3891
144 689
622 777
1067 4502
1079 2110
417 3378
1046 3937
257 4581
849 1109
172 241
1982 2788
1943 4002
413 1402
667 1435
1005 1098
189 328
683 2868
3039 3502
925 4619
303 3022
4054 4137
7 315
77 1257
1488 4514
1016 3595
2759 3539
2058 4874
339 529
906 3898
15 2678
59 2533
1313 3215
3142 4973
2317 3805
1049 3876
279 1423
1172 3795
2508 4437
993 3683
2402 3973
979 1033
701 3408
291 1284
2211 4826
15 134
3663 4578
617 2364
448 3449
1263 3356
1181 4201
1064 2369
1841 2572
1958 3470
1259 4081
850 1555
316 715
2267 3475
2031 3694
3380 3726
578 4082
2054 2282
175 1279
450 862
3509 3846
1255 2776
1667 3053
738 2617
662 3076
98 2279
2402 3833
2642 3580
298 867
1315 4280
1857 4359
59 2064
1026 1200
426 548
3072 3827
36 989
4422 4638
788 3791
2333 2354
626 2771
1660 2439
1280 4333
42 2518
1457 3426
125 428
2955 3052
3550 3993
1227 1405
341 1837
896 2253
1530 2481
1461 1641
1225 4308
318 331
1063 2031
2462 3553
430 1479
332 426
673 3695
146 2753
482 3557
2442 3070
708 1301
685 2485
1135 1878
207 1898
875 3190
1504 2492
140 531
1184 2830
3781 4575
2670 3310
406 1300
625 2982
845 1628
113 2429
46 308
1643 3671
93 4670
1395 1717
172 327
2031 3296
142 429
1249 3032
289 2870
2350 4542
2980 4543
257 1634
3858 4503
59 300
776 3061
95 4411
2114 2734
543 1835
2601 2626
1089 1161
356 1583
2325 4810
2039 4955
1271 2801
68 193
2040 2308
3886 4104
3701 4611
442 556
2942 3091
2315 3505
874 2787
1077 1650
1051 1795
695 2043
85 119
4502 4525
635 1298
184 1221
265 2715
920 3445
150 3280
1204 2685
19 282
413 3396
1107 3311
1172 3840
1156 3161
1132 4114
88 1500
292 1399
414 1885
34 1362
938 3314
1199 3018
162 1111
1564 4219
1400 3926
266 2096
1116 2368
1396 4294
1291 1667
244 3147
2193 2878
327 3842
4509 4931
171 728
957 1006
967 3789
1204 1922
1000 2124
181 2658
82 889
1091 1700
564 568
4105 4202
476 1975
835 987
1238 1564
844 2520
1885 3384
278 959
13 318
231 1485
2626 3864
294 778
54 223
377 2323
158 301
2960 3845
1073 4512
108 2443
2002 2493
3003 3165
3310 4337
345 638
769 4639
253 3335
1581 1828
115 3874
157 1458
2051 4847
1704 3010
103 421
743 755
3382 4358
289 752
1262 2000
2101 4952
25 27
2050 2329
59 994
488 1020
53 1842
110 472
56 3152
105 407
1722 2467
121 1273
653 1330
867 3638
1433 4096
2472 2998
2567 3288
1202 1801
1896 2438
147 171
2116 3509
2789 3499
207 4322
411 1378
984 4990
1314 3723
40 3343
319 4364
150 771
268 389
1953 2981
1260 1566
619 3754
336 616
1125 4712
1906 2263
1951 3908
2402 3627
1425 2023
334 828
690 1304
784 1454
1102 2816
536 4935
2535 3702
106 144
1191 2255
1348 3241
560 3643
361 520
621 1222
341 1563
341 3238
262 701
236 454
2141 4164
1409 2299
1577 2377
31 71
291 1327
1545 2182
1796 3123
24 29
3073 3347
170 902
162 603
403 1383
4001 4890
947 1448
751 975
236 764
508 509
335 350
410 757
2240 2457
467 1802
1258 3159
24 79
841 4089
2001 2398
1308 1417
2012 2156
1182 3742
431 3390
3828 4470
3412 4779
880 2765
296 451
665 4425
62 116
195 1051
2645 3264
3447 4651
403 1203
6 1329
2297 2790
108 1760
1474 2029
584 3687
106 1333
653 1065
887 1441
2235 2972
1113 1242
788 2215
1 228
1450 4932
640 2318
1725 2049
447 712
1287 2068
2655 3453
3894 4778
2197 4519
1912 4788
567 1237
410 1781
70 1495
402 3794
3640 4758
647 4287
311 2143
288 1216
2563 3065
15 1349
1246 1892
163 497
2056 2977
1075 4326
1115 1516
242 1030
17 1062
768 1905
349 447
2089 2951
198 361
3131 3654
181 1262
2200 4127
1172 1958
302 1642
378 740
16 200
650 1969
357 4415
1465 2112
7 9
2158 2491
2518 3073
812 1725
476 801
1026 1166
271 1487
779 2603
743 3362
2245 2629
1208 3318
901 1939
2545 3497
3875 4340
721 1043
893 1873
769 4580
114 122
2291 2873
145 243
1998 2529
759 1205
1071 2695
40 4159
1851 4600
338 784
20 3434
2082 4881
671 4537
3912 4894
3553 4972
4630 4690
3050 3718
372 467
3179 3969
276 527
1187 1558
1769 4175
250 2625
153 452
1307 3617
1735 2250
2086 2104
19 2070
993 2080
1348 4396
1411 1604
39 242
267 2309
558 1138
199 478
2390 3322
2647 2662
13 36
1230 1769
610 4576
1268 2147
644 3974
1436 2772
78 547
1385 1491
2651 3300
1069 3150
3478 4367
714 4388
1207 1352
3632 4117
621 1261
2349 2573
879 3366
648 830
2982 4774
340 1053
2402 2839
2697 4515
1833 2896
1166 2217
1100 2871
328 663
1823 4811
1547 4766
2056 2128
385 1734
27 1691
1322 2340
2257 2288
391 1475
1319 3087
877 1110
291 2652
2744 4282
52 188
2180 2684
445 3784
154 1217
2733 3144
200 1776
2893 2912
6 23
3005 3605
553 1139
3325 3355
213 1414
427 3728
1895 2295
365 1275
462 1488
2862 3601
1756 4608
1495 2059
212 2674
1209 3659
136 252
3837 4348
1017 4727
3247 4660
3200 3494
123 539
428 569
1999 4230
1168 3113
1514 3692
3335 3881
321 3988
349 895
895 4467
80 127
1442 2016
1594 4047
774 2266
1708 3058
738 1935
939 1957
1034 1157
20 99
70 276
231 254
975 2595
1 4
90 4402
1439 2689
737 1274
250 4764
3736 4009
261 1407
1676 4248
3575 4138
2149 2833
126 2420
3329 4645
1278 2739
809 3143
3777 4906
2068 3278
2464 2599
2182 3108
369 373
1538 2205
2 175
22 3737
12 3924
28 457
1073 2341
1357 2571
302 3568
282 1069
2240 2820
143 2478
814 1570
791 2244
3311 4630
147 2655
2962 4461
3331 4414
939 1616
1987 3821
2703 4254
316 560
1329 2426
1829 4549
683 926
2870 4227
533 2740
397 612
608 838
2573 3374
823 4235
162 2367
2476 3297
707 4499
1289 1398
1226 2415
546 2831
76 4646
3856 4444
544 1356
1588 1639
1256 2414
38 66
3180 4011
179 462
651 1204
135 235
75 2681
82 4449
1117 4065
709 1891
87 4965
3241 4857
1760 1993
166 3230
1352 4196
258 4068
60 196
105 910
509 765
258 1533
3011 3960
588 2514
3391 4641
3849 4924
2432 3077
2734 3759
149 2924
1811 3095
306 456
284 673
1867 3472
507 606
891 2746
2067 3934
2123 3823
681 898
1176 2961
2207 2264
305 2427
1186 3105
410 1036
306 1631
2769 3862
45 3538
740 3346
2079 4354
1701 4074
3030 3918
316 1467
1419 2145
1618 2030
1244 3768
198 238
641 4995
897 3325
372 588
1449 4332
1837 3894
3797 4109
551 579
2114 3486
341 3533
1590 2651
299 3028
3954 4786
3025 4166
1825 3392
500 1225
3474 4599
145 844
408 1086
2744 4291
846 4976
1729 2197
610 4142
40 2624
81 2639
7 63
888 1234
71 2396
1199 3045
440 672
3604 3787
1887 2576
229 1153
716 1230
1013 4585
2298 4316
338 820
359 366
1593 1683
1765 4379
179 788
2258 2817
2695 3572
160 609
3070 4343
192 422
3772 4365
1025 3710
249 4422
42 848
3461 4073
288 969
2165 3677
154 4265
571 1198
146 525
1587 2388
554 4563
1279 1497
1694 4704
2038 2058
516 2581
204 742
462 887
44 4005
1005 3176
179 2668
167 3664
1905 3386
72 118
121 582
389 953
2289 2862
1401 3705
535 2673
1517 2107
1551 3051
448 1433
22 24
4537 4983
534 4573
569 1388
113 667
788 2666
885 4244
1513 2157
1601 3467
1130 3168
1625 2172
1792 3044
3207 4487
1410 1607
698 2826
281 2176
2305 2530
2283 3353
547 881
1919 2428
396 449
402 611
948 1442
2211 3888
1299 2207
875 1848
3533 4113
3680 3689
77 369
1378 3899
2539 4042
307 1797
357 1984
706 1054
918 3680
213 2040
1321 4725
95 981
765 4040
74 2153
337 4829
2664 4885
67 463
1186 2451
1195 2170
3752 3885
1033 4513
137 968
1278 3729
4194 4237
630 1136
566 2611
458 1592
849 1372
2482 2985
1988 3000
10 221
45 4731
1855 1867
548 1562
2901 3094
2333 4595
697 3890
1748 2940
1165 1172
1158 1181
741 3932
150 2694
1178 1931
2605 2699
80 275
705 1934
51 158
67 1292
352 3129
880 2835
11 40
374 631
861 1072
320 436
276 502
1654 2824
2425 3342
625 2228
66 485
135 197
1958 4742
2193 2307
18 384
1981 3106
899 2768
2616 4469
87 4067
135 1409
857 1754
1515 2567
792 3589
1348 3835
1708 2505
4 3167
1634 3259
2369 4675
1904 2543
571 592
1540 2637
134 821
3382 3418
1465 3952
2204 4162
1077 3026
587 918
941 3848
156 641
668 3606
710 1392
1488 3569
208 3324
2751 4795
168 1406
874 884
1952 4827
1118 3291
2819 3081
1521 2101
140 2479
38 42
151 963
110 1389
2219 2754
748 1367
3075 3364
437 1424
1494 3938
1693 3948
482 876
428 3811
1344 2115
395 578
1575 4119
259 277
1944 4691
1773 3269
701 883
1444 3251
3771 4188
117 148
1276 1866
46 150
2677 3792
505 1342
1205 1645
91 572
281 1353
255 4092
3797 4412
24 4489
1248 2334
3454 4824
1525 2569
570 945
24 793
765 1024
1465 3501
155 1419
1756 2019
667 2523
2558 2646
513 1875
287 1822
786 4999
582 632
4792 4947
267 942
967 2141
347 1659
1681 2374
370 2158
606 1671
258 261
1456 1576
375 3644
509 1618
2855 4033
680 2544
665 685
708 924
1299 4108
545 775
246 2596
540 724
3927 4076
1522 2590
1392 1832
1985 4106
471 501
465 2996
436 516
3578 4618
377 4556
190 236
426 2027
257 1610
1890 3376
2262 2431
200 4915
78 105
2155 3915
1758 4088
585 4217
41 135
315 2693
358 1970
303 2061
759 3883
553 3110
816 837
834 960
1450 1480
607 3336
1418 1648
103 142
115 414
725 1286
1351 4173
1810 2706
360 634
1230 4876
5 323
280 2593
2674 4253
1727 3693
53 67
1714 4431
9 923
2482 3223
553 1884
543 885
1343 1916
1099 1140
3007 4091
2641 3761
897 1022
140 2273
238 1302
1244 4212
1340 2397
357 2006
2264 3083
1382 2986
91 1160
1361 3839
577 754
1449 2125
1511 2408
1041 3608
1739 3402
855 4655
1010 1167
159 1464
668 1930
1308 3287
553 1106
2821 3877
3537 4538
1993 4078
691 1626
534 1427
65 808
141 1067
31 4564
123 675
117 166
1076 1961
59 269
3070 3237
2025 3903
458 1188
791 1238
2048 3258
1148 4989
249 660
2522 3868
829 2748
1363 2079
1318 2462
1887 1991
159 1012
2745 3452
850 4506
3 31
725 1714
272 991
49 273
2148 2421
1580 1925
313 1347
2724 3400
368 1568
1894 4540
71 532
1124 1726
35 2042
366 3503
1673 4930
394 817
1389 3283
1938 1965
3 859
648 3163
127 464
414 4080
258 3849
1474 3024
684 1209
668 2911
1115 2832
1088 1186
1420 2635
3 1453
3171 3293
436 4424
107 659
2480 4729
232 824
945 4962
265 1165
360 381
2181 4261
1290 2409
78 3624
376 536
1168 1193
262 594
147 163
230 382
3037 3358
623 993
781 1050
2069 2142
929 2034
350 2054
1935 2159
4198 4363
17 115
1315 2633
112 624
420 4501
88 3301
116 4133
374 858
725 1202
92 444
1184 3304
547 4806
1007 2784
999 1162
71 3206
915 1175
1096 3785
335 2191
775 1422
3448 4700
4058 4466
575 1021
2884 3774
117 1730
2509 3431
134 2759
199 1774
3132 4604
1410 4926
217 304
907 1663
708 1102
211 3035
2582 4822
645 2254
562 3871
2229 2901
18 84
629 2643
3314 3793
128 336
226 292
1197 2370
23 33
1952 2453
2775 4626
571 4028
1655 2352
92 1044
307 646
4778 4923
674 1259
432 890
255 264
117 222
378 863
1479 1664
510 1622
1343 1807
1821 2690
576 700
1892 4888
53 121
504 3056
1304 4605
1509 2786
1284 4023
87 1027
1162 3543
383 1120
2664 3480
2868 4122
2936 3818
2770 4988
1208 1732
2140 2400
437 2942
677 1973
1460 2644
193 203
1359 3998
91 698
2182 3014
968 1921
96 311
4643 4734
120 215
1425 4754
532 4694
187 1377
279 897
1109 2105
481 1421
1877 1972
2447 2989
979 1253
2269 3609
452 4231
1175 1215
47 288
2651 3585
1281 1445
2400 2903
4328 4535
1954 2844
705 805
2124 2134
1752 2990
1962 2320
1947 4010
15 2338
160 1829
1222 1514
1100 3394
83 306
647 2304
29 668
164 1689
661 699
38 702
336 2737
2558 4012
2148 3111
39 138
4206 4530
2529 4185
873 3866
315 3422
457 804
1254 2853
463 549
1756 4579
548 856
206 319
2723 3753
1243 1246
1243 2463
2815 4775
904 2092
4234 4370
1455 4372
1234 2939
1368 3397
1977 2714
223 491
30 1535
424 1910
56 108
2651 4174
396 3405
2355 4118
136 1494
303 1365
719 1637
2317 2851
656 1605
1659 1938
238 4663
1968 2847
681 4982
2761 3249
137 355
1301 1847
26 789
1257 4981
3958 4063
643 2401
2496 4165
194 1411
1058 1584
913 2022
6 2007
887 2247
330 4716
724 4486
4422 4628
150 354
904 3767
209 2872
592 3214
1765 2517
49 1239
2701 4625
2351 3519
2838 3029
2737 3233
1273 4477
795 1293
136 977
1479 2067
2124 3838
1869 2242
828 1736
894 2202
63 2227
166 286
818 1311
3248 3294
2701 3219
561 1629
2255 3919
36 140
98 198
127 283
2805 2886
280 4313
718 725
167 3591
508 1366
1008 1530
319 3762
2958 3041
828 1100
364 3155
257 4059
1062 2164
775 1360
686 3412
1049 1232
128 147
1352 2013
224 4031
1973 2185
1108 3602
49 810
12 946
1055 4236
789 1750
2499 4183
314 329
244 1218
349 499
64 2726
23 80
2226 4478
136 145
266 1746
1229 4182
2034 3183
927 1451
524 796
964 2557
2004 2430
2360 4309
1976 2225
1155 3420
189 287
282 1235
1915 4216
831 2795
3421 3514
1281 3209
1001 3235
154 330
686 1766
2108 3365
1560 2793
1410 3660
3423 4967
208 970
261 3461
622 3179
86 88
668 3983
2294 2811
2375 4263
2290 3712
545 3196
1434 1686
3866 3902
1890 2235
3200 3895
1189 2219
1035 2783
3300 4151
2444 4588
1080 2151
3 4572
3928 4353
278 912
768 1385
307 1190
586 4541
217 1219
456 2131
47 170
1324 3982
2344 4687
3824 4200
1568 2997
24 45
826 1081
488 1703
1323 2181
24 38
106 2122
810 1709
526 4773
841 1792
1460 1791
2676 4086
935 2243
2502 3647
904 1632
67 4933
92 128
379 1394
526 1907
240 481
24 914
32 232
30 61
9 831
1252 1764
3050 4147
1411 3319
135 528
397 1249
1251 2094
455 1173
721 1728
1268 1646
181 3281
3612 4657
155 671
3299 4830
371 906
713 4107
168 443
3591 3684
70 1055
644 917
29 1819
291 2679
1079 1252
253 1371
1894 2976
3575 3861
1608 2792
1933 2231
605 3025
2621 4496
664 2448
1446 3815
617 841
1865 2356
52 2888
1378 2290
715 806
962 1207
1514 3257
1172 4288
466 4301
236 571
157 1804
1898 1964
4727 4851
290 480
52 124
2418 4037
2970 3395
3022 4922
694 4004
433 3770
105 785
1224 2621
1331 3599
2272 4401
1410 4710
1030 1788
1862 4087
400 1007
1337 2928
2692 4398
3113 3566
55 1332
1209 3351
2629 2895
3283 3423
151 512
2349 2910
794 1983
1926 4596
68 3544
781 3008
385 2938
3459 4833
757 2407
968 1395
226 453
1571 2565
1576 1849
4612 4707
85 607
287 439
44 70
1887 2861
1927 4860
528 590
727 1244
2332 2606
2578 3166
777 882
106 561
1713 3341
933 4883
448 4991
804 2891
1948 3813
295 4648
86 1314
1015 1368
1704 3432
219 575
431 2570
501 4030
274 992
45 2968
226 3808
2649 3080
163 3967
699 2727
1563 3769
1627 2838
1742 3621
821 1416
2595 3134
593 2459
463 630
2610 3033
1344 3790
212 686
2856 4749
1208 2498
40 1537
2804 3020
614 4463
189 3641
888 972
247 653
882 1783
785 3945
37 89
303 2553
1810 4840
299 608
3559 3661
2621 3711
2258 3193
4222 4997
195 307
3557 4099
113 1059
2491 2808
569 1151
247 1177
2875 3800
2886 3558
394 4987
2416 2547
3378 3537
90 950
203 1609
4015 4880
601 1820
1317 3750
1204 3054
1201 2437
1601 3704
1357 1656
195 557
267 339
2009 2632
1047 4049
7 1245
121 132
517 1721
424 1223
260 380
2501 4601
1435 2082
206 266
1123 2815
1405 1443
2127 3912
441 1028
1341 2702
1262 3279
3095 3334
1150 2004
154 1619
3948 4557
437 648
608 2931
1417 4451
15 1066
262 3646
1026 2393
