27 200
432.11
129.04
414.62
268.22
223.73
181.36
174.38
Missing_1
396.50
452.92
Missing_2
130.55
397.80
400.98
386.95
167.38
198.82
198.15
Missing_3
377.19
426.63
231.54
255.89
382.68
Missing_4
463.13
474.43
358.88
450.99
Missing_5
488.91
298.38
364.23
271.64
174.76
380.69
433.24
124.12
228.45
115.46
227.32
197.18
321.34
Missing_6
253.37
162.12
Missing_7
357.39
426.33
432.74
106.46
334.31
211.64
156.64
311.56
375.75
133.36
279.60
427.77
Missing_8
443.58
155.21
105.47
Missing_9
478.39
388.29
489.21
137.63
347.44
372.38
357.88
357.87
157.06
432.12
Missing_10
371.76
491.59
109.00
308.90
278.56
Missing_11
158.91
491.28
482.76
232.30
308.00
Missing_12
460.48
108.66
Missing_13
402.66
Missing_14
414.49
297.19
Missing_15
383.83
142.44
127.09
450.66
242.57
258.70
116.71
Missing_16
183.83
339.90
252.03
210.15
499.57
124.80
438.14
339.71
Missing_17
392.52
Missing_18
116.94
161.60
417.53
349.35
327.26
459.99
141.29
202.38
Missing_19
335.75
243.65
217.18
349.25
177.24
121.09
322.24
212.11
444.69
377.76
396.85
310.67
228.12
Missing_20
271.74
426.58
319.90
282.11
405.06
121.29
264.91
390.13
218.86
444.12
294.17
Missing_21
205.22
Missing_22
101.00
399.68
Missing_23
369.44
Missing_24
246.49
482.49
215.29
148.60
339.14
135.27
351.18
Missing_25
180.52
431.14
166.98
170.65
368.07
389.76
172.05
414.49
256.89
385.23
103.56
379.52
105.85
195.84
240.64
442.75
497.06
Missing_26
108.26
493.35
103.12
407.82
268.57
124.87
200.96
248.15
122.37
391.10
275.12
151.54
421.49
352.66
264.59
Missing_27
224.73
462.17