26 331 319 97
10 6 3 5 7 35 39 48
7 5 8 9 26 29 46
10 3 9 17 49
1 2 2 13
6 5 4 13 20 25 39
1 3 2 11 31
5 3 27 43 47
4 5 14 17 23 36 45
8 8 4 6 19 23 30 38 331 499
7 8 12 31 32 33 34 45 234 499
1 8 4 7 20 26 45 46 228 234
8 4 18 42 228 339
8 6 1 24 28 48 81 339
10 4 10 33 81 401
9 8 8 18 24 32 35 39 392 401
10 7 8 9 12 15 39 69 392
1 6 16 20 27 33 69 220
8 5 16 19 42 220 440
4 7 1 2 29 40 45 386 440
3 5 15 22 32 386 396
9 5 3 21 45 132 396
1 7 2 26 35 46 48 132 319
6 3 15 48 50
6 4 1 6 12 46
3 5 3 23 25 45 47
5 3 1 14 26