22 126 132 144
10 4 12 13 132 437
8 4 10 40 222 437
10 6 14 31 35 43 222 471
3 8 6 20 24 32 35 38 70 471
5 6 2 36 37 40 45 70
2 8 2 3 7 17 23 37 47 175
7 7 4 9 35 45 50 175 414
10 5 20 22 46 389 414
7 5 11 30 32 389 488
3 8 6 7 21 26 31 46 344 488
10 8 6 21 24 29 39 42 45 344
3 6 7 20 21 24 27 455
5 7 10 11 12 38 40 284 455
10 4 17 22 38 284
10 5 6 16 22 24 450
1 6 33 35 46 47 185 450
7 4 14 19 185 460
6 4 46 48 460 462
6 7 5 12 28 44 50 281 462
7 8 1 6 28 39 47 49 129 281
5 6 10 20 38 43 126 129
6 6 8 24 35 40 43 49