100 100
14034 5610 23638 6824 91814 72570 60113 7980 50366 68577 66221 32881 17989 10906 56705 80943 88530 39650 39491 63477 33578 30258 34858 66588 16368 47996 36638 75311 12385 78008 33922 37154 63107 89310 55485 85786 26149 73318 12643 32199 1933 72913 87323 37842 8815 78686 13195 25509 80310 73992 66389 77892 69973 22234 18294 56488 92754 59635 36775 74777 83548 32663 49993 55179 92223 93094 87523 40856 17751 59191 62911 52454 1132 31171 82698 68471 87431 2302 51503 24097 41461 93635 56682 42959 73194 69661 95084 56741 54246 89208 41644 92522 77216 14895 52326 47423 31091 80203 57623 37426
4635 21711 11755 39704 6749 52679 24130 76281 35685 45604 36934 32427 9631 64634 68696 36330 49174 74305 94948 61728 46736 91918 33415 64344 6031 16738 78920 33504 27834 60194 79382 85416 77302 18195 85022 28096 43557 84361 69843 81587 18041 45421 29248 13251 71203 40754 160 31903 66801 7044 52332 54400 3924 23517 32369 80050 61061 78844 49794 51622 169 77268 63126 62457 70627 99783 85178 3771 61220 82504 42010 38356 66244 62172 67231 61713 37156 57302 84292 29049 67075 98523 13166 33420 17844 64652 67800 12464 62122 19387 88422 10331 52867 34289 285 91398 11892 36753 94610 82328
53127 43088 37574 61127 31983 96123 17035 973 62980 13589 30364 69531 66555 47313 89231 86502 55956 11620 81056 45443 76742 92593 61857 67584 1953 40448 11537 70745 85895 46872 79256 75293 59814 77243 8971 44555 19195 46037 49885 78579 70247 96044 75232 63960 91002 68770 1407 68496 42434 24546 99109 68183 76836 60903 88410 91595 31946 6808 36281 58285 95956 67353 22422 17579 82226 71222 97615 91985 50240 39486 20909 28018 36266 58960 99145 4003 26410 62367 28580 52022 57276 14607 69677 46152 93438 97171 67846 82664 2219 23721 27024 97914 51539 48761 65798 61149 24179 31028 34853 38720
44277 73569 98665 64100 35595 12098 72624 87424 38197 75059 5073 49280 69273 70493 1302 42315 25925 79994 3146 94948 70316 6550 94494 53977 62584 23202 71241 33520 38835 76289 34060 17368 8462 47915 77167 18435 32842 46676 55965 90617 51753 7734 47362 2163 64625 51079 63613 40660 4841 75191 47681 98280 22064 17783 83083 54223 66608 34958 96945 30597 36819 13354 84606 89170 78846 63510 26677 27339 85401 73171 18674 45726 14138 94097 62337 32306 73889 26689 85293 86214 79748 96724 91929 30672 11288 64849 91073 61078 81203 25370 5257 45866 53335 45846 69840 11871 63388 46395 9971 89808
81453 17843 35239 2417 77761 27695 84989 87276 12082 41651 44406 69861 74107 81085 87245 46284 5802 1641 22457 47213 64484 84814 88226 65061 95381 38149 64517 31380 44916 81912 11718 46720 89144 29246 54114 34452 74253 1497 73852 29907 62482 92255 80649 3604 39907 94495 78856 91722 19382 15560 15048 57360 69379 99423 81321 78698 45559 84649 5549 79331 73823 95053 15352 35683 18254 94485 95026 35083 44302 9596 89008 19411 60371 83713 23729 222 58533 75629 30349 50477 18414 71133 54466 69510 1345 4742 76135 3412 23150 24978 80871 98057 69651 4871 70277 59988 40766 7049 62371 95480
77889 4082 30567 43586 30644 57153 97727 60523 80297 47899 54023 79821 96454 48168 48734 19360 72156 61721 28584 98228 93772 87602 73901 35009 27970 94555 49067 30905 95736 43240 14657 96169 89920 92925 65220 90062 98980 32539 55177 36073 34087 18473 13714 87081 18602 57274 15341 40371 44301 43022 97139 41485 65650 96548 19017 85744 79077 88622 69504 7293 24755 13840 39733 55214 96641 58551 2425 98070 21147 80341 32174 46077 44260 32350 47337 53495 22030 43776 24765 81192 47960 49397 65371 85234 96792 987 98443 13493 84519 63379 45962 75740 44785 80403 72842 40582 24922 85402 12756 89245
93595 32852 35494 4973 89360 60551 38121 32390 97398 8919 11926 90710 21628 4136 40439 3490 91383 69647 96804 78363 5384 2850 29495 45915 47145 12689 24537 83079 46708 60104 19382 38057 31166 93699 2345 63492 21367 4835 52812 35388 24616 28165 43793 21061 20428 80264 20689 95835 80769 98528 86085 88149 88301 25570 58389 98796 50793 29447 79191 20220 17645 55615 74561 56808 75871 8711 6854 10252 70017 6828 98921 3831 52467 58900 19768 58017 78336 44001 57595 83601 28600 49444 20769 86685 33579 77521 86940 99825 22006 21838 37294 19255 83036 20642 54771 72933 30937 46105 59800 88278
20675 96930 10929 4936 93417 93597 15913 29944 17549 18706 63983 76518 49808 39568 2260 68800 46083 56036 87104 44560 92341 70084 74294 17294 64468 88405 72420 67051 32098 66285 77951 44776 84526 22474 69251 9518 49206 11413 6947 61450 49817 80156 7521 5907 7627 59537 71130 99891 70697 74977 90270 88847 58929 59683 5839 82319 71343 45179 77562 26419 88867 56806 66046 15370 35383 81088 15266 72466 48843 69981 32064 58700 19481 52325 40491 97103 62255 64446 88491 34814 26508 14204 32576 25062 20889 87408 46949 27773 33707 92547 9398 99193 14304 85356 98283 58884 56 22232 4793 40048
90773 50805 56687 78013 99798 14547 22259 23493 50269 24047 9685 39255 76503 20522 26136 5804 39884 53986 17410 73301 42553 94330 1603 35574 36361 99470 31510 8402 61685 19711 84735 41535 40911 64384 9789 10396 76620 62527 17694 37054 24831 49239 17465 1107 24649 89251 98179 79611 42415 74860 1705 11349 40849 75849 18306 20800 76569 30820 3636 49332 51557 63969 52968 85415 53259 10198 71428 62119 87217 30367 96912 65731 47682 65754 78878 87366 61739 1037 30341 30874 18555 53718 22775 50014 75058 77392 34520 61416 11090 49154 74459 45753 50904 19600 95407 89037 46823 18819 70775 85158
78464 62445 87505 16499 75171 76264 87420 8759 48833 51079 28894 62085 15815 77329 99095 48612 80480 93859 6122 3382 65092 90770 94582 69318 86401 64041 36870 5881 13586 92328 95513 23338 45634 99795 13022 5518 29962 67153 57629 10661 73029 72236 32449 57353 78475 97890 8507 16037 34142 62141 89297 85723 84341 11724 75198 95672 59346 84581 50259 59280 48194 32671 12057 88312 50716 99278 10624 45716 92670 46687 39726 89518 5379 2539 3046 62298 84934 89110 93165 16106 66705 42502 265 40294 86786 22147 48214 61216 397 71386 81154 66962 15816 2439 68201 81466 19475 43757 98180 53173
94599 38036 51142 82408 28036 15425 47013 55887 23800 46067 95317 68341 29648 98371 90918 20075 10126 1120 52539 4653 78266 48969 84335 43872 67961 36332 11204 20031 25922 13921 97342 33950 95120 6474 20297 2332 9330 5452 27338 10489 42473 95458 2682 85218 85820 49809 91323 2854 6257 18555 3245 89711 10777 68120 45115 92676 17325 57128 72538 85789 21233 90035 58450 94550 95436 82664 34813 76805 55975 83161 73179 80156 52687 55503 1961 62895 7709 47319 98546 34474 62068 6419 90387 540 70576 4764 73939 55257 66273 27600 31464 94594 38586 43972 11347 33477 40554 73906 12561 20007
65222 17209 95028 92594 17726 37103 28644 71548 86216 36507 67471 83179 16639 39925 67298 30366 88927 7911 54504 14864 42247 80672 32419 63376 24897 90638 64411 59841 25585 18072 47908 58120 64857 51390 2316 16575 34686 95811 78862 65916 73218 59293 92527 43268 11204 65634 60786 94405 63483 60909 96913 74650 15746 94257 62548 55247 62403 71478 40452 89166 61339 49555 17314 49049 18023 19806 23129 81675 9052 82593 90725 36501 18428 54164 64583 35394 19861 12744 6278 39200 83841 66095 68280 94053 6582 16006 14709 34335 83903 20647 66609 45584 66450 5336 49388 54777 29279 88875 34898 63699
81444 66488 8084 35864 87277 14659 62754 61516 697 4752 96939 32502 67413 11233 13861 6063 9552 36325 20965 28382 62648 43545 95665 59517 15971 3496 16047 100000 31334 37509 23190 59001 12493 13431 95600 2874 83036 24787 66041 57991 42901 51034 10639 26921 62459 95843 63699 91784 94049 7489 41889 53783 76505 66533 57921 99236 37323 52363 48847 1667 18271 65500 182 96150 30984 99844 86996 29357 41043 15600 89935 33829 34865 29568 58857 67195 48941 6527 80929 18082 95086 11863 89528 12494 69725 22248 95945 29512 32257 93634 92114 1032 12974 37663 39373 34412 86241 22275 64772 60397
20269 28641 3194 41676 39265 75685 58158 51218 17251 88311 63482 846 75228 16666 63025 61325 57805 72487 72368 93127 99800 76309 10026 92842 26368 4077 99275 54864 42885 58648 93414 59647 11668 29417 48068 94025 89138 91036 28390 31492 43863 84309 79548 8142 91252 52818 79114 58594 82452 20348 49695 30963 17849 87454 77103 75736 21446 13481 70071 48106 12698 18768 74479 19911 26994 29692 23072 79029 46505 30507 76379 24609 64100 92627 3393 73396 91333 5464 77552 46437 59395 60110 17334 40641 18662 38572 1918 29663 113 32057 18893 58682 45930 95012 10925 54555 90419 16875 89504 10943
53087 17801 67548 4274 50271 8367 34730 38225 83151 52189 70206 15910 78461 61556 40884 31955 56042 36204 22693 74541 1596 84837 81743 81181 60613 50858 89531 66309 3203 84236 65959 33925 62764 89805 57583 6292 48603 3936 23766 21621 22370 51088 53390 27010 65740 60554 60463 61029 51664 99215 17298 65043 95996 40682 5980 62843 50962 84707 57632 97127 15615 57840 63980 52620 14252 4736 54691 28200 99891 39470 10055 43076 35693 86596 39459 90160 39430 67796 44500 70677 60124 21585 60992 83351 73822 42503 12535 26392 45718 99807 108 70559 62319 77385 17707 72038 85939 15613 92244 45204
5976 92555 19565 49416 83858 64751 59410 65857 78723 82870 50240 5108 18446 86600 14077 29746 69079 75116 58852 29114 70451 21377 75106 80673 29017 11875 64956 30034 17717 59313 91767 44932 26327 25425 51789 88076 54896 46278 52294 4919 9318 47607 55395 53214 12555 18071 74144 72080 12622 15753 10435 18863 96957 86339 80066 54205 52744 16071 48339 98820 5137 48768 87891 42379 81403 79256 12341 10804 6048 35316 38660 86954 33029 24600 12075 48688 50170 97992 4034 93955 33198 58834 78087 38836 35701 59512 3277 11928 56664 74492 85234 67832 76524 29780 26793 90772 26318 50632 88258 53923
82314 7040 99215 12550 75313 64925 63756 60311 72481 72436 33213 95088 38946 79087 88151 92742 46607 51617 43870 94772 24706 31189 92428 93117 97566 21795 6734 80853 15049 17642 44549 65754 25004 33182 33766 28832 65087 34554 27132 57182 71718 13714 43891 81506 6112 13398 94055 67834 5368 7629 67119 38772 15360 54084 1214 95655 47891 18914 11479 14064 63428 83644 69638 62680 74760 14501 96848 85379 50780 21378 49392 38117 89417 19412 63210 61399 30146 30729 14466 36174 60057 41922 18794 53446 92177 59808 70377 84804 38141 15879 18684 48725 97947 15771 59367 2429 63524 58347 82256 26834
62959 82175 52511 76575 84390 81489 75328 51679 83793 22495 50210 85364 76397 53851 17413 48605 58050 63721 44612 7388 37279 95232 63153 86746 87454 97123 41176 18463 36588 41304 87342 49719 72581 46710 61981 17774 88941 85903 28008 53651 28794 47589 31176 4233 57255 3223 52450 70141 49798 25054 14914 13647 8313 27586 7656 57234 76775 41180 25669 76101 55318 88249 92712 90740 97723 15655 13864 35083 28400 41889 64103 21641 88769 4170 66687 62957 93931 90833 93222 74343 1583 76412 82149 41144 78182 24078 49972 56932 2948 74614 17341 9576 6613 71789 11328 56941 58311 33687 4738 33497
55099 17386 51591 61665 37443 85235 50908 99863 54074 88680 50117 56940 21483 14412 15149 76526 18527 82667 22414 10912 23295 89560 72255 14874 27549 96118 80939 78405 49578 21774 63606 75594 17451 78418 81395 98125 15357 28360 47339 68234 39921 74323 3856 90446 91325 89609 24135 51235 4114 97866 4423 47702 76444 31102 75657 64193 74509 68927 35519 64154 52977 70371 77434 51157 89892 14074 61988 61086 20726 62978 84490 53424 17233 14117 95092 65272 29567 49713 75491 45025 50701 82359 79108 61122 14841 18085 1198 63220 76905 20024 56989 420 88037 99824 7512 88995 5398 43910 34517 28671
716 7035 90014 45122 96874 43451 2528 97919 33276 19495 33699 83122 22426 57355 64005 10834 41114 10480 84350 23552 88306 45219 5879 34819 17940 64446 61803 66429 114 40443 63018 4560 64284 47823 41605 8425 31245 76396 97536 13964 81211 42241 77942 97269 45016 8350 69565 40291 22666 58544 19754 84030 21726 67616 41299 27647 74465 30672 93428 62427 22204 82771 90136 20711 47114 42024 61628 20365 17547 94619 1492 4045 8557 29054 19738 98299 13773 57831 44078 86081 85366 2326 33180 8257 72896 96737 55950 10328 69225 83751 79052 50657 30649 51185 45525 86689 4423 56722 87894 60512
4085 30240 48625 98804 35562 29792 66333 85070 25549 58104 42342 99123 42656 61817 54691 43252 22041 53113 126 96432 44814 46126 89326 11731 41974 87226 36743 71154 64393 11267 23379 94633 19723 63935 57309 92921 97100 43658 42524 19425 35319 88491 66968 4755 86690 82472 2640 55949 82490 66641 75691 3016 54901 34631 92671 70203 47966 38002 24061 41204 82201 38943 90970 91418 60977 98556 99965 28992 88358 80851 77027 15619 85380 89511 24028 69283 12197 22226 9617 51823 35473 69836 68462 12865 63248 59118 74605 68361 4660 10091 57318 95890 46994 5004 67546 9261 55071 25025 79336 98155
33665 72063 9310 25899 74259 36149 8244 3378 95568 21870 47768 39131 69897 11717 81686 90728 63976 99333 8430 25990 99832 80973 11 91941 79561 59572 34938 50252 74239 40958 34448 60896 27548 96675 64914 94520 43193 16835 68447 97102 99882 43977 88357 53090 97430 7839 67091 73212 16676 10711 37955 2403 1625 75134 4359 75352 16835 54911 40886 71662 92767 25897 72892 59062 6934 89805 94600 42490 99068 62170 83493 81010 14190 61062 86883 59197 93477 59128 73472 66830 7317 97124 73239 45415 34407 73755 41696 17509 10491 37784 81177 63941 92417 64305 23698 57184 3031 87105 11629 71885
19317 65893 14415 75440 65171 61783 55713 39228 11746 40322 82665 84681 52089 85018 28153 88822 47637 43586 85868 14890 22128 44639 98099 71769 26318 3974 47833 78345 3392 78249 17593 21541 57116 8826 68465 63644 79736 81823 30924 74522 56732 79914 5669 46365 91007 1301 86579 38774 60985 63713 40105 51294 77481 57880 61220 67185 90233 780 81197 14951 33498 19516 5006 63744 17370 13466 58319 33857 78894 27899 17742 93510 90296 63513 58531 30040 39048 57762 90386 44910 57421 46315 17169 32226 40781 77136 44600 94679 40876 19581 1507 21808 17317 63577 22235 30691 16057 40645 95623 65602
41346 81742 13957 27038 88702 83256 24891 38814 46747 15603 96299 48108 71295 36039 45201 5540 43488 9518 919 49883 57351 12853 4530 1526 79470 14552 32622 53069 19108 44266 4177 93534 52476 59607 20435 45246 72271 44816 81051 90738 82948 78429 90915 28913 75469 78729 51267 12038 79902 67803 4763 13361 28560 45365 14021 5108 99026 90070 17354 1777 69022 16278 59510 43368 38827 9834 80491 20468 57114 45554 1893 29323 8257 14232 223 72256 642 44093 69361 68550 75618 93141 42983 25639 11578 30875 91054 42841 41354 9203 54229 76766 95307 57494 26097 98970 60819 65148 47688 30594
56299 23383 33357 66972 94713 21390 26867 71938 28669 67396 84716 62055 6005 62189 67483 76579 66782 9173 63178 23867 41654 64721 61488 18327 6490 87818 39612 81663 59804 15672 51443 18059 73474 4192 28813 20448 82223 76084 97422 45499 35771 41812 95407 69228 6315 7026 16092 71615 50475 62695 13632 40380 79544 48443 55162 60868 51931 32381 23311 98274 79768 43505 77096 83971 4798 49767 38502 46269 22602 16980 4284 87506 57581 53491 91315 47918 80755 51834 79879 20944 16801 77102 27826 22445 53911 45086 11227 77320 16117 38439 25453 93941 81586 18955 52287 57959 38553 99899 41164 29939
50329 58618 48670 14725 48416 67417 94507 46027 26351 29075 94021 76894 64033 4154 13829 65290 88654 4381 61198 46923 80603 39275 17005 96309 48425 6369 69973 76602 55233 9203 15023 7770 21036 89439 54088 26662 54648 68215 95993 70686 41551 27652 89704 88906 31831 46523 26332 80246 77091 68271 77319 29662 18423 25427 67361 44319 6074 56254 37652 10516 33999 70024 52196 30612 70384 45224 95069 66820 47913 17313 88379 23906 59487 29421 95906 51134 57871 12594 37266 83027 96369 13043 94273 32859 53288 68670 67311 43258 72917 14957 16948 66479 46550 15976 48516 81816 68330 15128 93465 98025
58591 79275 58200 69936 79638 76710 98605 91511 48228 39023 18181 32521 62839 81340 70681 94147 35909 79719 38666 15236 7911 67704 18229 43547 65913 53027 34993 88120 21951 52199 95907 38256 2934 6648 89193 52659 35033 7186 9293 21496 31515 27763 35645 86432 81658 6505 81193 62898 34054 62525 85107 90898 82373 60419 51002 36947 33159 44939 82282 327 25580 18770 53090 71184 23734 69192 1737 69645 37198 12837 68311 49463 42078 11083 78627 77814 58896 77205 62694 43391 87078 35854 4158 31316 37148 27698 90562 53037 55658 99368 42981 51540 32455 24786 40304 66631 81079 8873 10676 45802
94548 38982 74864 84754 49258 47755 30658 46748 18091 52872 94395 60694 22452 15478 72937 71969 14557 67986 11456 46920 43752 44347 35569 95820 3026 55522 65172 53710 27274 51327 29951 53659 77291 59117 77451 59544 24539 43503 12850 42101 22175 34206 74335 30653 42446 56469 43209 33975 98749 27672 35160 19530 3776 54062 78379 96528 75316 37213 97220 27419 14336 6898 75225 48040 33216 49154 42000 29506 93218 5772 63040 78428 67887 23325 71209 48971 41876 70159 12177 51368 73137 77547 29141 59993 94067 20027 83398 29328 95622 23697 5102 27502 19152 74830 62645 52445 59996 20316 60472 39214
360 60256 51702 86964 95299 49805 23063 15204 92377 58121 78446 71190 47361 95179 64675 53588 24444 9840 6439 80854 46086 95003 70665 87679 43805 9927 22832 83888 65868 2170 74014 2772 93897 807 35638 0 9206 4635 43602 58703 92380 5224 58114 81898 81304 17411 86960 69755 79060 67076 65407 86104 12998 33729 10727 35432 51037 11596 2074 19550 34268 45030 81320 95564 5179 80793 6051 51279 80076 47657 28502 9909 94297 56643 68583 96970 52323 52678 47092 68716 27824 33690 38552 58598 38546 82604 38888 80017 17094 94992 16774 45602 57196 77426 12197 58766 3046 9771 82293 13848
67207 73528 61151 40300 11459 35344 43503 36820 93857 24663 92202 97813 8748 85351 91815 78226 25892 19540 56841 99987 84781 30044 46103 37689 80896 2877 88521 92437 81793 96050 58732 74792 69193 13558 9393 88119 9910 27571 46743 24516 17548 88476 68759 29413 7056 87601 22894 37088 12163 39629 42051 39342 37657 95938 90730 26286 56624 36957 26554 96650 14114 68751 85340 92194 4028 63120 85077 6530 87122 52658 78338 11008 80621 96083 7734 90624 65192 78460 43565 52456 63851 87806 60296 99962 64913 20504 7764 55315 77853 25102 92380 54997 69515 80357 40857 45000 17474 93538 68713 95898
64836 21443 13870 10697 64278 23591 44728 14869 83594 76376 7857 47312 76749 9679 81613 58511 59571 15437 84106 13854 72960 84671 92826 35998 22709 53443 96017 89438 19359 29905 95757 25640 86545 72825 28837 35530 19090 44352 31427 60457 81631 5179 73277 17813 41406 81122 4468 88432 29687 94364 26751 35100 46793 92803 71197 13666 34579 15642 54909 61709 41210 18892 92176 37021 20318 46188 58199 19835 14578 38201 86894 45608 44063 87792 30113 36309 57597 45065 41725 22574 8658 86521 39060 41575 60707 57495 90996 97741 41182 57616 17327 99649 52816 67913 6860 26166 87664 89996 79261 62323
29043 45987 92120 77563 85278 95894 6133 13742 88309 83848 78647 39442 67324 23326 92358 64869 92141 63184 10886 78475 62202 99216 67904 71492 3807 56740 86925 3202 26037 10399 57472 45981 97742 8950 76615 20781 22756 18854 49738 17154 88581 36071 63148 6451 97913 4894 24631 66444 34532 43896 5013 36191 40677 12250 76869 62925 53665 75453 32566 43073 68411 89289 84933 5408 47376 12038 86073 19863 72527 91152 71923 97472 96726 84472 43113 23873 19212 82857 59918 82676 68346 66382 28241 93570 36929 95718 82524 37825 81670 7723 49980 4396 97278 54880 77043 99097 41640 41740 13542 33224
48544 37675 80684 16440 19468 18268 34809 981 41796 78272 99128 77786 18131 995 95712 46961 89146 25756 8672 78970 26309 2267 96623 50452 62673 26999 41894 53069 58524 48567 22397 57169 16645 25115 74093 57529 95226 26688 97498 38825 78765 36681 95152 29543 9161 69526 78034 61205 62931 67175 14204 61874 44251 22956 34527 7917 92322 18629 98182 29309 88828 34167 42065 85672 30794 71109 4755 81379 84889 35176 31461 659 7695 4234 66739 28878 67375 38041 22254 34597 48481 52930 62810 89074 62183 70894 97999 40598 18838 71071 50282 5438 95850 2241 33878 77257 73623 63537 72073 36520
2037 55295 31764 86445 13199 68836 30285 64857 33517 42052 34255 56832 79029 14558 1141 66863 39067 98739 89759 62208 15315 59334 96982 58170 94824 49140 87799 19705 9315 66095 68170 72280 56046 73458 33954 30485 44876 58246 52634 25036 98820 95036 89019 38436 41736 81736 58122 6725 96767 20436 46206 93464 80641 36278 75890 73497 64184 81481 3405 4036 88224 99811 31955 77615 92136 72426 78330 25301 42851 22500 45449 51652 76347 92530 66891 57566 18002 79531 17085 77159 55944 96150 74190 24303 31846 30712 92392 20934 78538 98080 42611 33661 25635 84618 2151 9754 21818 22918 62054 60765
1133 6198 55016 83480 29214 21693 79383 2000 3378 23827 42170 70071 44208 4941 35188 57306 21344 58905 91499 34592 61564 16928 66235 32614 83416 89034 6234 23736 899 97517 98819 88749 130 69556 27045 31434 17695 75268 11340 86932 32563 2629 29788 70062 44423 82885 65893 35121 20516 82647 58959 57044 98935 7991 68924 65221 22120 30951 14275 72471 83248 56554 91869 73708 92974 97274 84634 34826 80340 82132 77453 52741 27266 84074 4745 46851 95035 58805 80008 59472 55980 18326 66078 3147 12650 56024 39698 26439 65699 79888 90440 62859 44216 64677 40246 90193 61100 60236 81739 88602
26047 79782 99023 15861 77736 83194 23353 74077 72429 77712 63260 47403 10171 16212 14129 80440 52159 22572 74996 19820 84320 18848 12823 88906 43337 46762 20771 52785 26690 87576 34230 89068 87993 63107 21528 3226 23385 51232 39172 2497 23881 93974 33856 8865 51886 93617 2802 57214 34220 4361 74040 18820 64540 58072 44457 1177 27664 66941 68882 74098 89857 36669 77361 17779 90602 38674 61887 69280 85243 83950 10699 70581 26205 40057 90220 95860 7833 15404 24071 19286 96917 34032 51098 39101 87346 48984 37321 80911 40806 31828 36047 58908 18265 96334 96937 95859 99870 41041 7625 15761
85283 18888 19799 75099 15360 29974 18398 82752 1090 76351 31186 3369 80009 4011 58349 94369 84229 66885 21367 18122 84930 53954 77777 17647 43194 28505 30256 4728 70221 28596 26452 24648 34844 71481 80306 89504 70088 40575 41779 65653 59 13175 5226 45531 11774 7881 48897 82527 19934 35609 39021 52434 17877 23877 7238 30610 19567 68160 97071 83163 25020 21248 416 13408 30788 30560 37396 22328 7492 51501 38630 92338 1612 20179 2161 44462 12999 23668 18356 72627 100000 62362 33249 75889 19987 18411 17715 22520 53568 65086 59373 79767 84355 74050 35082 64270 86718 15575 90391 24883
17634 99165 72915 10894 39315 6717 99664 59566 88488 79026 22123 66297 19343 86985 40527 50100 4504 66833 28611 68293 39851 33817 32654 50548 75894 85699 7925 93416 68509 70892 83671 25420 4026 48796 47961 17512 73879 69867 15703 99746 34440 89365 47570 54108 1958 29771 50526 98688 59162 76329 38026 54274 13192 33969 93861 6062 23281 97754 105 75538 12364 36238 24613 30377 50885 36557 41210 95282 12778 83020 27865 30498 68297 93766 46477 45088 63139 57778 82634 51989 75322 22860 43169 96617 32091 56425 4008 80383 87541 87936 61620 90055 52627 14313 57852 76177 96296 60584 9868 70828
22706 30732 20339 60954 31212 69723 36242 96883 14637 358 90580 9511 35108 34136 43302 79810 15087 88794 63711 16461 39190 35359 69306 65618 51326 73506 72997 33642 36416 20891 6319 51663 87267 13868 25570 51596 26212 84521 88555 5654 76560 73342 15519 93907 75476 70526 1835 94212 30636 49409 17680 41755 13529 10825 91960 97179 66397 151 75519 5403 18340 52703 9724 93540 5751 56934 19154 68464 67261 54733 12446 67037 56370 6610 42154 80911 37605 17059 56924 62435 48326 79010 18788 34715 18343 1827 96032 57561 3981 31599 10879 45947 48300 94170 14453 92774 11972 26146 79005 36124
60957 66579 34422 16210 4320 38641 63194 28340 35476 2903 53638 75870 70455 54265 52475 7647 5708 1269 71145 29055 79021 66579 82960 85854 60169 16050 93987 35359 47116 55570 78143 42511 24442 61154 45045 63076 9333 17646 39202 55387 39822 36998 23699 78000 86595 35283 55140 64968 94828 68392 45565 67685 5389 78207 6853 80894 17958 51472 42417 76167 38166 67819 62174 85596 23645 68057 79197 92884 49594 97259 12609 96309 51612 90453 88077 46651 8930 62591 51352 71683 65005 16448 48152 50477 3269 20009 45256 7035 80231 35382 4689 89949 87897 39957 30992 9268 17042 92092 22522 52842
45273 87541 93561 4369 99206 69665 70186 59761 70015 10475 64457 72252 45257 87299 15675 50736 92819 62113 86185 44897 58470 55508 74407 57822 26088 75037 11394 45453 37471 19774 29411 39371 81737 39043 48117 59345 57169 66200 21107 1037 33530 2584 77793 97319 84934 28830 78452 94411 57064 12081 28248 17511 65060 21557 34999 4152 80603 82057 86861 89051 7408 72932 50350 48728 57497 96559 47741 33275 68573 17293 44466 25229 64755 96723 52712 17692 39616 8462 19146 21948 57433 42477 52743 43409 26144 73935 311 24647 22758 16384 62117 28562 61301 58519 11968 58871 67104 25283 50081 39964
14630 90210 27028 49909 20013 75237 61992 54591 10819 90128 6375 58441 39364 35463 49717 68076 14323 88889 13025 24476 53918 20860 6525 76810 85733 45198 44755 42482 24842 41488 22214 19444 60198 6049 20161 76252 72245 7753 92876 29214 98011 15262 41001 66783 51878 74443 92372 56903 79234 13600 83984 96379 21030 98323 11242 19802 15101 18008 89174 62660 56767 36231 62881 84482 82294 94305 97502 84458 31295 31480 66451 89180 35448 40096 18717 12723 29839 68329 5445 23154 83006 3959 42792 11364 12044 84662 48913 99677 98046 14732 68258 96703 49576 55101 74653 51522 7552 87236 85488 38990
13060 28670 48259 77936 58012 28094 92218 98240 18621 76676 39578 22896 12219 80920 50299 31985 69424 58926 3745 89926 1230 97967 84407 17896 71077 27963 78659 15464 37991 1817 70655 13726 54737 49276 96077 61623 5551 72672 27037 8950 83361 38169 64717 62001 47738 65454 80120 75201 13262 87772 32770 44199 57625 78453 39919 74896 57844 95103 16224 16709 94962 21389 65084 67067 82074 48468 77116 54752 29849 49299 98831 38394 57989 50724 24258 43511 76476 71550 16752 30186 27182 42547 60972 63198 48721 1000 87499 52627 93358 14730 7851 31492 62146 4467 68755 81349 2468 49427 98715 24866
23098 43246 23150 12023 95799 30513 88625 93424 61098 65115 69220 12638 7877 27128 68896 67300 57823 76405 81691 40894 69235 67473 98473 95844 69626 61650 55992 71483 88729 79889 52968 24020 58892 29670 34904 18942 78780 30110 98404 70966 90545 21890 81926 60623 94489 72264 40847 35681 35523 6704 46712 20378 2504 84288 26632 14018 61323 11682 93515 19822 97729 80001 72264 95825 4439 9536 89689 34344 21215 19756 44848 43266 41368 85459 16895 39246 31739 84404 26315 37561 59698 79434 29871 35529 24055 43657 87012 8936 25135 26324 74492 46326 24270 44877 20656 70867 76153 80844 26042 31401
23899 1108 64929 45936 52884 92948 87805 39929 88841 54084 78428 83920 57882 58799 37540 74461 16226 14768 82184 46487 78673 22958 966 8234 26083 12709 14086 30790 93767 77212 13332 10781 91130 81346 26453 7421 48087 19932 77326 78796 30243 88940 79735 55424 14636 54264 50335 12513 97731 81434 94019 12741 57867 98936 97032 23970 67831 17953 98596 27463 99444 37456 33140 63633 81480 10379 52279 6062 63593 44653 12780 16493 27786 13988 33678 45348 15178 89336 46573 38710 83070 9738 66241 18644 51174 98302 26422 47259 80105 76757 83646 22807 34362 83531 74748 83987 14886 21148 50927 64998
43867 79482 93216 1135 83039 56814 19024 67356 64863 46905 68754 4902 15040 32577 32714 68713 69464 48242 68740 63978 33231 81307 59279 71975 19887 83310 57204 53661 99634 81482 38693 69260 89454 16602 36007 91084 24821 5592 93994 3171 80480 72734 35818 74331 22159 1150 12998 73756 42161 42967 9520 72532 28621 99186 91669 86890 97548 79310 72265 60756 83820 94695 11383 44617 79510 38179 40387 68562 25927 36008 71682 54354 66835 81276 1027 2541 40777 9621 61508 40351 16855 39108 40105 52715 59957 2555 20223 64888 54473 75610 17885 81997 20896 58038 47122 66133 64379 83023 27504 2536
3682 1268 99346 98724 75643 49026 24126 37965 41929 28909 75585 83334 87074 96525 57911 37765 15400 38687 23388 91680 93219 82159 53371 82836 9310 18912 48770 56136 25508 54665 50883 96889 37925 97184 41500 30009 79107 28407 78981 89705 12543 92345 41341 9689 24906 52389 87883 58559 1267 25919 76224 22418 86687 8621 12461 18185 42427 76633 92558 12834 41971 98681 88955 2608 87532 26542 2463 15955 76843 48783 4091 19712 57359 13183 97380 60417 62222 40604 35824 46407 71390 586 15733 50093 20163 7240 52395 89015 43432 14316 67724 35018 79971 68626 73433 90568 30621 26128 36191 32067
13814 17296 79874 49872 78389 89926 36780 76802 46943 13629 6024 26675 76264 4797 16848 21224 45437 77396 85991 43136 78238 16279 4706 10990 37553 36571 71362 97458 12182 30392 29284 17991 83270 38024 60526 76543 32750 68309 77404 97655 83630 92126 79485 38266 31113 22062 35195 70093 91696 86045 32588 52492 54421 29092 51109 99841 76075 78506 30604 5546 5284 39444 25326 99649 12119 77019 35547 29960 76168 77854 76042 75408 21046 61290 20462 7933 91100 1642 34879 61538 9479 87689 44717 19377 17529 22410 15207 3242 2312 46074 37779 64638 40679 8011 20608 16565 32147 26333 61655 53688
61520 85268 8419 24270 53508 82536 82712 6176 22102 73689 92196 53613 98330 83786 49989 30780 86327 76239 94532 44869 59598 7452 97602 76144 43482 14511 8312 63584 22383 66548 71257 57623 83261 18609 49377 742 9076 3112 68190 15210 19535 42221 94676 51261 95797 66391 86244 752 59813 74469 43772 33720 83909 23831 25604 82771 2795 89888 33679 7276 67892 91129 32250 60842 97697 13475 11345 27192 92802 38153 29397 89407 48495 6784 78783 31854 4649 40064 97232 62525 11589 48803 75725 72065 23718 16160 12331 40731 58635 66331 14113 74580 74956 70091 63890 88313 88570 33753 21643 97177
71818 77853 7495 57255 45374 89514 57171 70560 36439 94907 74656 53351 95453 18854 25247 31549 83169 86948 91807 48180 38437 26683 95108 97173 71629 35598 33058 88084 47820 19277 94357 82073 84834 73552 30200 12957 64765 41912 82038 62371 49807 91934 60047 47191 36731 44350 95763 15906 63902 19463 46452 13698 74705 34351 92583 26888 73812 7292 62888 77247 95417 1637 55299 11247 28572 51463 39639 65261 80879 79441 41075 42489 28362 39911 90039 56888 9727 84631 91341 7133 61428 35782 68466 50071 14498 80015 8340 50645 59857 31302 69565 22036 95720 27182 54642 97615 87675 58722 64326 1295
42945 23366 99408 61872 18001 14117 1492 48949 508 29982 46902 34830 75023 91522 61283 6084 41743 21661 53841 82023 14165 98093 61713 36565 86170 91792 69362 62659 33116 12616 2169 47469 69871 9264 81741 85964 23113 81591 14978 12894 24800 56615 53017 63089 47083 20833 47031 13657 93099 98926 77446 32782 50304 65522 97618 81866 43741 86735 37382 86302 16863 74189 30366 74976 10843 69400 86300 28662 95346 12738 96319 59285 61288 36453 24843 30922 74802 86331 73460 80798 97822 22080 2030 80719 5960 23431 96696 5655 27271 72821 293 72110 8257 17398 46873 86114 82424 96455 3621 81571
17386 34403 27524 33303 57292 48184 88870 96962 57312 95388 16431 54176 32424 39274 29098 35872 38026 62143 81541 33417 82326 36846 27073 92828 72737 84776 14135 60987 92116 63849 78753 22695 4151 41920 6206 21257 38878 40040 82589 49294 53516 68481 40641 6416 77274 69351 6428 81333 7777 45129 73448 38211 74175 2024 91969 8710 27644 15617 911 8216 12505 56047 76136 16612 74233 60933 50404 43811 20674 88612 28485 52074 15688 48611 84006 51647 53569 5618 30242 15196 57192 62727 70096 60057 88320 3711 19147 13953 97641 97022 67267 96810 29884 55058 66729 55121 69682 6905 49463 83102
68057 1153 45367 91140 83917 37792 79387 44396 13375 77002 85591 5312 87208 95167 39835 34192 67373 95594 16316 82056 24496 78038 26920 48072 60026 67506 62145 8217 19044 9808 19589 73216 29814 42227 50163 69194 68300 97818 30294 50862 52034 52728 35725 70124 23324 99017 76925 62315 65575 20149 84219 99834 38455 29649 84642 6735 34273 19234 3029 41950 92787 25531 63199 48063 63145 1490 96088 61062 85178 55151 13366 69889 71260 49826 99579 7511 68897 94574 1648 52962 25529 39245 18687 39868 10170 4905 69550 46184 91795 56706 28245 71815 86111 98757 83473 86858 82330 14978 89975 65198
10084 48895 33353 5782 75184 75029 9091 12633 82832 29086 35512 9236 18524 60637 54375 15446 88161 42865 87286 53905 80973 26913 46719 39167 1435 30682 35304 20428 34417 58539 65598 88002 35759 82213 92539 97781 89238 77396 70642 71499 4427 444 14634 90864 65652 24526 2239 5722 16682 7 67335 33637 89035 71557 85245 25976 59383 67395 78390 14712 63597 42812 18133 47295 41149 72025 11098 77667 79171 37148 17788 80531 32784 8184 64611 84509 617 95180 61059 87142 61280 84359 27990 13299 30219 17611 15324 83287 87447 23746 91222 40891 88913 12005 6554 28930 41930 46493 28668 70626
70309 30661 22086 76529 23900 56201 79915 11831 49459 95187 80881 47024 40261 86306 35135 88300 26058 66399 82745 15409 2935 24423 29388 3622 88455 38151 99317 71719 90378 69150 97008 43350 79590 87325 3869 59069 24581 70966 99403 6419 13531 86286 78906 18738 2924 15677 93104 96182 4201 55511 80005 40495 12113 18550 62136 66547 34803 50204 37309 45749 2140 28494 72124 55927 49178 95443 17654 76728 76690 54186 2689 50317 22512 63940 45882 15129 4665 50469 53530 80303 2435 37328 64436 13654 50396 39027 7289 22092 80750 35605 20966 45874 94031 61907 15428 42229 8342 46175 17271 38922
29530 51650 40262 82061 38622 19830 19933 79194 33021 37502 42461 64347 79469 99089 87812 74158 8531 39076 9413 60686 46829 96084 7413 48629 31503 41262 29944 91096 45786 21110 48087 66147 50318 60007 27654 7807 39977 70997 20670 56141 14621 14324 22624 18513 71532 24874 75527 81313 75258 46589 48997 16851 53632 27441 89848 29505 16671 42353 91140 46901 40240 5352 61130 95659 10929 40691 74179 97450 97361 31005 19071 82747 61721 5405 90640 30643 66445 85695 74511 22842 46502 13551 46197 18888 51465 59681 15786 78747 9418 15381 85766 19347 95390 29308 51412 99533 35798 43705 30709 28850
67385 43789 68241 86677 55627 13967 66578 25001 6308 23791 7581 67705 33825 96501 67679 43626 16054 62097 80580 50372 76873 94058 23222 36795 13011 7830 45721 67503 66076 73481 35895 21185 13242 9007 60714 79076 50647 46542 49748 46660 9760 22739 85277 75169 6940 23516 10994 56673 70073 31399 6096 38987 21583 89463 69785 43355 6904 78068 86962 84514 51555 10405 35219 92704 91530 33914 25134 19156 32020 85778 2014 79366 26194 57788 96125 90325 49801 74664 54007 41658 4913 96749 13465 99872 14100 14787 58100 75609 76784 70631 55243 34362 97359 6189 63285 65583 79341 79468 51935 30208
22018 93461 83833 82423 33237 68122 85781 30169 7799 84718 65981 75427 36814 39346 51028 43989 38243 11136 87756 39983 43175 23875 85299 59589 31529 73614 93600 70982 69350 53810 73358 47158 65217 40628 69281 6079 46657 85446 54404 42661 33710 51650 64887 66435 6614 39447 52955 71894 44355 22562 93521 19930 58826 17550 87477 97133 37481 80427 24186 49310 53484 85658 12020 43715 18702 99924 73018 90417 4854 4773 18080 34365 54569 36501 2970 15753 28510 14266 14446 14448 56367 2300 4557 78977 43445 48109 19790 66763 74929 22076 72895 71460 87593 56166 16633 666 14275 81980 23639 6764
35460 59534 33649 88546 64960 29840 96501 13589 34483 25837 41380 39952 83284 48797 43159 43478 14626 26235 49283 26850 43341 48134 15796 93215 9518 50296 99605 97476 41966 64435 92308 20765 51175 20802 83912 88970 9890 59013 68033 48586 54471 24155 40903 5632 79962 85447 51030 46470 54998 19165 95195 67003 54682 53821 87266 9287 83452 29027 62985 52369 15672 54966 11171 62162 44094 68018 70735 861 58218 3877 50428 6622 12059 36954 57283 94068 94301 80887 73063 45449 11371 38574 53497 61845 31941 46541 50249 12001 79896 70776 93018 3141 30615 66357 44298 90563 74554 51308 10870 91699
51414 24472 79114 81464 63335 11701 68368 53156 19283 70187 18710 26879 77138 22104 75075 62845 12012 84403 81787 94223 27046 98037 55574 19422 89359 45835 55380 67695 10570 9780 27267 72119 26316 73603 57226 53694 75061 73474 59787 15687 1339 46440 565 13957 95290 89557 13385 95070 72602 27742 53404 21257 96359 97817 63519 58567 26860 97086 46911 89346 88955 64346 90242 19578 30635 8784 23402 98680 75785 11463 27222 64588 42784 43110 99838 66141 93484 89270 75655 40062 42313 36010 85549 9145 98668 76044 85060 12312 83220 62681 73743 31511 42686 8825 69758 44261 74461 1131 57988 49986
38192 69211 61956 66394 80282 19744 36544 68718 54915 18918 28787 1234 97537 55355 76808 67367 81072 35276 52919 44599 17184 13883 34504 50470 18077 99735 89222 71884 52357 97663 77699 90326 65071 60956 25729 40157 57401 50262 32544 19295 68541 14393 65506 11908 77729 49098 56358 13099 30988 2971 88649 52883 4874 74342 10289 85028 97674 18219 59273 53511 84959 1146 78392 58963 77491 99478 33572 25991 97662 78035 95633 39082 89643 42758 68025 6912 3409 2080 70391 35162 47851 23963 54855 80863 95189 16418 93931 19360 19480 81568 29311 81545 49233 44255 23689 4129 88159 70440 69863 58338
35047 38659 66154 85700 82133 52290 2289 99539 76404 60547 64848 67839 11458 72146 28854 81602 92618 21193 19463 28495 45747 55986 87412 64433 68549 29233 60489 30820 77408 49356 42350 3919 66233 51750 11567 19831 98960 6573 50916 8447 29147 24879 48018 77276 11713 4498 9830 93494 89856 82047 88100 33867 67815 54613 74147 35250 82412 49725 81215 3275 83052 15813 26842 50272 28763 94904 36347 68207 24824 91947 78848 53771 75289 36012 50355 1394 84549 15556 42750 75679 89651 62166 84163 64725 38285 43446 21444 31767 3349 48024 48444 2800 11315 72100 82822 14141 89902 26486 12683 16987
37208 94854 12368 39171 69659 27407 54586 84012 25773 6868 3616 94237 44339 79427 67028 38224 27891 28055 4104 22871 97542 41516 99547 51315 86904 16272 39405 57310 64503 86263 76585 21669 12932 44276 8273 94832 31824 68301 36146 94295 5960 96306 44161 85307 58854 40016 81386 25465 40856 76940 12746 22845 91679 38252 30552 5745 46423 65708 38896 87228 22007 49808 90154 10808 10091 18636 67425 8422 76513 49211 88779 85476 11744 38728 18648 61485 72777 30317 73585 62327 72259 89340 19851 55808 31464 80928 99856 45080 27138 28380 5123 34632 3881 97995 20967 3220 21959 42253 41717 77877
79283 22914 49171 43784 43960 68345 29987 15246 45348 64735 21539 2827 40660 23665 46402 31956 89901 7498 56669 44684 28774 30312 54241 81105 69969 90181 74421 82729 52349 45650 91786 95606 6693 82840 97015 19580 32638 72456 40246 6849 24415 41967 25977 73685 85786 55972 76240 55887 7417 81494 6247 66159 13404 13226 22610 84942 17619 97253 94796 7861 60008 36978 98932 43528 61812 39321 25734 86784 18279 15728 71486 65787 78677 89257 85044 90172 11322 61116 76377 57686 18112 29740 46817 23926 38964 94639 24717 91699 32730 14078 37163 7176 26554 50928 30595 21390 75456 2949 36584 15608
49056 22911 26872 83308 50649 77338 64079 98147 33058 7887 97392 12414 90139 89187 79029 33797 2844 14719 39302 78841 66049 30949 42213 92179 29563 57451 89823 92601 49154 20396 32974 17837 23911 71675 71743 69342 37883 48628 88893 48630 64514 315 9752 87110 80642 64636 40021 30688 93860 80206 34829 63249 49589 58222 27909 89996 89226 96025 5642 24956 61024 77221 96742 86675 59200 56366 93137 29086 17996 39478 72807 82711 12744 63236 5347 19545 52497 67483 94188 85991 69348 83734 8568 52526 29608 36800 46425 66560 67888 31539 83995 80293 79111 38956 86000 22341 59978 54842 91263 93727
96930 14603 15185 57113 32299 8710 53220 8665 80301 84086 80234 36011 48121 98139 87043 52020 85417 5135 78134 92847 57573 84853 521 51553 2670 16176 75840 68151 20460 18259 37340 30777 97511 73755 94060 31696 87509 59407 89908 6131 98748 36800 73213 21957 4172 36813 99869 21284 24273 38790 13875 14840 29090 15178 83162 21534 69063 86118 48321 40163 9474 55887 13759 22205 74369 40759 95801 71852 55802 93161 95572 84127 7856 1718 55783 52670 49604 13051 32709 86620 27141 93631 95160 75361 2768 94616 66551 34495 57471 93584 12952 6820 54805 28768 21719 16624 41136 461 4319 18908
58047 75091 20113 95552 30607 74491 81284 75415 85344 54476 50616 45525 40982 13433 42822 19907 3296 64801 63246 50713 52792 7576 46913 92514 82442 904 76690 5175 36247 45952 80501 60476 6191 8117 94930 79132 68190 27366 32209 63003 31850 97438 83624 82082 78266 46984 53722 93577 52390 16200 2339 95437 84705 2156 8731 98190 45169 60123 20756 47118 43634 56746 41534 7904 81235 14515 55848 13002 21533 24734 90830 18049 10551 91483 20900 84957 43721 57741 6713 79150 53493 58360 34860 41428 45566 14269 74202 71563 47357 50831 37877 2866 46028 1561 38267 99773 98052 5424 82142 98394
30765 2420 61104 48448 21431 19143 68128 39776 61403 40644 8017 83030 62301 76604 27841 69894 51573 58936 60357 89857 42015 7510 91458 19508 77320 34670 59137 5684 39035 56356 42418 71593 65426 57893 3433 26468 42799 53905 59447 93369 30527 33108 34663 16978 35328 7028 92617 4800 41269 683 70098 46439 47249 32435 70147 91807 871 67697 49805 81308 72811 92975 65586 17049 53436 57717 5426 92132 91427 57409 57442 71295 73320 79018 35653 95954 17619 43544 23521 65435 6552 80475 67348 71297 76791 93963 33198 37214 79469 7971 60412 45539 98906 24818 84075 31542 50163 26789 28979 9855
81150 88248 37553 27345 90122 89910 88337 9342 5916 37520 37087 82583 95626 22968 94887 88736 4162 72584 55214 98627 25442 22167 71118 916 36425 20338 50994 28128 53588 43712 65528 46669 42091 49793 73355 11397 22506 18714 40508 98380 3377 9693 38759 65666 54745 14799 45761 13703 18329 25379 27731 14039 52745 55230 21201 37432 67254 42500 97147 34303 73198 88613 14699 4054 67909 25040 93627 30225 88860 73519 36588 88433 13029 79192 217 56739 56418 17809 85260 67899 5262 45717 78945 29882 77367 63714 61024 74764 87454 83367 44878 80523 28916 92361 74345 31280 72639 77392 35031 45377
71393 10571 76172 94297 56234 20240 89583 43388 9993 60208 48902 81871 62640 57559 60771 21327 83572 50666 45823 84646 31518 35191 54921 33763 46437 88039 23806 89532 31901 12148 98759 53154 86036 82424 3145 94394 17023 27867 72495 49209 32857 49535 40178 98259 48759 76970 86831 71096 52186 48168 68841 36124 73570 81691 41870 14318 55654 32810 64661 74892 91974 3878 77821 81299 44398 19106 45121 22008 28727 23931 99147 4592 51380 37843 35872 90224 14860 52953 50900 23879 3438 35732 64133 86371 13459 5513 80587 74669 6788 23673 75073 10731 40420 73427 54938 4601 66996 52469 77726 20075
4446 11706 2539 50731 47852 30225 18623 36777 18071 18697 97235 45918 21908 22541 25647 27639 88849 53201 88116 65440 45039 45666 71788 77446 63891 89759 37540 88323 10044 75580 62603 9067 26703 51149 33637 24012 16082 46839 39268 49279 37819 16854 33330 61816 52650 5963 61212 24618 46449 2080 23661 65057 60836 93792 83032 58982 92205 42055 25089 32211 78634 55715 99598 40642 69018 58495 13614 47524 84035 46410 69233 52334 10922 31241 9623 92113 71687 30095 85057 70513 51578 5204 52127 13158 87182 6927 61621 862 75245 6860 87517 44332 14856 29007 81721 52812 87770 11776 50953 16735
26462 92115 89143 90907 69690 49396 9878 98122 52513 91886 75995 5779 64423 27354 19938 10589 47976 8976 96306 90213 54941 99964 84532 13860 78642 51337 37393 92000 77068 83172 67156 45923 65381 9597 23869 29590 8274 13234 19591 40139 89749 95423 44353 5440 16337 92578 10224 49873 80918 87858 68936 12870 56668 49244 51956 11913 23548 21547 36659 23916 78618 38238 59728 79794 81226 60973 19903 27611 8349 80950 39268 63880 36225 57709 79220 36478 15530 7906 23360 71712 24143 12218 44143 71622 31872 62538 8938 63929 77039 92552 71138 36658 20237 68730 72 41409 35476 71573 91834 53641
48751 18952 11864 51399 36012 58221 80433 65371 74162 14076 19415 58087 52708 7651 89615 16274 1771 40066 98006 56435 86709 15894 89078 26242 29618 50341 78412 24264 88059 68878 97807 10393 3246 48954 91514 27975 55384 63833 53954 17320 12501 26661 23805 75204 23839 78318 2508 24606 75818 57225 38751 73720 53079 46924 5280 55292 98937 82639 28556 84293 33683 8643 32366 18646 48474 60931 6789 54672 42319 79405 70374 16412 56509 51932 52833 48252 77978 67413 94506 87802 10834 98809 40974 18122 53638 23686 82131 75648 91695 39918 6685 70715 99090 35579 35224 83084 5890 98281 8141 46293
5585 49309 88322 83589 62702 12474 11410 68316 6110 13866 74727 98573 35290 92419 10352 7341 74427 22955 37941 69167 515 85407 78003 36491 53337 94252 61226 13707 98929 82170 74455 67555 27738 85318 53064 52091 27077 62872 67289 58439 13195 85616 99877 93872 95933 1253 81846 28000 96681 59642 30080 57224 18267 13038 91690 43180 10904 13747 20408 63973 23351 2569 95849 49900 91577 36689 54541 8268 67251 79372 96332 60445 79123 53875 47296 26671 1987 32192 69169 27564 72150 76307 23165 9202 52120 41441 7353 65619 39960 6012 9754 54274 76725 57418 35289 74403 17687 53761 19087 84861
44720 6929 62036 70292 40374 14220 11820 10987 4590 74237 74657 15437 65148 79215 9896 99641 28672 16063 49578 5746 68899 26167 10726 77744 26605 4392 82422 80432 65625 19373 7413 53020 85332 84736 54731 14368 15869 24648 20063 88420 90715 47136 32646 80495 13150 97115 44254 40703 12435 82376 57487 23325 94407 32062 19779 28706 79365 58912 31204 41821 55190 98313 69945 39722 56645 2700 99341 40084 92323 40722 3279 19778 91296 9395 88003 50272 3435 90417 39630 95102 77113 24919 15552 16995 44656 8480 97774 23503 73365 35986 75341 65242 50409 59387 74127 10372 31537 37983 63726 73803
93181 61929 35476 78436 98817 35833 67287 24734 19742 24212 58863 36412 40881 29618 81373 61123 26145 75343 28741 18430 8070 48398 52673 54058 65767 15507 17993 86701 57387 35617 35383 40135 97207 58762 1714 70790 43903 79002 32414 48803 54262 57715 66540 58872 97009 87756 4168 34047 87941 14459 56823 33035 8189 26333 76903 41224 13637 55475 23149 25536 45247 64761 11367 15186 1220 21851 65367 24566 14385 1921 73393 47230 66002 99084 73554 30432 54099 72846 29233 76613 88376 28846 15027 63107 52894 93228 93640 43258 36337 83262 39456 85531 21938 22840 31305 62134 61238 87784 1453 17294
81790 56411 19519 58077 97120 9043 71267 70921 16792 25393 30275 27997 62802 86803 16601 36939 5201 94204 20112 27120 8095 94599 79825 50206 13093 77811 73357 28948 77457 55534 99836 64385 38023 19895 9642 23656 99706 52281 32069 60277 47138 68385 930 98394 37422 1511 44493 20159 16426 57208 51092 71963 42382 44472 17864 33422 50207 26771 33939 74097 75551 64650 87422 44085 37483 72409 19098 4262 36121 36491 50011 70106 90991 4700 71987 79544 80248 13040 11924 80369 23959 30462 22064 96323 51470 15461 91700 4714 18288 28533 75366 86974 73191 76308 83308 63489 85303 74081 36253 23290
37917 18864 52385 81736 94933 45186 97923 91884 99445 22058 98827 17398 13569 34516 70937 92790 53419 92387 43752 86307 58325 21047 53800 46754 36168 59391 92390 90236 66232 44108 96968 46070 58424 97581 32886 32340 91440 58342 44585 39781 23602 12508 58753 62383 12565 50203 3299 871 3707 64343 32809 6189 83579 99452 63237 25588 94675 23485 81412 2336 40974 54359 8901 71225 1072 54798 27911 58766 40181 11568 62990 50948 90786 77522 91489 8089 29579 98985 6381 86419 18877 44664 30775 91949 49900 71209 13526 73643 26186 32526 4588 69099 34054 41501 34892 5095 69905 18088 44578 69598
9004 58441 969 16942 45386 45249 7342 53705 35202 49233 16187 41648 59788 46812 85710 56301 46399 14542 93787 48757 47777 54228 47549 95306 1519 4115 83434 90465 96902 14843 13449 86357 8245 79563 38151 64759 27547 46746 57566 14549 17515 64784 85409 72621 65056 38568 85075 62268 89679 46953 46649 62516 86177 82875 94787 45274 35897 15478 25059 76754 61599 66808 72565 9674 89349 77199 24411 63950 32799 29777 95851 40669 84357 23372 4105 45897 91199 21301 62057 13309 56401 41456 45295 86107 48004 70977 3678 49499 22435 78023 68965 57700 11051 39085 54453 15561 36382 25235 73120 93276
97794 95780 8245 81844 58316 95702 34488 68861 32557 55739 13358 5918 16595 98201 63844 51057 69375 10644 46705 83044 86780 89254 21463 80687 34767 93715 15068 57878 64754 58794 93968 25280 83213 35641 58495 72338 53168 85589 1286 40734 30609 82234 27168 42158 68202 79026 54291 32825 45718 41127 487 51661 52589 39955 63401 39979 14217 75320 13198 72969 56839 56489 30873 15511 96280 58846 46764 45543 67438 550 26552 36026 98449 93023 81431 24301 51574 34129 97429 89401 55439 24441 98724 43250 69346 33588 21869 93650 66462 92092 74555 22090 4026 16525 99314 92831 49419 56621 46296 33228
24194 93673 95862 49690 57450 99465 11211 86797 98451 23932 33738 52453 65421 2071 933 60256 78285 55489 79094 255 10941 51096 14731 44589 94040 36154 83789 36879 49562 23217 51202 2751 85535 91796 17008 47443 60987 28526 75502 64838 23798 81261 6750 49665 90147 18047 19093 98179 79162 30447 50186 75473 3128 24812 1507 78726 52850 44061 31152 14503 92991 38101 4332 65809 16576 63796 32638 62192 16492 39490 82382 1335 63291 82298 14436 29501 43362 41377 68301 50344 74167 24967 47775 84824 23880 18063 35572 66428 53035 29149 14904 81335 72651 23921 61534 5223 97103 40126 92010 26628
84196 79140 18462 38998 7997 95557 18742 38723 44205 67776 39536 61628 9306 81040 78953 39481 20893 61710 2599 21707 9631 19266 72233 62484 38426 30826 51088 72190 24405 97223 64611 97162 75204 6659 87996 1535 15292 76784 49199 75471 85407 2018 82931 81942 12135 82568 76218 88339 33779 41905 63922 41350 20745 5420 93447 12074 87609 17874 5356 34411 3919 9281 51876 29626 74224 39775 98903 59583 52518 30771 54422 20717 38907 43643 77906 23372 8686 96870 13845 54489 50399 36423 64046 88435 62777 97102 91289 99199 54225 25950 47615 50380 88319 10246 10382 91206 40949 86195 39321 64632
61893 92040 73926 96721 81087 34155 29096 84270 89776 92941 90463 32128 21507 5465 62468 34496 18857 20487 98890 41747 46921 72056 5674 85727 31226 33451 38729 21795 93676 51345 97278 42137 34410 70042 10048 69084 51138 88192 18942 94763 13351 59384 41040 75112 54173 83831 64498 71783 32086 23748 94970 96365 49745 89290 59209 77693 53103 47850 29367 10874 71669 88579 7214 23573 34122 55466 99260 576 51653 23717 49635 26909 17301 19115 4612 29279 87605 67643 10766 89851 47338 2790 63061 87574 13919 35426 94040 15462 13211 96460 42780 52984 79579 27637 27309 7816 30471 13675 6276 45883
54615 66829 68740 19994 38200 49465 91011 1875 69968 7003 40882 31994 85478 97012 36121 1594 50344 97638 18260 95504 83668 96664 6858 2923 46352 3862 13999 10122 9477 70910 52232 20691 87269 59027 54444 18009 49654 5494 63456 13262 88466 7551 55403 82708 61925 77708 42887 53348 92677 82554 91062 59674 93046 46534 63204 69619 38728 63446 77947 67099 97408 90142 49808 74605 46336 14687 64512 67221 2503 81614 99943 58491 96059 72107 69879 4632 5174 82059 56165 65505 30717 34772 10763 53602 9368 42953 79154 32349 759 49307 16427 85554 85232 68712 95846 60008 92778 4560 89817 47516
77405 57545 4156 67143 60430 49691 94834 86536 41015 99549 77593 36072 50585 26928 68528 57433 33275 2609 87802 8281 1765 11924 92324 40115 6723 84082 12747 37526 22582 9104 32548 17137 35795 40872 7180 28176 76281 4849 89267 91036 18000 92070 50958 38623 43010 80338 82750 564 79107 78922 67491 88471 59350 11715 50392 41317 69329 55162 48915 11964 66222 20187 62299 91575 12104 95557 44810 33504 42349 17666 47987 94893 84963 35574 6291 30153 19919 71112 79008 63307 60545 77262 84626 94320 34702 81178 19339 58107 30341 72907 62889 56249 23749 77684 59267 60023 38553 52184 1597 68751
19376 24568 70682 26579 26506 86958 11135 18291 40178 10350 59177 36384 80478 54347 98511 1665 4364 31720 14401 12381 3812 40791 21141 84988 77229 4199 87861 60220 27344 64082 8882 80703 54633 64525 61226 81223 25416 2321 19006 91361 78727 86338 77960 73431 20178 3145 69664 48801 41727 46856 81840 44509 41494 17068 25129 61190 59923 19028 47583 38583 22240 20652 80683 39149 62481 20142 63968 48870 10049 37741 51515 11131 39390 43223 83605 40222 68186 33643 79894 85606 3086 37386 13251 60721 77615 395 22029 78388 97510 81275 16419 58456 88823 48186 16655 31611 44220 48150 36354 57142
56843 36891 12666 90147 12915 78065 1407 93389 58046 59052 96641 78683 27780 47557 59866 95631 86682 58869 34794 60209 46370 2476 28288 81538 58267 50225 92114 65734 55907 52741 99908 10426 67333 11894 16257 66606 64324 8961 48284 97896 61807 69880 72605 67117 59578 63801 89533 34891 13123 62743 77004 16104 52509 19264 70302 41154 92502 67178 96798 33430 39554 40952 37508 48189 24076 70756 50578 85652 39637 37101 61802 63776 60502 7215 74386 68101 43272 76045 27014 15716 29487 35654 80680 42536 62282 17637 82752 86187 38347 83332 7596 74814 28184 24388 28179 25652 84633 73385 9354 51493
61229 97981 30982 43644 81236 41818 92261 35871 28657 64953 56998 70521 58282 34037 94981 3272 86759 85022 36287 61894 32908 1723 64811 57642 85071 10215 14889 35208 2506 60613 48646 38972 65104 45700 41190 40666 63345 35619 56380 29354 46302 35258 52018 30225 35302 70636 61449 36599 79015 45166 18257 82068 19343 53042 97498 9006 66006 68561 30345 37204 30038 37732 14994 9164 75895 53344 8466 57315 13697 33086 16345 40374 25323 41363 90087 99381 51388 41321 89376 68137 9189 19496 58349 9953 73249 55140 57074 17053 27537 1200 12978 10492 50886 29315 61100 69449 19863 2416 85255 98343
41593 21524 13325 80997 22657 91400 7223 94890 80321 70974 22744 88455 56561 36584 13234 15466 53148 40143 93878 27326 44159 15573 89046 48637 74779 14388 99825 66625 56701 87111 19120 67367 32656 70325 31613 82552 51336 60916 1310 93425 87489 41940 30661 54601 64672 9433 52238 87692 4948 45384 80930 31957 1041 24435 86722 80639 55627 72483 95248 27632 96043 11728 22083 72875 75528 67151 61208 33757 29952 72236 83004 98955 92477 4783 93933 8320 54025 88375 12137 63628 39297 13801 57903 66707 4231 95564 73732 91000 74290 23930 67275 57446 23758 50841 82366 17891 81313 74368 61068 78913
33562 46958 33326 91037 66097 14224 72634 82491 99466 65770 79044 97729 20007 18769 26442 38426 59322 40931 32806 12175 16513 44230 2018 83756 8262 48387 58367 25373 13666 33847 36216 13995 81262 59292 34166 70082 8378 2119 36974 29515 11763 21132 96557 54285 93337 75503 6712 87655 72928 19253 44988 87190 40146 2006 67476 67622 5851 21402 58026 85469 46077 40234 14185 1910 76644 13751 82400 80303 52334 43446 21238 47329 55813 97861 27594 17398 60589 62328 70474 73466 45188 40845 17659 90505 7302 21638 85439 37127 25836 59746 47973 57704 32284 98914 7874 6801 16335 48030 57783 889
50759 8371 90457 89661 37176 43027 70958 46440 58517 228 46542 87840 52918 4793 30259 99288 90152 84995 42332 49183 17932 42654 13664 1556 56004 56796 21918 4397 84981 46254 15250 35823 94089 14821 77388 85117 3161 38363 40945 28440 88052 97335 25153 18412 27058 81183 4330 11101 66776 67867 34034 12448 44918 49603 4518 5739 48717 22904 96072 88450 97994 60080 5643 42500 65742 89469 68520 2905 93197 94903 26376 50613 28419 36383 17890 27913 85651 33593 35249 34767 34704 73768 25585 39620 93311 69658 75233 61829 3495 4871 9377 27374 89559 27523 63671 23602 71111 94330 50275 81258
40161 30279 67040 26126 70189 73988 59843 46186 59487 31101 3976 79237 18932 6870 17720 60819 67350 6628 75880 73237 59606 39717 45174 34106 21276 61382 87015 42866 51532 15831 87732 35985 69637 63998 54514 65887 4417 42667 98294 35146 47269 11225 9089 32558 73828 88483 17324 67009 20962 78079 7257 8898 69499 33954 19073 47138 98773 28890 82758 21931 22505 31050 59621 62261 46031 3675 29044 73245 11941 10097 66856 34754 1501 49135 25499 94574 30077 10320 84637 50870 45115 91310 61305 69838 98142 40589 26442 49977 59842 5505 78128 38849 6786 36069 69121 35270 66186 15458 58529 48953
62243 20439 89802 83354 49628 50417 27301 32404 22685 73104 14701 14397 75205 99885 39533 69092 9933 48020 72103 40397 23215 8980 27773 26560 55667 98134 68297 29743 19094 19636 5552 78506 46078 69880 59937 58091 78392 65839 83111 68387 53999 80849 75319 7038 16909 13070 99487 63750 86986 96493 54818 87834 19976 75346 46993 92838 49624 19875 47691 12836 63643 77057 67519 59963 59623 14788 32486 2901 32966 23110 72641 13788 59188 78693 22207 22763 42913 39508 5933 74802 2022 38231 85599 17866 16778 65262 92205 1178 13140 28825 26394 53812 41820 45342 81952 81979 69211 90087 83538 22769
56502 39355 39144 63206 38613 35923 81624 37774 29304 77598 42370 40422 4818 29928 22688 43025 67335 6751 70989 87583 93987 17412 54574 92736 91782 34834 5683 16970 37334 8850 5623 81152 99065 80282 47793 32185 92761 35099 23577 36114 43067 91624 798 39005 86123 11982 47790 90656 86510 67704 11980 16267 18783 95700 51789 12722 73019 24946 8312 96869 11898 68228 70921 6904 72075 63954 30243 36925 5969 20069 30025 55118 33079 30683 54992 6707 37978 51295 70767 92275 25868 94649 17665 49182 96750 63510 70033 42275 9310 42425 24148 67296 78409 20535 85840 78879 19779 57127 72619 45235
8882 57713 99545 42971 29392 65790 41340 36600 89088 68364 63471 75383 78874 62610 64364 36333 71326 82639 86812 60890 26563 46639 40336 22302 63260 20605 42565 71254 47660 73406 32548 63074 51060 40546 33954 31748 16782 32998 44619 78294 227 88959 85945 35565 27775 67213 91000 53227 32486 78685 35529 86096 23449 4 15108 67517 3251 93338 76850 31687 73112 14809 15425 34077 85874 88896 85796 86651 6498 71730 10237 39084 93604 88840 4786 29126 20363 92526 80265 14824 89092 51917 5994 65092 24156 91729 16382 30192 87933 48633 58031 80928 7056 84374 22976 17527 71982 52464 14118 89029
22205 58599 34730 77541 98157 94111 84376 58779 47889 88583 32447 82036 38847 28705 99726 83275 31838 61266 96030 59502 20216 27921 50528 82780 98229 72087 50059 24551 51574 22496 1603 12238 1770 42516 71853 86550 17699 41948 42239 14729 45731 65164 85177 31880 63297 79940 56653 41325 37302 71024 34421 72699 68277 6164 83443 89784 41455 91713 95863 58304 95550 97900 44398 86683 40985 2394 98982 33379 89915 5090 5095 67649 26180 85069 6172 10766 86621 63855 72337 83411 65173 71720 7930 85324 81263 81413 91394 90238 26911 1568 6403 43780 93041 23447 47421 49851 60694 19582 53629 58322
35200 44954 23772 94912 52514 21735 90561 47119 35443 72530 99166 75557 92175 80453 80141 20878 98914 70718 27264 37103 31873 7470 95560 9733 70268 65795 9478 48266 68103 52642 91013 13478 18710 66247 6860 17076 93302 49728 35426 15959 16928 55816 79465 55089 10203 81249 43756 85378 53877 67839 12865 29947 35076 36947 69335 42300 20480 7264 83376 31404 79518 60620 27113 73430 27887 33538 23027 91560 80293 44466 82701 39360 18210 40133 19151 45320 46985 64526 16655 71705 75090 59778 42937 60045 35163 66924 21147 32050 43407 67651 27657 77260 47240 57697 44750 72678 62432 65453 14889 57274
12988 58301 75736 90272 38148 19950 50025 38677 39586 97797 20926 37322 70436 94702 47469 70501 19199 87982 1260 87319 22468 802 81438 30265 61761 66349 36255 78284 21464 22509 26219 74914 66594 57193 64474 84841 53507 93040 45948 82284 83727 54148 99295 90322 14391 52479 7681 45206 38002 89709 11640 55914 8187 58207 51898 38657 79643 932 1869 2940 2828 39609 67751 24607 12260 34036 88017 45968 59342 72601 28183 71496 79803 346 46096 98034 91891 21994 95910 39642 23499 33160 83219 49494 49392 38294 65401 70028 33282 3525 84325 71613 42979 93269 25953 35478 35321 84573 32091 63494
23151 2427 56769 16855 20721 60155 90919 27326 20481 36756 8896 43072 7572 24402 79654 93954 66866 83378 78834 54871 12742 59300 97390 35110 30503 92059 3271 48156 43570 63335 41024 22362 11913 68223 82493 23381 14611 64779 87108 32357 17298 27839 43716 91373 28439 89862 81873 57981 17607 45970 30350 80270 77941 9581 72184 71369 73081 26031 58959 94486 93440 55484 13952 33888 25011 62885 52025 97267 78626 95440 69349 37114 28492 52482 98479 13944 15237 86947 59681 77208 14831 44826 56181 51188 63817 20430 40035 35363 91630 22411 75987 15109 42135 28824 23680 49429 11237 77568 12906 12749
24790 25637 96085 12014 20704 9519 21159 5812 53578 20875 75730 25941 50551 68220 81222 67538 55161 92733 80993 44889 86895 38839 98730 80378 57923 23237 54743 81691 88568 72097 64109 91633 68240 76197 98565 16232 42403 39292 46365 69731 9362 7828 20304 958 99203 19512 65794 35529 11054 19127 77917 27559 73187 19554 80241 85890 22657 6239 60783 91534 67296 29741 61113 27575 29255 59973 54901 23461 24042 40986 71904 51820 80267 60525 63947 72305 80126 68073 67774 66812 40733 85624 85570 63875 49178 81694 86887 15137 92179 48384 78025 82461 67725 34413 8865 14703 81810 97452 37444 24107