7 10 2
0.103005 -3.094774 -1.268710 -4.992739 -4.968905 1.549434 3.507082 2.127492 2.620072 -0.635920
3.257835 2.698956 -2.516564 -1.104103 -2.610434 -0.418140 -4.595792 1.800763 1.134025 0.611444
2.601792 -1.311008 1.990732 -1.928512 3.509517 -3.896999 -4.292449 -0.438671 0.277471 0.134687
-3.268421 0.749020 -4.409766 4.633724 3.531762 -0.439005 2.118130 4.502686 -3.370420 4.112545
-0.878453 -1.374830 4.414580 1.402082 -0.254550 4.601981 -2.270639 3.698826 -4.172122 -2.619069
3.018540 -4.155607 1.004067 -0.042878 4.541395 1.626100 -4.241014 3.607824 2.075564 0.243322
-2.050771 -0.271992 -4.820817 -0.863899 -1.121087 4.617819 0.705082 2.512996 2.450298 -2.277137
0.495387 -0.162801
-0.316800 -0.006623
-0.256319 -0.556076
-0.636019 -0.762036
0.439360 0.795861
0.261219 -0.451023
0.623861 0.105779
-0.865169 0.437628
-0.035853 0.340894
0.732273 0.977946
0.920095 -0.348729