710837659 547607843 427070068 370960358 961904506 628615856 35468853 900286734 471987055 193280729 896339565 318214590 227433946 974802094 295085700 750571685 811283190 671438246 518160838 53217150 113890316 941244964 
696240927 117897584 990083170 496871014 650140766 840671290 999312721 580048732 56195442 355840164 345099126 921043435 240588508 540803455 174102621 319994133 178657653 888627075 698099640 506961605 632976804 187536361 148487344 217898536 202805292 237875601 677937971 487739688 198213469 560997682 203423777 771586486 414953169 147968720 284714787 627499834 776407522 314333324 445527780 91580589 184769047 260037249 859213840 290240136 715312660 205022264 985671723 195293230 628889819 413963094 382988456 363014194 553782600 353681345 38394812 780742650 59736703 935805899 4074365 97850654 133763037 386262315 843885714 769535775 247802591 303186323 986573591 247258829 26822652 224835921 332438830 674767019 816179491 273373261 282016719 396989556 836312694 876785153 815006662 499634963 196694587 95835374 384978816 634247968 145094254 807369078 743821346 379983539 
840277269 27212334 227879128 208818803 554323815 592067892 548545771 934672798 971989010 580314965 233227329 523740403 474374158 832885420 497651637 55319699 350757830 121869699 915701878 645430594 756138625 940045581 229308927 557620109 3142226 111990507 245996658 749957566 485127059 550239041 523663981 94993323 403996801 741825263 391884919 160141122 859552078 288921312 20578022 991281501 651461938 464744643 626551245 75117685 491983387 745984867 177974136 491447488 353427543 229446078 483958798 183474021 851561444 795298188 550231211 908883070 231683914 66457641 414531002 334947257 428046420 577179343 153475373 158444249 632223506 677799703 321102705 450769194 147559356 812207308 358828404 579307064 324881272 141050361 96699272 252316096 117832353 384433185 198103533 810651468 24816447 718086330 271606088 413706234 926157781 741026153 874570660 508981313 111955351 168408572 
896842283 296605370 33513886 336372151 566487391 776090112 610994611 945089112 423925014 466833428 152965428 423417241 728601554 870923990 588369889 356950893 289704590 665964013 771963380 474575030 277431938 962637428 10871700 178328406 990097149 258110479 634699077 325007489 933448369 978896985 354178916 898952232 599245312 801952869 759728768 750012308 797013558 495752403 553700590 333968502 86076912 171764341 825698995 586207114 436226013 339225978 11585790 538735927 848403578 491088397 683683621 813439807 85966640 417723150 823507219 904332648 271853877 163090356 282115716 984271919 891795308 353712710 459159235 301605464 191508729 355108450 778177776 837424647 620460938 721980877 121382529 396872974 988893461 484431261 67624306 554819482 727467994 102677326 200265070 301107266 695898874 255065656 405947382 108293773 
914958739 527977784 529528938 689074250 26591026 20378741 807593597 669051576 766410944 687100795 562710706 
146354142 522797850 850172389 138924959 631040559 659542825 681342603 368850466 551887802 119502292 567720692 61028764 219215555 668557853 909996553 296701643 454960455 808949742 623378972 536905160 211120904 752463680 749786724 355581978 323993008 178611523 
516933645 547510783 153427516 715094964 560966783 333434889 870760694 671208078 451644371 946768023 511534466 304079424 335604750 517128410 399834689 908153595 487854852 976467089 386394491 926016324 955508468 424462203 194118204 217825779 971296877 713130187 779693785 329325770 879795699 499808929 478465292 420648586 543620744 986547530 415646768 16833664 563706445 729147831 118967405 933321512 699172648 939663770 695178236 280750002 222696630 603358829 139333502 764023786 770933429 126435575 127925173 541526207 304747388 740991583 726773029 638829097 604819494 591354928 649826016 214056697 620220904 625763196 489916507 789608937 689767228 111630809 377917830 416928834 660589814 364862616 456220183 25074523 670916367 384781757 960437036 137115901 556867577 172482993 517141660 957027443 704278827 677405503 543761450 776726839 893806979 
947426963 132325792 848555155 451127102 209889862 375058585 41776468 453487421 890644492 754985516 570364796 
295717489 616370150 265697176 870295860 923857177 192221746 938428481 221826687 40291961 743628970 264698771 350539808 41909933 785205734 176684172 697208612 96073421 941040685 200548686 837238757 34126862 152371688 395787533 762407325 681772571 538957750 91898699 845167681 643611356 633260844 715382034 711704634 848949656 129981820 532067638 966446295 284456272 571723090 553194691 216246357 943993375 377270667 838436333 345751388 967762296 714661632 562636703 354352207 964814610 507450117 436819757 252868613 593882614 199302535 595848308 
287364326 451542708 249692672 758749111 597077288 299691024 584786113 390135872 677741918 887897380 362443500 120827716 353874094 965789720 758164182 923934385 317700415 369374162 513516069 695194468 51286768 286263190 556182594 786388632 453707207 265648530 98783610 349789209 931409090 235313245 983465101 76873075 721422394 23756583 396449227 875470633 879807877 806928075 596515564 213523868 192625117 299133867 326374943 717602458 614696689 254518778 489113129 218658736 449560002 546135627 173974655 862264941 122886890 925531379 133820704 779267433 228147572 174801699 705902862 24078965 696555238 46851865 920183100 277218758 976007398 832887825 333221932 330389841 907053089 188892192 254736001 615873303 
815948077 976633001 11826998 364707106 82497450 170912696 815239248 326082317 746488834 402854560 167780736 997436186 947533809 221733017 138238169 755981722 500082055 596781242 210894036 744862178 169802679 901686112 59184186 446845424 606206489 385167293 189500894 981856220 39505716 567151836 503373381 747402763 783744559 162629505 738469172 70907195 178470475 416993445 962962439 235469501 849614587 298800923 402106885 343962571 840616782 623644016 998585436 768327842 789200995 146839680 589610906 156542899 291110071 223170291 198205207 667061076 844460586 383313307 806337605 185252350 761813495 639336555 6752680 983129111 285112749 157911844 924536947 624440199 
340567170 718149224 856458302 732374710 257036214 394583731 196595332 744310963 499315199 841857265 470845532 359893184 118927762 688813380 27298598 913718531 488550892 157661347 99147749 561059348 134486393 494834952 818178670 239426206 542501634 943066721 504943948 991938189 997157790 678980521 794755149 54941524 910783770 562959858 641799645 247048016 67465015 571949548 81464521 866171354 38799130 890350574 802453364 882907789 244400821 717759647 369341214 199612086 338252179 131278006 728863803 436771815 25750937 575926719 463189416 330508057 676862109 416102258 644275308 55843184 72589741 747932384 819856999 447189062 844796710 368043400 337184751 63138129 858618508 905407324 843987542 288509956 767348717 878145708 852552643 546255062 125809470 453527662 460179747 403942735 189747257 
847369995 974513664 282097800 708495368 571768743 418953391 958880414 223158217 912653370 440467483 901454550 990578007 893595723 536173723 211057864 41027416 162726690 419701060 433405397 373403292 982002654 377211596 7770750 121617793 406712984 822034145 881996936 987064716 882872930 601956960 893473000 507273244 607235324 55955472 93996870 711935470 640652899 31057439 697571745 
864294648 559371157 534167937 707717781 335102257 484011149 457661322 306269437 257779725 720500809 
651364558 351483022 536793494 587809384 796075070 815985393 299963049 31225152 372175709 34391366 417900878 773294457 713046171 
71291065 35312541 731530524 468565343 589547864 784070418 763474151 407765671 239603836 344185066 94246034 19785482 706722986 869916367 138340360 56410190 449424393 234681855 214303823 805762541 173919050 483421835 358515116 874452358 179452292 955552094 29189836 903351163 222360617 374619008 354234538 981116762 916795705 21520283 877015944 337096620 33267818 215129185 224677136 859323575 789249643 763160059 459505022 433835528 481583264 948439909 79495241 70590608 321159601 413389160 198871167 427079173 524468125 563423121 32416420 255885280 844496295 869876929 566369848 509962482 833239912 649096112 766683929 98815543 152685133 672677996 615087028 87742290 682552855 841253262 199875022 121183804 272662205 603867177 62478934 752169709 476753045 773504020 39375308 509882292 622158970 666651530 834191491 17750929 844301596 445658398 763219695 26711746 205489154 629355674 180049984 741300054 916973275 721919340 
480376163 334391268 234925824 779683841 863594950 299946755 763539027 59289379 498716848 20481927 55743879 756276602 74271153 175950572 523027895 563911400 673057183 481570067 70362590 178937494 917551226 846255036 612833421 365302988 137837872 44759155 852865300 809725473 581566333 330336789 621959883 641590895 537358953 688843521 334215369 
709041846 395636812 343215861 463161883 465672961 734917205 931372630 848909559 626339037 687603620 585033766 865441604 167237029 895493555 312475458 102061397 980981918 948014055 855419215 746740454 336819219 518982907 841527945 937394139 686343369 81564062 352559162 709496755 523526791 
38826441 759156397 573493167 748994921 830066931 773642359 358188344 408974297 82996243 73288502 819017070 696467955 900587821 284803783 407765659 643495792 739031882 947142488 948514414 787825602 682367149 704704671 478948495 763693240 455218804 94246113 380756839 139198217 913987166 329135770 509964105 137527109 409711839 369427141 717741596 749187003 753076567 632497785 582623894 351856594 709136619 19923924 545796868 851966855 275446830 603568379 761140124 871966867 165807719 190738422 677661498 553396467 70924958 526443355 202546206 503150319 999523502 5450435 763886689 218372485 135023469 984241112 573924702 
894031580 718707085 502319380 682855921 513168926 996576578 335870909 602951290 919342935 507409707 904572684 994538344 841804134 568851026 530208840 911386081 329265057 666101537 406442455 612952342 
487743742 604440918 893780621 950068915 525054372 653873343 877938391 178846403 829301962 755347164 370862778 
97147273 851466256 156261374 461516944 
6472473 67841461 852763788 78486424 867069714 269488395 786929616 226451391 923661017 737047933 824324265 173710929 948748624 203450147 180580167 172217489 946628619 606358314 702347613 602896662 875955242 708795871 205897327 307533910 293540913 931940344 956373448 712218616 778094073 657420263 314061867 412481789 541036360 722963355 688215872 975994332 530212799 946534733 693316703 484732392 314632965 214838685 927569473 374132252 808915658 588785028 980141189 986227374 62975971 223613174 562858973 119865846 889498417 465821107 450482056 43513753 190250539 312833587 109768403 966450413 75891864 846936306 858256971 498684906 626666357 745668896 227814923 643973645 297660073 585092122 5207956 514503403 777543588 476374921 48797704 834465890 527882025 383399755 227937134 383124921 238990258 791336001 572182087 950842465 521079554 91995526 737252840 974818925 708535751 575410778 90312241 198854430 752735056 531073023 395156339 
644971228 33969839 438144146 721325697 603140297 593093756 9250038 248574344 194580025 281916135 953205531 488201857 283310397 768567065 660382116 374038311 905794033 967365375 336642289 198037527 244477892 932056708 270587983 257289780 332290817 748365431 925338581 445570457 666953815 
595899309 263400379 857239431 542717175 709729913 145162794 782473451 400974169 603641083 335351730 52512016 236692428 819351012 828610926 270327471 864211151 14328409 9325389 939758920 453972342 520363433 997636594 872007811 20424851 816538178 832326625 254823346 173660951 628978514 128467398 657643218 461995801 523165367 
574636828 297242476 223404257 595343452 804134660 228447033 575670957 738108566 626421455 928165918 736408913 709769607 795360942 515243780 80056016 328604351 932578446 430375595 692705827 19068709 54527638 382323166 998264566 914061796 92900625 667640832 740637034 100643019 796201843 73225179 739325510 821895760 239518096 551020076 370561558 466618551 56038975 407011898 253786361 18542605 890098812 258065727 117581667 602977431 227437103 845421710 46610293 367091491 909814317 225869240 319863183 738707684 221038993 514533777 303008383 842187538 308680229 743811913 854407801 54651579 783177187 
483981374 325008080 508923483 989934852 639885165 979899436 
107744001 951153247 641698757 349408590 413310643 698698783 250801803 717630837 467511794 
752560902 299940248 654342503 194567375 639844752 998943708 907296279 49961590 113683451 77563385 631538789 688861538 924594234 873293966 973803521 458227549 874198618 769971095 653874355 967575917 963944881 719577883 422222517 477001769 332215640 77098667 823838537 648708076 401727425 42130 983197949 844419191 362326568 110916950 9244822 784316617 
917060478 963255237 619162793 535761870 771702323 949773603 450512066 663174184 110083809 310464637 919638249 439756976 210670532 964596782 752993237 921668402 138479915 705300214 194654696 749085552 732917597 500094176 494901034 547004777 871528168 263003572 274895286 797298172 791522251 778365576 429458181 718684018 961349232 313318047 649746374 16567013 442444574 182550376 107619636 811190207 49602796 402171589 394042558 945110484 519677205 1784863 603568303 49547661 365553321 231060228 363088925 350326285 884930977 9201424 111637417 377642206 517886574 923619261 268425410 638889061 381926676 658277746 488443664 
544059095 819793338 53626609 194404431 566172445 895285989 192576318 378192923 685236478 937948473 99751090 426657344 602060766 540652406 492988520 681766532 125334742 796750084 266282804 385446023 23679221 118189341 817187520 921786323 801572704 230267532 534871527 727409620 722723153 965142828 671073559 952984311 969028505 997751839 74818703 714958887 463474554 338786308 371308493 846908658 610642118 519678887 252194299 668592180 964320658 138817980 527839731 892422604 760096142 954031237 512885700 410871754 446045584 240454305 86863212 932128165 687786878 312357402 950870058 298353041 647339874 304468712 968574051 329399851 773801633 48521624 338588586 339794107 754318404 425761138 958089427 754261911 827391156 972318255 57606771 803963884 4634053 721594727 700448278 767701377 223535824 517755890 936843667 255357668 
588263775 979899115 12371844 317375316 793473109 753113474 876752632 717565176 172459151 903069678 129897334 883291527 243657806 373874885 864500856 987143278 828797840 901717636 93513043 245291023 229239818 268595659 648592156 717028266 956510696 736573407 251499529 75653892 69231849 247254331 121827852 627661936 998549717 731038256 626793210 309176535 855568986 827342606 379067536 2675637 402062517 683106901 891236612 518776555 572228871 744782265 564040004 945936228 338535815 282850769 345130330 315305031 124058345 118567946 303534776 225522958 979197537 345853243 722094415 969663945 810003898 708526645 762158706 25154195 477981618 285951694 63115977 566441919 796300140 820235617 203980585 326625543 624941709 145082782 826733913 338083267 60728602 884113110 78387034 468075550 
332668498 981413056 902153 501602762 3959881 647480432 57932717 330974398 349317686 975431194 985328591 568405458 587931672 58541796 543672769 42863358 723168852 600446886 847062440 637537239 197596720 719670733 398411841 766034771 268065809 236878044 550377680 745594879 722923821 971822653 216720322 50737597 267777280 723832818 311801948 107698865 680054269 743683692 34051116 580043093 660844373 617891635 210753889 334776580 584351824 896026576 444331915 586716837 267205952 618414294 880856693 585497695 287746270 649719159 181379730 811864649 414080266 496783692 338247879 600308452 139458508 
484133112 667233921 318870253 956740014 510185003 793511105 988065365 47594318 198045380 225002695 460186611 848395559 231429823 391816723 504823436 241952474 307906760 916995736 811343321 165683582 280285460 570988714 651306308 596689261 21889870 721768274 584444561 461721251 877845801 202525324 654122739 945889735 878577892 801260158 
918831748 574590129 499809860 572181492 510142918 935245874 933268227 600515750 248449170 27066809 434360839 13639041 889984459 586420938 831403831 78519522 554881774 926315650 28312254 849614405 174677518 352132767 533246431 
26027878 595619792 605622556 816377318 561492002 443359338 203144034 211153540 327040489 965758768 748068076 715396643 401687412 905645962 403314320 358990104 366636941 190225406 449536728 712746523 339335372 290309815 541676028 731126680 305092766 146289023 946105457 898345002 135310388 392595422 473943901 447018802 868348416 675011925 662031242 323755733 645786260 161545331 442173801 340071772 952037431 785886115 715079818 654245918 462767267 580720766 727170919 783755630 360941469 439974349 694811180 976112120 843897859 367626369 801102546 235461469 301973085 655747203 963159432 300059746 816873461 374318237 452150740 483218653 441295948 839421030 534400780 647731514 950299863 464275355 976386390 938702329 993171648 139971914 96125702 936455997 679268805 241116735 127929489 273338653 685506576 270251254 895429663 196580698 866858158 64276322 
70123778 55099026 709105046 693765290 437683152 824387185 359088399 223835842 909516646 3780441 731612850 447996540 302597492 78505282 887904368 867011788 626805249 375835624 887838045 472553105 975250551 955810755 949031631 588411315 780827839 402869383 624026459 189926016 520007782 811287362 352701126 928658430 644644583 925700845 556829355 433022255 
491732852 974511439 463065445 894795111 715439293 102559133 368755897 865577985 17256017 376037233 924056730 837929061 69725058 967914020 96149472 777295050 759053243 688529679 196311922 574747290 772958159 89220254 933616807 404877258 364630896 
377217813 621529306 998431215 547981902 62046522 469977531 694522117 376673264 177783028 185741889 891433341 696364246 863924102 554564363 911308080 331806567 297632524 925431742 526954280 95093431 758510097 927144963 862576141 368923942 852949086 463215464 279615204 698339893 697842170 276452747 340965014 721917057 278663283 785898717 503791808 986042533 731479369 878229125 620291696 988888045 903795633 956480377 512971324 792582543 753963649 143205060 347856582 890692494 525487186 67105434 799769607 
262540668 207072766 201054418 314813538 252176991 891247664 976853940 701186006 296762669 713990181 583816862 805701429 858262466 633531800 699134031 137668552 830491141 360253729 399619784 575566891 81633639 529812403 650885716 604938268 713633495 166867977 872490373 452695280 459932407 70809622 245362469 37074563 296174025 541028041 309563248 753667755 39987558 252228553 863904841 14750845 612027040 687564844 594657069 954835578 362316122 664217420 487914898 184015842 83980991 71180752 216695327 535157629 657219791 398730526 224412642 
209368768 366646341 166541367 211179032 863999033 271236156 784280945 584316112 715427087 32521850 999657435 685340313 456819137 700414385 807585132 275681390 451292900 227654992 668769284 122476131 557106755 898377793 745134344 990999679 976545381 819554961 18893006 919192571 515046796 612004014 518462583 711678775 438277167 389342108 917414505 556561328 548306006 354488881 317388046 521154244 264351927 630641767 214857600 34771020 505346022 320200101 709623653 649493199 493917244 306286279 685988059 723330397 9391543 632332053 679516200 
278169140 640750486 758669205 512489250 810474642 528594816 186219705 990602345 226441981 96055809 598005377 575378808 406119862 211593132 741718724 745365878 831229834 550583495 661921235 612498445 697191631 374196710 811007984 692759832 415790804 228236250 698383076 444465464 142266010 729246396 3805669 655243544 627554842 313063513 826113903 548433962 126774418 223814972 329791657 75836777 474671583 44654368 205017913 
218531987 203051103 315912521 506739231 995444358 348412740 145482454 85594923 999477415 473268287 321707519 297398412 403929576 464820511 663784689 116647581 359250312 521204268 861134243 364427915 401071001 469927707 198350110 147428480 957669736 113718317 453489126 431174086 453668854 
458227594 920439394 389510855 968478699 127496963 191026397 405427730 878461712 717503419 325899987 504563298 600223495 237830793 841472480 631806679 211735467 563830052 313080060 852113527 255947448 90996799 740916686 160881629 443676349 374452586 695214961 442275269 892075885 
682308180 326627144 714967586 847522585 207110992 307159665 558113299 282817078 628769987 530221278 843135628 497110607 909176703 647116368 993026448 51955598 820227333 528501855 844871401 777281900 693232947 38601402 336905473 962626493 369148763 721494376 297443942 548268222 658346340 38366329 263742480 506972828 421970672 806769792 379886727 511261788 978983439 474772574 441594492 896385389 485692612 850273970 17258944 328161699 633346775 192160821 231602149 569262334 578991327 889058574 109029229 959448135 582241126 497939835 121334316 240380337 892181588 90123755 740188649 470961975 
892424645 156356591 742221759 354695175 201953033 927577378 265646779 71382807 534053090 483339229 799281221 904497123 5741755 143878176 290870335 656758649 655235970 810712525 550184622 562791777 986680572 939739546 889360483 696239421 481703593 20899886 727865423 951756105 956909655 250866554 683148136 355735401 964780438 784317978 353967378 938379412 499584877 134977340 56344732 337462759 371685515 608105983 309781984 83903381 542052678 597731515 310628342 11352681 580309122 18448572 451912098 493628936 746519972 492546926 344797152 672514286 264348171 440588589 941484823 481486814 237959763 447273432 575608528 179439731 316849842 315805416 560637382 400431178 149758941 381332087 643416679 584500073 323834499 874387020 975936813 772017890 740569898 949416257 278014279 147485719 924344788 
26023816 994066167 369119714 500020599 293254852 155937183 378079866 109166934 444206680 794545820 726650719 564268890 152691905 170468479 166587087 417187067 
202302361 773251255 990768514 883983314 257906348 355021806 859411847 857649097 134403354 376017712 959052958 74311481 327492657 700848881 585069142 640603305 975947527 491440231 686877698 20907790 925083695 206689137 280467058 836261641 880803927 898904788 476787729 508033108 425624812 434728759 871263245 774184476 244930867 560687180 855788902 819789385 649045065 490858877 63268723 209661100 137573103 651756033 284897058 401585906 230211529 974016521 
528237654 890639882 200131088 466142277 896695116 597886456 118970084 460422144 618048086 508351870 913382243 458034226 155643687 184667070 734441645 354405955 182657724 564728376 14114962 805957018 87759868 292143815 162665164 95451170 383390876 849064977 968036586 248693755 268700213 367508974 387191561 895215894 330121212 434686888 248384258 705481558 777370480 863739005 863932588 26932934 982072628 43708733 
309962650 289413989 312813521 400968312 718856470 934483080 353903305 395872946 159708556 127493746 862115165 374391739 479612407 701162023 300700582 190066785 374298081 547360844 988368203 524063188 346904761 125906288 730813290 198308339 812639613 703204761 985611532 84262350 375969202 839322886 740910723 13261822 178060568 696349799 668743179 292823671 643433389 702361935 73726796 90660898 262821751 645233335