-964763813 -463798141 694180347 -771106221 312625340 467761648 -528167421 289499025 750507717 -620307253 
-685216259 558080470 256973208 633806860 576790481 -351390034 -269435446 859804116 -346764847 -95723338 -326948652 -436212057 -489988359 -697272321 297063830 475772462 -349929193 664537794 -756551756 -236721009 -64206334 108215385 838209115 340216616 392255087 -390045261 90338533 463860504 719256338 
-659140378 568468208 634505518 417096430 140913040 85980528 -198089641 581323598 101361431 -236630807 871510363 -60120697 509634618 -247563923 -502122785 666559765 337039510 191512005 208316436 905492109 45804786 -829019636 -366234601 261180822 686616721 433414420 943602491 393401397 753615359 456893517 -74328279 176474662 946013104 811203430 674468620 -468654549 510898935 612589073 866127988 -977445534 218099169 480514612 938739052 -471965567 -818656707 -75909491 66744135 537947551 373582202 24749086 -914059976 338302501 42170316 -714802531 -154437638 -510084486 -178005047 271908339 917528584 310594953 220281664 -275398755 636167940 -781480994 812875048 716012199 490771349 -110089512 -625552032 86253488 449880670 713523060 550494539 -758675792 146911850 -506628618 
-421086402 889677009 -435411352 418360583 -334590142 -2474929 965788130 -525412179 230767325 311381790 -138527314 -3966289 957181217 -741132824 -102867508 427500241 -634400387 128629146 -616902142 -738056578 918594502 -84470485 19712514 483648895 914187225 -965002126 -994293900 825268799 -399219848 -830414391 794231308 -60766936 -970557556 -437036986 68929222 646198218 -466141951 -991086541 -193359197 405784657 129006707 -285292998 293762698 -644156028 -832816059 145515421 781786519 256017434 207333763 299809985 -514491028 987504581 822196997 -555789081 389064088 -182127910 148329413 445138980 -873822791 -449763457 237039760 -848140750 116179832 -876917226 -927563094 732078710 -988350210 584593121 354399360 -725748614 -642264306 -955894799 -545439769 722062794 781561545 -376990860 381714837 307491101 56283870 200347728 936561435 270500595 -910086438 571184071 -31881130 
852651363 162605543 -869888088 140478508 -419949619 717464945 -295594333 -318942623 314139146 976936453 -664020253 129670343 303766345 -661506684 -413528484 -94583031 -625019962 803588158 873954604 -322021489 439930072 -671915288 -964757788 741856989 -259257189 -873282262 -627387123 -149208758 -304457377 -617845789 -258651193 -32810135 305161986 713837112 515642855 974918358 231163853 
-219893410 509294860 -644046517 249205087 237110582 -219965414 -950643392 42918614 792955843 -19859337 -858910151 837860542 -624701257 -463585990 -460800055 -485154240 321510940 -824177052 -572496937 301257822 -369242180 -363888708 225758835 -413321943 -486204349 -483381399 4864483 194262163 17537035 -827210202 446834614 523072713 323596984 502349393 887278561 530141403 402606029 -947906074 -874217251 -698257583 722058319 -689201687 -258198036 815454234 -717357537 932774663 -475250687 712974597 -959496910 -472095903 275924937 -471599363 264474430 -496876461 194393984 -623053349 -34914806 36564305 220048508 10472983 39888370 548805065 -354617874 -944776660 -504335653 929135876 -74838699 -418908578 -871514171 -242306896 -656340852 789112074 616770313 -620278682 -182585539 591986932 497318101 19623291 -961516201 555157549 -693905943 -532541996 -260247318 -868480003 -653859441 -525618312 787254886 
841902928 78373101 686487406 357279354 165415618 -535396889 -72726324 -120330531 -943948411 350994517 -177457188 239064030 782392467 391163542 -551169909 766899163 -464383224 -902989599 69104558 -910097132 -676989529 -295658227 -894697622 959771243 307219577 -188305648 -94353705 375964281 -468123365 497638641 -673145864 -942224095 602277821 344196136 -976402685 
-45922017 607988844 96284086 -145841740 491500497 -737900282 -627728752 243962763 195714688 39103338 -387236044 -641550273 827260149 -569755871 864162877 781798057 550401029 293414005 -203342980 172777394 884330840 -971699424 869369853 -307815896 156960022 546415163 -970768022 880769928 159681921 28985153 791970920 418951915 182557353 -919116086 -563224569 794316765 688482630 -866630696 -340412656 -121701335 -458609246 -730640795 -104511524 803974361 735336805 500827867 -660573002 -984804401 472197750 -499887583 602114335 148611886 28281103 502885617 -378856940 -480682507 -530350478 474254701 -611976077 83735610 264636926 153325546 831085937 558371445 589951386 -509066697 -976372209 975372078 -235873088 -882593737 286236371 61336278 800799842 -687241306 -429852783 325522442 -35988563 -358250178 -862580095 -703579215 -989440338 -301096442 -309674681 
476019497 239007490 144894426 -673628278 -505305702 -342631817 -444808682 -457809264 249321275 -805509508 -100751445 -232273465 -64643894 -883880146 -650177313 -971216694 649000978 935136358 -528331454 627060073 -156271278 237932664 -487114857 260946742 491745053 -568591324 425702757 -920571657 196365817 738819822 -601267486 -774854074 -974832479 616632855 66386555 -276571290 -236198073 285986337 -368301732 853935773 -432266094 875629080 883398606 6302947 589225796 -78234676 105169343 -701461239 723508723 432107996 811262703 592509091 -560534631 776824467 626513844 394173426 -965600059 -756934887 130605384 482758670 -826103377 -764040700 -153465430 -152178726 168416079 -24816667 
-417417282 -72401839 324255972 952287247 407476572 534259367 404804528 -568277340 -562747514 451374487 -319722567 -475049425 850243944 220739681 -537303008 -881145498 -568683315 -105710820 -264005535 -603116813 -805830301 -853006463 991151284 -50125354 353399684 232118003 863543304 270969319 486852432 949265837 -385023304 934913089 -303667563 -323916141 816318290 -918202587 -325108067 -372289196 -925719765 -122692683 -174202241 289859076 -236243830 892479209 707853175 -878171634 464682746 -229909041 911813655 754013795 309195872 478614960 -501239748 -688169356 437534593 -909118277 781325272 -198575022 -563981349 815789009 510523487 771300317 979960815 675740688 348577278 168319404 553911159 686938301 138705232 -901010329 -179527802 -334505004 -63633291 827742354 557707809 850176876 -522040784 
-195570206 -911912878 -793665159 357947156 -806543649 653526521 989857698 -565353263 469488639 415751115 -147827916 949464741 923041535 -587670099 329141321 720267754 -569495080 -227306481 -284862544 662792298 583234587 106634916 127502350 -978058718 -480596149 -176621701 43798332 587645565 -423040270 -882003969 408790672 190896520 603580136 -401684252 62863962 -992154601 646447703 441591677 
-526874405 886466981 309094309 952276162 632161182 -543801313 740840087 -337783781 90861785 -963337301 -6152095 -728901509 423476158 -574271364 -539788731 -56716222 -965241363 -40653260 66296191 808782197 -619890387 -232154406 -836042835 167744245 332037393 388088501 -728891065 800501499 198347638 -567578451 239491258 561524741 575897460 -996502767 973681927 -426496499 460096631 -635629130 247312324 -827954222 -727421192 -81526928 760565162 56741725 
179306287 -22690293 -737648188 -824325423 541113261 -455073831 -42420797 166820119 779401793 -415198464 487631866 -758658504 -686195957 974745050 933990828 -867435752 104180953 -222340000 492948710 -533489168 -564224609 433759057 -891621346 945993022 634560062 
-44602747 -367983071 628203759 -155624842 915383055 -498425903 215204794 -932638187 -399222504 358174554 750692980 958541192 470606 -453309064 709803627 970971581 -627682459 107757523 -592506454 -79613810 523908010 398023112 529034436 769544387 -572712594 455174163 72365225 -180768288 146177855 788741479 531936389 135741049 -922065369 855566578 237351072 898430801 -561959254 -393195850 -27564656 139917632 514360618 -150304455 -934029186 -185056975 -183453343 688947795 709601801 -780416511 -885488435 782085677 -243800309 -270911588 -246013726 244482708 659312620 996240085 102465974 201629245 447499222 178227400 853983361 -915718422 -683009535 368509001 343387886 -290193659 -414341671 -628681353 -551751270 -638720759 861112774 -440814737 
750377477 519153330 201407998 -812936902 686613538 -785404477 87263000 -536698766 383390685 -260377288 -926491209 -672600508 341636148 35542606 -394816594 -548447089 -383673165 116237277 -462100948 -481835555 848960457 
-718548514 -538231999 239279336 -762617066 -987682100 -600520252 541787426 184794995 -364059288 -919869904 -65199191 525798479 290983231 -172367994 -683489290 164698658 -774779813 370744267 147683429 470348215 157761940 -703686184 45332700 -54417426 -564052924 81059171 -276822892 -542067857 827103513 -64481872 518780389 -924801861 563498761 -462161859 970697337 -228004212 936308402 656759869 227870300 -444161141 -472614053 -754665686 -962534336 -278355411 -398869384 -595420037 -359256925 -998913714 306254001 -109476654 -542736125 672571204 119013974 -812819835 132826213 608233218 879914030 
692120431 -321516756 -274343474 -172652148 768106584 -647478573 618950282 987245284 -667426055 815794038 424307234 736792653 -139480279 360329029 117041486 -63928 753056621 -316860778 621006818 -110331190 869152657 -516451323 -542596433 -694041261 -462375652 -496788482 168963724 -106347190 -378654226 733084023 -484407679 101723108 -113452922 876772526 -377483013 -434214158 456743594 604883670 -602305292 -925958426 -261219687 -221195453 -716577599 -285282806 -574490453 418145477 -693383827 368069889 757844506 596841633 -767076282 548375487 695468008 573386448 -891974219 -444379751 990713631 222932130 909131374 66266086 846972836 -762344175 -968317250 -641243636 459872614 -104439850 774106560 -787069304 
46186295 763328684 970993630 -696193976 82467500 108327421 337283421 -569917867 696958144 -281750886 331061341 -968936533 -73728351 628932078 -633487545 -664313532 -825013442 -462469334 -452373389 -301692973 691325001 710967809 -782527190 -33845772 -643446142 -735035148 -691894036 
-846951866 596919548 -108521890 608043486 806215977 810678600 381307963 32772406 320544798 123098247 -237150831 -308222191 279848931 -89233603 474926418 -273670442 -507565466 980915592 -768757019 -361369678 177710718 -32631812 
-16561195 794079614 -462343177 662035276 -934418418 934717531 -720203936 475404386 -264106292 300540190 -546439177 390656549 -250327594 -715053922 406152120 854178422 -518792516 506957990 774078568 561144574 573820870 724242749 207441043 -805942347 -162780796 -993948488 -212223687 159942296 -536863150 -555141008 -930069515 -976172798 -978276324 440279000 -128388607 -232777930 -255315345 -39256438 581836528 -502330620 510766634 -93037342 -391956456 597974702 -838120314 393794944 -161258023 747345225 -253021938 256325977 -790658901 -413474119 -581480208 304555316 536405283 -546111838 953595274 -216949193 -182733353 -430529676 -592070034 -454715947 -119450312 -859022514 -273209615 126275856 -668970656 162996179 994740101 509343496 996235080 391443377 310575636 
-981049683 97629117 -659412546 -226919630 166605387 344384848 -595555923 842314999 -815824518 -500038727 928221426 350155725 -984823018 105030894 769541298 -586814764 417652573 -538083987 137005890 -519811241 -874910778 -978043574 -853389545 -358946999 94993812 329726257 -248793669 -532828727 345712877 106965725 971392360 742018702 -586862184 -521454117 -234372900 768361095 270012919 -76230969 506626290 965659999 -368962674 -607425162 -528909011 885703052 510085689 662633856 -912641292 -192883172 -978264181 -870382711 421463119 676787232 155152411 -196672484 473411622 -110303915 162496112 506348802 104042205 808128987 521890914 614643783 -650640582 -236182852 534331136 -131755398 -319948321 
-299658421 859460022 10418243 -748629979 -240130804 -840612375 646348110 -423704867 228237527 268249455 -690699087 -612678255 -85984636 103380611 -183770921 -442611933 875281710 131920730 -663357165 -3878450 928502812 -814247177 -391336823 45093553 -915598220 773755855 600725593 -661116159 -854124267 659409423 717250797 -936410827 -144903072 -528629999 384960705 721878519 -966670966 -412548306 782066063 501875219 911965007 -611848007 -692036655 -473937424 53801671 820228522 177002091 437077458 -275948968 297022021 -321186489 998804084 -141127800 41224494 911534216 -138021296 255908409 -740084190 -277394602 -282473847 -565853169 954847055 -520295272 -448591814 873116347 828998973 -983805144 957403489 708563155 -836777606 282902284 -701110674 -953338492 -607086219 -584330563 -882649024 -294277721 806411398 258767786 -13801783 -484779451 630808266 -376558147 5175299 -948880168 580294718 412759050 610840895 -946347369 359915218 873427161 771586164 883057151 -874996974 -307054406 69758016 405434915 81154584 
859324587 -781528256 -580184897 603218882 -384764803 -659673970 -321937240 -715315616 919891653 -957668415 94495593 -286523926 -755454102 206830268 656013951 545402669 347967471 -287972230 395720665 -791720853 421655777 -342173782 382068104 50800056 -318321813 391763308 
204061794 -975613735 -62518038 -71621745 189430001 
29315178 662047667 151254167 241459636 993918959 41809664 -74281060 -699613657 -216429350 -145512262 -998709710 776802776 -198653504 557471695 911239008 -144228650 724972694 95778067 -763914627 -154583679 977672210 -238515406 821936445 81976183 986287 -584602533 -831270806 941831584 990235588 317370806 991602110 -819603939 391199643 -194194165 -755635473 299530985 701238228 130118908 328956761 393672461 -29654434 965459615 -964881576 990560281 -853353173 750812661 -23099086 -358646897 -719777274 -87197862 280572036 388649509 -804804308 -430417907 -304353502 177537543 -950876210 562318923 -346380427 
-237640541 748563856 202074530 596155648 846023685 -116307888 805059167 531765671 873049081 -136994242 -788277681 -309743173 767307130 -680674431 -303451446 674902653 -768097255 -520431528 -345397996 -217626764 33204670 25012061 -346436036 -676200286 488665042 -551340913 -308724324 71583503 188010251 -519238932 600454338 384068117 126419231 -541080372 -828415859 -563654029 702507987 306398811 -383225985 -828751190 122700714 693731580 140476750 29440888 -555185759 -905556648 405528048 231626249 -548213890 31294007 -840078341 -656802426 -452979144 500959116 -150155976 599173300 -220442890 -895868773 -582595153 837733674 156911311 366663926 23969633 -701702555 722904222 -41626686 285213858 -115914868 881178018 413723336 -804086180 -893595518 16930104 348415078 82368200 -725573458 -178162068 -414048105 
-733805670 604838733 156415338 -172387304 -505989220 
496441770 658567363 
834797174 47008937 -954384610 793305799 129060807 -523938448 -375229793 -357888095 887366676 704120500 395601741 -614519808 84520716 -44008231 744671591 -443913355 516250483 562539337 -440021613 833818899 770156888 407172293 -702750984 -504416907 -827033869 431508742 288222394 -122656342 -333727816 776116007 72791207 -613150443 -282272631 -544458604 296692142 -232790732 691652393 366319732 -820546825 -53122301 751223746 -44395218 232035442 299669477 -767135741 866957494 -320864594 735336850 -470885350 868936284 -339655451 
-731149008 -847629780 14979833 462394366 711215141 604951627 -102640442 -795904349 666317593 284465785 653497885 168020884 330113261 -131266227 711203783 -862323083 -239048937 295472441 -135279531 118416034 17052353 -875338522 -68780136 -515265431 -94527934 -224174649 -265668006 914734563 617755333 -894128903 202844384 -462651777 504363012 -284117394 802822910 -576350273 237089457 -854152537 696962134 -582813168 -300385998 490385834 -498867106 -983419055 671910005 469571290 -289269194 589129593 590165673 777648535 212341772 -887141697 433836940 905912864 442445680 630530360 -620548411 -718724799 656241815 515446981 201977278 169441904 -688463597 32708484 -185292571 -396519222 -804562190 835629979 -523787461 453441043 -145532926 562676164 -285891475 -684776183 -880418702 417854063 -690532335 532682155 -847270822 846259149 -493549071 470582887 493189134 737520989 -169224663 -598195845 717447505 884152086 333429519 -122345831 
773989174 -183247601 618496397 -965969416 526563372 872154348 40477691 959804824 -201680346 772741709 -133006498 -869278601 -887326087 704259610 437906143 -699637155 -947029928 185358754 673861448 -289341317 248547817 205990172 -288383262 651259268 217538369 -923164430 -234478198 -80045977 945581454 -384801245 696544055 -685083494 -853319781 113745692 -562902111 -937800199 508579347 270190699 592130983 252896055 175697798 511755459 -145871931 -679327396 
521729333 -186626177 474478861 -127582736 376360930 821082900 870297760 709811053 -119959733 733829502 -461708122 990959003 -93558949 -548091597 935581019 208801961 -692749498 -758886972 847880295 290564444 998527943 9345927 -765798141 -723966513 -109471399 272554589 -997671250 -145456133 451327063 466224641 -332076567 35737124 -815629347 897828570 405978909 571358147 -821281497 -6023827 -114665861 445706052 455163809 359168871 -946884585 -328868976 895603765 -600140297 547008314 -793248989 942444839 721937378 -764277250 -938001900 179861762 
-627112610 -333739600 287968844 783525139 468040840 -566047763 -144814129 -753684565 -86136171 -381929651 879238545 -145822550 670431049 921595879 763575159 -457010710 918856417 -414898248 373672011 -989853339 102963069 7310903 -914627336 992466036 -277692715 765950241 -42238528 
40338470 163665018 -690197631 23352318 -544980132 39079863 292640888 -950320883 542534848 -694056058 -615432319 293342929 -834040079 -597370485 -604051498 -137984954 736583013 -190290180 350008000 -414524779 511774918 -846242149 640455874 -374509380 -736381577 283928103 54512979 997178142 444302716 -575567781 -244593545 -657378246 -297044916 -828818818 136791686 -533724443 -660968566 316917345 -843215854 -14700250 493678272 670830277 -806686482 -146439801 906144250 230530260 495119600 300583271 906493159 950481033 -1450342 405148935 420274590 -67611163 740634239 275437436 -748794478 -300787102 912089956 593955132 -685986356 665068343 74038812 -129915052 -511208871 829928489 309704868 13274044 -726636350 -908148518 -629498219 -810252120 -188668372 241479779 310383164 570672786 -561611115 964861136 889375194 712088685 257930641 -647549373 14344613 460457362 -524531460 -972019363 753829908 -157174994 -189138063 371159428 566344788 -331645203 -104288081 -493455922 -60244694 
-117099235 493625470 20586585 643622375 -729478357 380644090 -605396643 -29857426 105131286 -998116085 847712041 -602542387 -386883048 688769781 -347329450 197446765 834536925 461314914 274102464 871298729 438141100 779765557 -231343468 701905254 707281065 -476883065 -493714133 283068736 -803922465 -487217345 652741593 715945883 -578613996 -912891030 -71876665 -664907656 -235377623 371022097 -629366565 -382056148 865104028 881852670 -487665055 562319384 93644325 -513251288 383554288 -559544225 167383986 -639836007 
894822153 -727187882 -461057687 543019602 29559231 -672888026 842431088 -87173422 192429835 -689135828 -385591758 681101874 575139133 -622437729 892426361 -942892279 -7170242 -864941550 -376740050 940607038 118534076 -472148398 825096219 565980124 -433752526 443240470 -912839288 32258342 756239413 387803650 -263667854 -314485889 -539748959 -810715137 -481444930 780340632 374544868 612360491 -619995338 226090889 -353282409 349833193 401787670 -437504635 
-278684048 264590786 988487834 -275357231 503925310 -265410594 -150222416 238637545 -179240097 588919376 -808486789 -690044681 650789805 754002444 -563832327 -17877090 75570322 -69433801 867043172 -577666305 -870567915 -463952560 129236959 517390319 -203181275 265175882 -950257718 696647688 -139891602 926885989 720311264 -451008257 450447027 -716970368 -678746101 111810154 945454031 -302853418 143340929 207593162 -195208707 -592400154 -544243278 947556353 -376160904 -545781700 133419115 -52856954 799192734 -272583674 756988072 -855982051 -825338221 328510039 968089292 643286707 560547240 -765620068 848798514 -253416366 -403524235 -30313258 -324787481 -531107038 -984693921 -362802890 -285450775 -283300746 587284871 -478585035 615874301 -936013095 95652684 337220075 -447978089 -851920643 373644119 -876707043 -634995407 -339355084 444885221 -354890537 301718252 114678264 178625266 -717014172 -221704927 277163256 861502638 -759568961 79793443 177937637 -643961490 607033750 -740694968 -584032112 -690140286 2385839 17795751 
645994530 -199218794 794664627 438278368 -914257286 -710802838 -105285038 -747847784 350025657 -738300479 83960556 733509487 -290670044 -151117158 668839110 672554832 746727745 510485956 199440342 268159757 -869480160 -699015712 929882925 -528291975 -480790085 -39037150 56341903 -983713619 -342269839 -500702440 -538671325 603544191 -408404864 586354908 45550211 589786552 -832378125 -609246977 -807470330 -434114527 -910741841 974536599 -372541383 -241838426 843538745 
-805588412 -443793257 513548648 -71982943 -558069938 -351052977 -644294243 649566587 -406109367 8991497 -388358159 540792156 849891817 -976102095 165297332 -27714002 700807508 -316931371 755777874 -588934309 -328722849 760611872 777822971 -943853200 -838031204 366927353 237357517 -57915437 -161439276 -533782945 938631455 -745192846 429966077 126507430 394614730 153907017 -985900376 999384790 -665654693 645576606 -697758270 -604813794 -572280988 -918143918 -524327651 312958902 638641129 -783416329 -679762565 -695245931 -210828275 89750824 360196513 607266072 842611432 372449329 332219904 -115756499 907446289 379503910 760054421 
-493868026 910311949 -100740440 674987853 226443774 -784764406 -873002050 -129370352 144115287 -727362507 432938995 521242250 43309314 -829495980 335297576 355264786 -633101482 -405568850 623811242 854136062 815389118 126989193 -889886983 -718687252 793329078 -771450756 748772186 -960298608 563692122 279347226 -283636776 -252493634 550665064 661653799 -832522742 -984577171 -850170990 -693990377 -938696004 -933812515 -38285342 -969042554 -697937298 902766164 569937268 104307207 397802124 296403637 -307740533 -570341046 10090440 
840809046 178855901 913897033 818829886 -141063336 758219414 906344737 -489773350 -11549403 248527686 173751523 723267406 162344729 262406253 -800069918 -954094336 -661572163 403757634 972516372 15572563 -915924796 676114214 -401594923 96381677 -158782933 -202737614 -166249618 998333164 114687815 -795688618 -648013205 -938005880 -952493140 -411085749 -958510307 -51088434 -993437729 -95369925 -203818364 -751624629 -398876481 -79688028 -658954119 135237582 721856823 -331246286 -852530153 -207552335 
-90814373 625562662 -452609650 36212326 648731801 735468217 -500321996 -244197311 545878024 959447904 104914937 298675927 87881187 64148581 -634074562 891233873 -469102129 -956701331 822417692 -539067751 -564211034 201484598 439175675 -967686666 628553704 720742046 783742147 -711439905 -969736378 -824193874 -196833476 -919310145 -678315778 -337320710 809244603 600010377 -63008999 100669952 202109288 
247923 -537839752 -627470765 183814879 -28476517 157370362 790121700 -344842372 -388438361 -78644134 -371305448 -582146038 159504513 121469808 -692446807 -81651747 -828010482 132636301 538350268 74128757 716056423 838951939 -691198642 257472336 864084375 299895877 308606833 711166874 975555698 946955302 -440862553 548079458 807524520 -751784828 827892911 -463511478 451500626 -818537029 942786483 -517519653 80294039 -356071473 225725568 -958486080 -63851640 391921591 -52635117 862056420 -425287406 827963653 80589671 -269193202 -119437446 644124057 731769233 167801533 899965459 955584023 -978964595 649972916 426459336 -899650683 789217276 424560727 225848276 -953917584 287014979 406616009 -741695338 -441683967 -328208308 856195194 -281212093 88066496 -64898502 556940942 366811216 182792033 -957292348 696543944 984314883 984022049 -700384157 -117169507 81105259 394684004 493257415 875945052 -110518377 727817602 
391913939 -91219598 749160258 835080804 -63242588 -473665623 -948213234 -911224815 -685164790 
586462259 -30809666 934663725 648728180 13012143 -759601862 -297636283 -688422960 -270861680 930596656 110401544 -140096476 577139656 337057049 -359887452 -196571704 358316877 783618020 -548233583 397155716 912125882 -59222889 408927630 -853110394 498471585 297593572 993070176 -411217620 -245781715 -33482839 989444120 -249385332 -668045493 -932679433 -970143658 -398480999 972326030 -375952129 448700218 -244450608 206866059 -198781963 243323740 -659547136 495030058 328390482 532953449 83275782 -901877478 160270740 55458324 -757793248 594600978 449305239 -619693015 -142811105 -487968746 19473138 992258733 -517400656 -448383285 -670446702 -497586952 596983818 -214497757 204492905 -245472526 -910917871 329539509 214945118 -247691852 -608636137 512675801 -138631403 386553912 -419154586 -823085745 -921612350 -884215646 -169267537 145929791 -851477267 -70163200 702162504 521176134 -637938165 426299176 -336196078 752221426 -626433067 
166648979 -94009914 850258169 899338079 343850803 -178325546 590911804 847970091 609143450 -203262097 -340820200 -257938786 -411524899 -595013224 -295938602 -8377476 
-148121675 562092264 -14748439 456975728 -299483068 610997391 62607514 812194928 984194794 634483673 58756231 702307874 580496486 786922870 -257104753 -802063221 
999237224 551462064 -880287750 -331890977 -431614988 973613628 55217099 -589456763 -266565237 -128761286 95652027 -892294932 -595011709 -298514768 -406426229 -972022342 -19559550 505228536 -914741516 190625029 -719418155 868725627 714316339 -43056878 102789723 892232019 -544623748 567809540 -353463435 -430693929 60014111 -781074631 -480228296 911294493 25478925 -944344751 38488009 -119006506 946866935 -244197603 -396355926 -341719948 854385356 16960570 -221976639 
-387289644 333965450 -690209339 292261385 -572927631 740834554 184315445 732300783 236771463 -93550237 -133427915 -559878818 806718415 994059055 725595647 -729225449 -635548666 -386100802 736395300 -113434726 -464249886 265203033 -906131851 -677441589 -121000656 432163864 581462179 -418379792 -565729721 944609674 -865812570 724886861 -424786633 -376710959 -341544123 -830966482 782425786 656858523 -332019813 -47044254 781017509 548428771 -202500004 -498071987 860667927 518833585 -987059289 165552217 140649064 -958830183 198734927 -479302741 -951528063 870498024 30592199 -472395626 112306606 -679419911 
918034430 -67979191 522986541 -763184589 132339706 671739250 -368759238 -692068900 409723053 -178039367 470532229 -256881742 229817791 -130221382 -326106090 -773787226 818330221 -294621140 -495998414 -446252316 -741070317 -750740529 -642392773 -396068602 -550058924 -346610053 82974524 556294121 -721727295 361579644 570264420 605284167 -344213679 -939505107 922975626 616112155 -504046586 -358198254 831752218 -331110160 271731114 845202696 -378398456 324891166 366482283 -28098141 -520215019 -917683577 -370779769 48709084 -339878583 -20817429 -517246959 159570483 234411999 -685147732 -649793087 415294971 677425504 -381582372 108679440 681527273 70166736 -891629757 997447949 -301827783 618255250 -72598415 -516170882 -488633249 341084768 -137064295 -20706641 -559480179 -438502932 457987294 703495740 -519236439 -294922803 -93766028 235185061 383777998 900830070 615219284 -127776376 111012466