64 32
3 20 17 9 5 26 8 19 8 31 16 13 21 28 17 19 10 27 12 13 9 29 15 29 2 27 18 14 6 29 24 9 19 4 21 21 7 27 10 9 26 2 6 9 5 29 14 17 11 15 28 27 11 31 22 31 20 13 -1 -1 -1 -1 -1 -1
1.3469 -0.6070 -0.1742 0.4241 -1.6460 -0.4835 0.5355 1.1661 0.1617 -0.6728 1.4425 -0.2215 0.0313 0.1819 -0.0629 -0.5416 0.4745 -1.1646 -0.5009 -0.4086 -0.9343 0.0845 0.1437 0.0755 -0.1556 0.5509 1.7020 1.0061 -3.1349 1.1395 -1.8698 -1.7791
0.1278 -1.3510 1.5540 0.6970 -0.8115 -1.6433 0.3307 1.2250 0.0962 1.8768 0.5338 0.7984 -0.3061 0.3780 -0.2265 -1.8857 2.4725 -0.1469 0.1156 1.3304 0.1096 0.2155 0.4291 -1.1513 1.5248 0.3605 -0.6109 0.9302 0.3565 -0.9522 0.1519 0.0006
0.3350 0.3748 0.7138 -1.2008 0.0014 -0.9215 0.4962 -1.3317 -2.1906 -0.4361 2.5451 1.1501 0.0844 2.4862 -0.1944 -0.1862 0.8539 0.3074 -0.0722 -0.4688 -0.0654 1.0526 -1.3096 -0.6687 1.3414 2.5314 -1.8405 0.4050 1.6323 -0.2227 -0.5778 1.2422
-0.5535 -0.7227 -0.5715 -1.3900 -2.3952 1.1540 1.6881 0.2238 -0.2016 0.4996 -0.1813 -1.7498 -1.2104 0.4242 -0.3888 -1.5565 -1.4392 0.9489 -1.5265 1.1369 0.4845 -1.0018 -0.3185 0.1581 0.3609 0.2555 1.4261 0.9273 -0.5106 -0.1716 -0.9104 -0.5229
0.0740 -2.3468 0.0997 -0.0464 -0.2476 -1.3054 -0.5763 -0.7645 -0.0607 -2.4345 -0.3310 0.4726 -0.8852 -0.9440 0.7346 2.6429 0.6118 0.6577 0.0460 0.7703 0.5931 -0.9334 0.3754 0.9198 -0.7141 0.3745 1.2572 0.9761 -0.0222 2.0659 1.0319 -0.2493
-1.9691 -0.3270 0.1339 -0.3812 0.0248 1.6381 0.8197 1.3465 -1.3748 0.0096 1.3314 -0.8276 1.9349 -1.2749 -0.6569 1.5132 -2.1842 0.7989 -1.2746 -1.1729 0.0296 -0.0740 0.5428 -0.1689 -0.3203 -1.1946 0.2615 -2.5082 0.6222 0.1922 1.3536 1.3915
-1.4449 0.5750 -0.8151 -0.5219 0.7594 0.4425 0.4379 -0.0908 0.1770 -1.1341 -0.6527 0.5918 -1.1898 -0.6489 0.7356 -0.0559 -0.8392 0.2828 1.2904 -0.9957 -1.5342 0.1053 -0.8846 -0.3676 -0.5786 -0.9080 -0.0628 0.1680 -1.1218 0.9599 1.2911 -0.2415
0.1285 1.4489 -1.3601 -1.1374 -0.4482 -0.1144 0.5374 0.1631 -1.9429 0.9787 1.1334 -1.0442 0.4555 -0.7262 -0.5092 -0.7778 1.4744 -0.9636 -0.1434 0.4546 -0.9634 -0.3503 -0.1991 1.6124 -1.3679 -0.0807 0.1434 -0.3426 1.2978 -0.0673 -0.5008 0.7633
1.2087 -0.9073 0.8194 0.6622 -0.0884 -0.8400 0.8448 0.6130 -0.9812 -0.5322 1.7238 -0.6865 -2.0786 -0.3227 0.1333 0.6982 -0.4107 1.9592 -0.4944 0.1882 1.0962 0.0741 -2.4145 0.7082 0.2550 -0.6844 1.1479 1.0659 -0.5373 -1.4766 -1.8084 -0.1897
-0.5923 -0.1448 -2.6861 -0.0202 -1.2643 -0.4018 2.2063 -0.0327 0.9876 0.3710 0.7166 0.1426 -0.1461 1.0858 -1.2950 -0.6332 0.5019 0.1703 2.0465 0.0702 -0.0531 0.3539 -1.4939 1.5027 -0.3116 0.6482 -0.8127 -1.3599 -0.0733 -0.2261 0.5404 -0.5126
2.4855 0.1469 -1.1438 -0.0586 1.3880 0.1512 -0.9753 -0.5228 0.7633 1.4769 -0.7613 1.4271 -0.7528 2.0360 -0.2485 -1.2566 -0.2843 -0.0516 0.7413 1.0545 0.5658 -0.9905 0.0725 -0.3727 0.1028 -0.4037 -0.7778 2.5809 -0.3664 -1.8373 -0.4485 1.1256
0.4634 -0.8752 1.0141 2.2226 -1.4403 -0.0079 0.7205 1.2195 0.2998 0.9462 -1.1141 1.4932 -0.8651 -1.9859 0.1174 0.0081 -0.9839 -0.5413 0.3610 -0.4730 -0.6700 0.7703 0.5627 -0.9933 -0.0448 -0.6925 0.2114 0.7103 0.9692 -0.4139 0.2748 -0.7872
0.8327 0.2931 -0.2709 0.3876 -1.7938 -1.0048 -0.0024 1.2681 -0.5927 0.3262 1.1671 -0.6963 0.3934 -0.5743 2.0947 0.1451 0.8251 -0.6819 0.2639 -0.5067 1.2678 -1.2479 1.9331 0.1834 0.5936 -0.6570 0.2697 0.1916 -0.0078 0.3946 -1.3727 -2.8515
0.7418 -1.5187 0.5708 -1.4433 -0.5323 2.3064 1.6564 0.0189 -0.5324 0.9509 -2.2165 1.4849 -0.5925 -0.8654 0.0854 -0.6326 -0.7313 0.8879 -0.0496 -0.7812 0.3813 0.5897 0.7909 -0.2920 -0.7704 1.1302 -0.1372 0.8726 -1.4431 -1.0646 0.1978 0.3175
0.6107 1.2174 1.4150 -0.3549 0.0453 0.8427 0.2663 0.1111 2.0924 1.2921 -1.7515 -0.5631 -0.3240 1.8838 -1.6615 0.5889 0.2362 -0.6134 0.8132 -0.3470 -1.6011 -1.1937 1.3619 -0.6152 1.3442 0.1378 -1.7786 -1.6543 0.4150 1.5689 -0.1037 -0.3722
-0.2687 -0.1474 -0.0291 -0.5287 -0.4181 -0.6320 -0.2205 -1.3554 -0.1713 0.6229 0.2182 -1.1164 1.0613 1.6466 -1.6538 1.2117 0.9180 -0.5450 -1.9590 0.7788 1.2032 1.0446 1.1886 1.1965 0.0904 1.1701 1.4186 0.3205 -1.0496 2.0805 0.0388 -1.2460
1.1018 1.4729 0.5843 0.5473 1.3372 -0.9609 0.1448 -0.5853 0.9361 -0.0261 2.5576 0.5330 -0.8718 -1.3507 1.9253 1.8463 0.4231 -0.0113 0.8883 -0.3268 -3.5595 -1.2707 -0.1178 0.4668 0.4907 0.8950 -1.0223 -0.6335 -0.3716 0.7741 -1.6230 -0.9620
0.8933 -0.2812 0.3597 -1.6022 0.5847 1.4833 0.9120 0.6269 0.3777 0.5161 0.6082 2.3750 1.6836 0.0736 0.2755 0.0174 -0.9567 0.4426 -0.2435 1.0780 -0.1337 0.2686 0.7608 -0.6075 0.7798 -1.0879 0.3157 -0.9400 -1.3033 0.1523 -0.9331 -1.6639
-1.3312 -1.0832 0.0555 -1.6110 -1.2109 0.1256 1.3500 -0.9127 0.1889 1.1731 0.3427 1.4217 0.7772 -0.9844 1.5675 0.5338 2.8110 0.4547 1.7252 0.8971 0.1149 -0.2023 0.4730 0.7994 -0.3561 0.0625 0.0736 -0.2246 1.8311 1.2042 -1.7425 0.7519
0.1031 1.0954 -0.3845 -0.4447 -0.2203 -1.2762 -0.1727 1.4465 1.0078 1.2907 -0.1980 -0.7377 -1.7108 0.1964 2.0235 1.4559 0.9911 1.4484 0.7422 0.2515 0.8493 -1.2411 -1.3311 -1.0003 -1.7530 0.3796 0.2068 0.2173 -0.3632 -0.0813 -1.0311 1.9077
1.1950 0.6714 1.5270 -0.3288 0.7574 0.2695 0.0899 0.3774 0.4776 -1.3471 1.6370 -1.0699 0.2857 -0.3722 -0.5504 -0.6612 -0.5850 -0.2373 0.8598 0.8818 -0.3758 2.9009 -0.1412 0.4660 0.1709 0.6220 -1.1083 -0.4194 -1.2713 0.0648 -0.1197 0.8472
-0.1435 0.9621 -0.0485 2.3262 -0.1360 0.7101 -1.0717 0.2245 2.3465 -2.0808 1.1686 0.3238 -0.2753 1.1137 -0.9239 -0.6804 -0.1659 1.2250 -0.9983 0.2319 -0.0159 0.0416 1.0917 -1.2235 -0.4935 -0.6253 0.9151 1.7977 0.2928 0.6418 0.3916 -0.1534
-0.3738 -1.0454 2.2139 -0.0592 -0.0398 0.2771 -0.3243 -0.4816 0.0637 0.5067 -0.2820 1.2525 -1.5894 0.3728 1.1840 0.2369 -1.1276 0.3302 -0.7674 0.5309 1.3458 1.7723 -0.6754 -0.3340 -0.4601 0.5291 1.0399 -1.5711 1.1601 1.8927 -1.9879 0.4298
-0.5909 -0.2130 -0.6602 0.9516 0.6925 0.1059 0.4221 2.0935 -0.8098 -0.5074 -2.1616 -0.6964 -0.1227 -1.6734 0.9312 -0.1140 -0.4457 -1.1571 0.2855 -0.6227 0.8674 -1.1464 0.1107 -0.6036 0.8712 -0.4827 0.8557 -0.2377 -0.6231 0.3825 0.4971 0.2663
0.2642 1.1201 -0.3328 -1.7816 -0.0981 0.7566 -1.2938 -0.1578 0.8750 -0.6328 -0.1137 -0.5985 0.1854 0.2377 -1.5544 -1.1264 1.3502 1.6569 0.0816 0.8768 -0.5342 -1.2454 -0.0315 2.0215 0.7355 -0.6689 1.3450 1.0117 0.3137 -0.8200 -0.9511 0.3301
-1.0337 0.6033 -1.2946 -0.9533 1.9522 -0.2005 -1.0877 -0.1755 0.6617 0.5240 -0.3607 0.4121 1.2929 -0.5436 -1.6669 -0.5821 -0.9860 -0.4882 0.7872 -3.1709 0.5470 1.7722 1.9876 0.8205 -1.3374 0.1307 0.0871 -0.6119 -1.8785 0.5411 0.8623 -0.6440
3.0605 -1.4576 0.9779 -1.1937 -0.3993 0.1552 -1.7714 0.1178 -1.9141 0.5001 0.3471 1.2097 -0.4342 0.3266 -1.2002 -0.0232 -0.2635 -0.1838 -0.4481 -1.4283 0.2589 -0.3316 -1.3481 0.2698 1.4050 -0.5900 -1.2785 0.6662 -0.1760 0.5069 -0.1908 1.3974
1.3136 -1.6746 -0.9850 -0.0605 1.4850 0.1182 1.3930 0.5179 0.4459 -1.7358 0.2907 -0.2412 -0.5075 -0.7695 -1.2850 -0.0815 1.2672 -0.1005 -0.6724 -0.3534 -1.0194 -0.3796 0.5195 0.4095 0.5489 0.0262 0.2318 -1.0297 1.5149 -0.9988 -0.1285 0.5828
-2.4130 1.0771 -0.2560 -0.7534 0.1824 0.3684 0.2682 1.4577 -0.3245 -0.4187 -1.8549 0.5621 1.4681 0.7252 -1.2218 -0.8904 -1.1691 1.0346 1.4357 -0.2350 -0.5515 -0.3324 -1.3978 0.4756 -0.1412 1.9728 -0.4921 0.2226 1.3705 0.2285 -0.8024 1.2504
1.0153 0.4567 -0.6691 -0.2043 -1.0075 -0.9506 0.5144 0.4867 1.2383 1.3187 0.0473 -1.6147 0.9925 0.6717 -0.3858 0.3484 0.8060 0.8211 -0.1706 0.8934 -2.1408 -1.1928 0.7217 -0.1787 1.0885 0.2740 -0.0059 0.2255 -0.7288 0.7459 1.2505 0.7214
1.0940 -1.2490 0.5433 0.2887 1.6151 -0.7930 0.9755 -0.2554 0.5044 -0.0677 -0.1595 -0.1875 -0.1467 0.2399 -1.2811 -0.6462 -1.2385 0.4374 -0.0673 0.0228 -1.1222 -0.2585 0.3143 0.1825 0.8804 1.4925 0.3568 2.9120 -0.0612 1.5222 -2.1033 -1.2617
0.3024 -0.6597 0.4428 -0.2980 -1.2712 1.2293 -0.1018 0.0754 -0.7401 0.2757 0.2249 -0.6631 -1.0111 0.0659 -0.9663 -0.9185 0.0015 0.1468 0.8194 0.4121 1.8154 -0.6972 -1.2111 -1.4688 -1.5021 -0.4507 -0.7097 -1.3860 0.6343 0.4580 -1.3380 -1.4928
0.9475 -0.9452 -0.4270 -1.2663 0.0907 -1.5216 0.5934 0.9975 -1.5219 0.9882 0.3088 0.1491 1.3810 -0.4728 -1.2633 0.3518 -0.9902 0.4628 0.0887 -0.7518 0.6809 -0.0004 -0.8306 0.4954 -1.0982 0.7932 0.0651 -0.0746 0.5501 1.9913 -1.2061 1.6701
0.3903 1.1520 0.2540 0.1143 -0.1027 -0.4586 1.0489 -1.4669 2.2373 0.3083 0.2644 0.1944 1.1689 -0.3649 1.4416 0.3976 -0.0043 -0.2159 1.7902 -1.6725 -0.8396 -0.2570 -0.7789 0.6136 -0.3627 -0.2622 -0.3092 -1.4574 -0.5304 -0.7660 1.3042 1.3904
1.1055 -1.0464 -0.4395 -1.9284 -1.7743 -0.4743 -1.3687 -0.0871 0.5483 -0.0327 -0.9579 0.0174 0.3440 -0.1726 -0.7346 -1.2382 0.4418 0.8713 -0.5234 -0.3314 -0.2422 -0.5140 0.2000 0.4456 -2.0022 -1.4321 0.7697 -0.0589 -0.1596 -0.4316 0.7960 -0.2865
1.2360 0.3997 -1.2767 1.1130 -0.3104 0.4855 -1.5051 -0.8704 1.6223 0.6859 -0.0312 1.6117 -0.5877 0.9770 -0.5323 -0.7847 -0.7104 0.5669 -0.9112 1.0727 -0.4001 0.0540 -1.0441 0.0872 -0.0106 -0.8520 1.0875 1.1426 1.1120 0.2101 -0.5423 1.1523
-0.7596 0.7438 -1.6243 0.3089 0.2793 -0.8554 0.6028 0.4883 -0.6012 0.8054 -2.2746 0.5882 -0.4340 0.2086 -0.0226 2.5995 0.5080 0.8202 0.2200 1.3174 1.0921 -0.9270 -0.3358 -1.2061 2.8597 0.3807 0.1271 0.7252 2.0096 -0.4425 2.0605 0.9006
-1.3003 1.6772 0.2154 -0.3520 0.7905 0.5075 0.5853 -2.1910 0.8014 0.7682 -0.6536 -0.5625 -0.1123 0.2704 -0.0383 -0.3747 0.2662 -0.2388 -1.4770 1.8973 1.0193 -0.2045 0.2333 -0.3653 -1.9873 1.3788 0.4197 1.7642 0.0230 0.7548 0.6812 0.5216
-0.4003 -0.1906 -0.2601 -0.5294 -0.0879 0.9396 2.6531 -0.7613 -0.6124 2.2106 -0.1951 -0.7441 0.1622 -1.0453 -0.7195 1.9742 -1.5547 -0.2035 1.9278 1.7052 2.5400 1.3866 -0.2475 -0.1631 -0.5118 0.6463 -0.3330 -0.7221 -1.2170 2.2513 -1.2240 0.8599
-0.6969 0.7441 1.1692 -0.1497 0.6323 0.9260 -0.5559 1.7535 -0.2989 -0.7034 -0.1087 -0.8702 -0.2059 2.2412 1.6100 1.5867 -1.4512 0.7146 2.3409 0.7280 1.5402 0.4667 0.0060 -0.3354 0.4870 0.7428 1.4846 -1.5640 -1.7350 -0.7267 0.2968 -1.8194
0.6402 1.8503 -1.0073 1.5569 0.5426 1.9463 0.8271 -1.6898 -0.0194 0.0953 0.1608 1.7445 -0.2699 1.5159 0.0164 -0.1234 1.1530 -0.8893 -0.6793 0.2834 1.3165 -0.3560 -0.3511 0.4669 -1.2649 0.5970 -1.4453 0.0760 -0.9576 1.8525 -0.7662 -0.4179
0.0231 -0.3859 0.9720 1.1562 -1.5332 -0.0781 0.7097 -1.5818 1.1205 0.0136 0.8409 1.8829 1.7439 -0.1170 0.5441 1.6525 -0.2420 3.0133 -0.0495 -0.5595 -1.2228 -0.7533 -0.5219 -0.5961 0.1554 0.0266 0.4846 -0.2876 0.1063 -0.2960 -0.5961 -1.1754
0.1504 0.5034 -0.9074 0.2854 -0.7268 -0.2838 -1.4682 0.4593 0.3929 -1.1177 -1.7503 0.6879 -1.4650 -0.3948 -0.2835 -0.3201 0.3875 0.2808 -0.2102 0.2478 -0.0689 0.8186 1.0095 0.1016 0.6087 1.8011 -1.4137 0.5430 -0.2779 1.5180 0.2849 -1.0828
-1.2273 0.1272 1.5786 0.1984 -0.3420 -0.6069 -0.9068 1.3595 -0.3226 1.0488 0.8725 -0.6161 1.8042 -1.2027 -2.0671 0.1349 0.7208 -0.8784 0.5663 0.0990 -0.3959 0.0069 -1.2236 0.0052 0.8506 0.2802 0.4534 0.7094 0.4251 0.0393 -0.1146 -0.1635
-1.2162 1.6938 -0.8221 0.9915 -0.3505 -1.7358 0.8430 -2.2529 0.6018 -1.1560 1.0963 -2.7160 0.7829 0.0958 0.0158 0.2955 -1.3973 0.2867 -0.2378 0.3512 1.3656 -0.8125 0.1884 -0.1142 -0.4913 -1.3388 -0.5937 0.9506 -0.2457 -1.3158 1.2982 1.3313
0.7974 0.6073 0.9655 1.5162 0.4627 0.6592 -0.7704 0.3712 0.0599 0.8737 0.2110 -0.1951 1.2280 2.8959 -0.8262 -0.5936 -0.6882 -1.4932 0.4070 -0.0944 0.1111 0.7189 0.2085 2.6046 0.7432 0.4706 0.0566 -1.2798 -0.3373 -0.8783 -1.0781 -0.5498
-0.8439 0.2298 -1.7167 -0.1933 0.3945 1.9306 -0.9302 -1.2550 1.0532 0.0514 0.8991 0.4789 2.7613 0.1674 0.9842 -0.6342 0.1045 -0.7928 0.3708 0.7155 0.2057 -0.0640 -0.0764 -0.2559 1.8091 0.6956 0.0768 -0.3604 -0.2871 0.7938 -1.0749 0.7309
0.2594 -0.8912 -0.6807 -0.8003 0.0791 -0.1287 1.2008 1.3403 -1.2644 1.3380 0.3831 -0.1144 -0.1337 -0.7649 0.2176 -0.6599 0.4077 -1.2593 -0.2638 -0.2042 0.5812 -1.0337 -0.6623 0.7808 -0.2188 0.4214 -0.9257 -0.3688 0.9877 0.8440 2.5044 0.2853
-0.6736 -1.9498 -0.2851 0.4590 -0.7461 -1.2294 0.3754 1.2954 0.1628 -1.7217 -0.0761 0.3954 0.9647 0.1695 -0.8662 0.6194 1.4445 1.0048 0.5544 -0.8734 -0.3012 1.3601 -1.3472 0.0931 0.1935 -0.5191 -0.3833 -0.4778 0.3183 1.2272 1.4826 -0.4167
-2.0653 0.5936 -0.6211 -0.0120 -0.6186 -0.5615 -0.7294 -0.9241 -0.7109 1.1161 -0.7428 0.9537 0.5405 -0.7388 0.7266 0.3049 1.8274 0.7229 0.1579 -0.3279 -1.4556 0.1880 -0.8671 1.2350 0.0255 0.9354 -1.2481 0.5269 -1.4798 0.2482 0.3710 -1.6431
0.3774 1.3835 3.0239 -0.6220 1.2598 0.3376 -0.0722 -1.6657 -1.6822 -0.3626 0.5979 0.2536 -1.4606 -1.4284 -0.8303 1.2535 0.1461 0.3178 0.5239 -1.1681 -0.3147 -1.1703 -0.1274 -0.6088 0.1875 -0.2199 -1.2009 1.0754 0.0301 -0.6628 -0.4205 0.2816
1.0213 -1.0314 0.3340 -0.5110 -2.3494 0.2409 -0.5281 0.7682 -1.2948 -0.8155 -0.0678 0.0213 2.2455 -0.4135 0.9122 1.3057 -1.4573 -0.7183 0.1516 0.3548 -0.0087 2.0476 2.2473 0.1201 0.2055 -0.7849 0.4584 -1.5043 0.8790 1.7986 -0.2554 -0.6222
1.4318 0.5018 -0.2606 2.6357 0.5966 0.9352 -0.8013 -1.2828 -0.4808 -0.7353 0.1319 -1.6986 0.7634 0.6766 2.5151 0.0637 0.0314 -0.5623 -0.5240 0.6864 -0.1499 -0.5109 -0.0744 -1.3497 0.2310 -1.4541 -0.5891 -0.4881 0.0529 1.5874 -0.2677 0.0870
-0.5839 -1.0381 2.2040 0.5539 -1.3342 0.4868 1.0697 1.0380 -0.3617 -0.0168 0.6201 -0.3653 -1.3049 0.4856 -1.8253 -0.9005 1.6792 1.0153 1.1940 -1.1987 1.0794 -0.0144 0.1010 -0.2830 -0.5379 -0.3450 1.2197 1.2671 2.4320 1.6695 -0.5402 0.4203
0.0203 0.9037 0.3320 -0.6521 -1.4476 -0.9221 -0.6372 -0.2523 1.8139 0.5866 -0.4020 -1.4803 -0.8811 0.7084 -0.5895 1.1851 0.6217 1.2641 1.1479 -0.0974 1.4393 1.9379 1.5647 0.3073 1.2282 -0.9380 -0.4468 -1.6528 1.0180 -0.9906 0.1186 -0.0537
-0.1314 0.6866 0.2202 0.8632 -0.1209 -0.3600 -0.1955 0.7188 0.5568 0.1851 -0.6876 -0.2563 0.8226 -0.8050 1.0022 1.4795 0.4154 -0.3700 -0.7711 -0.9028 1.3808 1.3116 -0.1626 -1.9097 0.3871 -0.9983 0.2219 -1.7316 0.9089 1.2858 -1.1106 -0.4691
0.7650 -0.8019 -0.3247 0.5083 0.1132 -0.5696 1.3340 0.1433 -0.0846 -0.6064 0.3118 -0.6876 -0.3091 0.6861 0.3975 1.7693 0.7291 0.6685 1.3171 -0.3588 0.3598 -2.6621 -0.0171 -0.5507 -0.9259 -0.0422 -1.2598 -0.2536 0.2347 1.6496 -0.8985 0.6387
0.0845 -0.9875 2.0151 -1.2560 -0.2289 -1.4090 0.7878 -0.1946 -0.3727 -0.6939 2.0877 -0.7925 -0.3060 -0.0756 -0.0473 1.5760 -1.1923 0.0102 -0.5761 -0.5283 0.9224 1.4661 0.6077 -0.4108 1.7312 -1.4744 -0.8270 0.5045 -1.8542 -0.3440 0.4152 -0.8700
3.0149 -0.5619 -0.4083 -0.2480 -0.3164 -0.4933 -0.1298 0.3154 -1.7057 0.3840 0.4689 0.6595 -0.2387 0.2976 -1.4869 1.4855 0.5147 0.8012 0.9113 1.0754 -0.6417 0.6865 0.2301 -1.2632 -0.1774 -1.0829 -0.9030 -0.9583 -1.0288 0.1573 -0.8641 -0.2622
1.2235 0.1273 1.1486 1.3969 -1.4053 0.4018 0.3044 -0.9896 -0.9696 -1.6122 -0.8780 1.3605 -1.0071 -0.6841 -0.2815 0.5434 -1.3833 -0.7061 -1.4340 -0.7846 -0.4610 1.2779 0.1519 0.8117 0.9539 1.1183 0.5586 -0.6130 -0.6588 0.4160 -0.0596 0.0924
1.1005 0.6614 -1.1160 0.3645 -0.6264 -1.0258 0.1755 -0.2080 -1.0167 0.1366 0.4126 0.8730 -0.0854 -1.2308 -0.0176 -0.3548 0.6787 -0.2738 0.3732 -1.9281 -0.6725 -1.8468 2.2322 -0.2736 -0.9062 0.5162 0.9463 0.2450 1.5390 0.2362 -0.1777 -0.7558
-0.8831 0.0502 -0.0500 0.4175 -0.3316 0.1821 -1.9559 -0.4126 1.6522 0.3585 -1.5354 -0.5797 0.0061 0.2895 0.2627 0.1275 0.4230 1.3337 1.1932 -0.6038 0.8792 -0.9617 -0.5609 -0.3400 0.0130 0.7981 -0.4925 -1.7757 0.0208 0.4248 -0.3559 -2.0044
0.2597 0.1174 -1.6357 0.8646 -0.8820 0.8860 -0.2414 0.0879 -0.1747 -1.3579 0.3637 -0.0861 -0.5340 -1.2885 0.5472 0.7255 1.4547 2.0614 -0.7029 1.3442 -0.8935 -1.3617 -0.6713 -0.7900 -0.3419 -1.1214 -0.7890 0.6332 -1.7031 1.1340 -0.1051 0.3225
1.3177 -1.0333 0.0677 1.0447 1.6228 -0.1228 -0.1956 -0.3563 -0.4322 -1.3278 -0.5407 0.2197 0.5656 0.3814 -2.4092 -0.5401 0.8539 -0.3241 1.5746 1.2397 -0.9275 -1.1086 1.6801 -1.6714 -0.8054 0.3502 0.4828 1.0383 1.2637 0.8196 0.7337 -0.0754