add 14773 2 3
add 45673 26 96
run 101
add 44389 52 53
add 58372 74 410
add 55950 42 296
run 392
add 60239 34 689
add 28409 27 676
add 54409 76 323
run 10
add 11564 50 590
add 53504 94 995
run 656
add 36726 26 612
add 2209 75 388
add 64235 59 788
run 1347
add 8497 37 383
add 38121 49 1011
add 62591 92 1587
add 36578 99 1184
run 1472
add 11598 58 783
add 55963 9 1808
add 10326 75 2
add 49803 12 1135
add 35169 11 1266
run 2140
add 16870 35 1818
add 52019 94 872
add 3415 72 1366
run 3043
add 50370 18 442
add 1618 49 3285
run 3291
add 20790 71 2193
add 6062 77 3214
run 2441
add 2091 60 2389
add 5704 17 834
add 8610 36 3493
run 2637
add 42329 94 302
add 5767 0 798
run 2254
add 46151 71 3880
add 8067 91 3564
add 29118 64 4563
run 3879
add 54368 29 1771
add 49503 78 3717
add 15797 55 3725
run 4833
add 30602 10 1055
add 45311 18 3168
run 4470
add 42433 53 5169
add 14388 83 4559
run 4753
add 6502 28 551
add 28906 2 2687
run 4961
add 4689 37 304
add 6227 58 1441
run 2342
add 47565 19 462
add 32841 52 4018
add 63329 88 3370
add 47003 82 497
add 16172 13 6616
add 25319 74 6988
run 219
add 8876 74 3147
add 15417 55 7117
run 6643
add 21325 64 4123
add 51349 45 2272
run 1590
add 12886 67 701
add 58646 91 4757
add 58028 11 2168
add 47249 21 669
run 2229
add 60489 55 1931
add 21651 16 876
add 33978 47 8478
add 35068 5 4225
run 6984
add 59617 60 7021
add 33448 52 330
run 7125
add 21750 82 1423
add 35318 78 5177
run 5018
add 11479 28 8274
add 62988 99 4404
add 64382 45 2533
add 310 87 5652
add 57077 64 6653
add 49002 14 7391
add 7035 87 8538
add 30183 88 5604
run 7585
add 42748 81 8604
add 64883 15 2954
run 5495
add 34845 96 10118
add 56771 85 7104
add 60835 75 2104
add 507 61 2472
add 24420 83 8556
add 48043 5 75
run 810
add 57442 65 7431
add 21610 88 708
run 7735
add 55041 76 2836
add 649 69 10150
run 1922
add 7186 99 279
add 31880 54 3968
add 18612 75 9532
add 30108 75 9415
run 3576
add 45374 45 7312
add 52585 72 1631
add 7188 29 7387
run 9141
add 47923 14 4655
add 52054 36 2337
run 7172
add 59656 35 3504
add 6297 48 901
run 12983
add 27013 84 6079
add 14662 49 6993
add 48287 17 5054
run 7967
add 41156 84 5904
add 217 30 8738
add 21145 42 2312
run 4418
add 34108 91 3341
add 48509 39 3759
add 23604 78 6067
run 3464
add 41467 42 7531
add 1541 37 2144
add 34082 35 12187
run 9940
add 20697 19 3019
add 61602 79 7053
add 26449 9 2181
run 6485
add 48742 40 7903
add 12285 80 4597
add 24385 19 15282
add 37028 29 2192
add 34881 46 1819
run 3654
add 4025 43 14771
add 3976 79 3895
add 48728 40 9893
add 62595 16 402
add 16141 78 6258
add 6950 19 15853
add 65132 55 3151
add 5113 86 5482
run 15944
add 44176 77 10518
add 12083 7 8784
run 6237
add 4752 87 9987
add 27335 70 2793
run 1936
add 65434 39 12033
add 58917 33 14693
add 49071 41 9072
run 2736
add 21374 22 12623
add 5880 19 10610
run 12206
add 30419 14 307
add 20177 1 7178
add 54456 87 5665
add 20272 60 17142
add 15774 67 16409
run 2671
add 53509 52 11236
add 18785 78 2394
run 11563
add 60356 4 7417
add 33065 52 3379
add 16019 51 14579
add 60951 58 5080
add 19055 12 5648
run 5349
add 47723 46 10682
add 16537 51 16021
add 11491 86 14571
add 44606 72 3147
run 13183
add 24654 35 18658
add 37373 40 8836
add 33057 70 17212
add 17938 85 12392
run 4361
add 51058 27 10498
add 4026 17 3384
add 53203 65 16640
run 2069
add 53619 22 3047
add 39842 0 5668
add 64675 20 7541
add 45727 17 8600
add 43883 86 7923
add 19609 18 11933
run 15039
add 46203 59 13821
add 26653 76 16351
add 58729 12 14876
add 35673 61 21110
run 742
add 35014 72 5645
add 30852 53 5974
add 16958 86 9495
add 64680 7 20057
add 15962 8 9818
add 25459 79 14217
run 3298
add 29306 22 17695
add 58137 60 4293
add 22130 50 16884
run 2577
add 45800 65 823
add 35407 73 2668
run 8449
add 46851 42 19128
add 43533 1 18206
run 8741
add 49279 81 3633
add 7231 61 22901
add 44667 31 6007
run 10160
add 33817 15 17372
add 61937 15 8086
run 6179
add 53398 64 3076
add 1962 33 15329
run 13090
add 18411 68 1216
add 35115 7 10169
run 21680
add 8899 91 23132
add 27823 65 18246
run 19074
add 7001 53 2915
add 44879 85 7963
run 379
add 21092 42 3659
add 20409 68 1384
run 12196
add 60708 5 732
add 36530 34 1340
add 31153 94 18775
add 60505 4 1170
add 26581 16 24096
run 12633
add 52236 52 7854
add 29348 12 13010
add 10299 66 13710
run 13878
add 22854 5 24187
add 53018 56 20744
run 10585
add 46861 79 3075
add 42240 2 18404
run 19854
add 9113 83 18678
add 46671 51 13267
run 2224
add 3861 8 15866
add 24891 71 12946
run 5161
add 30979 62 1810
add 12013 75 11048
run 8161
add 17710 99 2329
add 17178 58 20992
add 40618 10 22796
run 18608
add 38355 93 14663
add 1081 10 3030
add 38376 30 27976
add 35543 16 1450
run 22681
add 58009 7 19639
add 47574 79 4642
add 42010 86 14565
add 34771 98 3064
run 19173
add 29177 0 3769
add 34890 84 1808
add 58203 97 498
add 33297 78 26787
run 15878
add 55756 35 19495
add 34222 22 2665
add 4263 77 4454
run 16879
add 25786 43 6851
add 54700 43 8122
run 25389
add 54110 29 1117
add 1724 36 27827
run 19343
add 59384 41 19072
add 14452 89 2190
add 41117 69 16609
run 16747
add 61706 0 9134
add 26527 50 26325
add 16240 9 17309
add 64711 11 22825
run 2998
add 59286 58 2830
add 14335 20 24377
add 57070 22 12881
add 14398 67 3327
add 29603 50 12395
run 14330
add 44463 10 22462
add 1836 46 14118
add 47550 7 25394
run 11110
add 13227 42 8871
add 6211 79 5253
add 37994 40 5685
run 32037
add 26995 53 20316
add 64330 69 32461
add 5359 35 7939
add 42752 42 1047
run 17805
add 6365 67 4670
add 5982 89 8944
run 338
add 38323 69 24977
add 23964 91 27324
run 9350
add 21572 75 5336
add 47620 57 7003
run 17459
add 60767 89 991
add 45121 17 2207
add 25423 54 17768
add 54944 53 27684
run 18329
add 61765 75 15894
add 55524 88 12510
add 44869 55 11980
add 54502 84 4179
run 8358
add 12826 7 9892
add 19532 92 2358
add 39755 40 33587
run 15002
add 51138 71 8518
add 1249 23 28203
add 16757 0 10339
add 15948 36 36652
run 24974
add 20079 8 4566
add 61999 4 13938
run 889
add 6370 18 18800
add 57245 59 4100
run 12621
add 42293 95 11360
add 35119 21 2809
run 3805
add 32066 50 8268
add 8265 84 33407
run 1481
add 52739 49 15957
add 54890 30 20303
run 30851
add 49443 97 32481
add 42606 68 10438
run 3440
add 61305 51 8908
add 15386 42 36799
run 7300
add 10307 49 4460
add 57108 84 24889
run 6772
add 20452 40 21604
add 39204 91 12967
add 62814 7 4188
run 5134
add 4929 91 2149
add 43421 61 39937
add 56257 19 26566
add 60353 95 25253
run 21552
add 493 1 25322
add 17406 75 2054
run 28341
add 4805 47 25226
add 20309 73 25899
run 11932
add 8964 69 21726
add 65038 6 3508
run 28171
add 1589 21 30654
add 44486 12 38827
run 11446
add 23219 27 38650
add 48399 2 15419
add 36371 1 15852
run 6794
add 15382 22 19700
add 19436 4 17933
run 20482
add 58282 82 12812
add 43248 51 36331
add 9764 47 9448
run 17875
add 46896 8 30520
add 58584 81 32646
run 31568
add 49634 0 9192
add 11884 37 25710
run 17421
add 18373 33 3813
add 14691 93 23834
run 18502
add 23739 85 3098
add 3145 11 4746
run 35758
add 55423 99 35456
add 43906 34 23594
add 37084 14 8941
run 1762
add 45344 30 14278
add 7271 81 44224
run 32996
add 56551 41 34377
add 64040 3 3080
run 3359
add 62532 69 22786
add 12463 25 6882
run 37221
add 51698 0 38533
add 51860 16 22072
run 3163
add 41730 43 13825
add 23827 64 29322
run 39922
add 62243 8 20969
add 3955 36 27255
run 970
add 17011 55 37967
add 33289 88 33646
run 3864
add 824 83 33665
add 19795 35 20673
add 34705 87 8282
add 59015 15 11991
run 29211
add 14015 83 21846
add 56887 54 34849
add 59129 27 21429
add 22923 27 3780
add 57241 49 861
run 7620
add 62126 70 40289
add 3788 93 6582
run 1538
add 38038 89 43663
add 60225 5 19495
run 18263
add 39002 51 41255
add 10009 71 28003
add 9496 63 40939
run 33724
add 31262 73 9539
add 30578 15 34913
add 16672 8 1163
run 12338
add 63375 35 35438
add 36068 78 24545
add 27058 12 20045
add 30497 49 26373
run 16456
add 53647 4 17660
add 30267 82 15544
add 26600 58 7774
add 60792 83 28948
run 25475
add 8926 55 39025
add 44859 42 49389
add 57383 0 1019
add 59112 47 28945
run 38536
add 37559 91 24110
add 45738 19 4631
run 13506
add 7401 44 4142
add 25362 75 46572
add 42327 31 11575
add 49904 48 13306
run 16620
add 12086 67 6952
add 46684 30 1459
add 29938 8 37690
add 4605 26 16823
run 19801
add 15449 85 37460
add 58185 94 50286
run 15993
add 22614 88 18052
add 56386 86 14254
add 47108 98 13034
add 53676 78 42741
run 37528
add 44571 98 27366
add 28685 4 31301
add 30254 48 33731
run 2223
add 31826 34 5234
add 27714 28 43032
add 31086 92 22655
add 3579 27 27670
run 9981
add 57358 34 19314
add 18927 56 11622
run 699
add 29774 53 30342
add 54397 14 37548
run 19676
add 918 74 21482
add 63911 77 32685
add 53908 19 49410
run 37584
add 25621 83 11894
add 42111 64 29406
add 28857 83 47655
run 45851
add 21295 80 33368
add 53161 15 50195
run 17941
add 43048 10 53200
add 27940 31 546
run 32673
add 38260 6 50562
add 41073 80 45472
add 49257 83 48768
run 9972
add 59749 14 7320
add 19807 28 38405
add 43004 2 4845
add 50805 61 4444
add 50103 14 17457
add 50861 84 50738
run 52908
add 6631 82 4101
add 54684 34 17897
add 39979 43 39857
add 61892 59 17899
add 17023 87 20010
run 52584
add 47412 91 16083
add 61582 15 18144
run 44012
add 10479 95 13169
add 59297 45 19111
add 1833 43 32147
run 9443
add 40868 1 29687
add 49444 57 52620
add 61100 10 8656
add 6282 18 49474
run 49382
add 55636 49 39592
add 16318 58 48367
add 45111 60 40144
run 40963
add 87 42 57386
add 49825 78 43373
run 14349
add 3804 24 55740
add 44168 78 9540
run 26390
add 13134 55 38667
add 17648 53 57730
add 15648 52 29721
add 22469 75 32251
run 5565
add 62264 23 44570
add 31758 5 56329
add 59504 24 24453
add 1014 23 59368
add 55440 87 55260
run 53007
add 16005 49 7537
add 21834 8 8285
add 28029 59 53078
add 63933 56 10600
run 45259
add 14911 20 51924
add 2925 5 7043
add 4809 96 36875
run 48640
add 54635 78 15565
add 36303 73 46504
run 56859
add 23792 70 24941
add 11611 54 49550
run 32231
add 1247 62 33487
add 35782 54 9603
add 42568 85 39892
run 14906
add 54310 61 3446
add 46683 51 48957
add 11520 60 48179
add 44952 64 61680
run 26048
add 35864 72 27907
add 64868 21 45263
add 54814 98 29968
add 8209 12 51142
run 35844
add 40529 62 10854
add 56745 21 49299
run 14903
add 12208 67 15685
add 3277 19 15005
run 47630
add 5841 41 56952
add 30985 1 59234
add 19240 0 31256
add 43127 29 37319
add 15101 31 34436
add 55697 2 61070
add 22585 67 25853
run 16327
add 15146 35 26536
add 42607 52 29430
add 12276 46 4204
add 29009 89 14014
run 17584
add 1443 48 33080
add 12907 51 18543
add 53436 39 26734
add 61458 78 49499
add 2195 67 3775
run 35585
add 13193 34 51713
add 18173 39 59071
add 14697 12 62209
add 60304 71 12974
add 62825 16 33660
add 56665 61 10773
add 24756 21 30185
add 1926 23 17929
add 38462 91 41755
run 42975
add 8938 20 63264
add 29953 39 59845
add 37404 15 28644
add 13971 6 36217
run 32721
add 37025 11 16189
add 34757 79 49128
run 1538
add 27149 88 3583
add 23120 83 5015
run 28874
add 11862 1 9710
add 54460 51 49945
add 23728 31 58260
run 35864
add 50647 95 60134
add 24098 23 15568
add 64028 55 40686
run 16811
add 32328 76 33418
add 1448 65 27081
run 23965
add 12028 75 34022
add 39159 78 8867
add 51032 26 68392
run 31369
add 32862 19 17031
add 8674 37 38349
add 6124 64 36694
add 23280 35 20430
run 6545
add 2270 37 30421
add 190 86 48742
run 4351
add 355 14 54238
add 7833 44 9960
run 41741
add 34373 17 47982
add 55127 3 43238
add 23342 73 56719
run 48650
add 17117 64 41883
add 1826 41 35261
add 36217 71 43067
add 61609 73 34933
add 10548 47 12122
run 66359
add 16499 21 57409
add 28142 21 15794
run 43617
add 8686 11 63215
add 27433 74 54446
add 14933 17 34247
add 11474 30 46709
run 70332
add 2628 38 6327
add 19491 13 60105
run 41488
add 25164 59 14079
add 13694 1 47627
add 31645 83 5733
run 15663
add 7981 39 28283
add 21938 56 89
run 23251
add 48623 89 31262
add 13700 17 66815
run 56503
add 42223 48 28665
add 7234 9 36365
add 45426 98 73805
add 9872 25 70578
run 63809
add 39704 44 21951
add 21205 58 66462
run 16712
add 2839 61 4994
add 49544 93 5942
add 2919 65 31655
add 3125 95 11357
add 43347 30 28786
run 36013
add 61897 9 67426
add 47160 14 29399
run 9202
add 51313 4 623
add 57110 48 15755
run 46294
add 58119 30 38284
add 13852 77 56673
add 29824 75 67954
run 64628
add 43786 42 3395
add 37375 83 57475
add 2250 67 4100
add 38478 40 34188
run 4560
add 20067 24 61355
add 16348 84 23522
run 57692
add 9161 97 34980
add 31250 81 33738
add 24190 37 31629
add 33547 51 77121
run 26924
add 14729 68 10063
add 14253 82 8478
add 1259 40 52928
run 45612
add 19935 9 3855
add 8836 91 34773
run 15458
add 44883 36 53108
add 8313 85 30586
add 57998 77 77662
run 19456
add 27072 73 9182
add 57360 32 37986
add 29506 15 23048
add 14314 63 8059
add 20925 18 47187
run 48574
add 45558 3 65524
add 29977 76 29569
run 29132
add 28083 61 66263
add 9295 49 31214
add 42927 79 44475
add 752 45 58459
add 6668 13 39904
run 39484
add 44438 99 62657
add 29529 82 48243
add 44547 84 18891
add 4053 38 47670
add 7613 76 31360
run 599
add 7672 48 23961
add 12505 34 72031
add 40956 20 67572
run 66600
add 17602 54 14900
add 49456 22 68662
add 26592 15 26049
add 23861 45 12435
run 5509
add 30272 91 29737
add 10022 62 21974
add 38033 7 18099
add 61082 55 39948
run 13282
add 34319 46 38084
add 46795 42 14935
run 31562
add 46486 72 72234
add 38543 45 37825
run 1585
add 31735 83 9784
add 31974 82 36664
add 35898 55 44305
run 74780
add 65183 21 82761
add 65099 67 82873
run 32351
add 3945 84 11432
add 52749 35 18103
run 16417
add 25019 0 69946
add 11455 41 9127
add 25616 10 76572
add 62860 32 43963
add 13385 68 24515
add 17063 67 4440
run 54617
add 52270 25 32793
add 36626 14 9742
add 3405 55 45902
add 23577 35 33597
run 30540
add 19019 11 19564
add 58944 11 68676
run 16016
add 58489 61 36105
add 56207 39 68732
add 36220 98 17047
run 16482
add 45223 50 16065
add 35444 40 44483
add 57689 14 61738
run 64056
add 39976 89 70697
add 12639 89 43576
add 22294 97 56328
run 46134
add 48450 9 66487
add 3517 26 10031
run 50021
add 25596 83 64172
add 51352 45 14545
run 73714
add 2498 14 40723
add 19392 40 24366
run 44880
add 57703 68 5975
add 48715 55 47770
run 57375
add 34922 56 28931
add 8134 8 248
add 42005 15 38011
run 42433
add 24760 88 45178
add 52362 12 17766
add 61325 6 24865
add 22394 11 77497
add 56426 29 58090
run 5777
add 17914 84 46534
add 53938 9 68447
run 69777
add 42567 14 75090
add 19766 36 40297
run 15282
add 4751 84 56232
add 23816 42 62160
add 38074 54 8795
run 24799
add 20582 80 23419
add 4231 94 49415
add 4156 66 13581
add 57305 51 52850
run 24820
add 29559 21 60594
add 36342 17 83258
add 28292 75 46762
run 69823
add 59337 4 87579
add 60538 24 50998
run 45478
add 47878 57 44158
add 36022 29 63494
run 81317
add 61214 41 56690
add 26435 78 29598
run 37967
add 4679 10 88675
add 11241 27 83348
run 29140
add 40841 17 81525
add 17529 11 71079
add 45055 84 45742
run 84203
add 35772 8 58631
add 28522 87 65081
add 38807 11 57985
add 27204 78 13188
add 8928 33 74755
run 68625
add 10904 46 82057
add 16166 80 37429
add 63682 93 54291
run 16606
add 1455 45 45472
add 31328 0 88051
add 53326 22 59919
run 28755
add 37566 46 26574
add 51939 38 2602
run 80264
add 51573 29 21284
add 21925 80 82339
add 48253 74 58896
add 34615 12 65374
add 5068 48 92380
run 69019
add 35039 21 17123
add 7944 72 75515
add 2080 58 32162
add 4819 50 86382
run 36402
add 32409 55 46547
add 60769 99 40393
add 37264 0 94383
add 28300 87 13267
run 79067
add 61748 10 76777
add 52571 14 24731
add 15804 52 35265
add 39800 59 83633
add 52086 73 42523
add 45004 81 67918
run 1814
add 34177 89 10191
add 24839 67 31931
add 10264 67 33822
add 13254 90 84915
run 30529
add 33733 37 39708
add 25665 74 16567
add 35277 39 28865
run 3115
add 63572 38 60511
add 13774 10 26337
add 12340 96 55985
run 79336
add 65395 48 87627
add 56046 47 13116
run 94597
add 63858 42 64667
add 45758 4 75890
run 11095
add 62263 76 55861
add 50024 9 48233
run 28556
add 16067 0 14696
add 23170 92 20531
run 97843
add 64270 47 53527
add 7728 73 20918
add 59977 68 35425
run 81431
add 64182 94 75299
add 56707 72 10393
add 24542 87 91006
add 46280 33 15034
add 1641 24 41286
run 90118
add 5029 94 64395
add 12036 37 95561
add 9432 95 76401
run 75284
add 25476 47 57430
add 55536 50 4745
run 4751
add 60869 74 29250
add 39988 0 40473
run 84628
add 32729 18 52652
add 25955 33 84142
add 13122 95 73014
add 5263 53 79152
run 69818
add 47371 10 2453
add 65238 39 29294
add 34737 7 48039
add 33141 8 15651
run 98903
add 51713 93 67557
add 43077 81 3561
run 25149
add 51241 79 23689
add 54189 83 95268
run 74465
add 28869 22 25225
add 62317 53 27097
run 39071
add 34810 39 83373
add 30347 75 56007
run 81547
add 3382 26 11020
add 32094 67 64003
run 86858
add 2985 88 59009
add 20406 86 91860
run 91217
add 53454 33 89289
add 37825 84 24201
add 1065 72 9180
run 95517
add 48516 65 77696
add 18332 24 47867
run 20617
add 49158 62 32511
add 49714 47 92338
add 5216 36 36323
add 54708 5 93547
run 12108
add 16012 11 90588
add 61177 72 1714
add 42349 84 87957
add 24886 80 37745
run 79134
add 22702 36 51788
add 20507 19 79384
run 26759
add 5293 3 19796
add 2890 87 16242
add 62586 5 26250
run 98700
add 5939 26 91180
add 11807 5 5075
add 12819 14 1595
add 11074 23 16958
add 50407 38 85734
add 50667 6 26002
run 56793
add 9888 63 66691
add 43858 10 76532
run 67592
add 56051 6 45799
add 19196 32 22309
add 11376 2 25242
run 23450
add 26319 84 74562
add 9434 89 73763
add 64927 68 20589
add 35234 31 85848
add 55099 86 22943
add 54536 47 53433
add 55965 5 91232
run 35265
add 1538 19 98
add 40646 6 87895
add 4461 70 11987
run 92558
add 12284 38 7167
add 23549 55 58624
add 26133 78 32122
add 47767 71 2941
add 39218 34 23128
run 88537
add 3216 64 75190
add 14578 17 99779
run 75563
add 63602 52 32286
add 57621 97 43780
run 66600
add 65339 61 84878
add 50993 70 11555
add 60692 80 16838
add 9664 14 63937
add 1207 98 54075
add 19482 0 81714
add 59842 52 86110
run 62692
add 20914 44 87527
add 43240 94 46920
run 85034
add 5421 9 91111
add 49363 22 70404
add 12282 52 95654
run 66877
add 18122 54 80390
add 29786 73 83078
add 35206 76 54621
add 14 37 97513
add 55703 53 16353
add 33952 16 98766
add 40540 42 83688
add 43842 92 81335
run 23602
add 381 41 55031
add 33288 74 81839
run 92103
add 36847 4 3120
add 17731 61 15530
add 58147 85 19920
run 58293
add 13014 88 14053
add 13882 57 96460
run 53313
add 30498 8 56935
add 6345 32 60625
add 34291 28 42557
add 65391 9 48559
add 60083 66 28018
add 27998 70 48697
run 24513
add 59201 22 20832
add 36503 93 28015
add 51109 8 20837
run 31685
add 34603 42 59490
add 806 2 19129
run 55992
add 5255 84 8761
add 27404 72 69478
run 4049
add 49033 57 23757
add 25456 40 342
add 48798 93 10838
run 49374
add 26873 36 27011
add 11292 31 67972
add 18786 55 74465
add 28932 18 13278
run 8494
add 32754 79 25495
add 38378 38 91624
run 66360
add 13198 18 25254
add 31161 90 56232
add 17384 31 83168
run 84514
add 50723 31 48782
add 14166 40 58684
run 8184
add 61879 22 56487
add 47382 2 54455
add 65356 47 3489
run 53636
add 24724 81 65781
add 10316 71 68270
add 22434 28 27998
add 22065 78 79716
run 57999
add 45009 73 18243
add 1704 5 2474
run 24503
add 55283 13 1821
add 28288 41 42579
add 42560 58 77202
add 46332 64 97259
run 66264
add 58175 86 52430
add 14122 90 94282
run 21262
add 6883 79 72381
add 58275 5 89155
run 58674
add 63276 70 35481
add 59496 22 7575
add 968 17 36468
add 26640 8 9677
add 5465 98 31359
add 8820 87 6226
add 47469 38 55515
run 48043
add 35384 44 61784
add 16119 59 634
add 28095 28 94556
run 50193
add 56859 46 707
add 25391 21 61151
add 31238 85 11891
add 45080 56 37265
run 38709
add 38916 10 80179
add 2782 33 39194
add 29556 99 52051
add 15769 69 91864
add 21509 58 28668
run 72210
add 41451 35 94455
add 47408 97 34329
run 95263
add 36708 26 85540
add 24491 36 17675
add 39921 48 89951
add 25711 9 6383
add 23036 22 7187
add 10849 51 21090
add 13434 47 38956
run 65168
add 47538 36 69275
add 63543 62 70986
add 30299 54 81475
add 52773 91 6328
run 76238
add 30888 34 77669
add 10348 88 10617
run 33811
add 32307 12 99180
add 59825 48 36016
add 57167 19 60204
run 81459
add 38175 98 72182
add 40901 53 37969
run 37005
add 10882 79 89577
add 31703 79 93371
add 20897 80 50546
add 5781 0 99128
run 83276
add 41179 47 55270
add 38337 99 32290
add 42467 1 89038
add 19454 63 90201
add 30994 92 68411
run 10616
add 25260 34 45957
add 33985 96 6187
run 94685
add 51079 79 41717
add 37572 34 25536
run 20473
add 51529 59 5125
add 6505 55 19505
run 49544
add 1102 70 39
add 36832 94 43843
run 96334
add 11391 30 27109
add 47441 69 77305
add 38996 60 79795
add 55808 93 75407
run 94813
add 21637 9 64397
add 18476 97 64112
add 17320 98 49529
add 721 67 44651
add 398 28 7064
add 18623 85 13390
add 19490 30 24371
run 77540
add 36895 50 61086
add 19045 24 57584
run 50930
add 14877 40 28572
add 50247 38 35496
add 27484 44 87254
run 7507
add 38481 81 55484
add 51350 83 62672
add 64807 11 75575
run 2372
add 21873 16 21225
add 54252 13 97849
add 25063 93 2617
run 7609
add 9866 84 31747
add 26529 94 59331
run 61375
add 58153 10 2361
add 5843 97 14673
run 91338
add 24365 2 25886
add 55407 20 78313
add 20031 23 80449
run 78699
add 19321 97 84654
add 29 5 55346
add 24660 43 45472
run 22341
add 38054 35 90074
add 10116 35 60372
add 31125 89 51531
add 36304 64 55488
add 39121 74 45000
add 41840 53 37341
run 14571
add 54106 25 55403
add 22735 99 83239
run 77946
add 52747 88 8767
add 41677 80 73142
add 36117 42 11097
run 68057
add 4306 49 99453
add 29159 40 40939
add 38247 97 71735
add 37860 5 91780
run 71707
add 7051 48 61735
add 26790 83 16177
add 12743 86 59753
