100 3 5 4 6 100
-37.09 13.44 -4.61 -42.80 -80.13 -70.63 -51.34 39.40 -80.03 -16.42 21.95 36.96 -66.43 -85.61 15.77 -45.05 85.10 -51.30 -76.45 -6.99 3.98 -12.14 -40.52 24.11 -47.54 -21.97 -94.61 39.32 -97.29 7.10 -79.21 -68.69 39.96 -34.07 29.63 -46.46 -63.52 -24.14 10.74 70.67 -58.69 58.51 63.41 -16.07 55.86 -48.16 -55.21 12.75 -19.10 -98.13 -32.14 -89.85 5.06 -91.83 97.06 82.63 -13.86 -49.30 -44.31 70.48 -15.04 16.54 -77.03 91.60 -86.50 -18.57 -82.62 66.08 -98.20 -47.76 -83.28 -2.90 13.49 -28.02 -94.62 -2.16 -49.53 42.25 -67.16 78.08 -99.73 41.63 -30.09 -75.03 -37.92 -3.19 59.54 -29.57 -18.42 -93.72 -57.92 39.02 69.18 -60.55 -28.74 -41.70 -62.16 -65.75 6.92 4.32 
7.59 20.51 -82.11 74.47 -59.57 11.13 -86.94 48.06 63.58 73.70 14.60 18.18 -38.31 5.13 -61.59 76.28 -87.13 -50.15 -14.76 9.84 -73.97 75.58 -1.31 62.76 -60.90 -38.15 23.52 -98.59 67.96 41.44 56.72 64.05 -62.25 10.86 -88.09 -53.02 37.40 -66.54 -65.79 0.88 61.16 -14.54 -18.22 -21.90 28.93 -66.05 -35.37 99.81 -67.90 -85.39 3.55 -88.35 -47.93 32.10 14.57 -98.84 15.31 -96.04 -60.65 41.04 -12.88 79.72 90.85 93.32 13.01 -84.67 -84.78 8.99 -35.06 0.83 -28.50 -35.76 -26.30 95.70 89.55 36.01 4.78 95.32 94.77 -27.07 -85.78 17.23 0.91 -63.26 -24.05 36.72 -38.66 -61.71 10.52 -73.48 7.79 85.73 -93.06 40.85 88.28 54.15 46.26 -78.14 45.95 43.28 
-88.03 -54.54 -51.52 -57.00 -3.84 -81.59 22.44 75.50 -7.34 -66.83 -31.78 97.64 -81.79 35.07 -0.50 6.80 -85.45 37.70 76.19 -0.18 -70.39 -47.86 -18.78 21.80 22.69 -68.39 -34.13 5.49 -2.12 69.57 -3.67 -89.60 -93.62 -13.05 88.32 55.99 15.67 -53.51 -88.60 -86.72 -30.98 34.17 -20.66 -10.14 -49.47 69.00 -93.73 -78.73 -3.91 -1.71 6.53 25.39 69.64 -83.71 -86.17 96.38 2.61 -81.49 -76.91 -24.42 9.73 -78.91 49.68 4.05 -6.29 -23.08 7.37 -25.71 -60.83 -3.66 6.14 -28.45 -50.75 -0.03 -67.31 -65.19 -0.89 71.10 91.56 -4.26 -5.89 -86.19 -45.28 34.56 19.76 44.00 33.84 34.34 -29.05 -16.93 97.29 -38.05 26.51 17.96 -81.32 -76.66 3.14 -90.32 -50.72 -44.69 
38.12 -9.12 -14.25 -66.77 21.78 -80.40 26.07 -30.02 -0.60 44.67 27.42 -31.80 65.79 -94.74 -11.33 -39.14 6.01 -99.23 88.21 21.36 35.62 -78.17 -91.62 -68.61 46.73 25.21 -37.53 -71.80 92.22 -77.73 78.58 -63.64 -51.59 -6.40 -7.25 86.73 3.32 41.82 -98.48 -80.85 51.32 44.18 -39.97 -34.85 -31.02 -57.32 -68.82 -20.58 74.24 31.04 -2.01 48.56 -22.52 18.72 41.88 -52.35 71.71 59.08 -13.44 -43.68 74.44 -16.28 59.35 -86.61 -1.85 29.83 -73.30 -1.78 -33.42 -41.95 -94.98 30.70 74.61 -24.71 -73.41 63.15 45.20 -78.22 -1.68 17.67 -37.59 -41.95 -14.03 -87.49 -94.24 -82.67 10.52 -11.56 11.96 14.68 -84.80 -66.19 -36.03 78.12 21.28 -93.03 7.58 -6.90 5.94 22.33 
-87.38 -52.93 26.74 -5.35 25.83 -60.44 -78.58 -72.77 -91.06 -84.98 33.38 -83.03 -99.30 0.95 -61.67 -1.77 -86.66 -68.33 -7.38 -71.61 -2.21 -89.35 -97.94 9.29 -41.36 76.90 -95.73 -37.74 -38.58 -44.19 95.19 -8.54 98.47 -24.93 -22.21 -57.40 81.40 0.39 -70.14 -44.46 86.02 -79.50 17.55 87.97 -43.93 -69.94 26.01 -14.49 93.73 80.07 -23.28 -5.57 -76.00 89.18 19.56 47.44 1.59 66.56 -69.18 -16.95 -8.12 41.55 -94.44 -1.20 54.13 23.23 96.51 86.14 -17.82 -93.62 -88.62 -31.33 47.58 -86.94 -57.73 38.26 15.33 -50.10 83.33 -74.40 -3.56 51.23 -93.71 -55.57 -94.78 71.28 -85.84 -9.25 74.98 20.92 -66.33 25.42 -59.65 97.46 -22.39 87.67 20.95 -95.24 -13.21 95.43 
33.56 23.33 -0.52 31.00 -23.93 -62.11 -63.10 44.72 -70.25 77.88 -81.30 -35.47 -28.36 21.23 -9.64 16.23 -34.76 -98.49 6.42 -12.85 -93.77 -71.13 11.10 -12.97 -4.31 21.84 42.95 17.46 -14.40 -96.73 62.81 65.28 88.39 -70.10 -25.93 -43.00 -73.03 -0.13 -41.97 -46.49 -29.55 -34.43 -30.06 -35.57 25.51 -1.83 48.20 -38.42 2.99 -69.01 35.63 -82.32 -65.85 -61.03 16.31 -65.12 -71.75 91.90 7.26 -29.94 -26.27 -82.63 21.28 59.76 -91.32 38.98 -66.17 -33.38 -60.62 46.60 83.14 52.41 45.36 -84.23 10.61 65.24 20.17 -11.80 -18.36 29.22 -45.77 51.35 -84.86 51.84 -1.83 14.83 85.10 -39.48 38.88 -19.32 -49.71 -28.90 84.00 -49.95 41.50 -87.78 -68.37 -40.75 -65.51 -4.10 
53.06 -14.66 16.96 53.79 9.89 27.14 99.00 12.31 18.45 29.47 -24.88 -35.22 -80.78 -11.60 60.08 81.57 10.72 -64.94 -53.53 69.50 9.90 67.77 -74.12 -58.99 -56.66 -53.01 96.00 25.32 -24.12 -49.32 22.85 75.69 -36.23 10.76 74.47 -88.35 -99.04 49.51 -43.21 11.80 -60.87 -24.82 6.28 -99.75 18.05 -8.49 76.61 -40.42 -76.78 -34.31 -43.31 36.61 15.81 -71.38 -21.06 -11.33 -92.93 -3.44 -15.43 43.31 7.59 -75.62 19.79 -47.08 23.26 -67.47 36.21 -50.70 85.98 39.28 -64.90 75.32 -98.33 38.24 7.69 -24.84 62.92 -38.78 72.64 99.39 87.74 60.06 65.25 -66.38 -76.75 -10.12 -88.59 -43.93 41.81 19.18 -27.45 -37.29 -42.60 98.00 64.93 -20.02 -71.41 -24.63 -34.70 59.29 
-13.85 48.68 -96.21 19.89 9.18 -98.12 -5.51 -67.63 -97.11 -6.02 2.49 64.61 -70.66 58.90 48.90 -70.78 -53.64 -15.28 -11.28 90.65 -40.54 -49.71 7.86 -33.65 48.13 29.72 -72.71 -85.28 15.83 -76.33 7.43 31.13 42.54 -18.84 -93.25 -76.63 37.75 81.44 -80.29 50.00 -65.47 20.38 -5.42 7.30 -87.93 17.97 -50.08 -21.57 8.43 -13.14 -94.38 -82.39 -72.02 -59.63 48.67 -66.00 -5.30 -88.07 22.32 -79.57 -33.65 -23.11 -81.48 23.61 -84.00 -80.98 -38.00 -58.65 74.80 -92.81 1.98 64.78 -8.82 -33.09 23.68 29.65 -82.34 8.06 -34.43 -83.86 -75.10 31.86 3.33 78.32 71.27 27.26 63.37 -29.97 4.25 -67.11 84.17 21.18 -99.48 -50.50 47.76 -90.53 -40.42 -59.54 78.59 -37.43 
80.74 52.19 87.14 -61.93 -1.62 83.59 -88.98 -50.05 -5.55 -68.02 86.28 -36.40 -68.94 23.51 -58.24 36.53 41.57 -63.86 30.61 92.77 -6.96 -67.96 21.08 -81.18 -43.62 -56.69 43.88 -86.26 -92.23 -97.51 22.64 -63.48 71.97 21.47 -41.05 72.85 -26.20 -73.04 -20.47 8.95 80.82 -37.07 -70.27 38.96 26.65 44.43 10.27 44.48 19.44 79.62 -60.73 89.83 80.15 55.35 -84.62 -24.01 -89.06 19.89 21.19 -24.60 25.59 -86.64 23.72 18.16 -6.78 7.46 11.42 -30.99 27.27 49.44 70.92 -36.51 -45.91 -93.87 51.56 -42.68 -24.07 -99.21 -38.41 -40.16 -86.24 12.92 -83.87 45.76 -33.83 -83.00 23.47 88.44 86.54 55.79 -95.75 58.02 -40.47 4.84 68.44 -87.44 45.19 0.59 -78.88 23.43 
33.13 -17.71 0.92 -7.10 -80.06 -35.19 -54.75 -96.91 -37.04 -94.70 -22.11 -81.91 17.08 -76.64 -84.77 14.40 26.84 -89.97 -79.55 -98.00 -10.84 70.26 -99.80 39.13 48.24 -12.45 -65.53 40.91 29.25 -31.98 -42.13 19.26 -42.15 -92.01 -95.96 -7.43 -42.97 -8.75 59.23 -25.39 -63.68 -88.82 15.38 -29.21 39.58 -59.07 11.49 18.87 19.38 78.69 -44.45 -21.31 -19.19 -85.40 -45.95 20.89 -22.14 -4.34 -26.40 -97.85 2.77 -52.74 18.71 -35.75 -12.26 4.89 -0.47 -64.27 -100.00 -36.56 -92.53 22.49 -63.29 -66.46 -50.97 -80.37 58.13 10.67 -92.92 51.58 48.51 -81.62 -75.64 30.59 -31.22 -89.52 93.44 19.39 -56.31 14.52 -16.02 56.06 -48.59 -64.48 -61.40 90.79 18.26 -42.16 -12.97 1.01 
94.83 19.04 -41.12 11.31 97.03 -16.68 -99.78 -28.25 22.56 -90.39 -85.57 74.20 -88.91 48.12 51.91 -97.12 27.05 83.93 83.85 -52.33 -39.15 80.70 -6.81 12.47 -83.14 0.37 35.08 17.51 -35.31 -24.76 -21.42 -99.82 -94.88 -72.23 -52.08 2.57 -13.05 67.36 92.06 -77.28 83.39 85.20 -60.83 17.70 96.17 65.70 26.61 -98.42 -80.45 -68.69 -26.62 -56.61 64.27 -45.72 -35.46 69.70 13.78 -13.92 91.25 -67.64 89.81 -83.31 77.32 5.79 5.85 -70.31 91.63 27.10 -76.33 26.67 -5.95 -26.42 -97.60 16.87 -13.47 -90.02 1.91 92.50 -33.72 -61.88 49.26 -91.28 -51.98 58.17 -1.94 -98.11 -53.91 3.84 68.13 7.28 45.11 -96.78 37.87 -34.66 32.77 40.49 -55.06 79.90 89.62 84.95 
-11.13 25.81 -5.54 75.49 14.44 -0.88 -72.69 20.58 -98.34 -98.93 -20.16 1.70 19.75 87.29 4.01 -87.13 53.81 58.36 -23.03 51.76 -21.10 -6.36 -27.41 -71.06 0.63 -44.52 96.19 -84.61 -90.68 -62.13 -20.59 -54.51 28.71 25.20 -89.05 95.69 -62.05 -58.54 42.56 -11.71 -22.07 -84.81 -66.76 -57.67 -37.05 25.48 -35.19 25.36 -40.08 65.01 70.37 -71.90 28.72 34.53 -40.16 15.95 -65.66 28.00 37.61 -52.95 -96.41 61.11 -63.58 -52.63 -18.49 -35.89 7.59 -20.77 64.42 40.77 23.53 -51.12 -39.31 9.81 -44.12 -56.88 66.77 96.82 -97.53 -44.94 -7.70 86.75 85.89 -64.02 -99.14 -93.33 -96.73 -98.35 15.05 -8.06 -71.24 57.48 -84.03 -88.55 -36.67 -1.48 5.42 88.37 11.86 76.60 
-31.08 -91.05 -28.25 7.38 -55.57 -16.60 78.87 -7.36 -80.22 34.51 -11.39 -41.62 8.34 -60.37 57.23 0.93 6.95 -70.50 -18.17 3.38 0.32 -37.12 -39.85 -25.90 -81.63 -51.19 -16.31 -96.22 -32.26 -15.69 -64.04 -0.93 -45.08 -82.37 -56.35 -89.57 60.44 13.33 -92.61 84.89 -33.45 -85.55 -67.25 -11.34 68.26 -36.71 -7.89 -35.37 -57.77 -17.87 -15.26 -19.90 -21.80 -75.38 96.33 12.84 -99.67 9.78 20.66 37.35 83.27 72.49 -89.13 -36.63 54.16 53.45 -83.47 -98.35 -12.49 0.48 -34.61 74.65 -20.05 -27.72 -17.67 -86.80 -58.60 3.85 17.06 -53.50 -25.03 -41.27 -33.22 60.06 90.55 22.81 75.92 -87.96 18.08 -71.03 -37.06 14.95 -68.72 -30.70 -13.74 -80.69 26.73 -81.94 -32.67 -78.43 
-31.09 96.94 6.20 22.16 61.20 -69.06 -60.33 23.91 89.32 -96.67 32.62 -0.88 29.41 -86.86 -62.37 -86.92 -45.61 -56.38 83.99 -73.85 -26.88 -99.30 -90.50 21.66 -89.13 -57.65 -14.09 94.54 33.36 72.85 -89.17 -47.65 -59.91 -94.03 -81.10 65.46 -32.54 -16.22 0.36 -73.37 -6.65 -45.07 41.09 -19.52 13.44 41.92 44.90 -38.67 23.58 7.43 -48.04 -12.57 -4.66 -65.67 -30.46 -60.54 -69.69 -89.55 -37.01 -22.58 -53.88 21.88 -44.91 17.78 73.31 9.73 4.97 -69.01 -15.73 -43.84 -12.80 -20.48 -28.34 -96.95 -36.48 9.37 -19.71 28.99 -81.26 85.55 -83.57 75.17 13.03 33.56 25.90 71.26 -65.19 19.64 -82.31 98.94 -93.59 -10.51 37.73 -98.76 80.06 38.57 88.29 -13.78 -98.37 -49.31 
-74.54 -39.19 -11.41 -0.68 -37.74 -56.70 -32.63 -45.30 -33.15 45.63 -0.43 -81.24 -73.54 -30.42 -80.88 -9.32 78.97 23.19 -65.01 10.42 -51.44 73.67 17.50 -42.31 -18.45 -82.59 -13.41 -39.95 -58.38 -63.01 3.18 61.90 5.55 -74.49 -79.85 10.39 67.62 50.14 -5.85 73.82 -6.37 -49.53 -6.65 -9.05 56.31 -18.34 -31.42 7.38 24.70 -10.73 -17.66 46.31 -47.66 -92.96 -22.02 -13.23 34.62 -91.13 2.79 -86.14 -62.64 -74.56 39.66 7.44 -49.68 -79.30 -53.91 -31.94 10.05 -6.11 87.13 29.52 98.85 -55.13 -94.35 90.71 0.77 -18.77 89.13 -51.65 -66.09 0.64 -45.33 -58.25 -11.10 50.33 9.64 97.59 54.62 -15.50 50.00 56.22 -38.94 27.85 25.83 -9.09 30.95 -23.45 2.52 35.25 
21.01 -3.92 80.63 17.70 -40.35 -65.46 -9.40 86.58 19.15 -38.32 -0.43 -43.92 61.08 86.46 -42.96 97.50 -28.06 22.97 -57.65 -66.58 -44.78 85.17 4.45 -87.35 -98.92 -45.33 -32.45 21.33 29.87 -44.76 91.11 -38.84 7.13 -70.56 -89.27 -15.59 -73.76 -49.12 1.88 -38.97 -81.78 22.89 -7.18 -93.83 -11.02 -19.73 -39.91 -61.11 -37.32 50.97 -36.93 53.72 50.77 -33.19 24.98 50.28 27.30 -60.10 -27.59 -86.80 -69.78 44.68 -48.56 64.31 -88.16 -26.77 -40.08 -80.56 4.76 1.99 -41.23 -78.80 69.27 -67.03 -64.20 -48.00 -26.59 85.99 17.03 -67.09 42.13 83.85 -22.52 -32.00 39.24 72.70 63.64 -66.82 -42.95 68.75 -60.94 -58.21 -84.22 -62.90 78.02 87.78 43.09 -25.10 57.09 -92.60 
57.37 38.69 35.45 -39.55 80.38 -33.46 -58.09 -36.94 -90.87 39.54 -81.05 -84.22 0.46 -77.68 -62.34 -81.09 19.28 -11.17 27.38 -77.62 -0.15 -50.07 -4.43 -12.18 9.30 -60.21 -96.77 16.29 -71.39 -39.23 -67.15 76.65 -53.14 -45.55 -0.67 -47.88 -20.53 -78.24 26.23 -96.39 -91.42 19.56 67.22 -51.62 -24.66 18.31 25.12 9.88 -54.47 -66.78 -94.25 -34.81 -25.63 43.39 -11.24 9.78 -76.45 -24.93 -2.61 76.19 -11.67 8.35 -91.09 -22.01 64.38 -52.84 -82.59 28.16 14.29 -79.68 -5.07 -90.60 -76.82 92.04 18.09 5.51 13.60 -52.73 12.41 22.11 -26.73 66.58 -46.14 88.87 46.75 -12.11 -60.52 26.95 10.28 -75.05 85.71 -81.58 6.64 -81.30 64.04 23.05 -15.31 12.71 -94.76 0.45 
14.08 62.80 -44.06 10.91 -22.68 10.35 -6.60 -41.07 37.21 63.51 -81.48 69.94 -86.22 36.99 37.06 -93.07 75.30 -54.22 -84.95 -80.61 -50.46 -58.20 -96.38 -36.78 4.77 -0.61 -59.58 28.86 -44.43 -20.99 50.30 -60.48 10.87 -99.09 -8.75 99.44 -48.59 15.21 25.21 -78.00 4.97 -27.47 -8.16 -71.55 -93.32 -20.12 -24.41 -70.11 -44.84 -69.44 12.14 -82.72 94.41 10.05 -20.16 72.44 6.76 98.54 -18.04 0.91 8.48 -38.62 33.29 -76.52 -54.11 -90.03 -26.09 -72.97 -73.51 -37.62 -27.16 -94.94 -87.49 75.73 71.81 -77.12 75.21 45.73 55.30 92.82 -71.06 6.96 -64.49 -88.43 -18.42 -70.89 14.96 77.18 90.50 26.10 79.01 -32.85 -24.53 17.79 17.50 -38.59 -19.84 16.46 6.40 -76.45 
-32.71 -5.02 -55.84 -56.96 -41.71 80.99 27.29 94.57 87.96 -55.28 -83.09 -82.90 -51.56 -36.78 -69.99 -1.33 3.77 -14.19 -41.87 -94.46 8.98 -67.39 23.60 -56.02 -55.37 -34.07 -23.56 -57.67 39.22 -74.29 -90.09 51.96 -60.85 -1.16 18.98 -70.52 -77.78 19.77 -9.45 -92.73 -2.84 -70.28 -5.60 -51.25 -14.76 -33.55 48.56 -64.24 99.01 -45.69 58.12 -72.80 79.74 -69.58 -1.12 -46.77 -67.64 38.53 21.55 -3.13 -59.28 -61.06 7.41 8.33 -36.55 -35.87 -2.02 -89.79 -68.26 -80.64 -21.40 13.24 -88.97 -59.05 21.31 -24.65 30.78 -92.69 -98.89 30.15 -83.36 79.15 -43.12 -63.53 -15.22 0.11 89.74 22.19 83.39 83.33 91.50 -30.39 66.87 -63.76 12.90 21.86 -37.81 -48.59 -18.57 -27.32 
23.45 -31.06 -55.82 -57.52 10.82 -49.31 -3.23 9.14 -86.71 55.30 16.41 -22.43 -38.00 -90.79 -76.34 -30.74 -29.41 -26.56 -44.89 38.93 -1.58 -92.24 -81.83 -70.24 19.63 -78.80 -2.52 71.84 -31.30 -19.07 -9.49 -98.72 -90.94 25.87 69.46 85.78 -10.96 -70.77 -14.53 -23.72 -46.81 75.79 -30.41 79.24 -41.91 -63.90 -51.43 -24.56 -41.17 61.05 -27.31 -30.71 -48.85 -65.66 43.73 -28.88 -34.51 3.97 -32.01 53.70 33.98 15.63 1.29 49.69 9.48 -56.62 -17.03 39.39 83.57 6.57 -48.32 27.57 -36.98 13.02 -90.16 -85.89 -5.43 -61.22 -6.34 -15.17 -75.04 -2.91 94.25 39.92 54.28 72.89 -34.78 -81.55 -36.91 -37.12 15.99 -59.37 48.00 -21.85 -55.24 13.18 93.10 64.23 87.37 -67.36 
43.58 -55.28 -74.78 -99.94 -80.15 -37.57 15.77 -22.71 -93.61 -16.42 -58.14 -58.83 -25.04 39.26 45.60 -44.80 -34.18 48.28 -10.05 -68.21 -36.78 82.80 24.13 -88.70 -26.27 -49.17 0.50 -43.67 -34.89 -55.96 -95.99 -27.30 18.92 -23.91 1.53 10.78 -51.79 70.65 74.07 58.66 -87.79 79.52 -41.32 29.88 -59.06 -48.22 -1.00 8.02 -0.23 72.75 18.43 -97.86 -46.50 44.47 -6.21 5.13 -42.20 14.05 -7.71 -59.33 -77.12 -27.35 -71.65 -44.87 15.42 -51.90 47.91 -36.99 9.46 7.85 -43.86 -8.15 -41.04 67.64 -35.46 -11.43 -14.49 22.42 -99.25 -86.33 -1.53 45.92 -76.89 72.77 -58.63 -92.53 11.10 -60.68 19.83 -47.46 -7.50 -75.34 -44.05 -64.26 -42.43 -46.69 -88.10 12.53 -19.76 -15.32 
-98.21 -32.28 -20.17 32.98 66.61 -68.29 -54.55 -58.79 -19.57 62.46 15.93 -96.41 -12.11 82.41 -47.34 -71.45 -45.91 -89.72 -29.75 91.88 35.42 21.41 -99.25 -91.64 73.65 -2.13 -92.42 -26.30 98.53 -80.82 14.02 -54.70 98.54 -21.84 -73.63 -45.74 -33.60 15.18 -30.05 36.35 -38.04 -65.62 -88.69 86.98 -5.33 -15.77 0.01 -21.01 55.75 -40.44 -22.15 46.24 63.83 -19.88 82.24 -66.51 -5.53 47.12 -59.27 -44.09 -33.94 -77.73 -42.09 11.36 -90.15 -64.74 -10.61 -49.64 -82.07 4.19 -27.80 -8.18 -13.82 7.20 -72.24 -93.87 -81.57 -86.93 6.64 -7.80 2.58 -59.17 -51.43 -81.05 37.32 58.50 -70.64 -61.32 -15.59 22.76 -6.59 -82.68 -94.02 73.99 -96.78 -9.08 -61.93 -86.03 -29.39 -67.95 
53.79 -55.41 -14.10 94.74 -71.02 -9.52 -2.78 8.85 25.48 28.66 13.61 -56.10 -84.67 46.14 9.50 -95.64 -55.89 -26.25 -44.54 87.20 73.95 -84.72 -96.24 -63.93 -51.26 -69.08 23.78 -10.96 -49.99 40.46 -98.86 87.90 17.86 24.93 -34.34 73.83 -24.57 -99.72 -46.62 -96.35 -0.26 -4.90 -72.45 68.46 -65.46 -64.26 95.80 -87.08 28.46 -69.58 -26.54 -71.45 58.05 94.04 -99.00 -48.89 14.76 -7.66 -96.31 -47.63 59.95 -35.59 -86.15 11.91 -0.62 -61.90 21.02 -45.23 -69.60 59.23 3.97 -23.12 -91.19 -36.15 65.37 -47.53 20.60 -78.90 27.34 -50.14 -64.78 -51.89 61.81 -90.74 -48.49 -3.44 -83.91 -76.17 -8.86 -82.78 -7.39 -20.18 91.36 -13.30 -67.33 -96.46 26.56 -24.93 71.74 60.21 
90.94 -69.56 75.51 -52.03 76.29 84.39 -45.87 96.53 -12.31 -52.14 87.45 64.19 37.64 78.44 -90.76 -99.58 5.94 94.60 -73.61 4.05 -17.38 -37.44 -32.57 -98.71 87.50 59.42 -16.74 6.04 0.60 58.79 47.81 26.70 -81.44 -44.04 -3.80 69.50 98.75 10.57 3.57 25.81 -19.48 -25.46 -11.19 -72.63 92.55 43.40 -57.63 14.74 20.44 -71.93 -44.34 74.73 -67.05 34.42 25.97 81.95 -16.18 -86.51 82.37 2.08 23.37 54.93 17.15 -84.57 22.28 84.30 40.69 -72.89 -43.60 11.29 33.58 -20.55 52.92 -78.49 90.56 -73.02 -70.18 -75.34 15.06 -48.79 30.95 71.14 -70.59 96.60 -13.48 -35.50 -62.06 17.87 -47.43 75.77 3.81 -54.21 -91.96 -11.15 2.57 -98.44 64.94 -67.81 -69.98 -15.71 
30.16 -29.55 -70.32 21.20 -49.10 -94.99 70.54 73.05 90.64 -53.38 -80.92 -55.89 -34.47 -33.88 19.55 -36.52 -39.29 88.93 -6.04 -42.53 41.18 51.89 -15.18 -30.91 -3.87 -99.03 -35.20 -87.51 -87.80 95.26 31.66 92.91 84.56 59.36 4.61 -71.25 -15.04 20.16 -91.67 -35.97 61.49 38.03 39.45 -41.32 -27.89 -93.44 -10.93 30.03 -15.78 14.15 -88.11 -81.59 6.20 -1.26 19.68 -45.98 -25.53 46.71 -69.88 -10.41 -5.79 20.28 14.77 55.00 -42.86 64.30 -35.67 -40.24 13.07 -97.41 -97.72 -68.47 -87.47 -74.35 60.73 -15.25 -92.27 20.19 30.37 -71.37 -13.57 -21.33 -69.51 32.33 -31.30 69.07 93.77 26.38 41.20 -86.48 24.42 -56.49 -22.05 5.26 -5.04 -66.64 -3.25 -68.71 -57.92 -97.18 
-69.97 5.15 -19.87 57.26 -30.08 -31.69 -66.92 -90.90 -23.03 -24.74 -90.11 24.83 25.02 -36.33 60.45 -16.90 -75.11 -77.87 -33.48 -65.58 -77.20 -13.09 -33.21 9.51 -49.79 -0.62 6.56 -76.11 -30.08 -50.95 -63.35 26.46 -4.85 -6.47 60.69 11.33 -39.55 -60.17 89.24 -12.19 76.52 -53.44 -14.81 89.58 -58.68 -89.94 -94.35 40.92 -92.19 68.40 43.79 14.87 1.73 -70.94 -41.09 9.13 89.95 -52.29 -14.35 27.97 9.80 -34.02 29.40 -14.49 15.20 39.96 36.83 69.37 11.59 -98.57 99.83 63.24 -60.11 -39.91 43.21 -45.38 -77.99 29.08 7.94 28.25 -12.67 14.20 33.15 82.20 5.79 0.20 12.70 -11.46 12.92 -98.16 -85.30 52.40 -5.10 45.52 39.60 -85.27 33.79 40.21 -24.48 -87.60 
-37.89 -15.32 18.05 57.67 -7.19 -89.96 -10.37 -15.17 -7.25 36.35 8.70 9.15 -91.55 -82.92 -39.06 84.01 -25.92 92.57 -49.68 18.50 82.42 36.90 -49.72 -62.92 -12.64 -61.55 69.09 7.52 -13.32 -58.76 -82.22 -45.40 51.46 -29.82 35.03 7.36 8.43 -19.87 -23.46 -32.47 -75.51 -9.81 -57.45 -38.33 -74.64 -86.59 -44.77 -98.98 -53.64 41.13 76.52 -99.27 98.52 -20.81 -32.32 82.75 -77.69 82.97 29.96 9.54 -98.21 68.89 23.40 15.58 -80.28 91.90 24.45 45.50 -58.58 39.27 -69.89 -66.20 -0.45 -36.06 -73.29 -56.22 -87.95 -81.53 -64.85 19.41 -53.93 -31.82 -38.42 -27.76 -46.54 6.23 71.59 40.20 -81.43 -67.75 -27.80 -91.94 26.87 -55.17 26.21 -24.29 -81.67 -39.52 -2.11 -53.11 
21.61 -81.75 5.90 -7.48 -82.11 63.01 -56.06 -72.61 -92.98 -11.95 -78.41 -13.90 -2.72 -44.26 -69.29 28.65 -40.68 -80.92 -42.23 -51.29 -49.09 -45.46 -99.30 -68.00 -8.85 -58.04 -93.55 -79.16 -55.99 -15.36 -78.14 -89.04 -12.03 -28.62 -32.44 2.69 73.78 63.11 76.61 -73.96 96.23 -60.22 37.16 98.17 -2.94 -99.13 47.06 -37.49 -7.35 25.31 96.11 25.33 -5.23 -22.24 85.94 62.51 99.01 -60.29 1.45 14.58 77.18 -50.22 28.43 -76.57 54.65 76.51 -8.86 67.07 -48.52 99.70 0.28 -22.12 47.15 -68.13 -4.45 41.12 9.13 -29.03 -16.05 -36.65 -33.16 -26.97 -69.53 20.21 26.25 44.86 80.96 67.06 19.33 13.35 -71.06 9.00 -73.48 -33.04 -40.10 49.94 -55.09 -37.33 -83.92 -89.13 
74.28 -4.42 0.80 -37.32 2.39 84.37 -43.14 -94.10 -12.79 -17.53 25.00 -10.06 -57.26 44.55 6.56 16.63 5.10 86.17 49.02 -62.28 -86.87 89.37 46.73 -66.06 -43.22 -20.67 -86.51 -57.58 74.23 10.11 11.26 -24.55 -89.27 -83.75 -8.76 -70.52 -86.25 57.85 38.28 -11.06 51.67 5.18 -63.64 -84.96 -54.28 -26.62 5.75 -96.68 19.40 -80.63 -36.33 -91.83 -21.70 -54.57 48.34 80.05 33.30 89.71 -48.00 -50.25 77.86 -77.39 8.93 -3.09 -31.59 59.28 5.56 -48.06 80.49 19.43 20.35 -7.93 68.20 -42.06 -50.22 -36.32 -34.36 -38.78 21.84 -97.88 -42.11 -95.14 -63.69 -90.94 -39.85 10.45 -70.94 15.71 -50.22 71.26 20.79 -9.89 -44.43 38.13 70.78 -44.86 -27.44 -35.14 -95.03 17.68 
-33.64 -12.59 -14.59 5.59 -41.51 12.95 -75.74 74.82 -60.19 -28.36 -43.28 95.66 20.61 -37.28 -94.36 -87.36 -31.46 36.81 -14.08 -85.21 83.57 56.88 -52.22 6.27 71.61 35.17 -67.47 -92.17 -40.28 -11.72 16.29 11.23 -0.38 -24.01 -10.15 -2.42 -99.80 -8.57 -15.66 12.02 -12.91 -18.92 -75.33 -11.03 -47.06 -99.61 -68.79 -84.25 -49.88 83.46 -20.67 -5.06 84.99 -5.52 -45.85 -0.39 10.05 98.77 -78.97 -9.56 -32.90 -10.83 21.17 -68.87 -99.35 -21.81 81.13 13.92 -0.66 -15.00 -7.53 -74.81 -98.57 -72.17 -24.29 3.27 11.60 68.02 27.50 -43.11 -0.96 5.20 99.13 -86.77 -11.97 -8.32 15.99 -20.85 -80.56 -62.52 -79.85 -73.14 15.56 -47.15 -60.76 -16.53 9.71 -34.08 -63.89 16.57 
-37.44 -99.74 -89.30 -28.22 41.34 -53.94 61.61 37.52 -1.41 47.78 -36.10 -11.52 46.26 -19.62 -18.45 25.87 27.35 -28.89 64.29 12.52 -31.81 -88.93 -50.46 46.46 -1.05 41.35 -72.01 -22.33 -23.84 -93.06 5.74 -82.38 80.16 -68.78 -50.37 -87.43 2.08 21.12 -91.82 -76.23 27.27 -35.45 -96.96 42.90 -29.75 21.53 36.92 -16.17 -34.09 -1.87 -49.08 -8.07 -93.84 30.51 -86.44 -43.63 -5.22 14.73 -27.83 -69.27 -75.46 -52.09 4.37 17.63 -84.56 -96.10 -52.89 43.61 -73.54 -10.43 15.36 99.59 11.65 -41.76 90.12 -61.21 -41.37 9.37 -5.73 26.56 78.01 -29.91 -44.96 -21.08 13.72 -42.06 -20.01 52.18 -46.45 -62.60 -22.57 -26.37 16.22 -41.03 75.76 -88.10 -56.97 -85.32 23.57 -80.48 
-5.91 11.51 1.77 -64.41 -5.95 0.78 -19.44 -80.57 18.85 3.52 84.41 -1.08 -16.75 -72.93 93.69 4.28 -47.30 6.73 18.34 7.25 9.42 -55.84 -51.00 6.60 -22.96 -10.84 -62.29 94.88 -89.48 19.67 92.65 -8.05 76.73 25.89 -67.52 63.20 0.44 6.82 -87.61 -2.63 -21.86 -85.25 56.85 23.59 -42.75 -58.82 -5.88 -59.57 77.15 13.76 -55.45 -99.62 -47.48 -70.51 -42.33 26.83 -47.31 -44.29 26.82 28.11 -50.80 17.62 22.92 -62.91 65.96 95.20 -25.71 63.96 -70.19 -21.66 -38.49 -28.55 -27.06 -22.60 -37.13 -60.69 -68.40 82.55 21.53 12.06 -39.13 -5.22 48.61 -1.14 -81.67 2.90 12.14 -54.54 -19.02 -62.29 26.04 89.25 -64.35 11.70 -34.48 17.47 17.86 60.77 68.05 -19.82 
64.79 4.72 -58.24 48.11 -40.51 77.01 -27.51 7.34 -33.77 -74.35 -31.65 30.14 69.87 -38.60 -5.43 -79.95 8.98 33.62 76.04 25.93 8.91 10.12 47.76 -66.24 -86.89 -96.92 -7.50 47.85 25.34 87.51 -54.31 -12.69 -39.02 -81.99 94.20 20.07 -86.14 77.95 29.78 5.00 -78.31 -12.29 20.25 -97.41 -93.05 -95.89 37.60 -57.89 16.56 -38.80 -76.81 -82.08 -13.72 -83.92 -4.58 -49.81 -57.51 -47.35 -52.19 -43.04 56.45 -8.53 -31.41 66.22 85.34 -17.69 -74.55 -78.31 -23.41 -31.87 -19.45 -67.93 -30.10 -54.39 -82.22 -38.03 -5.25 -80.08 -10.11 3.97 44.53 29.61 -6.97 -48.91 -83.26 15.96 74.23 -67.44 68.35 -91.37 68.64 98.16 -11.60 -87.72 16.80 3.23 -22.22 76.76 80.07 -5.08 
-2.60 59.03 -65.94 -23.21 -44.28 -53.39 -60.56 -0.58 20.39 -81.29 -72.92 -60.65 52.29 -46.86 79.89 41.38 -65.61 27.64 8.10 63.32 -8.78 6.65 2.40 -61.27 -81.76 -31.59 -55.50 45.46 -93.43 23.15 29.82 85.00 28.83 -31.39 84.25 60.50 -75.28 -30.00 -98.40 13.71 -36.85 99.89 -45.80 -46.58 -0.06 -66.54 -11.68 1.65 27.20 -41.47 22.72 -52.63 84.66 -30.33 -48.54 42.93 35.15 -70.46 -75.42 -82.20 -21.05 -52.31 -87.92 -82.89 32.56 -16.93 -39.16 -17.68 -38.59 10.10 47.88 -65.46 94.49 3.37 95.01 1.47 48.22 4.30 -11.52 86.41 2.92 11.92 -9.84 -94.28 -94.16 -8.97 -16.30 71.93 -34.86 16.53 87.01 -66.41 -7.85 -97.74 2.10 -14.27 -9.91 22.77 50.61 -53.15 
23.33 -51.42 15.15 26.93 -22.04 -52.02 -52.66 -83.44 69.17 -2.64 -22.25 -25.24 16.80 -85.40 -98.77 9.53 67.97 96.10 -78.04 -71.46 81.74 -81.55 25.16 28.63 54.74 -84.55 74.71 26.93 -80.22 3.97 31.40 74.78 -59.02 9.84 67.51 -40.85 14.01 -96.28 10.78 -79.81 7.86 -78.91 -80.93 -84.91 -66.73 99.94 -23.83 63.04 -70.46 -2.40 -17.73 84.86 -4.76 -41.42 -93.51 54.79 -68.77 -41.47 25.65 18.42 -12.55 -33.57 82.82 -90.79 -88.47 -77.38 62.30 79.42 -49.46 -52.88 -79.35 -33.00 -7.01 -90.38 -14.35 69.75 -35.77 69.46 26.26 -68.74 88.05 -49.04 7.95 -90.11 8.16 -88.63 0.19 -58.23 59.19 -54.51 -94.44 -37.50 -4.26 -71.20 -96.81 54.11 5.14 13.71 11.76 -22.42 
99.95 -32.42 -75.32 89.39 26.26 -70.89 -94.43 25.67 -96.93 31.24 92.21 12.35 86.31 98.99 -19.82 14.32 -84.89 19.50 21.85 24.72 59.80 94.67 -96.98 -96.90 39.45 16.24 20.26 46.48 -35.05 -85.77 66.06 -59.57 11.43 -55.98 -66.01 -74.79 -34.65 -94.58 -72.15 -60.90 73.68 -83.12 5.78 -73.11 50.81 -55.84 18.07 -94.29 2.92 -40.20 -66.54 27.18 -45.11 94.77 16.79 -91.24 33.22 -33.20 -47.18 28.82 45.44 -18.95 57.91 -31.31 -18.28 -4.10 -38.55 -99.23 -20.73 -92.90 73.41 7.89 53.75 36.86 -99.50 11.61 36.33 4.02 67.98 -11.38 50.52 77.36 -56.55 95.21 -50.01 -5.81 72.92 -38.02 -71.51 -47.29 -6.21 76.71 29.39 20.02 -42.05 -39.94 72.01 21.55 11.02 -79.85 
-72.98 -54.59 -43.63 -0.83 -31.52 97.49 83.97 8.63 26.01 -61.23 -2.85 -73.79 1.35 23.75 34.29 90.94 -4.09 -15.94 18.34 -57.82 24.21 -74.95 10.09 71.22 -99.75 -92.62 19.39 36.83 -92.03 25.82 43.71 20.55 -38.08 8.31 1.14 -95.33 35.23 -16.03 54.82 65.59 -68.72 -87.00 -27.59 -83.10 -36.65 -25.90 -37.47 -45.73 82.48 -40.17 -45.10 -29.57 0.81 -24.53 -84.89 26.48 25.14 -65.59 -94.33 -92.42 7.47 -45.90 11.60 44.62 -72.72 9.44 -85.32 -42.24 -91.84 -94.96 -58.88 -64.50 -80.43 17.00 81.50 90.12 64.28 -45.27 -68.86 30.61 -55.18 -57.33 -77.66 64.72 13.86 -42.55 -3.72 89.79 44.15 -47.94 18.16 33.18 -91.85 -14.03 -31.47 -31.89 -22.25 39.15 14.21 -38.93 
-11.05 48.30 -10.29 -40.11 86.66 -9.92 -88.30 -72.52 -75.97 43.15 -82.86 -73.92 29.41 -69.54 -84.68 -60.02 55.78 65.02 -84.91 13.85 -18.99 26.35 -31.58 -11.58 -15.48 96.90 -40.60 27.57 -76.08 -14.17 27.15 -41.13 -83.92 -75.16 21.43 -97.31 -71.07 -30.41 -28.75 -47.69 -0.64 40.42 16.31 -20.03 55.69 -8.60 -5.92 25.13 -61.21 -73.60 -75.85 -43.16 -67.52 -17.05 -77.04 -82.60 -96.79 41.17 -13.81 82.00 -78.23 97.55 91.20 20.02 20.19 24.69 -96.41 -83.69 -1.19 52.58 -59.74 57.16 94.48 -73.57 98.51 -46.02 -0.90 -46.56 -26.25 -26.33 -32.70 -34.32 33.11 -62.28 34.30 -82.07 -86.13 -11.16 -49.30 24.31 41.95 -93.52 -33.79 -17.92 81.94 -72.67 -3.59 33.67 5.20 13.91 
-95.33 -48.90 -52.59 31.54 -77.24 4.65 -64.72 -18.73 91.08 59.53 62.70 8.39 -45.17 58.15 -84.99 -19.12 -32.51 87.06 55.78 85.38 50.28 -79.97 93.79 9.25 -74.82 -82.43 -42.49 -56.42 15.04 16.51 86.38 -96.56 -16.76 -7.71 -51.37 -93.44 72.76 -97.97 17.00 -37.88 -36.30 -32.34 96.55 -61.64 62.44 57.95 0.01 -83.84 -58.54 -94.23 1.22 -85.72 -54.95 91.57 -44.76 -6.69 -5.08 14.20 -41.31 62.48 -99.83 89.13 -63.40 -63.35 -28.12 7.60 37.77 -62.01 -85.51 7.44 80.37 -31.74 -22.61 -32.15 48.81 -19.72 -56.72 -57.24 53.97 -93.46 4.56 -67.77 -42.33 24.43 70.31 -84.97 -58.43 33.10 -99.99 -2.85 -80.58 -42.33 -48.90 90.96 -63.53 15.40 -8.37 -45.80 -8.77 -32.15 
20.80 -5.11 -36.15 -33.81 3.87 -51.85 -96.75 -62.90 87.41 13.80 -72.50 -24.25 95.14 11.97 -1.85 6.33 98.12 73.06 14.45 -74.49 4.01 6.67 -26.73 16.79 -40.77 -87.34 23.62 -97.70 -91.18 -34.03 -76.68 62.76 18.36 -27.37 -47.66 -89.13 -67.47 -26.69 -18.46 -18.92 4.63 78.82 -65.37 25.31 -9.45 -49.82 -49.40 2.76 -79.59 99.48 -73.36 55.91 32.79 -57.31 -25.33 -3.29 25.14 -48.60 -56.23 93.13 -43.53 -25.21 -41.39 -13.69 9.01 27.76 -22.88 -37.31 -35.90 -93.88 -39.75 -18.58 96.95 -58.60 -53.55 34.53 -3.54 -49.88 36.20 70.43 -6.41 51.66 -12.05 -40.27 6.57 -24.49 77.67 6.60 69.25 -55.11 -17.26 33.71 -87.10 -55.40 -95.78 16.05 -68.62 -84.43 -56.47 -57.15 
-44.75 -30.95 -18.47 -23.42 3.16 56.38 -30.20 26.50 -36.14 -8.26 -96.66 35.36 -6.11 -34.17 99.27 -39.11 -36.79 -92.55 29.51 14.26 31.77 -62.63 -93.30 -41.62 84.79 -17.96 -94.82 -73.57 -0.70 25.57 75.69 22.63 -91.97 71.95 14.76 -25.65 -90.41 57.41 96.24 -80.92 -89.61 -2.33 -61.63 20.51 -37.99 74.09 63.23 -11.26 -75.77 28.22 60.05 12.07 17.42 -48.06 21.96 -93.10 -37.60 25.75 -83.24 -11.09 -47.28 -39.90 27.07 -93.55 -64.23 12.02 -49.78 -48.26 -88.30 -98.32 80.75 -53.73 71.37 33.27 -62.17 -81.91 -24.48 -84.95 -71.13 -77.24 94.81 -29.82 9.35 17.07 -32.26 7.56 -84.83 52.13 -90.93 -42.92 49.16 -11.14 -10.24 -61.27 -85.40 14.83 -47.51 -70.83 -22.19 55.10 
-19.90 -2.37 -19.96 19.82 -6.60 -4.11 -91.47 61.99 -12.90 23.23 -8.36 13.86 25.43 53.11 0.08 -95.14 -28.24 -25.59 57.77 44.73 -72.93 -55.22 5.78 63.92 34.69 -6.11 -60.08 -9.24 0.50 -4.65 8.26 -72.33 -5.44 77.16 24.92 56.94 96.12 -74.39 67.51 10.64 -13.73 -88.04 -6.62 -47.59 -77.40 -43.55 92.80 -96.62 -44.67 -98.50 39.91 -3.86 -91.33 -99.76 -82.72 -61.96 14.62 -63.14 -31.91 10.31 -94.21 52.84 -75.72 -73.30 54.69 -21.27 -35.10 -36.72 -17.22 22.21 42.04 -91.19 -0.62 -54.19 -94.64 -72.12 -23.55 -97.64 -41.72 -62.53 -8.21 33.75 25.83 -49.11 -87.18 39.28 -20.09 87.45 93.47 13.13 -34.10 -17.30 -32.66 -24.02 -15.23 -38.34 24.55 9.02 51.27 -5.36 
-15.00 -27.20 69.65 -91.15 -72.08 12.86 -37.76 24.54 50.12 0.36 5.25 -9.39 -8.69 -77.44 -29.17 -96.33 71.44 48.01 0.12 -25.36 -0.36 -46.63 18.88 5.58 -59.90 -18.19 92.89 56.02 -11.94 -91.13 54.02 -60.11 -37.33 -65.10 -1.92 94.08 -89.78 52.38 -44.26 -12.58 -9.61 -80.36 -58.03 -73.78 -99.14 -84.77 -85.04 92.92 -82.91 -27.71 66.97 14.39 9.04 -94.52 -13.37 71.37 -92.65 -25.28 72.70 2.50 -61.71 87.35 -82.76 -23.63 -23.62 25.69 -42.32 -99.94 -23.24 54.86 -58.98 94.70 -27.61 -0.20 -74.70 49.34 -2.07 -62.07 34.01 51.86 21.36 0.66 79.74 -64.55 -20.94 30.20 -41.83 16.29 -63.95 18.81 -96.83 18.43 71.14 -67.64 86.77 31.54 -57.30 -5.60 16.68 4.04 
-77.50 61.98 2.62 -42.38 44.21 -42.89 -60.68 -93.39 -41.51 40.33 -66.84 -97.84 45.80 26.05 -52.06 91.15 -30.08 -77.54 -41.74 99.01 -33.88 -6.81 28.85 -92.55 -36.05 10.71 -0.53 -34.05 -38.17 60.63 -18.78 -19.86 -37.76 -33.39 -56.17 65.26 -34.72 -38.79 -93.97 -58.37 -83.36 50.98 -8.31 26.29 18.62 -60.63 -80.99 -51.22 -49.03 -26.92 96.39 -33.37 -6.51 -80.31 -78.49 25.48 13.96 85.04 66.34 -99.05 7.00 -68.68 84.69 -28.19 75.27 -14.83 -57.98 -32.56 23.34 30.78 -97.66 -32.71 60.36 -78.04 52.26 -98.53 41.03 -8.72 -77.04 72.60 -88.59 24.08 -54.57 -0.63 -57.62 -20.16 46.18 -30.00 -17.17 -30.81 0.06 -91.98 -92.61 -71.54 -46.30 36.42 5.33 -14.75 76.28 -52.89 
51.48 -17.50 -73.96 -34.25 -74.96 -71.11 -85.40 48.75 -57.45 -80.23 -99.97 -76.23 77.28 23.97 -19.96 -0.08 -6.96 42.52 22.78 -92.16 -20.24 -16.45 -40.24 -25.28 20.53 6.09 -30.20 -16.36 -83.97 -59.01 16.78 37.34 -78.26 -7.21 -53.15 88.44 -61.69 -18.41 24.89 66.90 -63.63 -49.78 -71.64 5.13 22.04 61.84 -78.74 14.73 -73.65 -8.36 -46.19 -97.25 -49.26 -10.98 23.29 38.74 -95.40 -66.77 -75.26 64.76 63.14 -32.93 7.77 -12.71 -93.15 -74.58 -16.94 -16.25 92.24 2.72 -52.00 -39.83 -18.99 -76.99 -86.65 -11.26 28.39 -11.39 64.22 40.36 -93.14 70.82 62.69 -67.59 6.27 8.38 42.58 -29.11 -43.23 -50.69 3.53 -27.36 -60.81 -59.99 67.58 -31.39 7.85 -13.16 24.87 14.03 
-56.62 4.49 22.90 -6.39 73.94 -34.07 8.95 -84.03 54.12 -4.24 -49.59 6.49 -27.88 -5.96 72.39 -0.85 -51.02 -67.40 -28.71 -97.25 -80.48 -74.23 -36.90 24.82 -71.05 76.89 -11.41 -3.31 -45.92 87.88 -16.63 93.90 -59.52 11.98 34.96 -89.99 -42.02 -50.59 13.37 -19.52 -33.78 -91.06 23.11 -24.08 15.63 -20.36 -28.55 -53.12 -70.97 -40.81 9.49 -83.97 63.68 21.42 -46.42 -19.59 -35.38 -98.72 9.60 -18.27 3.26 -62.60 -75.45 -75.76 79.74 12.12 -1.05 -87.02 87.30 48.30 -26.62 -93.15 -20.86 77.35 -11.00 -55.43 -85.42 44.00 -96.66 -83.51 -66.63 -46.15 -51.67 8.54 43.70 10.11 63.06 40.14 15.23 -84.35 15.81 22.36 -58.61 76.30 52.36 -41.75 -61.13 -12.30 -6.95 11.54 
-11.00 -92.23 90.66 99.64 16.52 46.04 -15.86 -13.87 19.14 -92.15 -67.56 18.13 -14.21 88.81 8.36 -71.79 -85.29 -46.97 6.80 -42.97 86.67 -37.00 66.51 -49.68 65.79 -11.85 -74.42 -36.95 -29.25 -82.60 -2.82 20.19 -81.46 -11.95 49.46 4.99 21.79 66.61 -81.33 -92.60 7.81 -37.70 95.00 3.56 -14.78 -12.51 -15.80 -43.91 -84.50 -18.24 -34.29 70.39 59.94 48.18 67.38 2.82 19.11 -11.41 96.29 2.73 65.04 -58.24 93.01 14.19 -29.62 -73.93 -0.40 -89.33 -41.79 -85.83 -50.84 -96.36 70.40 -41.84 20.54 -78.50 67.43 69.21 -66.12 -93.66 30.18 4.57 -69.12 -55.88 52.89 44.24 98.17 22.51 -27.66 -8.74 -56.22 -89.37 3.58 69.49 -46.74 18.94 -71.06 12.10 -81.84 -70.90 
-46.46 15.06 23.24 -79.77 -57.96 5.92 -51.20 -10.03 -67.33 59.78 0.18 -73.78 -45.83 0.08 48.34 -88.58 75.52 3.09 85.05 -14.86 -64.56 86.52 -14.75 -38.25 -67.29 -39.50 24.75 -24.08 17.64 -86.88 -96.90 14.25 -27.64 -80.90 45.59 -36.68 69.20 14.11 74.45 -76.11 28.68 8.56 -10.73 -31.53 -88.79 -93.36 -70.32 74.77 -97.69 27.87 -71.76 -0.40 -63.95 -37.28 3.49 -16.69 18.59 -74.05 56.02 -95.59 -67.10 -33.51 7.31 -38.25 -0.93 -44.96 -88.02 -10.84 -28.67 67.97 57.71 -47.83 -87.65 -39.23 9.06 -8.74 -1.94 -67.07 -3.28 -21.76 55.26 -54.80 -25.59 -19.81 -14.57 -59.70 80.83 61.21 -80.48 -71.86 -85.66 -98.51 -45.21 69.25 -89.11 -80.51 37.89 -97.24 -52.39 -2.19 
23.88 50.74 41.39 0.66 15.76 -76.49 13.87 -58.82 22.78 -80.32 -46.13 -64.77 -34.52 -39.39 16.60 -25.63 -49.14 -45.30 20.54 -38.75 -69.37 -91.74 -86.57 -19.69 -35.97 5.79 70.22 -50.68 -70.14 -6.61 -58.94 84.10 -69.40 5.40 -21.48 19.80 24.76 -83.28 -67.90 -12.67 -5.93 -5.01 -11.88 11.38 -43.72 3.14 -50.42 -37.31 -99.75 84.06 -74.56 35.53 -33.11 -68.97 -3.63 -95.82 -30.33 -96.77 -86.46 10.04 8.21 -73.78 -89.68 58.97 51.26 -65.41 -39.94 18.67 -44.27 -77.78 10.90 14.88 -78.67 -98.03 79.68 58.63 26.11 53.02 -85.45 3.47 -42.46 -89.13 -53.07 -11.57 -92.28 57.04 97.34 -30.51 -35.59 -79.27 -65.30 -25.62 -29.40 34.79 -80.22 11.13 73.92 -16.32 -95.81 13.96 
6.52 -82.32 -73.22 -13.23 -2.41 -1.22 35.99 25.84 27.22 -58.30 -28.53 15.84 -25.06 15.68 8.33 -89.38 -75.25 -18.95 -75.43 5.77 -58.38 15.43 -89.89 -60.29 -10.11 -23.90 80.25 -37.56 14.99 -86.96 -22.32 -46.70 -5.18 4.34 -52.62 -56.23 -55.82 -69.06 -69.92 -41.14 -40.62 24.15 -45.69 -75.65 5.37 11.06 98.52 -82.64 9.39 66.05 -39.61 47.98 95.31 -6.47 9.41 -99.69 92.77 58.41 76.60 67.86 91.52 -84.90 -8.48 -8.06 -97.21 -65.42 -85.62 -29.60 10.81 -41.01 -10.09 17.48 -30.15 -38.14 -73.49 -13.30 -42.30 -3.07 -55.74 20.89 -10.13 -18.45 -66.48 -8.14 3.14 -85.39 -25.84 92.13 -18.97 -86.53 40.12 -39.90 -95.79 -75.04 5.29 71.42 -12.25 95.03 98.87 -81.72 
-24.54 -24.48 -91.03 -86.28 59.69 84.55 14.88 -6.34 -75.53 15.93 27.28 -52.64 58.96 -79.42 -53.25 -61.38 -28.87 14.93 -60.85 -7.32 -78.98 24.27 76.16 60.36 -90.21 -34.89 -94.20 -97.47 33.20 12.81 -92.34 10.52 16.80 15.80 -8.99 -54.04 -94.87 28.43 -79.70 -58.53 -1.12 70.38 94.82 -7.75 -43.14 -72.61 -50.71 67.24 33.58 1.11 -22.91 -23.56 71.20 52.62 -63.53 -60.08 -89.74 -54.60 45.44 -51.62 -46.91 -6.06 32.36 92.64 24.80 -69.85 -32.98 -35.19 74.57 -46.74 -99.25 -95.83 -52.89 -94.69 49.06 3.27 -11.70 97.41 -63.26 -54.88 -46.87 -60.52 -84.42 -12.81 26.87 -16.13 19.26 -41.45 18.99 -9.32 -68.51 -69.32 42.90 -4.38 27.93 -56.71 -37.57 56.24 -38.78 -65.18 
45.52 -2.32 -50.06 -0.46 46.68 25.45 -69.93 86.78 22.48 -78.06 -65.88 17.50 20.77 -88.60 -7.53 -6.71 -69.19 -73.07 24.40 -46.24 22.29 -14.45 9.16 -76.60 -54.44 -46.10 -48.92 -70.44 -23.68 91.45 -19.58 -82.47 43.04 -31.49 -36.70 -87.49 -96.60 22.88 -84.15 -98.60 20.76 -73.52 -97.81 -64.99 55.77 13.26 55.85 21.75 -37.36 -30.44 -29.46 23.86 17.84 84.94 6.22 42.17 -3.81 -71.60 32.62 41.03 -41.58 -51.84 -86.02 -56.27 56.64 -20.89 -61.99 -28.21 -76.22 -95.28 11.63 2.71 36.66 32.40 14.10 64.43 61.06 45.80 19.36 -20.51 -5.88 -21.63 -21.92 17.28 -23.72 -51.87 -84.00 99.53 -88.62 -25.43 22.06 -16.69 -32.67 81.49 44.53 13.51 -32.01 -78.31 -9.98 56.18 
-29.71 93.14 15.85 4.91 15.85 12.25 -76.59 -5.03 -87.41 -64.53 23.92 15.07 -83.17 -39.48 -41.53 -29.13 -75.76 -95.19 14.44 -50.37 -61.77 -17.94 -29.32 12.21 -48.34 -21.43 -45.76 96.22 23.27 -43.32 9.29 -94.74 -93.93 -30.04 9.56 74.48 -59.17 -37.87 23.79 48.97 -2.38 -86.89 -51.68 -9.00 -13.14 12.68 -75.07 -73.02 -55.63 -27.99 60.01 15.94 -94.71 36.42 -79.17 -83.40 26.64 -58.43 18.54 -69.51 -39.21 23.35 4.59 -8.24 -94.44 59.74 28.70 -52.85 -58.40 -43.00 44.58 -62.81 -78.95 -47.80 -63.05 -5.62 24.77 -83.25 -7.63 -66.65 -7.72 -1.21 -50.89 -53.50 -11.36 74.36 -0.42 1.49 52.85 87.68 -32.24 24.27 11.04 39.85 86.38 66.17 16.22 -80.95 -97.55 -72.03 
-15.05 50.67 16.93 -79.46 -73.21 -14.02 89.09 9.29 -56.72 71.80 66.82 26.21 7.24 -23.09 60.73 -24.32 -54.16 83.79 -57.92 -61.00 -53.14 21.45 -2.20 -17.58 24.31 -79.81 -60.81 12.08 13.82 -25.15 -57.43 91.26 -14.81 -34.84 -53.99 -79.30 -68.27 18.01 -13.41 -66.26 74.95 89.77 28.36 -63.46 -70.82 40.82 -88.29 17.75 64.92 -96.17 40.59 -82.64 8.88 -37.52 -68.19 -20.91 32.41 84.93 -33.66 -26.12 -69.90 13.77 -56.61 -47.06 38.10 -70.97 -44.24 64.79 -35.92 28.56 4.56 90.36 -10.87 89.13 -68.85 -88.53 9.36 -42.98 -43.14 -82.05 15.42 24.82 33.70 -14.42 -43.20 -37.60 -13.83 -97.62 69.93 22.79 -54.82 46.09 52.84 -17.85 37.15 -74.10 -85.37 22.03 -55.81 13.04 
69.72 -76.40 17.66 -84.30 -52.63 -88.10 3.41 -68.80 44.35 -20.64 -49.48 56.82 -40.98 -67.08 -93.52 87.47 2.81 70.85 -67.83 -7.31 80.65 -70.96 27.14 -88.37 -57.25 -30.98 38.64 -7.70 -49.79 -7.90 -88.96 -41.20 -66.51 -86.52 21.47 -56.69 -96.67 -93.39 -7.87 53.77 14.38 32.06 95.63 -54.20 77.26 76.18 90.37 10.58 -78.58 41.85 79.01 4.33 -99.50 50.17 82.40 -13.42 71.90 6.13 -99.43 31.24 44.78 21.38 -25.21 -26.79 -86.74 -48.77 -33.54 -68.68 -41.81 -37.66 -54.00 -57.41 -27.31 71.36 94.67 -23.68 -83.89 -84.49 -9.11 -35.05 -18.50 -27.87 -53.89 -11.41 -87.11 28.51 10.52 -90.55 -14.66 -98.11 58.27 -36.55 -9.60 87.89 -99.67 -11.82 22.88 -50.43 85.71 24.15 
66.96 -69.99 -95.18 49.60 11.47 68.56 -84.28 -1.58 41.41 73.69 -12.37 4.38 -2.80 -26.58 -64.50 -33.99 82.75 12.90 -25.49 34.86 -43.55 62.79 84.88 -48.72 -56.36 -51.50 -45.71 -58.92 -67.86 91.62 77.82 63.16 -12.58 1.10 -6.90 -23.21 -31.74 9.95 9.45 -57.94 -71.86 -85.99 -93.42 -50.20 -16.65 -10.50 -12.92 -73.55 -77.57 20.44 22.09 -77.11 -30.08 54.97 36.20 -90.68 80.92 11.27 -77.96 -97.62 -16.10 64.81 -76.00 -85.67 -13.42 1.26 -56.57 -85.37 64.27 -86.11 -35.62 -21.16 -73.56 -38.34 20.18 -6.43 -6.24 -93.14 -76.66 29.03 -35.81 -97.63 9.05 11.39 83.44 -68.05 -94.12 -6.17 -56.91 7.82 90.69 -51.99 32.27 26.98 15.71 -42.40 -48.78 -47.99 45.51 3.72 
-78.69 -75.58 -20.68 -5.70 -32.06 -45.34 47.20 -49.49 -44.77 27.00 -95.33 -70.19 -78.28 33.49 3.59 -73.34 83.01 89.98 -29.82 -52.69 90.88 -6.72 -61.59 14.68 4.40 -32.01 26.94 -57.83 -67.37 53.76 35.38 -26.94 17.26 34.62 7.96 98.61 -12.92 -79.41 -64.13 23.88 -4.77 83.47 -25.95 -1.18 -16.12 -15.55 9.67 45.13 10.63 -42.70 -84.42 -80.10 -5.87 1.64 -99.54 -83.14 11.06 20.39 24.94 -30.47 -70.43 -97.25 95.53 -42.87 30.59 35.57 -58.09 -28.82 -27.86 27.54 25.50 39.39 -47.47 80.15 -87.66 -41.66 -23.63 32.45 -67.03 -68.36 -35.71 -22.80 -33.52 -24.34 -2.13 45.77 75.53 2.17 -91.62 -68.23 -23.44 -0.20 -77.67 -70.55 54.85 -31.80 -48.90 78.10 -61.66 -11.58 
-85.79 22.47 -98.23 66.53 66.58 -19.36 -89.35 -83.03 17.03 -21.80 -91.43 -98.80 -85.02 -64.35 -97.84 92.65 28.62 -65.61 -8.37 23.66 -80.88 81.75 -85.83 17.69 38.66 -95.16 -83.71 79.29 -86.04 0.35 -90.66 -87.03 41.23 -96.46 -92.56 -75.09 -22.53 -91.73 -85.00 7.90 43.52 -54.05 7.32 -15.11 17.32 -21.64 22.83 1.13 15.68 -72.56 -32.06 -77.19 11.36 -7.37 -64.23 -95.13 98.46 -93.57 -15.42 96.57 37.96 -16.80 49.57 59.81 -54.43 -79.89 -23.62 -32.74 -91.06 -15.65 -63.01 -66.41 30.33 38.84 57.10 -36.08 -45.74 -61.65 72.95 0.72 -57.78 -63.97 80.67 -8.75 9.19 1.77 -88.78 -87.71 -41.54 -9.38 -99.88 -96.06 -29.80 -88.12 19.25 -14.52 -88.18 -99.59 -38.85 -48.26 
13.08 34.59 70.79 -34.19 -28.23 11.15 4.56 24.94 -62.90 -8.61 45.51 -22.72 -78.11 -22.17 69.43 53.70 -62.66 -49.13 -41.03 4.85 22.90 9.63 -84.22 -26.18 13.80 -2.69 -38.81 -56.51 -83.29 -59.15 -56.25 24.98 42.62 27.36 -51.56 -54.40 99.00 -59.26 -84.91 -56.94 -94.58 17.57 88.44 24.29 -77.86 11.01 -24.44 -4.33 4.21 7.36 24.72 44.39 -67.18 -60.75 -52.19 -71.32 17.19 -45.21 -43.91 -98.70 -43.24 -83.28 -75.10 83.70 6.26 -36.90 -43.05 -44.39 -9.40 84.33 -61.20 98.85 54.84 22.69 -40.10 -33.81 57.94 -99.71 14.53 -91.89 -53.50 42.99 -7.94 -82.63 21.42 61.79 14.20 -20.52 -4.55 -13.03 -88.09 50.99 65.36 9.84 -65.26 -42.26 -31.27 -32.08 76.52 -24.56 
-65.62 94.47 33.89 -49.40 -18.43 -10.72 -99.37 -20.31 -63.61 -38.40 -79.52 -40.22 29.26 -55.43 27.16 24.21 -13.61 -16.91 -76.01 -40.40 -18.67 -33.13 -14.84 -46.10 -32.00 70.22 -60.86 -62.25 67.73 17.00 -85.40 9.31 20.94 2.62 -84.37 17.47 10.22 -29.80 -55.39 -61.56 1.44 -37.97 -70.67 -92.17 -81.82 -58.39 -93.57 -65.42 0.59 -39.82 -84.31 -53.79 -8.77 -72.79 -23.39 13.00 -45.27 -73.28 -11.28 -80.21 -47.75 11.16 16.58 -79.96 67.05 19.07 -54.32 24.01 -23.34 -21.99 -46.95 -97.60 44.49 -7.75 -76.59 -85.07 -9.73 -32.02 -0.48 -84.86 90.68 -98.69 1.82 -33.40 25.21 60.42 -64.42 0.56 -9.31 -68.21 -74.85 77.73 -55.66 27.97 65.70 -77.24 19.93 22.33 -67.86 -99.79 
-65.55 -32.02 -74.94 -43.88 93.81 -5.92 -96.25 21.47 40.21 -44.43 -24.35 -70.54 -41.51 -89.44 -14.00 -18.82 -99.04 -98.42 66.33 -86.59 94.90 -55.66 36.55 -26.14 21.99 -57.00 -99.87 -70.50 8.35 -2.57 1.82 92.23 -96.22 55.08 -2.32 81.10 69.79 -39.43 -26.82 0.99 -98.34 -4.03 -30.39 -17.26 -2.00 -73.75 -26.42 83.46 75.21 0.88 55.66 -9.94 -38.52 19.19 -87.27 -79.39 19.18 -8.46 -48.68 -89.04 -19.15 52.94 -89.07 -59.06 -77.46 41.63 -64.84 -27.22 -15.01 -64.04 8.53 15.46 -63.40 12.82 -73.56 -5.86 -15.30 82.54 -83.68 -27.61 5.30 -59.54 -71.72 -89.42 -23.25 62.34 -82.40 -53.49 -29.44 96.23 -49.78 45.42 -94.17 76.27 62.13 -24.27 12.24 -55.02 95.03 23.59 
-55.87 15.69 5.44 -23.03 52.36 -72.23 -53.91 -37.26 24.53 37.10 -59.92 -47.59 -50.76 -27.12 46.84 -20.30 -91.50 30.98 6.14 30.21 -33.23 67.06 21.09 -30.22 -83.84 -49.28 -23.23 -68.63 50.38 -2.45 -82.66 -4.81 -55.92 18.71 -66.43 58.41 -4.80 22.19 -78.28 1.59 -50.37 -45.83 17.08 -83.64 -51.28 55.05 -71.16 -56.28 55.02 -66.47 -92.59 83.48 26.77 -70.92 43.03 73.23 -18.46 66.14 -49.70 75.82 -84.88 -8.60 -75.24 18.56 18.54 -57.13 -63.32 -89.59 56.78 -62.88 -98.58 -6.98 -77.40 -6.14 -34.04 34.89 46.05 -58.12 -97.92 -9.41 -31.60 -42.76 -92.49 -48.82 97.84 -77.63 -39.23 58.89 91.48 8.17 52.24 10.06 12.98 -66.34 -94.50 -78.41 21.02 -18.14 4.94 -27.91 
40.01 -16.02 71.20 -83.71 15.21 -32.58 -92.88 84.09 -60.45 20.37 87.56 60.52 75.92 -42.42 -99.33 83.67 55.58 -25.64 1.58 -73.15 -72.34 13.74 -73.82 12.94 -65.94 46.48 -69.63 -98.52 -30.47 -36.43 -25.09 -39.68 -51.49 -21.44 -28.06 -7.70 -8.63 -7.30 -47.98 -26.85 -16.47 -35.15 -94.15 7.68 -86.02 96.55 -6.53 -7.99 31.60 44.52 2.97 -25.87 -8.41 -29.08 -65.56 24.04 -58.48 -88.29 25.08 69.38 29.57 56.44 -15.11 -2.55 -13.46 7.01 -62.21 11.21 -20.50 -16.64 -30.80 72.07 77.62 -80.00 43.14 -72.15 94.19 -12.68 -99.42 -62.54 85.80 90.33 -42.61 -60.61 -33.75 74.32 13.45 -11.60 -45.51 -73.77 8.55 -38.97 75.80 63.07 -35.73 -61.08 69.67 -84.83 -69.89 -12.19 
-72.17 -23.36 -37.09 -99.07 -39.58 -9.78 -4.21 -3.23 9.57 38.96 21.44 25.02 6.42 -98.67 -21.86 2.87 9.80 -13.25 1.32 -15.81 75.73 -25.70 -17.69 9.14 2.67 -18.03 -55.84 28.61 -13.54 -36.07 -24.12 -21.51 -50.91 -11.40 22.18 95.98 -84.11 -88.05 70.45 -23.58 -71.64 -32.95 18.86 -73.22 -17.62 82.09 5.81 97.12 -82.82 22.24 -0.39 95.01 -46.66 82.84 2.79 -94.98 -58.50 -9.52 57.43 -67.13 53.82 29.18 -15.40 -46.39 -24.18 14.19 27.09 -84.16 66.96 19.65 56.33 -1.88 27.96 10.73 -87.28 -41.33 -86.13 -75.49 -81.13 -59.06 -96.80 1.32 -5.39 -62.44 -53.23 -89.18 -80.38 75.29 26.42 -10.51 -99.67 -93.51 -27.72 -53.46 76.05 -36.55 -22.60 44.21 -23.53 7.66 
-45.80 -47.88 80.55 90.11 33.20 -67.39 -13.65 -13.30 -98.21 63.23 78.39 5.45 -52.86 -59.60 -91.65 -10.63 16.09 -67.74 65.08 77.47 -82.32 -68.92 26.21 9.71 -29.28 38.98 -92.13 -27.75 -57.00 -79.32 -46.14 96.31 -42.80 -53.77 -47.22 -22.46 -94.21 1.91 -47.57 65.31 -80.00 -35.10 -16.71 75.70 -7.22 34.75 19.93 -49.63 49.69 -36.13 -73.73 21.39 78.42 -53.81 -20.54 -91.79 -49.00 -27.84 20.33 -14.13 98.66 -7.87 -21.40 -32.55 0.86 70.87 -51.70 99.59 -45.09 28.33 -29.91 -0.91 -18.66 -88.80 -57.22 -94.00 -68.65 3.17 -0.48 -91.04 -8.02 -17.97 -16.40 -69.16 8.53 33.99 -49.08 0.80 -1.36 99.12 36.25 -92.88 17.87 -52.36 -28.29 -60.12 -6.27 82.27 -30.39 -80.03 
71.22 -16.57 -10.49 -18.93 -28.33 -1.14 76.31 2.98 -36.71 88.02 19.03 14.33 -11.99 -77.15 72.34 54.21 -99.90 27.79 88.48 91.73 55.15 -67.41 -28.35 -8.92 -16.71 -89.55 -44.02 82.52 -27.30 -48.27 -15.23 -55.92 20.55 34.67 -82.05 -45.63 -22.51 -60.39 -14.13 4.20 -91.16 38.12 -30.88 -34.25 38.82 -7.20 38.02 9.15 -34.97 -43.19 3.41 46.00 -65.00 0.34 -57.80 23.78 -47.25 -72.61 72.93 52.69 -97.05 -6.78 44.43 46.55 -66.79 0.68 -18.58 -77.07 -75.72 77.25 83.72 -45.18 80.40 -74.10 -30.16 -4.36 1.43 30.37 64.07 -72.70 -3.27 29.13 81.11 -65.89 -35.96 -27.17 -15.59 -56.46 -79.13 -31.22 -89.53 -86.81 5.69 25.09 -62.86 -1.04 -23.65 23.64 52.31 -48.56 
-44.80 25.90 -80.00 13.97 -45.18 -52.71 -67.67 69.52 -66.47 -55.60 16.50 -35.12 -8.60 -23.66 8.66 -95.67 13.39 24.88 -37.95 57.95 -80.86 -88.54 30.65 -67.71 -24.90 8.38 61.71 -57.80 -7.75 24.58 -22.90 -17.61 52.38 -95.93 -17.22 -89.95 28.85 -50.60 69.47 13.69 -51.20 -51.85 99.22 -24.91 -17.92 53.58 -80.41 21.01 -62.14 -70.67 4.48 43.90 -18.17 -99.49 -30.50 -88.67 -55.66 46.83 -28.19 -68.92 4.70 48.06 -78.99 36.03 -56.73 -44.02 59.70 -59.25 36.00 85.90 -87.16 4.57 89.24 52.85 -1.29 -2.63 38.64 22.51 66.17 -29.02 -79.44 -36.56 68.29 -52.48 -2.95 -12.47 -90.49 -15.21 64.24 76.21 14.40 -99.61 -15.03 -82.49 6.34 48.75 66.67 -69.81 59.28 -26.97 
-70.38 -21.37 -31.84 79.37 -2.51 -25.88 11.71 95.82 -93.92 -31.66 2.36 29.52 -71.72 2.43 -96.72 56.62 0.40 19.94 7.25 -35.07 -3.05 47.31 35.98 43.50 68.83 -92.43 18.77 -92.96 -65.67 62.65 44.98 98.48 27.57 -99.34 42.83 8.37 27.54 97.96 45.17 -96.23 38.60 -27.88 -71.42 -50.35 -54.55 98.28 69.55 83.56 47.30 -48.25 -62.01 -19.89 -67.06 -74.03 3.97 -93.93 11.85 -38.93 45.75 85.85 -85.96 -68.03 18.15 -5.07 12.17 -40.77 -64.65 -32.64 -48.98 42.36 -56.04 -48.45 -89.82 -50.90 19.30 -54.77 -76.85 -99.07 -45.63 -17.65 -97.68 60.47 6.46 53.49 -64.32 37.74 40.70 -52.27 78.80 -17.31 21.11 10.21 -98.14 -68.18 -64.96 92.57 -86.76 -70.20 73.63 65.22 
-93.77 -31.94 -36.81 11.08 14.64 10.43 -32.27 35.53 30.13 20.10 -61.69 -51.39 5.21 -52.85 -19.27 -75.68 -92.40 50.83 78.72 -19.64 9.54 17.65 52.78 38.31 -22.45 -39.75 17.50 -64.56 -74.90 -88.66 76.64 16.25 -95.57 -76.88 -14.78 -31.78 27.29 -81.60 -31.18 45.28 -53.54 25.14 84.49 -69.77 49.52 64.04 58.34 -62.66 -31.16 -6.83 60.83 74.49 -74.52 17.72 95.08 -83.24 93.82 -86.71 97.58 -35.38 -48.78 -35.30 65.10 -59.77 -42.42 -29.34 13.29 -83.54 -29.06 -41.11 63.94 -67.69 80.54 -44.19 -61.43 -10.94 -68.38 42.24 10.86 42.70 78.48 -92.29 -59.92 -19.45 -49.16 58.17 -51.28 -57.70 -68.27 46.72 -37.74 -9.59 97.89 -36.41 6.12 17.72 -66.42 5.82 5.57 7.89 
15.86 -75.72 -59.17 -84.75 -86.27 11.54 -15.83 -43.77 -87.61 36.39 0.96 -3.99 -59.07 52.46 7.43 35.30 -81.04 -6.85 -83.81 -55.23 83.66 -24.03 -8.24 -7.59 52.88 15.91 40.90 -37.63 11.70 66.43 2.80 91.57 -13.82 -69.54 -66.31 -37.16 -33.57 79.14 -12.53 -40.19 -38.13 52.35 93.02 13.66 -28.04 -82.57 -91.29 -72.25 27.73 0.34 -53.65 -57.53 87.31 -13.11 65.88 -80.49 51.48 25.45 -42.95 37.99 61.17 5.37 -16.39 -86.53 -18.85 89.25 6.09 -95.40 -23.36 -67.23 -19.82 97.16 -74.79 -52.87 -74.48 -82.52 -12.06 -9.34 -44.63 -66.79 22.47 -91.37 -20.84 -23.86 64.02 69.65 -14.71 17.54 93.43 2.49 -11.44 24.46 -82.14 -37.14 -7.79 -83.44 -63.12 18.92 -87.34 -96.84 
-6.28 16.98 -51.02 -92.76 12.10 -98.67 55.68 -65.23 5.94 -63.08 -58.60 6.92 13.01 70.43 -88.37 -52.70 63.49 12.46 -22.05 46.27 -57.01 -46.79 -56.47 -75.89 -36.97 -88.82 -27.60 -69.95 -63.06 -10.99 -17.85 -73.39 67.68 -47.02 18.40 25.99 -58.63 74.36 -57.58 25.94 26.67 18.99 -56.63 35.09 -53.97 17.01 -40.48 -54.08 63.71 -92.09 9.70 -82.24 -88.11 62.65 4.10 -72.24 89.20 -51.71 -66.46 7.78 -98.27 -62.79 -10.33 -51.54 -95.49 -39.94 -4.41 -13.75 -93.01 -50.81 -36.53 12.15 51.51 -68.34 -24.24 -88.49 -84.33 -69.18 -15.01 -43.23 -29.00 -81.05 -15.73 -69.64 21.05 -88.31 71.16 -40.70 -65.78 21.19 -49.44 -99.47 -83.85 -36.90 -60.24 -69.30 66.20 17.16 25.57 -92.81 
-60.21 -12.34 70.56 -62.96 65.46 -87.54 -9.04 -83.71 -19.43 -9.76 24.29 8.37 -52.32 -31.78 88.00 -65.32 -16.51 -84.57 -52.66 20.43 -25.04 2.55 -2.05 73.05 84.92 34.44 -99.64 57.77 -12.28 -9.39 -64.06 -84.44 18.05 -24.89 -10.46 15.70 -73.45 -41.40 23.93 26.47 -36.15 7.78 -39.94 79.38 84.39 65.72 -10.24 22.97 -12.56 29.51 9.35 45.94 -94.08 -58.21 -84.19 14.66 4.89 -29.79 -31.17 -97.50 -39.97 -38.23 19.90 69.08 -26.11 20.45 20.30 -97.36 4.11 9.98 64.53 -83.97 -19.20 -63.50 -23.32 81.55 72.41 -35.85 24.04 1.40 74.93 43.75 97.32 -96.26 -67.06 13.98 -45.55 -71.33 -90.23 -31.77 -38.75 -29.08 -69.90 99.36 70.20 -22.27 -30.09 11.44 -73.82 -48.49 
85.15 -33.81 23.53 -27.08 -33.48 -36.31 -78.05 59.76 -13.31 48.27 7.87 -99.23 -36.87 -56.19 8.39 67.22 -82.17 98.58 -97.92 43.01 -19.25 -50.13 67.78 46.78 -26.80 -12.87 0.48 20.79 77.90 -40.66 82.89 -61.60 -4.37 14.23 -88.73 -62.65 20.61 72.46 -71.61 -8.00 -24.81 -26.84 -86.81 -23.49 -66.27 21.95 -13.81 -57.16 67.75 90.07 -25.80 -45.16 -91.84 15.36 52.64 46.97 -34.75 -31.47 6.99 19.14 -65.91 -18.00 1.87 44.85 -37.81 -43.93 -68.65 -64.19 -48.18 24.79 -80.39 -65.94 24.81 25.97 -39.48 70.29 -39.44 -89.10 65.36 -2.13 -98.85 97.96 -20.53 -24.67 -14.83 -66.88 -73.51 21.48 93.53 2.05 -86.81 90.62 -77.76 -6.92 -31.32 40.83 -60.19 8.76 42.26 -80.56 
99.41 -93.77 -62.04 2.49 12.48 -91.16 14.63 -79.23 -73.39 5.28 -90.02 -77.99 -62.84 -80.86 9.20 -32.13 31.10 -94.22 -53.64 -46.58 90.60 -11.14 -8.86 -5.32 -9.42 -97.85 25.92 -25.89 -60.57 -50.98 -59.63 8.61 56.41 -18.83 -17.16 46.95 -18.22 -61.01 -11.16 35.87 -82.31 -32.10 -41.81 -78.90 23.24 37.86 -90.46 -90.15 -4.24 -68.18 -56.61 -96.30 72.70 -65.49 12.45 -84.62 -3.50 -91.73 24.26 -46.75 45.00 -31.39 -67.67 -34.66 -36.61 -90.16 44.74 -5.10 49.26 48.64 96.06 20.46 -71.23 40.45 -88.47 78.74 -9.54 -46.62 -80.05 3.26 10.44 -83.74 -4.91 -6.01 84.39 -85.10 14.30 -49.25 0.22 23.40 26.79 36.91 51.77 2.00 -64.97 48.59 53.08 59.05 88.23 34.57 
59.82 2.04 -57.58 -78.98 -25.36 -84.21 -99.03 11.63 15.28 -19.98 34.74 -91.33 26.28 -95.34 80.72 79.07 98.55 -34.35 -11.21 95.73 -28.91 38.33 -95.34 -0.14 -44.34 -39.67 20.23 14.25 -5.02 -8.57 -75.73 -40.37 -85.69 -93.85 88.99 8.66 -20.74 -61.99 -40.80 69.63 -86.92 -63.55 -13.87 21.99 14.20 -95.57 -29.38 91.51 16.38 65.07 -6.40 -85.44 98.32 50.42 -58.55 39.33 -46.74 8.13 52.97 4.53 6.14 -79.16 -6.75 -30.77 -85.70 82.97 34.71 13.10 69.38 -25.30 54.65 8.00 44.64 -32.97 -83.39 -2.30 -18.01 -81.15 64.55 24.67 -4.92 23.46 -31.03 -3.88 7.92 -47.15 84.13 68.65 -47.53 -41.05 53.15 41.55 12.72 39.99 71.26 -4.40 72.63 86.49 88.79 71.66 
-46.74 -55.33 -87.18 -12.52 -45.68 -79.50 -76.43 59.57 -42.77 -52.94 -46.70 -50.32 -79.83 -6.11 65.38 -12.14 73.39 -37.61 -73.95 -48.73 -65.84 24.38 -21.37 -66.28 -39.26 -7.21 19.17 31.76 -52.55 13.44 42.98 -92.06 14.34 -54.40 -94.37 -98.08 -85.16 -11.70 25.28 -16.34 4.33 -49.93 57.11 -1.54 77.82 16.75 -28.79 89.54 -94.94 -70.07 17.68 -60.89 -64.78 48.02 -57.86 -85.92 -56.32 19.01 -38.77 -51.48 -47.03 -24.43 26.96 -57.47 17.50 -56.67 51.41 33.61 -72.74 -78.45 11.94 -67.69 7.54 -98.23 -12.72 36.04 -62.16 19.79 -70.23 70.18 5.42 46.98 -82.45 -93.49 -79.14 -56.14 -22.68 -15.05 -91.14 -62.71 -76.56 22.14 14.66 -83.34 -19.34 -34.75 75.16 65.62 14.86 87.28 
-79.07 14.09 66.98 92.49 15.58 65.54 -15.50 5.22 -29.25 -54.19 -77.75 -59.57 96.78 -60.83 -75.77 -28.40 -87.75 -69.76 89.74 -65.09 -65.92 17.48 33.55 -82.70 -52.00 -76.82 -1.12 -64.78 -8.15 -19.29 -92.87 28.45 81.21 -80.57 -15.93 20.40 24.66 -82.34 -47.12 -90.41 -24.67 97.32 -4.58 -64.43 -61.76 -99.63 -55.58 2.63 3.60 23.54 5.84 -39.82 -49.03 -19.41 10.36 48.84 62.80 24.32 -30.30 -19.14 -63.39 -8.94 -58.90 -44.23 -5.91 -21.53 -32.88 -13.76 12.49 96.28 81.28 30.55 -65.94 -80.52 -32.03 77.15 -18.87 -13.69 -85.84 -54.38 0.38 -55.52 79.33 43.24 38.65 -1.12 19.09 20.01 86.51 25.93 -63.93 -72.50 -29.34 -60.33 -96.31 -99.02 -26.08 2.46 -25.04 -59.87 
-95.74 -19.97 21.93 -89.78 30.05 17.21 -92.85 -61.05 24.20 -62.08 15.97 -9.62 -91.23 84.20 -70.53 -64.15 -31.62 -87.24 -17.97 -15.81 -69.76 4.26 78.87 -30.22 -80.33 -40.94 -27.06 -26.37 46.36 -20.64 -95.69 90.84 -82.67 -18.20 1.18 23.89 -25.25 -61.94 35.12 8.79 -79.95 -86.71 6.37 -50.83 -64.41 65.80 -14.22 14.41 3.60 52.21 -42.79 -44.45 -94.21 -21.76 -66.13 16.28 29.16 -5.38 -99.08 16.35 -17.64 22.82 -82.54 -0.64 -94.13 -89.69 19.43 -75.40 7.93 61.68 56.61 -0.97 -20.56 83.45 88.33 22.69 -1.04 55.14 -39.66 -30.75 -83.11 -39.96 87.41 9.01 36.23 -56.49 30.11 0.20 -18.55 98.26 -3.19 -67.44 -63.43 -49.16 -68.38 -59.31 -0.78 -46.84 -21.20 98.53 
25.34 -89.64 14.25 63.69 -88.39 -74.12 -88.79 34.09 90.03 -94.61 47.82 -84.69 -44.00 13.28 -21.21 -30.36 89.98 21.39 -76.18 24.01 6.37 -26.90 -22.17 31.15 -8.05 -75.84 -53.44 14.41 -19.49 21.46 44.86 -35.07 -76.62 21.47 -39.07 -73.97 83.97 96.98 98.48 50.31 -71.77 -42.87 -91.58 81.51 5.50 -15.17 11.61 -76.72 19.12 37.58 -35.49 31.81 -84.77 -26.55 -81.70 26.44 -40.22 -9.16 27.64 34.05 -91.94 77.55 -59.80 3.89 -90.19 -35.63 -40.24 78.64 -82.28 -78.69 -80.06 88.38 -55.65 38.30 12.63 -78.69 -85.58 26.43 -4.48 88.87 -23.63 -39.53 1.27 -7.71 49.84 -22.84 -61.06 -89.47 51.99 86.33 -4.90 -34.58 4.69 -65.08 -21.46 -82.11 65.35 -21.20 84.11 -89.00 
-18.40 -97.66 -52.79 98.49 -13.18 -80.51 -14.17 -70.12 7.00 13.37 3.58 -36.86 -29.53 -81.84 4.04 -84.23 5.81 -86.73 6.86 -80.69 -8.16 33.43 62.45 -39.36 -14.68 -69.35 47.64 -74.42 -0.96 8.89 89.90 54.28 8.81 50.04 70.60 -36.12 -56.95 3.40 -81.06 -28.38 -11.09 -0.20 10.59 -24.04 -6.23 -18.56 97.74 54.20 -73.73 89.69 -64.42 -88.88 47.92 -2.35 70.42 -3.59 -70.58 -91.69 -63.02 -76.64 48.25 -3.25 70.96 36.52 24.69 -85.11 26.84 -26.69 -98.88 -36.99 57.86 -64.48 -86.64 -91.93 93.11 -54.41 56.33 -19.21 17.46 84.12 46.48 10.19 -87.27 5.07 0.11 -23.48 -2.36 91.06 -63.76 -92.66 27.16 -59.26 -66.00 -83.44 -68.63 -44.92 19.10 9.29 54.41 -51.40 
-50.23 -24.27 -86.04 96.92 70.36 -49.95 -81.28 -87.20 7.15 -38.28 -19.09 -76.32 38.53 29.74 27.62 -74.29 29.00 -89.72 -39.34 -40.15 14.23 -53.93 -71.85 12.69 -94.35 85.20 57.79 -51.05 -70.62 58.48 -89.50 -82.96 33.73 16.96 -46.37 -44.29 -30.26 22.84 -70.87 -93.23 95.91 57.13 -0.97 60.35 -5.65 9.84 -39.32 3.07 43.46 26.55 -96.71 15.03 46.95 -89.01 41.03 34.95 85.55 51.54 -25.24 54.04 2.02 -50.47 -18.26 94.38 -46.32 94.17 -91.26 -91.25 13.50 -14.65 -4.57 -37.85 -27.05 14.92 -90.01 78.51 98.00 7.86 -33.62 -44.40 8.36 -32.09 17.86 -72.57 -45.20 -21.85 -3.77 -18.94 -20.32 -92.81 17.08 3.20 -24.32 93.09 -9.50 -81.23 38.68 -97.86 -6.22 -60.79 
-31.89 20.07 -75.55 -80.99 -0.07 70.38 17.54 4.16 -29.62 -67.64 73.31 -75.79 -38.44 9.07 -59.01 -96.85 22.68 8.79 15.31 85.33 -49.98 -41.20 2.12 -84.40 -63.52 95.66 -56.16 16.87 18.42 6.08 -94.19 -89.84 -35.45 -22.33 80.10 -49.44 -43.84 -53.87 -19.67 -39.74 -20.12 70.77 84.07 93.60 -20.07 22.70 30.18 79.29 82.98 -46.33 21.54 59.84 -96.10 72.67 85.16 -82.01 7.41 -57.42 -32.37 93.09 6.23 3.18 7.44 -56.67 -46.39 -1.66 -55.00 90.79 -12.39 52.22 -77.42 39.06 -68.31 -93.63 -79.97 -56.79 13.31 58.19 -74.51 -54.84 4.89 -95.91 -15.41 77.48 -84.74 2.48 -95.98 68.09 3.57 -1.89 -21.25 -87.40 -11.53 -21.98 16.21 40.36 50.58 -92.50 -96.43 -76.24 
-14.43 -58.69 -76.56 -25.61 50.87 -98.65 -68.00 -3.69 12.18 -37.04 4.93 -95.91 22.12 57.91 -79.45 -83.45 -51.92 44.65 -93.18 -24.12 -23.09 22.31 -21.13 -26.27 -64.88 -42.13 -12.44 -10.82 -9.45 -52.27 -68.76 94.40 24.99 -1.83 -0.06 -75.28 -0.75 -30.97 -65.87 70.93 -89.30 -55.86 -53.95 -88.37 -84.15 -63.55 74.93 -39.16 -67.05 55.25 7.20 20.63 -17.81 -45.87 -94.64 52.57 -55.51 -70.31 -12.83 2.35 17.80 46.84 -94.77 -19.33 -73.85 77.89 -92.98 -37.53 -13.82 -53.68 -29.96 -98.79 -28.64 23.88 2.64 37.34 31.75 39.97 -43.39 -17.44 18.14 -94.62 -53.94 23.25 -72.00 -71.58 -74.98 58.31 -84.43 -49.18 90.94 -65.96 51.74 94.48 -50.87 38.36 3.63 67.59 -45.45 57.01 
-69.84 -78.70 2.03 -45.58 -87.39 -71.31 72.74 -80.02 -47.69 64.55 -23.76 -23.63 -9.09 -46.45 -70.13 -98.46 -1.91 -85.82 -21.28 33.27 58.65 55.30 57.38 -64.64 -79.06 -23.83 88.28 -88.33 -65.65 -2.88 -9.73 74.63 97.19 88.58 21.86 -79.73 -74.07 38.45 -24.70 -32.32 7.53 85.14 -9.13 -74.62 -16.16 45.60 -24.65 14.99 13.02 76.29 -73.94 -47.11 -70.67 75.18 -17.13 -73.30 1.49 -99.03 -60.91 -5.04 34.24 -71.67 -55.48 -76.74 -82.28 -16.70 -43.01 4.57 -13.59 -90.27 11.83 13.12 -35.78 -99.76 -40.73 18.16 -86.84 -29.95 -73.56 -52.37 85.52 -96.85 73.06 70.38 -60.76 2.22 -25.94 -57.58 -93.76 -87.86 19.74 71.01 -52.51 -78.88 -59.14 80.12 -13.25 -25.18 -52.70 -36.73 
69.84 -85.84 -33.59 2.95 9.00 14.87 -41.02 -23.62 23.44 -52.49 75.68 -2.50 -51.88 62.07 27.46 27.41 11.30 -12.12 -52.19 96.80 -59.73 -78.86 -32.90 0.37 -8.64 67.42 2.45 -80.67 -80.94 -43.99 -59.24 68.43 -64.39 93.71 -38.95 -19.22 93.01 2.24 41.59 -72.84 15.21 -58.77 15.15 -40.47 -29.79 71.50 43.42 15.74 -41.57 -18.35 -24.09 -37.27 -99.25 18.26 -24.85 49.07 -5.64 -53.50 17.99 56.69 21.59 15.62 -29.94 14.52 16.18 -5.30 -72.03 -40.52 -68.17 -57.90 -94.90 -69.25 -65.65 1.86 -52.81 -2.01 13.32 -26.56 21.51 87.95 87.88 -90.28 -76.61 -6.91 77.07 17.37 -26.41 71.57 -14.29 -47.31 -41.22 4.90 -17.22 76.57 58.96 84.52 -72.42 -21.49 -45.67 -78.79 
-11.40 -89.94 21.61 -19.51 -6.61 -60.27 -4.95 -25.94 -41.23 -11.22 36.37 29.69 -75.47 -31.35 -62.17 99.34 -76.97 -88.83 -78.46 0.10 -4.74 -32.31 -10.66 45.96 21.57 -70.00 5.30 39.14 14.24 76.89 -79.50 -54.91 -36.79 -39.38 -18.09 19.85 -49.82 -36.79 -73.80 -9.47 52.42 61.93 9.03 32.09 -23.04 -29.99 -78.27 -54.79 -87.66 15.91 24.52 -27.64 -91.16 15.86 46.13 -96.53 -61.65 1.27 -74.34 99.91 21.19 25.91 -10.57 24.17 -79.90 -72.91 -66.10 -91.60 90.89 -70.30 84.38 -80.50 -95.41 -11.54 34.61 19.39 -45.62 29.76 43.18 -36.24 83.15 -28.64 62.12 -13.18 -76.36 -46.38 -13.55 -74.32 81.06 -71.46 21.37 -33.90 -50.53 -95.62 -48.68 48.45 -56.50 -88.97 -38.79 -88.81 
85.34 -50.05 -14.81 -69.99 17.77 87.52 54.65 -6.40 77.31 61.86 80.48 29.62 -89.58 51.50 -67.33 -80.26 -73.19 -19.91 -49.76 -97.59 -93.28 -32.76 -25.86 -74.54 56.12 6.13 44.93 -67.46 -62.54 -79.49 -95.46 43.36 4.03 -16.23 -62.48 -39.65 -85.74 -15.23 -15.29 17.52 -88.39 12.33 94.51 -13.29 -55.69 -1.51 -36.09 -36.52 -27.84 -18.27 32.33 65.13 -52.41 57.96 5.78 15.86 -1.19 -15.31 8.60 -22.63 -12.46 87.14 -76.67 -91.52 -26.58 -83.36 -67.19 62.81 -46.80 -25.93 59.17 14.73 6.80 -30.12 -43.61 -24.09 -28.23 5.71 -53.01 5.20 -13.51 4.74 -79.25 69.90 -27.31 -96.87 -53.84 8.24 -36.44 -19.06 46.25 36.10 -17.90 -6.31 -48.90 43.29 48.33 -61.57 -27.27 41.92 
-14.13 -16.51 -58.28 -68.75 -86.95 55.26 2.84 -92.62 16.59 -82.29 -97.55 -79.52 97.27 -89.70 -69.17 14.40 -12.12 1.11 -17.78 62.04 -7.63 -49.19 44.35 75.87 -8.99 1.85 -87.56 -65.42 11.85 -18.32 69.21 -56.18 11.03 -63.07 87.23 -98.44 -35.82 59.55 70.13 -67.11 -22.30 13.27 97.27 -81.96 -56.74 30.00 -28.90 93.27 1.86 -26.26 19.65 86.79 -16.78 -7.08 27.29 -39.26 -96.05 -58.51 16.67 -14.70 47.79 -61.34 -83.28 56.32 8.97 81.86 52.21 -79.08 -32.98 -66.43 -84.58 -98.84 -9.13 56.35 44.78 12.04 36.27 -0.24 -95.01 -57.26 77.14 77.08 10.53 -74.88 34.76 37.92 -25.62 -3.58 -41.90 -51.01 -63.48 20.84 51.23 -28.03 3.01 91.78 -92.57 -27.74 39.63 7.03 
39.70 -84.52 -76.86 30.19 84.02 -99.57 32.44 22.09 71.69 -57.12 6.20 -31.63 -48.63 -92.31 -63.64 8.14 -26.04 31.49 -69.51 -86.80 99.79 -60.40 -81.20 -72.66 -9.74 76.27 -12.27 4.21 -73.67 -42.01 26.53 38.37 -26.66 58.49 70.94 -92.76 49.55 67.23 -5.92 -99.10 -54.39 -19.29 -41.35 0.28 -73.28 24.06 42.05 61.72 11.43 -65.67 23.06 10.69 -32.50 -30.86 -15.60 -20.55 16.63 -66.44 -20.93 -10.78 -77.60 -32.25 -18.98 -45.79 87.41 -96.86 -36.29 16.56 99.71 57.27 37.63 -65.68 82.47 -61.08 -15.82 -17.43 -2.50 -2.53 1.90 55.52 -96.88 66.88 -82.57 -25.26 91.88 55.24 -71.75 1.86 27.41 96.24 -87.52 -5.27 27.53 53.80 -44.07 99.27 85.00 -67.30 -55.73 -43.68 
11.19 22.33 -82.60 -58.70 -37.38 -14.08 -12.82 -43.73 67.18 33.45 -63.37 -90.70 -83.68 92.23 33.88 43.51 23.38 83.77 -8.27 24.77 -41.35 21.02 -11.00 82.56 27.44 47.24 -60.14 96.03 69.88 -65.19 -34.35 -50.69 -74.78 -89.99 34.13 -53.77 -77.52 -22.54 82.31 -68.30 -85.62 -11.30 85.70 -68.71 -25.74 33.19 58.20 24.43 21.65 -80.58 62.59 -60.88 -52.93 35.04 -90.78 83.85 -17.02 -97.29 -49.21 27.77 1.80 -32.56 -81.20 -12.40 2.85 -25.52 90.28 51.30 -28.59 -71.00 -77.91 16.13 9.88 43.46 -9.72 52.17 17.88 -72.40 -41.18 -33.46 21.45 -49.54 2.67 -31.00 2.38 25.08 -50.03 -73.34 -80.48 26.06 -74.54 -89.11 -86.49 48.29 -22.76 -22.78 97.25 -78.94 -92.96 -52.87 
-25.21 -1.31 -85.99 -96.89 5.95 -98.49 -34.34 -81.31 -45.27 28.33 -13.29 15.84 -5.63 71.68 -7.44 16.24 -26.74 92.99 32.34 -19.30 -45.41 -53.35 30.01 39.57 4.41 -62.27 -75.27 48.80 98.42 -76.67 79.73 -70.20 -18.37 -40.28 58.76 -33.86 -97.64 -26.85 -81.82 -72.23 -89.96 -52.05 -13.92 -40.06 -51.14 46.03 -30.11 -28.85 -73.93 -99.72 -1.71 40.27 -29.83 -27.26 21.63 -31.26 36.22 28.20 27.61 -97.76 -83.79 -83.33 -22.34 -99.17 -86.07 17.30 -15.75 -35.01 46.35 64.55 -16.41 -7.58 -24.29 -13.61 -99.29 11.06 96.16 -56.96 8.07 -53.51 93.82 -21.11 -27.61 13.61 -59.56 -8.60 -96.06 -13.51 -62.68 -17.55 17.78 -65.58 24.96 -22.95 88.96 22.54 77.39 -8.32 -71.33 11.73 
-33.34 33.07 16.35 -79.59 -66.40 -86.06 67.65 -32.30 -98.69 28.08 -62.46 98.78 -72.84 92.72 34.10 -94.08 -68.30 30.27 -90.01 -69.01 36.74 -32.35 -90.28 -71.51 -81.21 -40.75 3.44 79.67 50.64 -26.54 -76.55 -67.65 11.85 -85.06 -82.62 35.69 4.58 5.27 -93.54 -19.34 32.25 73.05 -92.48 6.98 60.42 20.73 56.12 19.37 -25.22 78.86 -8.49 28.89 64.17 -51.02 0.49 19.88 -71.32 24.61 -42.66 -99.26 -4.00 29.98 -45.12 -77.85 22.65 -57.74 -55.37 67.57 82.50 5.41 -80.65 -85.35 -61.67 45.71 41.28 -16.80 -16.10 -98.41 66.06 -29.97 -79.72 -5.16 -53.31 -87.77 5.30 -76.37 52.70 57.94 5.44 2.68 -39.02 64.43 4.11 26.55 -35.78 73.38 4.26 -18.68 -35.86 -49.13 
44.86 19.07 1.71 -13.28 -55.90 92.72 -19.17 -72.02 60.90 -0.34 -98.25 -1.38 -16.65 -57.54 -52.25 -53.76 -98.21 -96.16 -16.10 -83.33 -63.33 -98.16 15.74 10.15 93.93 -11.77 13.58 47.53 -90.63 -88.71 -73.30 25.85 -30.17 -33.99 20.87 0.13 -44.41 84.22 -2.40 19.64 -33.96 -99.35 66.63 -12.53 -56.42 -45.87 68.70 -98.46 -4.03 -83.10 -22.83 39.35 -14.84 -90.62 80.08 -72.55 12.73 99.75 -7.67 75.41 -0.16 -99.17 -98.20 21.19 -8.43 -74.31 92.72 -17.19 81.65 -58.42 26.41 41.94 -80.73 -84.02 91.36 -84.17 0.41 24.13 -25.44 -45.76 58.50 22.10 42.89 -16.82 -77.19 80.75 -96.49 49.67 -91.53 16.20 -72.24 -42.91 29.69 -13.14 77.73 88.06 -27.44 -79.74 -39.63 76.62 
12.62 -34.96 -40.85 -88.24 -20.49 -10.88 -27.86 4.63 -82.25 -40.37 -95.53 13.53 43.67 -50.90 -15.39 -69.99 13.73 -22.07 9.67 -95.12 -31.94 24.72 -14.94 -65.71 -99.60 57.45 -55.54 93.70 -24.08 -68.43 -22.78 -24.32 -13.68 -21.65 6.49 6.79 -48.97 6.19 -12.18 44.00 24.03 1.98 -0.69 49.39 -93.57 -85.06 88.50 30.95 14.15 14.12 23.88 -62.66 -76.25 27.49 -43.36 0.97 22.65 51.87 -33.92 -16.84 -79.22 11.82 -37.81 -39.56 5.08 1.14 25.44 -17.55 21.74 13.04 27.42 48.74 -4.87 43.71 -8.99 -90.41 -69.90 -31.31 -76.72 78.73 -27.52 -73.95 34.89 69.05 36.14 69.35 -99.50 -62.61 -45.44 -39.39 -74.62 -93.08 -90.07 -10.06 16.81 -8.75 -36.63 14.88 47.15 99.66 
-19.80 70.57 -82.12 -52.43 16.12 -26.76 -31.43 -24.98 -73.73 -42.57 -4.39 -37.00 -98.41 -26.03 16.18 27.43 -50.58 27.20 -59.77 -51.58 -36.54 -46.98 -93.09 76.28 -80.88 -34.81 -2.51 -40.56 -7.49 13.94 -50.89 7.73 -1.36 -73.00 96.42 93.85 91.88 -14.48 -43.24 32.00 17.87 -95.05 94.68 15.09 -38.13 -75.34 77.00 0.74 36.18 -79.37 -28.72 8.21 -8.22 66.65 -13.69 -92.07 -19.87 -20.46 26.24 -36.08 98.93 -45.47 -89.38 -93.87 -5.39 17.95 -44.89 -45.14 -80.56 -56.31 65.06 -72.37 17.82 -39.24 -52.40 -9.11 22.86 68.45 83.64 -17.34 69.60 -71.06 -62.28 4.86 18.81 -26.78 -3.74 24.05 53.02 51.69 -37.05 17.59 -1.75 -11.26 -98.00 -17.23 -75.36 -78.29 23.97 94.86 
15.66 17.42 66.37 -85.51 -94.30 -21.31 19.40 87.91 -26.10 19.17 21.13 99.97 78.90 46.44 83.17 51.10 60.67 12.68 -94.81 -92.42 26.21 -1.68 94.77 47.27 98.25 -80.16 -4.66 -24.33 -54.07 48.64 -29.11 -24.98 -48.78 27.58 35.33 -21.76 61.74 -44.70 74.68 -54.71 -58.83 -85.80 -6.73 -42.75 21.59 82.48 -83.20 -43.43 8.59 -40.83 93.96 -80.73 44.09 -4.17 -25.61 59.74 26.49 74.65 36.77 -61.05 88.68 -48.25 -53.62 -29.52 -45.03 -81.42 20.64 54.68 -60.85 -80.83 -1.08 -45.54 -73.98 52.81 60.91 -52.47 -88.83 6.12 85.75 -82.77 -9.33 -72.65 -48.55 -47.06 -20.63 -92.01 -35.21 -24.29 -24.92 -41.17 -8.82 -50.79 94.36 -0.89 -88.86 8.67 -18.11 -41.65 62.09 -4.32 
-97.51 24.60 -39.79 -34.57 -33.40 -52.93 -51.71 -58.38 -38.16 -70.91 64.34 8.98 27.16 -6.25 -48.66 -36.77 -94.58 -58.73 -88.51 -42.47 28.25 -70.72 -74.78 -56.21 -94.86 63.17 -36.20 -69.05 -10.19 -78.66 -43.46 -69.05 -83.03 -52.79 81.54 -91.81 -62.12 -56.69 9.09 -56.57 -83.93 -4.82 -7.52 93.98 -97.23 -96.89 -96.99 -17.46 79.30 6.50 -2.07 -80.18 34.72 -5.96 24.24 -79.15 -8.46 14.36 30.24 -52.04 -26.65 -94.43 -35.76 -76.71 3.76 -56.31 -48.57 -45.67 62.36 -88.64 -84.29 90.00 27.68 18.54 20.34 -68.66 -50.28 51.37 -99.40 -23.60 -41.34 12.52 90.09 18.81 -64.63 29.41 -79.97 -43.68 7.66 82.86 -42.79 -32.69 -36.00 4.89 -97.46 -31.41 -70.61 -80.25 -31.31 -10.60 
-73.03 -83.08 -13.02 -3.86 95.80 -27.01 -19.37 49.50 81.74 13.29 29.32 43.43 -15.14 -99.77 64.24 -2.99 90.92 73.51 1.43 59.22 -47.01 -13.82 18.76 -61.80 -3.97 -52.64 52.17 12.90 -45.32 51.47 14.70 -76.46 -61.49 -12.43 -28.91 65.11 -24.45 -7.90 44.00 73.78 87.67 14.88 20.76 87.74 -55.43 -46.76 -65.49 4.55 -28.79 32.66 -79.32 44.05 -61.69 -70.79 26.77 -37.87 -42.45 -70.77 -76.72 -81.65 -97.19 2.27 -18.97 36.20 12.92 -36.28 79.69 -22.04 -94.28 7.41 63.64 71.15 -6.80 -49.67 -91.72 -53.51 -64.24 14.81 -2.36 -22.15 -78.73 -7.93 -95.87 -13.92 75.06 -68.11 3.42 -0.80 11.83 -74.38 -55.24 -47.48 91.26 -77.05 97.23 -23.92 85.97 -79.99 -46.22 21.20 
-1.90 -72.81 -97.00 5.52 43.85 3.36 43.98 62.37 57.09 -56.75 -39.40 -49.74 -4.72 88.14 -47.82 -89.32 -69.33 -43.19 -18.89 34.13 -41.05 18.20 -80.44 -66.87 -72.53 -20.64 -52.32 -38.80 -86.79 54.61 8.49 69.75 20.42 -69.90 91.12 -45.23 -78.06 42.88 81.68 -61.23 63.18 -43.39 -59.43 -75.57 -60.44 -19.22 -33.05 87.04 73.25 -56.70 2.48 -51.41 18.83 -98.53 24.73 66.33 -14.39 24.69 -89.95 -21.17 87.09 16.85 -77.68 -51.34 68.78 9.79 -15.78 76.70 57.31 27.35 -6.06 -43.08 -90.67 -56.76 -79.65 -0.07 -24.39 -18.88 -86.00 79.08 -73.15 -43.63 -7.28 -6.48 48.20 31.82 -43.97 -36.29 -70.22 -55.83 -10.75 -14.47 19.81 -92.69 -69.15 71.45 22.92 -8.06 76.50 -12.27 
-11.08 -71.93 55.09 31.15 -65.52 -48.76 -17.73 62.65 -21.28 51.50 -11.72 39.21 -28.44 93.07 -57.36 6.17 51.28 -10.85 -89.03 -30.01 -81.58 -51.27 -71.93 -92.85 -39.55 -49.93 -11.60 1.73 -92.11 44.96 0.00 56.56 3.25 5.90 58.17 -63.46 78.24 -11.63 -70.40 78.40 -28.30 -66.93 -41.19 -74.74 88.10 -62.22 -74.42 -96.29 69.12 -50.75 -66.52 35.33 -0.03 -46.35 7.22 -33.52 -22.13 20.42 95.72 91.57 60.11 24.60 -2.95 -34.14 -48.75 62.21 -29.71 -1.67 8.53 5.11 -7.17 -73.08 -2.82 -37.09 -14.30 -44.14 85.51 89.98 -30.19 44.94 34.92 -5.57 -86.13 -84.67 61.84 16.93 62.32 27.92 -39.22 -27.50 -44.77 -29.20 16.58 -53.68 -62.81 22.88 -79.29 77.23 -67.35 -69.82 
-78.40 -88.38 -59.65 57.30 -65.42 -70.74 -69.23 -27.92 28.83 -35.89 24.51 -97.42 -25.95 2.85 -83.45 -45.93 64.44 -99.08 -5.46 -74.84 -20.64 -16.00 -11.81 2.41 -29.64 -31.73 -61.45 -23.49 2.24 82.42 -67.14 51.21 -2.65 16.13 -49.18 15.51 27.87 -73.10 -97.73 58.78 -88.58 -65.64 10.73 -98.33 4.01 -40.78 52.33 -81.96 24.18 21.35 -12.34 -83.50 -93.37 83.80 -10.15 -45.21 -12.53 63.64 91.17 17.25 12.58 -39.61 -67.41 -41.70 88.69 -51.82 -59.22 -83.19 68.45 46.47 -89.81 -76.76 -17.36 -10.07 98.15 -91.15 6.81 -28.21 6.06 -37.79 13.43 -29.38 35.67 46.53 -2.90 24.29 1.90 -15.20 -27.09 37.65 78.29 87.87 99.00 -82.67 12.25 36.82 32.15 -81.62 -90.66 -81.88 
84.56 -97.86 83.26 -11.11 92.50 -64.96 -44.05 -95.30 -43.38 -55.36 -90.97 -25.38 -22.42 -43.82 -57.19 -87.90 -19.59 -63.24 -32.23 -0.59 49.35 38.19 65.76 -82.57 -9.79 -61.73 26.33 -50.13 -7.39 -13.63 -61.79 73.27 -3.38 -57.70 -3.42 -26.07 19.30 61.29 46.64 -50.25 -80.26 88.41 -5.71 -78.86 45.68 0.53 -4.09 24.04 -32.29 3.69 -50.38 -33.62 -21.55 -99.44 29.67 -12.72 -37.53 -68.23 -68.95 -33.96 7.94 9.80 46.98 5.37 -55.15 -44.15 -0.62 -32.01 -74.96 19.97 -12.45 18.49 54.67 -62.74 -41.77 28.41 2.72 -58.85 -52.67 -82.25 72.99 -68.93 -16.29 -68.76 67.20 -52.59 -43.66 92.70 56.48 57.59 -70.96 -57.66 -45.02 6.02 -6.85 -93.18 -21.36 38.23 14.93 -44.49 
44.72 5.08 6.30 -0.66 -43.32 4.22 -73.28 0.81 -20.92 -97.07 32.05 42.63 -8.31 -51.56 -47.35 0.32 -66.12 -11.27 -30.01 -1.74 77.46 -73.32 14.01 13.59 -71.75 -47.89 -38.53 66.98 22.52 -63.95 12.90 -90.66 -3.07 97.98 -59.26 -11.66 -31.43 -1.81 -72.70 3.56 -55.93 -29.55 -32.42 72.66 -33.23 -80.46 -86.82 13.03 69.81 -22.77 22.10 93.14 -77.24 -71.11 -63.27 -79.98 -11.09 -32.19 57.60 89.13 -89.82 47.18 9.38 7.83 -71.35 -60.29 21.96 12.49 -2.40 6.91 -76.68 7.30 -59.96 43.30 -62.96 -76.57 5.67 48.63 96.10 14.25 -50.08 25.32 -14.97 80.49 -90.42 -77.78 -88.60 -9.65 88.12 -12.09 14.42 1.19 22.82 -34.72 -77.80 -37.61 -12.51 41.70 -74.73 -21.27 
-12.11 -30.67 -37.19 -84.24 65.29 -36.21 -49.23 79.86 7.99 -25.84 -76.75 -73.36 -77.85 -67.24 30.73 -39.64 -80.41 71.23 -90.74 -24.30 16.01 -93.11 -24.94 -54.98 -21.57 -9.40 -84.40 17.59 -22.96 -52.61 -97.75 -92.06 -96.65 20.30 84.90 -89.49 18.80 6.25 -59.98 -76.26 -89.87 2.81 -26.42 61.33 -26.57 42.03 -75.63 29.81 71.30 -8.33 20.32 15.69 -36.60 -93.40 20.57 -57.57 -40.47 -53.11 -55.12 -31.92 29.22 15.28 31.70 -82.03 55.40 -71.19 -24.88 89.19 83.20 60.05 -64.39 78.55 -3.98 75.43 17.09 -65.16 -19.32 -72.40 -86.27 27.46 30.68 95.16 -74.36 -16.98 -22.94 -16.06 -30.13 -53.83 23.75 -18.56 -77.58 -3.02 -68.05 91.21 2.66 95.93 -63.08 -67.92 -51.58 -28.11 
-58.24 -42.76 33.95 64.66 -85.96 1.06 -2.13 -58.47 -12.52 34.37 56.81 -66.42 28.22 99.84 63.37 -44.16 -23.22 -49.21 69.17 -83.40 -62.10 20.42 79.34 20.52 1.47 -36.29 -13.24 -29.47 60.66 46.20 -16.86 -60.50 6.11 -38.08 -58.34 -28.24 4.77 95.31 34.08 -8.15 -89.63 39.20 94.16 -46.97 -13.45 -80.28 -9.63 90.10 66.01 -93.56 -42.14 72.72 -39.03 -86.51 -34.51 32.69 -45.34 53.37 -51.16 -32.53 -40.85 -61.57 14.70 -93.99 71.50 -46.77 -24.38 -68.86 -26.78 69.63 90.27 91.03 -5.73 -38.31 -95.74 -12.35 65.14 -24.64 37.62 -69.84 4.14 -90.13 -97.37 -14.22 44.06 89.23 -39.86 -39.36 92.08 -76.54 8.67 81.72 1.76 -72.74 -30.42 -9.13 6.18 -47.03 -64.72 -28.96 
88.96 14.32 -22.59 -39.60 12.36 -18.87 -24.16 -2.15 -29.07 83.16 -17.53 98.22 23.62 -37.26 91.05 -59.00 -41.88 99.70 -38.70 -7.75 -12.75 -47.72 96.26 5.16 50.02 -17.65 76.03 -25.70 62.07 -57.33 -42.01 16.65 -31.03 70.90 8.21 -73.22 -78.48 91.86 80.19 -48.31 -24.65 -89.30 -78.98 -50.46 12.84 26.44 10.23 -79.46 -16.75 -51.83 41.05 -62.11 -74.95 22.51 -48.16 -56.34 -14.72 -58.42 81.01 -13.36 91.73 63.56 -8.65 -92.91 -60.53 -95.58 14.12 -77.60 6.94 -96.81 -73.51 75.84 -85.67 -23.17 -93.55 -99.80 43.85 5.01 85.24 -68.83 74.72 -38.51 -82.15 -20.65 -64.35 14.83 -74.10 -72.30 53.37 -67.64 -94.45 19.02 3.72 -72.80 -62.15 -93.88 1.78 31.13 0.65 12.62 
99.13 -15.79 -38.15 -50.78 43.64 -20.82 -17.00 -83.64 61.72 -37.77 6.70 38.30 96.93 -27.03 -43.38 65.55 88.23 -30.34 -20.83 29.36 64.63 94.95 -27.55 -76.69 -92.76 -22.78 -34.42 -80.89 66.38 -53.88 -52.60 68.25 67.57 46.65 -67.05 64.76 55.82 -61.05 -31.01 25.00 67.48 -23.10 92.46 -12.75 -65.89 11.83 -48.37 -10.82 -2.73 87.09 10.27 17.66 -78.48 3.79 23.23 -98.44 95.18 -72.41 -19.49 -51.65 -64.07 -59.62 -47.29 93.19 -17.56 -38.05 35.03 -60.07 63.29 0.90 1.48 -13.83 -9.51 15.18 -74.04 -90.37 35.01 -41.53 -39.40 -34.61 -66.72 -90.09 0.39 -96.74 -53.62 -98.42 -81.85 16.57 61.05 -3.32 -11.81 -89.87 -39.43 83.75 16.64 24.50 -85.45 88.94 -37.10 6.21 
-57.08 -39.06 -25.40 -34.59 16.11 -69.42 -99.13 -38.30 68.15 72.17 -57.04 -74.57 22.72 -4.05 13.31 -78.58 25.98 -7.17 -53.12 64.22 -45.65 0.82 -84.92 -54.70 71.93 97.25 58.00 76.98 -81.63 -70.91 4.65 -80.34 -8.58 -78.48 -81.77 61.35 -69.66 -80.65 21.10 -3.38 -61.08 8.04 -40.10 78.36 -79.61 -64.95 50.72 93.69 -43.71 22.61 -26.84 -81.78 -74.72 -66.88 -29.79 91.70 76.78 25.44 25.02 53.90 49.03 -56.36 -52.11 -94.38 -57.67 -19.02 -53.03 -21.94 -97.15 9.73 -82.20 -73.80 -99.82 -72.23 -8.66 -89.03 -62.92 -12.54 52.20 -6.12 63.75 -85.18 -75.86 40.73 -20.01 -87.66 -10.14 -26.59 18.73 91.77 -70.70 36.30 17.64 8.82 28.83 -96.58 -51.00 88.84 -33.49 25.09 
-23.70 45.01 -56.96 -2.50 -86.04 -11.12 -64.07 26.22 -71.11 -82.26 -87.77 -90.23 -71.39 -27.74 -43.63 43.97 -19.39 89.28 -68.81 -33.16 -38.79 -84.48 11.91 38.34 63.63 -39.44 -16.75 76.95 -70.73 -81.86 1.27 -99.59 49.34 11.17 3.77 60.91 -37.92 0.10 -78.26 -22.85 -81.40 -39.13 -9.10 -46.25 6.31 21.26 0.47 1.00 -10.03 -25.57 -93.70 89.97 4.49 -49.80 -39.75 7.30 -45.24 -94.84 12.51 -40.60 20.81 -23.86 32.75 52.13 4.24 53.89 17.19 -25.64 46.21 76.68 -4.40 -77.74 -53.37 -33.20 3.16 -47.85 -10.92 84.00 -94.19 -82.04 -73.15 -51.33 -34.83 2.42 -59.05 -10.17 -91.83 -31.77 -12.87 -91.39 0.52 -74.41 -57.23 -17.03 33.51 -10.90 68.65 6.23 -89.24 -17.86 
4.83 2.09 -93.99 -63.84 37.06 89.90 1.90 83.60 -66.34 16.84 -31.82 78.81 -89.29 -47.44 -14.96 -11.57 -89.50 -65.05 -36.40 6.98 -14.85 -3.37 -30.89 47.29 -55.20 -51.75 -49.80 -46.67 -18.49 -83.75 -50.18 25.44 40.94 66.31 -7.36 43.58 69.95 -45.15 50.24 -87.03 -83.39 -0.29 -87.27 28.23 -83.01 -58.31 -35.96 -26.17 89.88 -62.66 80.86 -57.53 -43.14 9.92 95.05 -34.50 -14.30 22.18 -96.46 -63.08 10.08 47.08 -45.38 -57.60 -95.03 -44.80 24.48 2.36 -73.98 1.43 21.52 -97.86 34.31 8.39 -71.93 -83.61 -95.22 -96.32 55.21 -18.59 20.26 72.27 60.66 -0.87 -89.00 -68.09 20.60 18.24 61.10 -66.21 -11.69 -24.25 -33.03 21.51 -61.34 -59.53 -88.09 61.14 89.30 -24.21 
14.34 -26.28 -55.99 -62.45 92.30 -2.48 -40.16 -45.76 -21.49 -48.13 21.83 -52.09 -64.96 -6.12 5.48 6.80 56.94 -94.28 -1.65 -70.23 41.78 -9.01 -37.30 0.50 31.41 -50.29 15.01 -58.98 -58.82 -27.64 -78.73 -12.05 -72.41 86.21 -33.11 19.61 -84.09 -99.41 -55.22 -24.82 26.25 48.60 -90.25 34.69 87.40 -47.81 8.86 -71.58 -12.29 89.53 -91.93 -23.36 35.33 97.57 -2.68 -69.73 -72.02 84.58 17.64 90.05 -35.60 -71.66 83.99 -59.32 -68.52 40.72 66.57 -82.00 22.69 -25.34 -78.64 56.37 -63.27 -45.76 30.42 -27.62 95.02 -23.90 -78.59 -12.24 24.67 1.15 78.13 4.67 41.52 -63.87 70.85 17.30 -90.42 -33.69 80.11 -97.18 45.31 -52.63 4.41 -75.72 -52.31 26.46 29.68 27.05 
-33.03 0.30 -80.88 25.10 -89.99 -83.43 -22.18 60.91 -59.94 73.33 57.16 31.00 17.49 -26.51 8.79 -98.70 -47.73 -31.80 -80.99 -8.40 -59.59 94.87 -70.82 -63.76 12.17 -28.69 -61.06 -93.17 81.57 -80.02 -19.21 54.99 -21.77 -63.08 -75.33 -85.91 19.15 15.37 -43.82 41.78 -47.82 -80.17 -40.48 -51.89 16.50 -45.54 -6.43 -76.72 23.98 -4.19 -76.02 -83.71 57.70 -87.14 -98.10 -28.20 -86.96 -6.82 -9.63 -65.79 -16.25 -59.43 54.70 7.02 -4.86 -60.17 -84.29 -55.45 65.49 0.76 -19.99 -46.51 42.55 25.74 -36.99 51.52 -71.96 -20.66 8.54 24.27 5.22 -17.15 -85.69 42.95 26.96 22.64 -37.47 -95.05 32.83 -70.44 -92.10 -31.62 16.24 11.84 68.76 -14.70 -23.85 -1.46 -28.33 15.44 
-93.60 -17.40 74.01 -68.54 -2.55 -30.62 -40.82 42.08 -30.25 -29.23 40.03 -0.45 -63.30 89.08 37.30 45.59 -2.62 -30.79 -3.76 55.78 3.90 -68.79 87.15 -78.57 -58.32 55.45 -21.76 5.91 -83.42 -29.28 -36.96 31.16 -72.44 85.77 -54.53 25.08 -32.32 35.65 -24.64 26.11 49.27 -61.25 84.59 -58.64 -48.71 -2.21 69.64 -13.31 -8.86 -70.37 -12.22 58.28 -32.20 -38.21 25.45 -33.75 -76.63 25.09 21.01 -18.08 -40.79 20.62 -10.26 84.56 42.99 -5.17 -32.74 -19.35 -59.14 -94.75 -76.42 -12.28 -86.79 -36.34 -50.98 -88.77 -53.63 98.83 -93.22 6.50 14.07 23.67 -12.54 -28.91 13.56 -53.23 11.23 81.15 -36.42 17.14 45.15 50.96 83.65 -19.36 70.42 18.64 22.65 -62.95 -5.18 -86.22 
-75.57 -34.52 -20.68 -28.22 36.55 -97.43 -77.30 -60.04 -88.55 -22.15 18.26 -21.61 72.67 -13.90 -16.50 -33.21 67.03 7.53 90.00 49.89 -45.39 -39.96 -35.70 -63.02 89.32 -10.26 -74.56 -62.87 -35.12 27.09 38.49 -35.31 -54.35 -0.56 19.76 83.96 -32.81 10.59 88.25 27.61 -71.79 71.76 -7.69 -35.84 -42.95 -16.25 -80.96 -29.77 1.54 -83.38 -29.38 -82.97 -44.62 -75.11 -80.62 -83.80 -59.86 -34.25 -6.05 76.93 -31.35 -60.75 -98.15 -12.45 68.62 -30.87 -31.49 -19.99 -35.59 -25.16 27.84 15.89 42.82 -3.69 -25.73 -79.59 -69.63 -73.88 2.79 20.22 -0.40 -29.85 -8.57 4.91 97.81 -74.49 -83.15 51.14 -35.46 -32.98 -38.52 -47.34 -11.08 18.25 -1.26 78.14 -78.12 32.41 -76.76 48.84 
32.80 25.15 -83.11 98.77 -78.75 18.44 45.22 -24.82 -88.25 10.12 -56.99 -75.15 63.54 -29.27 9.47 24.29 -85.52 -47.58 45.77 -43.45 38.41 13.75 -57.03 12.12 -35.70 -14.52 42.54 84.52 9.19 -18.66 28.06 -59.90 15.93 -48.95 85.76 56.51 66.34 73.31 43.27 23.64 3.98 47.63 24.23 -83.18 15.47 -83.16 55.85 -91.60 -23.03 -78.18 -66.94 -38.82 -53.20 -5.64 -27.91 -36.17 -21.27 15.69 -4.79 -31.32 88.11 -51.50 1.08 -91.07 -24.98 -42.88 2.65 93.97 0.70 -69.75 -74.67 4.71 -17.20 10.27 -24.80 15.12 -13.28 -14.15 8.10 -93.40 -53.17 -73.38 -39.39 90.71 22.27 -23.87 1.27 -78.21 99.84 -67.31 -81.69 -82.73 -81.02 28.35 6.89 -56.45 -62.03 -9.42 -53.94 57.65 
