100
479.644144 922.336561 497.613007
145.859031 750.411336 490.997276
259.644676 266.242026 816.879954
954.584789 423.351680 580.133860
125.087647 84.782272 230.844149
213.953951 0.915502 438.508578
396.003229 717.128343 701.727353
641.235853 473.192909 17.202188
144.141236 329.239695 9.678743
667.882305 741.358780 368.813689
194.895438 999.272071 832.034375
812.750872 16.539191 859.849961
993.096591 504.162499 876.533644
273.758385 671.296271 415.661422
169.358084 111.412479 228.154882
383.288800 164.295659 820.940317
471.334738 205.762217 580.937525
72.104242 804.155117 525.202715
734.172000 371.818244 836.494357
950.611830 704.331890 844.376753
414.776957 618.935122 769.993808
226.973240 836.231974 761.780496
440.439223 568.086887 728.515373
0.208592 788.958221 515.473589
897.726923 640.704747 670.388336
841.509686 802.480989 784.006952
59.801811 153.166759 543.441792
391.979989 622.503156 169.661563
602.923452 717.400134 794.386591
577.843039 612.504181 165.771367
612.588878 84.197721 537.608874
672.361268 921.446272 51.035784
476.503969 591.529474 422.946833
244.944323 578.098246 75.090757
914.318514 339.149457 306.659482
1.481248 340.310842 963.421016
21.189163 342.553210 158.644516
694.818464 459.876952 525.412107
529.525091 806.226155 930.393721
515.087091 756.264657 617.273553
66.260432 826.087137 379.032677
487.008812 47.105758 90.060626
920.423394 689.881658 221.543684
573.447980 694.999410 575.565081
504.186761 745.000085 892.195237
313.015405 280.615950 134.733318
674.023836 444.481321 953.027834
144.772430 565.324016 297.326878
493.769709 694.860529 567.065767
151.430331 145.507823 643.200914
916.337480 748.744042 243.385444
750.586663 958.156289 581.229927
180.662999 542.134413 20.615022
174.936362 203.649068 788.053365
236.259674 196.786593 534.706585
275.527221 893.481169 414.231580
523.909998 637.331271 54.065083
301.013731 853.399920 581.068009
455.519791 757.696945 586.806060
340.598250 57.689578 510.284166
652.323389 548.789065 375.730683
574.331053 405.151191 16.399368
549.758029 718.961640 417.727582
714.277037 994.925082 996.732914
35.855564 179.672999 296.290217
374.160491 492.837540 945.997340
675.411696 795.041273 621.557521
172.775859 775.028695 399.514679
830.072679 816.775805 542.474123
129.472805 250.033206 136.326619
144.201059 605.944388 544.026579
913.241156 974.465262 85.844795
304.616687 316.348324 865.854339
804.693665 220.740534 956.587900
699.838391 102.946763 495.900851
501.297188 334.143552 836.422471
525.406465 306.195420 120.925573
690.384900 281.632729 900.726410
278.798540 529.996046 172.512147
402.651445 809.480561 994.937964
77.255711 953.477725 768.072383
775.312630 278.375643 565.108687
452.736913 599.917532 835.145937
503.884444 980.275889 312.660774
340.926175 545.253981 24.322201
258.352113 659.143181 163.448405
188.876326 728.773608 871.385288
2.766004 979.987735 686.177299
99.757447 819.990159 950.679652
914.305230 189.633785 718.335821
460.312970 96.109267 460.975342
653.900829 750.849849 116.716715
375.611068 358.750335 42.775158
776.334022 26.574208 440.621614
661.787652 636.260660 387.297403
172.568957 321.849341 137.966282
497.272653 750.911061 790.983475
44.665862 489.359980 375.608289
852.198200 997.013194 830.337173
676.300641 273.451166 73.757787
60
1000
478.657983 897.430257 404.901622
231.527849 783.833216 436.159482
253.378463 303.030389 897.288582
983.247829 432.327735 542.789087
53.809670 138.601458 204.061269
254.375993 36.416038 506.301742
409.195723 712.956260 784.116741
700.672182 480.675762 0.000000
163.668481 383.798462 0.000000
718.928508 751.919346 427.690850
168.030359 996.886957 757.034817
871.951063 0.000000 850.735717
1000.000000 457.053662 918.956683
257.348667 681.033702 335.056612
153.448138 67.626490 266.595436
452.239297 229.756691 711.902559
462.514220 156.666425 488.645865
46.408851 857.419847 570.915233
645.394828 445.228696 799.085341
946.556005 719.902149 789.722009
426.823403 509.404904 769.482997
209.867531 817.326790 723.640852
463.066766 565.504019 766.720655
66.751387 771.363242 460.557121
913.707752 711.903166 674.178113
899.877297 816.192290 776.819908
74.076483 124.739803 536.287176
415.501951 603.945246 215.005838
612.005282 709.737256 758.694069
595.025702 615.089818 131.340394
735.749608 33.916655 568.234783
656.201912 952.355462 0.000000
571.938628 557.326684 324.646153
195.692565 582.396216 27.913692
926.812864 322.857054 314.242965
17.501725 352.959774 947.876401
23.619735 328.977040 78.001531
807.063779 460.771322 481.033368
547.491902 775.686860 978.390812
607.686476 783.240822 631.667866
41.051627 912.902666 420.016696
531.222324 36.401097 68.636976
954.745846 718.787155 281.229372
485.617364 693.785207 639.442254
640.161356 712.510895 861.700479
334.912887 223.739297 138.614753
741.370068 490.975141 896.453375
71.640642 602.372969 290.173888
555.977540 730.537535 532.940254
113.120546 185.339379 682.605692
955.280641 752.064459 252.836064
770.256069 943.078583 584.623374
99.740871 521.660451 0.000000
164.294874 322.851719 636.228205
319.919165 170.344119 629.432525
286.754771 863.448159 528.977745
503.907044 706.606995 74.930433
378.461930 881.133866 530.203565
461.030427 739.344733 563.967042
459.991992 0.000000 445.942098
655.794981 490.875613 353.496427
466.891009 434.693610 0.000000
549.189826 810.160605 502.220290
617.110646 1000.000000 956.853941
14.442060 220.041952 248.934904
357.857792 439.659780 1000.000000
677.798999 891.149424 651.807147
86.315280 662.575665 392.831254
807.835634 815.270853 598.379881
116.951399 301.373301 223.355279
182.454713 631.111231 616.313989
902.540583 1000.000000 119.807695
279.008993 281.611054 834.908199
791.349420 227.064328 944.390064
749.163081 134.465805 561.057073
491.817517 257.681554 911.020206
588.261891 313.228868 187.599848
764.720514 301.022906 852.911463
232.436175 564.691442 160.245889
370.553567 758.297940 899.826959
72.734942 940.622576 741.304883
753.376953 325.322251 553.203586
542.534305 583.250964 793.866639
550.525783 954.978335 278.724515
255.292142 558.322121 0.000000
278.789853 676.640765 100.414681
231.941409 711.257459 897.371474
0.000000 1000.000000 749.304263
59.781862 801.076883 982.975821
869.240444 214.519801 718.791016
410.627668 159.490004 392.601051
598.352439 837.873148 132.913687
428.427061 338.414587 59.291030
839.423973 63.475838 456.388355
613.906252 645.954914 329.739992
158.870550 347.599167 150.077995
486.683484 751.568737 827.119938
15.578993 657.735241 352.260591
790.865038 985.830420 740.157372
529.782631 269.247820 49.495667
459.861683 1000.000000 350.469654
838.094018 1000.000000 764.653838
62.447368 471.639782 258.350204
567.739768 256.655179 89.609478
515.696671 197.387021 504.549483
421.997455 647.303903 708.323762
109.300997 318.212975 145.643107
475.450282 533.098857 804.141097
720.694511 1000.000000 552.103051
129.718172 599.922777 424.645997
13.666346 287.500099 213.095805
226.663726 509.508569 231.013033
127.747716 1000.000000 876.061392
539.351236 392.944751 126.671482
490.131794 906.655196 371.747941
579.479263 763.135492 931.694348
877.650211 346.539555 514.795150
915.260031 643.382494 868.823211
722.514941 274.074301 141.587518
207.573208 283.799082 795.674691
967.436738 380.231685 560.750280
620.427870 76.555322 417.287857
105.109689 0.000000 350.722882
729.413294 95.942505 506.916140
183.122905 795.089157 847.722873
684.407678 815.960635 189.374185
79.280157 151.604380 694.987552
0.000000 307.790567 204.786366
596.185864 760.151270 573.503791
199.388474 110.419125 197.485621
142.778893 65.635673 249.896410
441.573015 736.884914 0.000000
193.511625 273.303447 148.310405
811.703979 922.714122 564.847322
956.073337 695.636978 344.596025
471.879490 244.302983 172.911783
897.998524 244.905249 270.225075
14.078541 978.591992 620.755219
523.332211 1000.000000 310.258969
413.742064 331.942827 33.767628
553.682952 716.425082 334.923480
427.783767 593.452683 699.037190
129.096202 569.634868 85.685080
185.557981 582.656643 71.369355
398.205973 651.511121 211.509881
823.593931 951.764643 36.491748
208.432945 595.100346 77.372296
274.175278 0.000000 539.769887
105.675371 306.617545 857.120252
674.264569 526.791195 29.407897
305.840452 587.749079 8.160463
160.102602 291.226441 6.412762
481.623661 47.977335 0.033320
618.864563 383.789895 0.000000
457.804478 578.443076 760.087537
0.000000 350.095698 979.095226
17.293250 768.111630 366.237205
491.057262 631.377970 427.580521
639.666098 819.072864 50.245145
902.062161 955.600614 128.018365
398.059735 770.945942 988.074010
587.486822 733.143024 769.788692
125.244625 280.469747 83.068355
1000.000000 650.092703 178.376069
839.578955 762.854183 800.486017
348.646196 517.573863 980.585892
781.140538 763.930024 322.322853
461.849555 261.385612 159.718582
172.706419 742.830566 472.196385
142.953675 570.620899 269.699350
379.542959 804.003640 997.556017
809.373577 879.561179 451.260340
921.681129 788.285294 569.045341
706.146916 331.822135 64.769010
599.525559 896.451028 133.796006
736.924363 140.158722 412.846565
709.424774 448.060662 0.000000
488.050667 2.698984 31.525000
179.539234 368.265353 0.000000
577.948954 323.221032 785.248461
6.137662 818.107207 518.405007
406.317437 801.471651 515.918994
161.046044 813.451603 732.710542
344.076482 0.000000 531.352804
131.637020 172.781826 806.237108
508.270352 141.619709 599.466876
394.943135 617.129710 122.352591
206.078901 323.658825 22.321198
382.641637 324.835251 140.300434
269.750476 168.212725 559.183492
660.943002 289.249325 156.710093
372.268193 638.993655 1000.000000
731.448958 1000.000000 630.489730
305.979798 427.083701 955.196409
612.431524 686.855392 144.630735
394.818429 599.597018 45.877265
691.104925 0.000000 470.141875
546.548917 108.146035 167.438966
158.487402 768.395655 320.246530
786.234759 770.894399 829.098325
245.969086 617.266087 34.925647
40.598828 162.378533 460.633433
211.455070 277.925736 569.898429
572.735392 380.675502 0.000000
693.983846 773.185338 83.137876
141.902477 691.906646 479.761732
724.578640 456.660703 467.936180
1000.000000 464.306993 610.956409
805.046000 430.599650 637.487660
320.524653 460.398003 114.617637
225.912515 630.601862 205.255133
860.848541 205.529318 811.733356
155.665704 329.382005 154.944124
994.252671 575.656215 613.255188
268.876150 126.243479 484.393271
752.420379 348.542463 894.798139
615.229162 647.025323 779.520127
334.967156 929.283461 375.563682
695.612793 770.377788 277.405261
158.758444 240.319255 0.000000
652.386012 696.469664 512.300137
677.373456 692.348654 216.399417
281.218249 900.083219 500.701348
434.055112 783.884426 1000.000000
961.048384 675.594990 245.486368
484.773063 226.577136 789.493854
787.686418 95.833741 333.361402
921.701203 231.735929 1000.000000
621.838820 736.525537 770.172702
687.841346 1000.000000 934.221262
407.465254 95.770574 569.672813
768.580131 172.948044 1000.000000
62.259893 185.395891 563.644226
359.764332 588.665965 0.000000
192.008868 869.142967 825.216779
692.336833 446.778064 558.387809
153.673222 460.742612 127.129133
482.222427 423.585297 0.000000
790.006221 217.829094 629.199086
532.254463 702.710396 606.723856
545.673555 699.464585 377.362050
569.401329 595.709160 131.712435
469.881232 605.862585 843.071950
238.672389 613.620227 381.962266
269.474804 297.116119 156.548614
91.640518 235.275442 112.807165
220.128224 628.950417 317.968102
236.783888 293.539464 100.802000
623.619800 687.878706 642.518125
474.552176 769.707654 530.794545
882.190621 435.328789 595.353467
1000.000000 721.483586 812.688262
969.866021 819.956082 235.010670
426.675286 631.164170 214.314617
61.519454 485.019122 433.659264
401.866767 143.802100 780.028754
630.845508 675.878755 110.728696
192.652395 143.847377 208.648242
175.955519 147.349948 675.831202
1000.000000 572.875485 796.509076
935.316567 694.190019 298.648196
552.952389 659.317636 784.722180
893.391300 999.327638 862.391036
417.085978 736.157805 956.443161
845.243820 0.000000 866.406549
64.959003 865.999062 246.445616
535.414397 286.666525 116.142858
101.273900 151.779972 607.393395
460.152238 733.295025 576.567310
301.877838 335.768717 802.724877
0.000000 177.762212 554.045864
470.589392 103.663208 420.092180
174.974440 874.144085 788.000736
864.755868 667.280877 709.179007
789.302701 448.519661 800.706636
361.270558 152.787972 812.240330
794.161871 182.826714 432.330211
252.447914 803.401581 715.447488
773.312549 796.954842 789.262857
265.001144 635.201069 201.056349
665.500612 525.694647 415.168552
680.814289 695.176735 327.806425
603.104172 735.510812 305.559835
612.061031 403.882183 492.544454
669.426685 457.865845 542.399855
825.634086 174.544541 939.364869
974.295982 503.885214 896.922361
746.610519 961.246663 595.134556
663.579266 756.279190 174.260805
265.563345 338.046034 853.144834
108.784228 237.732210 518.871171
547.690685 790.376857 850.999515
277.287447 795.583817 443.305719
257.472663 0.000000 507.402957
80.538797 908.280448 708.738718
12.186303 313.844346 982.910649
452.839685 911.089789 279.652246
1000.000000 471.221595 887.653703
380.632394 119.214285 514.938375
476.928018 655.720667 45.799799
0.000000 359.205773 916.219376
976.254678 384.232628 800.729568
89.791854 353.937797 155.464900
975.641251 324.713751 326.298958
634.634078 581.848903 343.324755
927.623893 1000.000000 136.561012
567.063566 615.930252 389.009834
758.010974 1000.000000 994.421916
178.505639 294.727037 94.181423
669.503576 724.032416 160.090971
694.034794 676.175327 624.876981
819.834370 771.416973 513.843457
518.035577 836.285786 889.839419
782.192952 948.598368 667.277453
561.757360 646.705102 37.466166
297.470364 273.355212 834.559603
69.421622 219.535211 339.117718
24.518290 245.353902 343.094985
311.102578 592.728106 35.496431
665.707266 261.561007 793.786754
0.000000 323.920263 984.794410
371.483592 34.911690 509.229956
671.494882 761.129164 581.462513
432.396073 140.649573 517.130855
195.404338 329.278939 774.640021
522.351097 142.374722 560.475423
188.176711 875.927205 390.921257
64.123430 799.133780 961.695799
654.749628 341.122761 133.546622
681.550393 680.606763 309.783113
779.921027 301.923822 542.150125
492.532269 615.441093 471.550357
950.495555 683.382187 600.664811
496.692583 337.573013 788.663354
0.000000 1000.000000 747.448341
611.275352 189.635942 128.199070
455.537559 154.805044 568.170897
341.141621 540.355639 0.000000
932.367981 483.688048 606.077300
544.909211 574.760011 0.000000
586.599412 643.849937 322.433211
267.368472 375.216821 209.140295
169.826031 383.320812 45.110985
201.687061 551.803795 37.732119
894.198346 801.588730 238.439064
639.283479 971.812704 894.952168
248.870867 673.707121 521.670429
598.946519 701.690368 804.618882
267.447304 551.635388 195.235942
632.753621 723.452554 421.514302
664.295305 482.228374 1000.000000
224.949438 641.666872 118.610896
923.890888 611.333305 655.035942
234.001721 740.119239 467.631214
559.146573 467.247894 57.867976
271.163525 879.338257 351.703796
446.931973 585.890139 641.152133
653.042531 820.446271 597.807198
190.612612 862.480352 350.359091
251.633287 553.893847 2.006359
247.660673 847.797476 633.862382
345.947435 653.146488 172.181669
135.781478 18.262887 205.919966
433.220621 226.755185 593.557084
258.075348 512.003230 952.609799
905.467784 656.708424 901.034374
138.388662 32.962696 245.987369
310.386565 238.630939 198.373011
441.254222 694.795709 608.345638
455.888962 731.317410 663.652453
412.501396 0.000000 78.620617
951.251954 822.447986 514.555397
976.706699 235.807717 756.090528
390.188127 301.582038 182.987577
203.004226 211.915370 184.243138
193.625099 129.644862 187.659518
835.026577 318.370065 556.998883
723.148592 500.916007 89.543595
73.211572 88.543940 118.092406
694.975448 987.653383 1000.000000
57.508446 1000.000000 723.253557
396.452813 106.881376 761.078530
179.239275 612.266014 44.016542
634.893679 170.553478 141.018586
920.055438 278.737206 277.926329
176.931348 185.543823 766.935699
864.518715 227.271882 909.023823
260.894201 260.521452 207.923348
152.087299 318.452705 0.000000
89.533835 646.751071 319.239829
354.719438 875.236158 782.279430
707.986153 190.347683 58.992241
877.873224 752.676526 276.407841
939.665599 590.508779 181.679436
12.039077 337.268827 1000.000000
685.333961 636.631244 323.200302
143.293620 541.149455 294.629107
306.608769 685.961135 459.247254
221.905322 339.535173 137.128482
186.745620 677.655415 915.478101
699.696546 439.768550 473.035392
152.604416 847.959784 951.363181
531.846476 586.476950 444.998029
842.662601 213.053767 966.728301
165.942817 135.201910 847.215380
721.187993 992.343061 588.181920
882.204128 281.056391 401.356229
523.239989 772.937233 512.797120
908.377080 414.186013 652.601196
381.961055 499.792693 160.979900
456.645007 954.004240 329.273573
878.896508 663.332912 276.125857
164.156486 143.645579 229.773537
408.925805 350.134356 70.042641
159.738297 172.793876 659.057870
449.525331 765.673466 887.610874
164.658664 276.154320 0.000000
885.227173 615.940015 263.818894
555.004537 720.805313 484.637962
36.952616 823.245416 963.776062
564.352764 150.580501 502.252507
470.087842 215.632981 899.522946
289.384111 642.283399 148.915764
611.229371 729.581625 740.984580
85.944320 824.039100 535.525785
263.317532 845.349248 834.377476
928.183679 433.845730 282.479568
417.166425 653.671685 551.762683
252.426658 515.971295 79.222876
369.054161 856.688079 394.957727
923.659088 333.199381 229.943510
457.532424 677.653460 810.178757
308.630870 834.070376 448.339803
346.054945 427.801286 0.000000
205.823087 816.867105 720.179665
187.517999 83.390278 245.228954
375.775879 296.727504 110.707265
732.013809 444.361775 968.206276
194.770830 263.659964 65.602279
15.708006 823.056808 422.326120
450.080166 913.823678 501.980090
411.755676 507.951905 804.965415
491.262756 78.753186 349.874117
273.403632 747.464027 895.498476
207.066700 602.558253 59.029956
39.347136 980.463554 793.081476
456.654247 366.062861 880.296031
215.084687 786.869353 814.934585
940.957332 582.153096 665.654874
806.227714 705.238233 176.046583
817.512788 0.000000 433.707141
159.749430 819.316396 533.244705
65.979911 1000.000000 688.895455
282.042920 388.094654 849.305124
548.255094 625.096120 201.139950
618.639320 670.563182 88.808958
721.318978 13.435982 537.300805
659.288497 956.228429 0.000000
33.952381 947.994148 814.231919
892.504259 689.952687 680.280744
579.943562 141.555337 540.921533
306.880713 23.362932 524.953034
579.681345 412.719992 18.450829
601.429014 253.431835 805.261785
345.060076 423.013762 38.402553
5.847372 876.168701 517.356496
777.160001 324.023167 853.306208
765.666971 320.387684 928.258285
303.538520 685.518199 469.261964
0.000000 813.071540 565.630383
18.703685 744.463918 357.636726
131.885911 675.072795 582.068030
866.797856 58.639508 824.125879
989.428878 721.240655 814.395464
516.029320 94.980422 165.385691
878.827415 1000.000000 791.630287
265.380801 599.236213 22.872837
614.763721 605.694773 378.622808
108.418568 151.402923 159.581216
239.115495 920.333643 691.942279
104.469696 764.167271 797.211464
142.412359 264.512799 604.486246
514.015991 241.924278 595.045682
384.520824 936.195904 549.340173
519.738091 133.019995 139.371959
433.768073 879.180005 507.718471
329.288038 267.327435 173.989211
316.646665 871.150582 692.179267
706.253542 620.941054 801.759131
750.215205 14.205867 447.015241
278.129132 925.023101 767.072407
448.654843 92.870784 200.919123
209.769316 747.714904 474.617045
126.178737 254.533551 721.013079
553.506827 325.878230 99.355109
488.503472 778.577811 810.925522
269.660511 245.162130 547.001797
719.427034 730.751347 443.619797
848.692649 243.146807 1000.000000
728.518155 267.904425 583.794286
188.211213 287.485757 75.228782
171.257429 110.418961 615.497137
525.073665 730.923572 711.771479
285.039384 641.327040 81.090327
802.040331 821.599380 481.578995
243.630130 8.184397 512.811236
402.539462 190.131906 832.230913
926.755776 443.848393 318.570637
340.917699 77.944846 559.974634
398.720227 635.356060 119.214689
239.606034 298.622260 522.346912
664.384131 414.981982 32.288402
521.547860 749.406146 476.992125
122.656713 415.426982 68.564974
619.760158 91.594627 424.391105
731.964188 843.294239 413.635921
382.581955 715.713747 800.257272
221.769564 192.142294 808.373574
819.268024 86.725034 764.979498
537.478262 338.640361 167.730308
6.110621 168.195680 607.287466
644.825704 325.199449 857.275700
53.110424 370.124985 1000.000000
27.293288 418.662002 96.998892
899.246277 216.611991 619.540177
526.471805 736.811228 796.285080
747.581084 150.863769 445.381225
641.346473 560.178904 376.726578
472.843799 758.469767 882.610898
75.019526 338.986340 989.898999
917.377391 687.744005 720.107383
683.943999 764.471402 123.790924
97.411826 785.165971 401.782567
540.448505 654.099265 762.586014
361.852507 316.325357 25.655917
106.243876 653.006048 528.248550
548.211946 422.473968 0.000000
332.525076 612.613785 0.000000
487.338116 681.053997 649.108444
766.533512 759.048412 119.111369
314.924471 770.572859 679.705760
204.100716 699.815330 837.376424
0.000000 187.503759 292.457105
886.078029 955.150662 820.034519
696.528530 394.718344 572.129521
655.311672 589.283245 299.872857
687.779417 369.517759 980.549541
817.084010 14.388387 943.287109
425.584515 627.720291 201.739894
276.674288 346.150724 202.162199
479.648226 567.200967 18.995555
191.138638 767.044716 355.394373
483.302795 314.500367 839.456520
0.000000 776.817806 454.968534
355.754803 282.311416 148.681416
743.389591 18.738903 840.265368
77.733710 85.389466 246.329891
296.007773 1000.000000 795.286626
670.810937 321.686978 854.450556
590.640722 410.105609 2.255332
84.338553 918.419394 761.172762
158.622630 792.101087 491.799903
469.969282 923.704054 528.084007
333.172972 197.135143 852.097247
593.836687 397.648785 0.000000
923.190137 633.191836 601.892205
676.264974 948.459445 481.248154
503.106936 292.741749 87.004279
954.089456 450.886935 530.602620
381.376000 438.524036 934.476419
649.755595 268.511533 989.319885
759.492160 953.168170 527.250582
168.149454 236.390178 172.103377
28.952286 492.767165 340.909028
202.205662 8.940769 472.299367
173.336484 677.807945 147.185389
790.296004 385.346471 868.705185
706.075422 293.259495 951.567090
118.582547 794.685271 703.548757
749.326589 839.313258 629.551737
737.883968 652.736792 271.587005
898.092939 429.928926 367.870771
518.085023 1000.000000 303.218399
92.232117 213.484884 161.348247
814.772452 702.057952 252.029922
790.926100 85.477100 453.619090
0.000000 325.181691 928.468657
285.193625 275.106095 818.328933
922.455820 337.999255 298.036871
727.842877 456.683696 827.851271
542.096442 712.191950 819.726598
754.345494 382.773576 878.274500
336.458720 352.665317 158.971268
351.346571 708.224064 652.298625
572.547431 740.235807 574.764633
452.178939 571.732768 49.424065
630.430350 732.677176 117.951231
976.894776 474.519108 871.007983
386.818581 164.662788 870.873469
564.289444 614.451304 203.402959
410.728738 584.980072 431.711051
580.917548 666.138841 614.893774
473.786011 309.901262 58.374200
70.979263 771.235365 458.965835
434.615110 238.131167 872.294524
435.155731 547.149530 612.421175
316.657459 569.428468 3.201655
759.476701 252.525799 552.068067
725.516018 761.335034 897.621731
497.520676 729.800506 374.586184
145.247627 856.120951 549.428208
278.946078 280.372384 142.065911
314.799554 200.428940 921.982922
0.000000 322.372278 954.024147
212.527372 917.824970 854.367807
0.000000 235.103531 907.334500
637.730785 689.680231 141.832018
623.588060 789.806766 396.983555
888.627206 632.067921 643.701684
207.651552 655.621867 401.109052
342.958315 384.062952 4.231970
853.152113 758.297792 302.039502
0.000000 1000.000000 691.185592
634.167418 33.494537 568.113279
473.525292 693.054238 503.821665
652.184324 255.088608 1000.000000
988.216488 737.074957 306.540850
872.837734 473.596466 846.908271
623.024771 562.426572 454.918617
685.729177 471.923915 37.707994
706.979770 452.427105 883.835279
126.990136 832.968240 858.198527
650.105173 67.970491 515.931499
622.560256 676.480952 606.655262
645.928889 811.795909 536.496336
17.097165 163.878160 363.502742
709.064840 1000.000000 984.607300
214.489626 159.875239 625.608129
841.958471 912.287084 625.431128
1000.000000 626.810183 822.952808
250.320764 830.915846 537.799247
700.345620 518.100351 11.620777
294.429581 747.340108 443.617695
540.156018 615.669848 670.643200
1000.000000 758.938878 188.852237
637.454253 35.285261 481.197039
547.380671 495.790344 51.931845
699.264440 194.207855 489.133186
382.746254 443.389314 964.584603
587.366793 59.409463 595.097210
462.271429 919.603598 400.169783
182.219052 312.028111 544.197366
594.686919 445.575676 76.350034
34.297582 878.257572 333.896079
438.502488 1000.000000 333.432461
471.641043 815.510077 922.657413
422.992763 663.940014 513.167166
24.897608 583.984275 313.374210
606.852703 481.961148 321.091352
785.861042 192.057712 989.282347
873.660931 957.298611 74.206613
425.165544 61.674122 453.726142
477.018492 937.825890 295.318427
946.277399 493.456032 873.483398
366.598402 701.733801 117.892785
864.405013 320.491879 291.402984
908.507059 854.037811 533.353949
729.226081 27.425881 580.702426
508.869730 752.022720 372.391387
261.910621 361.019995 891.490747
221.747966 110.268042 310.702436
958.516191 1000.000000 103.117566
178.412925 194.383999 197.349945
1000.000000 538.640059 919.658850
780.425013 229.221630 950.823713
832.473230 804.033347 714.449463
54.414148 375.967551 968.048920
379.920684 260.172069 914.916804
149.339616 162.474254 578.534851
703.795495 752.947439 578.550015
0.000000 781.452967 383.988326
128.582542 189.324086 559.359215
981.098092 471.091844 834.431774
521.095095 476.172980 697.232985
590.642243 794.331304 915.530685
231.766155 623.284509 227.560111
14.226600 974.072809 618.906243
104.636682 680.701807 528.586788
459.461827 361.574147 827.061956
559.667118 661.786271 617.663418
507.622859 923.476930 437.732167
458.827073 414.724160 806.506528
547.597949 407.696051 852.595097
108.900318 624.678545 59.197268
235.365747 86.021052 246.793950
46.011376 268.053544 26.115173
896.753637 995.492791 95.771734
555.874145 632.666403 22.195810
904.448072 184.833365 764.213390
267.878482 580.473810 114.929752
59.761252 539.393126 435.443086
885.222204 209.734803 712.211038
569.199916 780.544942 827.801352
177.233120 792.875036 902.978282
39.447837 583.103808 364.222002
685.983430 754.039995 382.476454
643.061301 552.954909 432.466557
927.284479 960.917123 143.500510
387.367435 812.916770 908.496680
291.725715 309.075887 890.015483
586.679792 102.096377 558.346105
935.006283 990.998112 855.737869
108.942200 656.240929 588.818352
131.149673 327.741678 34.326624
282.326723 566.421123 83.212449
76.157717 981.263059 700.464108
8.128798 827.915510 529.633939
872.667499 843.907707 551.560905
477.473502 640.915200 832.092784
802.554871 307.144602 1000.000000
765.133306 28.246838 417.321360
611.428094 730.180225 95.859692
725.672348 47.230716 564.732293
571.416747 693.668003 114.547919
187.419283 770.740489 481.748608
418.042952 589.625296 525.874213
25.304435 253.838672 1000.000000
857.682476 408.973245 319.134589
818.772291 819.370915 724.369869
529.629814 648.438868 479.616108
1000.000000 960.555224 68.983467
356.074484 0.000000 501.130742
499.105317 122.162808 60.471838
422.091388 126.268091 478.186188
687.285452 810.449211 412.089046
927.663718 1000.000000 60.385843
90.256431 495.546233 416.925586
147.061973 986.100611 762.530320
279.817581 510.689148 42.005158
872.862104 347.259119 341.581786
862.766638 653.104137 633.373506
735.188535 354.437171 902.846198
390.364385 507.702887 911.928073
376.786172 1000.000000 273.034136
50.640688 778.584810 558.706925
144.861273 23.478810 380.463173
149.779544 796.892696 398.833170
781.842775 481.439985 1000.000000
316.949282 615.087872 300.956825
361.180112 178.650367 808.426484
60.956241 773.688418 846.303232
229.311615 596.399739 0.000000
610.091204 555.449213 449.403350
19.103835 156.968717 198.644182
74.201592 226.031829 0.000000
582.056302 337.400699 875.628344
773.489192 395.161053 781.908826
515.427263 707.813908 617.383273
472.060636 889.932176 940.621444
0.000000 507.369925 366.144706
317.960622 3.352745 571.798121
587.739537 587.024959 44.900878
633.733963 728.841240 566.315502
92.597968 580.154245 318.321573
912.857756 418.664063 624.385277
536.099207 785.975196 925.519419
83.571603 205.959112 505.509165
739.764245 0.000000 448.575426
731.874756 806.696767 562.453606
132.740837 969.551031 948.850925
476.939550 606.778348 414.058235
184.055580 464.211706 237.351087
919.897059 963.761503 19.471388
156.831839 518.195472 447.800731
405.321672 124.051289 136.022532
672.506081 807.537996 425.073645
833.122926 791.536313 662.655668
381.774792 570.238140 11.758232
318.811602 716.406076 385.647695
248.451536 267.559144 781.849112
489.600133 699.644725 592.158205
642.584060 525.463427 0.000000
835.102510 1000.000000 77.013783
690.225830 345.680219 823.354801
840.300603 292.016579 262.208853
459.349710 741.823558 906.273056
816.595645 724.035587 598.291191
945.439332 759.802189 296.937891
222.662602 153.878700 523.098510
626.091087 809.131032 820.432546
111.526763 237.829239 178.791369
113.784296 269.812975 138.610492
950.679938 699.594105 143.561634
619.665487 625.740308 858.140820
0.000000 44.591875 515.588501
75.848834 841.274629 950.672883
766.915245 1000.000000 932.136054
48.412267 1000.000000 699.758083
792.954895 972.028320 625.077972
914.546398 965.379865 83.520447
66.387923 941.605725 672.078244
436.472771 824.541515 929.391515
969.633156 413.403959 376.161834
381.507236 732.487188 681.927989
936.479815 605.865816 244.876792
690.717994 625.752860 395.592376
0.487600 164.551366 550.786863
581.580361 703.689047 603.546950
125.053732 736.229212 889.629272
366.753024 610.087822 192.557518
672.430835 465.816872 406.492969
179.319133 150.662653 247.435550
820.588427 812.318467 524.966473
101.852832 771.973395 400.059974
525.512832 646.358445 846.305058
843.024369 0.000000 846.481746
516.717063 627.922761 436.111283
460.879742 545.490050 444.951562
495.669694 260.095353 807.546198
310.247414 298.574252 134.463103
734.002577 929.246425 134.910310
869.319373 121.872551 410.195679
663.693202 194.149497 51.768962
470.486581 860.223620 604.323742
44.877855 69.039352 509.776030
784.376159 299.546378 622.202518
496.747785 943.830630 489.395165
163.906320 624.066504 466.325278
656.310566 205.060164 994.365325
357.578645 237.298061 42.658558
940.309967 580.394687 648.638363
787.244370 263.018710 974.735251
477.584997 373.669427 764.352938
466.673792 791.126371 602.581693
151.182186 919.889924 825.450711
246.282709 302.555011 169.411136
85.346995 592.650089 278.837444
922.171656 559.128186 805.883471
780.469240 380.994337 841.238934
420.618366 749.765612 665.541283
504.571663 767.636076 755.928740
431.397528 978.797213 551.890900
634.603888 695.012603 777.162177
162.241211 754.051191 868.528510
494.270240 297.774733 862.738727
409.679904 438.236585 912.914317
175.177952 668.680514 782.490415
467.613784 707.942080 558.624314
92.876078 215.474763 49.342723
310.927646 151.208542 527.373266
728.745408 80.527355 476.444117
840.944807 198.951526 1000.000000
668.944640 140.953045 559.554133
113.329860 461.627271 155.156209
170.690483 579.636661 0.000000
839.367209 1000.000000 758.226375
137.951433 324.692747 169.506346
663.317608 304.662145 1000.000000
312.606537 473.251640 187.327410
128.037377 140.787166 549.750887
895.406622 949.271307 929.334319
504.503338 568.319487 832.719326
687.390819 869.009350 743.018178
660.503499 389.124416 986.855003
296.010239 470.950986 892.837944
975.204896 531.224696 866.690067
645.190534 738.940064 259.142822
22.057798 974.140390 689.517100
394.043909 521.016485 713.780407
414.977774 762.424544 749.652263
237.626611 851.102783 707.290476
725.902990 409.279814 485.787597
506.361091 615.468805 66.696475
980.929020 650.632550 258.032928
382.803313 558.164918 36.942957
434.320028 7.472347 494.837703
999.152451 526.223966 912.721090
355.380948 685.674409 793.251748
528.047454 436.519714 0.000000
424.407192 749.845352 648.687007
668.196722 665.970174 835.820380
722.236739 52.670808 919.665308
971.971308 947.756212 78.317073
214.007175 572.273007 157.835929
374.815183 479.572766 1000.000000
427.555318 121.169367 805.633453
180.482323 822.685362 481.427004
374.751814 632.078037 47.336581
113.415513 29.470738 204.894951
265.583689 812.759590 319.522901
720.854867 250.516795 94.730054
47.298145 185.611572 535.862170
71.822750 155.839698 672.345047
80.356184 847.655552 528.125798
541.275291 595.846207 70.350572
435.133716 895.825274 456.282885
671.977120 451.919457 586.393321
570.420874 564.390298 300.253509
673.084183 545.298403 393.302489
495.049177 909.368418 370.143876
658.232087 887.127841 82.158960
753.469891 74.416079 383.091018
483.074862 582.078189 854.573528
261.772099 0.000000 407.545808
433.898826 758.630452 931.692040
1000.000000 506.274615 822.405813
199.877996 287.913926 114.007960
18.080459 764.538871 481.930827
226.283585 331.759724 200.960289
513.668435 623.119885 537.925385
789.368711 0.000000 759.184881
467.140395 602.287006 681.465169
459.062313 752.269475 859.034772
454.574608 180.863734 769.147743
560.629726 817.963513 951.723361
690.461320 387.266320 765.793595
982.094027 349.504209 317.409548
6.120894 850.785101 955.446552
817.414202 1000.000000 524.910784
63.660681 163.470479 572.855483
559.521632 173.961862 575.337684
216.698767 56.339868 717.454564
698.967616 297.250729 567.070127
673.566313 846.109046 634.601504
125.813473 382.223469 0.000000
937.969431 638.447483 677.734351
810.685884 108.225325 741.860986
635.249514 776.253450 720.066652
377.058969 571.991600 208.776035
297.793884 883.135600 491.234327
970.569306 555.986208 862.317571
928.940011 795.686529 198.165087
712.930653 887.252798 0.000000
846.735513 127.743821 750.996463
147.287458 765.868436 470.865103
397.830937 587.420543 394.814455
378.615573 154.333039 892.811404
730.991976 991.551997 1000.000000
554.746279 594.122513 142.075244
325.396446 595.379152 204.572081
312.964601 598.899312 62.064158
90.754299 325.626674 171.545676
1000.000000 540.153112 912.469908
511.642675 792.440932 685.411973
443.168927 53.380752 515.709654
539.202698 656.451747 75.793972
837.664013 150.183022 695.802893
453.329560 973.732017 352.618902
141.298967 352.591643 71.600549
703.196386 316.095973 609.838805
619.466547 66.272651 600.505729
668.344632 869.861957 391.545600
0.000000 287.862904 279.391652
668.227580 736.652993 264.525504
601.103957 750.427992 818.211394
81.112359 131.239670 595.565369
157.651898 590.981720 542.997987
946.799066 605.595715 250.478364
381.105618 711.238818 347.441343
383.642833 389.843554 17.992674
75.205679 831.162336 318.350443
761.787216 77.854012 503.908852
1000.000000 410.820850 947.596425
283.620603 667.752002 739.961175
53.100758 241.207733 138.580630
0.000000 845.239886 598.414389
444.947420 651.668325 18.682369
779.729101 865.720780 631.891484
80.840172 290.142819 138.400376
302.813857 516.770963 6.512084
3.684488 844.736517 518.930864
0.000000 1000.000000 667.372572
323.130298 649.831219 381.792637
723.343240 930.556055 76.316036
479.475183 675.080489 609.675847
767.698299 981.515098 909.717380
579.374126 346.309326 0.000000
635.931111 588.919802 414.006277
648.967562 468.201979 999.885639
719.489342 457.999409 437.700785
358.254958 363.408676 846.195518
471.359766 791.155734 325.334930
6.417247 111.160110 553.461149
186.165881 693.361870 147.063161
445.743905 982.959833 386.448442
375.940585 728.196398 747.566536
631.946964 793.292670 115.963910
926.284804 726.172360 903.312098
401.909411 619.528950 937.066206
718.079785 554.710507 352.763868
647.402800 691.535546 433.493508
0.000000 753.818261 579.934922
705.113564 140.532215 532.704936
469.766001 782.961193 857.661037
384.614528 484.624877 987.181103
506.331671 687.575191 567.973448
571.172030 22.778972 494.820959
357.627779 33.222109 454.300626
738.696892 996.183572 575.334138
126.307989 157.186905 720.871668