1 -0.107238 -0.103824 -0.071987 0.405964 -0.065717 -0.859570 0.196422 -0.161155
2 -0.084047 -0.102756 -0.063121 0.413444 -0.067279 -0.860943 0.198346 -0.149556
3 -0.090972 -0.108808 -0.070134 0.417233 -0.077453 -0.855410 0.186789 -0.168131
4 -0.075617 -0.085737 -0.059298 0.414224 -0.059492 -0.866651 0.177893 -0.159889
5 -0.074190 -0.115064 -0.064387 0.410714 -0.077362 -0.863346 0.199070 -0.132079
6 -0.077032 -0.105967 -0.069916 0.397173 -0.064178 -0.870584 0.191255 -0.146930
7 -0.090735 -0.103118 -0.082957 0.395846 -0.079613 -0.863338 0.204501 -0.155070
8 -0.079647 -0.097012 -0.052810 0.409429 -0.070108 -0.864487 0.198569 -0.148799
9 -0.071308 -0.100659 -0.044989 0.403847 -0.058051 -0.867952 0.187701 -0.166508
10 -0.084841 -0.085745 -0.056203 0.412862 -0.097569 -0.858823 0.197748 -0.160110
11 -0.091013 -0.101582 -0.047847 0.401597 -0.079291 -0.865654 0.190658 -0.160729
12 -0.082281 -0.112322 -0.062121 0.393523 -0.064870 -0.865171 0.214859 -0.151664
13 -0.068478 -0.111123 -0.064486 0.402266 -0.055357 -0.867805 0.198675 -0.146165
14 -0.068456 -0.093514 -0.064303 0.403562 -0.086887 -0.870056 0.191603 -0.135326
15 -0.089767 -0.097133 -0.080369 0.403453 -0.071428 -0.860775 0.207423 -0.155604
16 -0.095168 -0.096070 -0.059610 0.413735 -0.081356 -0.860514 0.194401 -0.148622
17 -0.069972 -0.093090 -0.060981 0.423859 -0.070736 -0.861469 0.191651 -0.138566
18 -0.082316 -0.094995 -0.052518 0.401686 -0.091263 -0.864780 0.194898 -0.161033
19 -0.073400 -0.092389 -0.073131 0.404490 -0.074521 -0.866510 0.193530 -0.152544
20 -0.091941 -0.095959 -0.060244 0.405259 -0.070663 -0.866629 0.187396 -0.152704
21 -0.082629 -0.076685 -0.082347 0.409591 -0.076231 -0.859939 0.209513 -0.153441
22 -0.061094 -0.104755 -0.061063 0.402347 -0.080960 -0.868107 0.189967 -0.153070
23 -0.102892 -0.078792 -0.065093 0.417295 -0.082655 -0.850540 0.220631 -0.160951
24 -0.097851 -0.104984 -0.059375 0.411031 -0.060593 -0.864566 0.175345 -0.158237
25 -0.072197 -0.097055 -0.085483 0.412952 -0.060872 -0.859929 0.201384 -0.154249
26 -0.095000 -0.107591 -0.063409 0.407810 -0.067450 -0.863960 0.179249 -0.161129
27 -0.096162 -0.094785 -0.088676 0.407939 -0.070196 -0.861921 0.195441 -0.146488
28 -0.086376 -0.106279 -0.070355 0.416687 -0.063141 -0.851723 0.223075 -0.153248
29 -0.075633 -0.095045 -0.065312 0.420877 -0.057573 -0.862981 0.184553 -0.147419
30 -0.075579 -0.113625 -0.087057 0.387343 -0.074586 -0.868002 0.195872 -0.162502
31 -0.128344 0.041803 0.127610 0.626406 0.361339 0.067043 -0.397037 -0.529540
32 -0.118849 0.056064 0.120512 0.624084 0.333634 0.061413 -0.397230 -0.553040
33 -0.122270 0.065215 0.140358 0.618167 0.343606 0.052810 -0.392701 -0.551270
34 -0.115669 0.061727 0.140694 0.623016 0.356530 0.051266 -0.382833 -0.546410
35 -0.111660 0.065422 0.115284 0.635101 0.352870 0.039654 -0.385008 -0.540636
36 -0.119890 0.068851 0.132411 0.622008 0.350942 0.069045 -0.394612 -0.541122
37 -0.099563 0.042100 0.133988 0.612608 0.373050 0.062597 -0.412630 -0.530778
38 -0.110115 0.043294 0.127762 0.617866 0.353940 0.054710 -0.382934 -0.559476
39 -0.113191 0.080326 0.116315 0.626205 0.354221 0.052365 -0.389523 -0.543260
40 -0.126175 0.080027 0.132897 0.624169 0.346793 0.051561 -0.384761 -0.547231
41 -0.112146 0.060513 0.131212 0.625036 0.361063 0.057631 -0.389012 -0.539312
42 -0.119429 0.054408 0.117036 0.626603 0.347850 0.069037 -0.402861 -0.537015
43 -0.094173 0.062820 0.109829 0.624456 0.353813 0.044665 -0.401207 -0.545007
44 -0.120096 0.054067 0.116152 0.637344 0.348063 0.050592 -0.396854 -0.530806
45 -0.121664 0.066133 0.130214 0.623589 0.361573 0.053078 -0.379790 -0.545171
46 -0.119428 0.073573 0.131825 0.619381 0.337685 0.064405 -0.399273 -0.549286
47 -0.123457 0.064939 0.103856 0.630754 0.355657 0.053678 -0.387498 -0.540719
48 -0.123633 0.055986 0.132839 0.614836 0.352261 0.053468 -0.399158 -0.547392
49 -0.117548 0.074503 0.128573 0.629223 0.344608 0.067389 -0.395934 -0.536768
50 -0.124582 0.062788 0.124737 0.626875 0.354370 0.042348 -0.390025 -0.540846
51 -0.104316 0.084097 0.120557 0.619390 0.349843 0.078175 -0.410472 -0.535611
52 -0.130857 0.036235 0.104165 0.609128 0.362234 0.050482 -0.397553 -0.554856
53 -0.111897 0.051884 0.139851 0.623319 0.349683 0.061405 -0.401674 -0.537877
54 -0.115741 0.050311 0.119582 0.621459 0.361262 0.063433 -0.399199 -0.538208
55 -0.120243 0.060083 0.124932 0.631938 0.347113 0.055109 -0.401742 -0.531090
56 -0.121650 0.065274 0.105030 0.631404 0.337183 0.051233 -0.383504 -0.554839
57 -0.115466 0.061988 0.112934 0.628296 0.361882 0.038953 -0.404568 -0.528360
58 -0.129058 0.058102 0.125543 0.629264 0.348987 0.060058 -0.402665 -0.529807
59 -0.121158 0.065466 0.119304 0.624274 0.350017 0.057564 -0.405589 -0.535496
60 -0.101771 0.064315 0.131367 0.629781 0.359945 0.062044 -0.392200 -0.533286
61 0.117537 0.612031 0.019999 -0.069486 0.252167 -0.685259 -0.135644 0.234110
62 0.124152 0.611721 0.009277 -0.063618 0.238491 -0.691758 -0.139412 0.226733
63 0.121689 0.617987 0.030069 -0.039438 0.243894 -0.687070 -0.152356 0.214621
64 0.119292 0.611487 0.018998 -0.053452 0.253946 -0.687930 -0.141162 0.225771
65 0.109139 0.624776 0.029037 -0.052137 0.246954 -0.681216 -0.150602 0.215545
66 0.129766 0.627389 0.027599 -0.061002 0.271131 -0.664321 -0.145099 0.221748
67 0.105484 0.610936 0.010290 -0.049547 0.256845 -0.687590 -0.124783 0.242384
68 0.102148 0.594722 0.016540 -0.059547 0.244279 -0.700320 -0.147237 0.245464
69 0.106579 0.624990 0.004772 -0.044408 0.252330 -0.676216 -0.147418 0.231004
70 0.122034 0.614927 0.006225 -0.047243 0.249722 -0.685720 -0.143901 0.226762
71 0.118564 0.626020 0.008400 -0.032210 0.244552 -0.682585 -0.121038 0.229251
72 0.127291 0.613810 0.002727 -0.047938 0.240539 -0.684787 -0.161701 0.227573
73 0.120971 0.616485 0.016424 -0.057617 0.238662 -0.684687 -0.156181 0.227101
74 0.116469 0.612069 0.017395 -0.058032 0.251874 -0.683478 -0.146140 0.237058
75 0.100422 0.619578 0.022607 -0.044070 0.236690 -0.689539 -0.136281 0.231357
76 0.114574 0.619313 0.022000 -0.043129 0.250094 -0.680105 -0.154246 0.228251
77 0.127689 0.611190 0.017806 -0.054621 0.256557 -0.688360 -0.136999 0.220030
78 0.104916 0.616576 0.020823 -0.046868 0.259847 -0.685411 -0.141951 0.220767
79 0.127742 0.619478 0.024821 -0.047857 0.240892 -0.683072 -0.141058 0.229149
80 0.117593 0.605570 0.021495 -0.057170 0.240277 -0.688076 -0.166146 0.238622
81 0.122033 0.604445 0.009466 -0.058341 0.243893 -0.694500 -0.142322 0.232790
82 0.112769 0.611846 0.021419 -0.046510 0.261124 -0.683632 -0.153814 0.226073
83 0.115400 0.619950 0.016070 -0.059365 0.236722 -0.690955 -0.140789 0.212801
84 0.104069 0.600038 0.008450 -0.044555 0.238247 -0.704877 -0.145860 0.228425
85 0.120138 0.623800 0.019500 -0.062967 0.248771 -0.678367 -0.152645 0.216162
86 0.126610 0.611110 0.015463 -0.049735 0.259837 -0.679479 -0.149870 0.236925
87 0.133388 0.612359 0.025567 -0.059472 0.279366 -0.675595 -0.146254 0.217185
88 0.131003 0.615500 0.005267 -0.046922 0.253382 -0.680919 -0.157713 0.221454
89 0.109982 0.608518 0.014195 -0.042073 0.237348 -0.691482 -0.152184 0.240825
90 0.108061 0.628058 0.024051 -0.060502 0.237228 -0.668433 -0.155681 0.249621
91 0.365973 -0.096713 0.176843 0.105745 0.326717 -0.481957 0.248266 -0.643112
92 0.376941 -0.117833 0.162712 0.100160 0.315073 -0.486755 0.230405 -0.646712
93 0.391516 -0.083959 0.154723 0.101082 0.340180 -0.463681 0.237917 -0.646670
94 0.386421 -0.101562 0.152554 0.104852 0.332450 -0.474989 0.234925 -0.644027
95 0.368800 -0.083658 0.167613 0.104675 0.323524 -0.476705 0.252228 -0.649925
96 0.390033 -0.117269 0.158955 0.124247 0.316048 -0.466534 0.225606 -0.651905
97 0.374964 -0.095454 0.130545 0.087672 0.331704 -0.479771 0.236064 -0.655460
98 0.364210 -0.107692 0.153658 0.109371 0.342824 -0.465011 0.238125 -0.655527
99 0.368542 -0.104319 0.158193 0.089174 0.333360 -0.478173 0.230021 -0.653934
100 0.379302 -0.102731 0.169954 0.107225 0.312673 -0.479541 0.246805 -0.645413
101 0.366618 -0.105868 0.161052 0.097076 0.334980 -0.486216 0.219470 -0.649798
102 0.365030 -0.089746 0.149383 0.090231 0.346133 -0.491484 0.236410 -0.641083
103 0.361905 -0.116817 0.159283 0.101864 0.339637 -0.459626 0.267304 -0.649285
104 0.364638 -0.110961 0.168623 0.111733 0.334186 -0.472640 0.230082 -0.652536
105 0.387691 -0.097072 0.157241 0.114631 0.339501 -0.462770 0.225027 -0.649888
106 0.379513 -0.100413 0.172484 0.097074 0.339453 -0.458856 0.252638 -0.645840
107 0.370153 -0.094405 0.177614 0.106308 0.343888 -0.480728 0.246815 -0.633206
108 0.372684 -0.093585 0.157114 0.099876 0.340684 -0.465080 0.250623 -0.650009
109 0.364368 -0.101624 0.148524 0.099928 0.341242 -0.474100 0.256285 -0.646502
110 0.373449 -0.090576 0.155352 0.091387 0.349401 -0.474359 0.222457 -0.650585
111 0.366858 -0.084816 0.152662 0.099620 0.323142 -0.483200 0.234327 -0.657404
112 0.366154 -0.119982 0.147244 0.091259 0.332039 -0.486881 0.232612 -0.648162
113 0.372870 -0.107189 0.156336 0.122060 0.336822 -0.471104 0.217002 -0.653957
114 0.347268 -0.105810 0.162693 0.098123 0.335428 -0.480119 0.245611 -0.654798
115 0.361110 -0.096096 0.162036 0.102108 0.344669 -0.467562 0.232205 -0.657536
116 0.388665 -0.105902 0.148284 0.118601 0.344661 -0.471858 0.227127 -0.639251
117 0.365925 -0.114215 0.170875 0.084462 0.338987 -0.469721 0.262593 -0.642041
118 0.352198 -0.111069 0.161388 0.109499 0.343725 -0.494749 0.239241 -0.636729
119 0.387567 -0.083947 0.156569 0.116722 0.350434 -0.462370 0.249352 -0.637056
120 0.364726 -0.117131 0.170497 0.102426 0.333485 -0.480724 0.238506 -0.643818