1 -0.216598 -0.522116 0.448820 0.268694 0.175091 -0.571310 0.188239 0.119829
2 -0.230572 -0.504361 0.445892 0.277927 0.186587 -0.573713 0.192976 0.123255
3 -0.242654 -0.505238 0.456492 0.273977 0.185816 -0.572233 0.176996 0.095385
4 -0.243699 -0.498214 0.461893 0.252954 0.184311 -0.575459 0.181335 0.130600
5 -0.237656 -0.499833 0.481578 0.266375 0.175679 -0.561881 0.179382 0.109825
6 -0.241173 -0.501155 0.462373 0.264490 0.190498 -0.571502 0.182970 0.102727
7 -0.239968 -0.507798 0.455764 0.262795 0.172819 -0.573829 0.184242 0.121173
8 -0.230687 -0.519701 0.441781 0.276104 0.173086 -0.577177 0.182223 0.094830
9 -0.237238 -0.507458 0.463095 0.269150 0.168460 -0.564845 0.204255 0.100782
10 -0.253756 -0.505639 0.435850 0.284605 0.163341 -0.571859 0.204392 0.116159
11 -0.242577 -0.509935 0.448562 0.266617 0.192421 -0.571580 0.176841 0.117590
12 -0.229003 -0.508479 0.461740 0.271690 0.166888 -0.575458 0.180326 0.102308
13 -0.248951 -0.503182 0.456154 0.258112 0.169869 -0.575028 0.196571 0.109454
14 -0.258955 -0.488506 0.467167 0.284250 0.182636 -0.562380 0.183437 0.109475
15 -0.252176 -0.507922 0.442233 0.278650 0.176448 -0.570255 0.194751 0.104662
16 -0.229493 -0.514722 0.448524 0.264126 0.185269 -0.571801 0.193285 0.113214
17 -0.260494 -0.510775 0.451002 0.278749 0.183029 -0.556377 0.187842 0.108668
18 -0.243929 -0.509593 0.444827 0.265223 0.176733 -0.580060 0.191695 0.090266
19 -0.235938 -0.506223 0.460106 0.267480 0.174507 -0.566812 0.190925 0.129025
20 -0.253141 -0.508008 0.442117 0.262942 0.170837 -0.578691 0.199375 0.097071
21 -0.230756 -0.515019 0.445078 0.281328 0.181627 -0.565738 0.195970 0.113197
22 -0.235914 -0.498090 0.448960 0.273737 0.187607 -0.573989 0.199774 0.123226
23 -0.240778 -0.512009 0.459818 0.267139 0.170905 -0.565755 0.184680 0.116980
24 -0.227203 -0.495952 0.452911 0.267655 0.186584 -0.589846 0.177538 0.106728
25 -0.241835 -0.512137 0.457008 0.259551 0.179896 -0.569404 0.191034 0.099654
26 -0.238889 -0.488926 0.454811 0.277989 0.176380 -0.585730 0.185233 0.106071
27 -0.227960 -0.498348 0.461524 0.264464 0.181552 -0.581380 0.190705 0.096988
28 -0.240262 -0.518420 0.472932 0.262564 0.171632 -0.550767 0.187282 0.114168
29 -0.234580 -0.515120 0.470466 0.270032 0.180154 -0.555424 0.183539 0.103589
30 -0.240194 -0.514271 0.451769 0.272897 0.178839 -0.561858 0.198277 0.110830
31 -0.243275 -0.496973 0.449733 0.286897 0.178121 -0.570420 0.211373 0.086490
32 -0.235318 -0.497573 0.459403 0.260462 0.201198 -0.575294 0.190445 0.102187
33 -0.233517 -0.510098 0.447928 0.252036 0.179441 -0.587615 0.178055 0.109154
34 -0.242312 -0.499432 0.443568 0.277348 0.183505 -0.581773 0.185047 0.108635
35 -0.229132 -0.506855 0.459685 0.266803 0.195072 -0.570890 0.188884 0.091959
36 -0.253141 -0.501299 0.450746 0.273402 0.171748 -0.574906 0.185145 0.111379
37 -0.243041 -0.490479 0.449820 0.284100 0.169436 -0.582822 0.184476 0.122020
38 -0.236641 -0.508334 0.459518 0.262116 0.194377 -0.564612 0.192781 0.109550
39 -0.232337 -0.506768 0.450934 0.265612 0.175102 -0.578053 0.198641 0.105125
40 -0.243541 -0.512192 0.438724 0.286644 0.183971 -0.565637 0.186379 0.123192
41 -0.239126 -0.494114 0.456143 0.272085 0.174561 -0.576744 0.195023 0.124239
42 -0.224738 -0.507058 0.467835 0.244791 0.174873 -0.574128 0.201382 0.113293
43 -0.239869 -0.510657 0.445838 0.290136 0.190161 -0.561351 0.191837 0.103271
44 -0.233306 -0.505316 0.451703 0.270319 0.172251 -0.582068 0.188942 0.094567
45 -0.236698 -0.504850 0.452609 0.256444 0.185513 -0.580356 0.194719 0.096640
46 -0.260348 -0.492352 0.454879 0.278092 0.179473 -0.574346 0.180194 0.104898
47 -0.251978 -0.515071 0.445145 0.252081 0.173675 -0.579486 0.179204 0.106910
48 -0.233896 -0.502546 0.463063 0.271856 0.185767 -0.564406 0.196051 0.113610
49 -0.243973 -0.501487 0.472331 0.261041 0.179718 -0.563805 0.195620 0.096473
50 -0.250437 -0.496772 0.457773 0.247312 0.179915 -0.578720 0.199694 0.112316
51 -0.171320 -0.710626 -0.026416 -0.461464 0.033289 0.024291 -0.188044 0.463633
52 -0.164952 -0.709352 -0.035446 -0.457912 0.037211 0.044002 -0.170489 0.475693
53 -0.185295 -0.717526 -0.042004 -0.466555 0.040036 0.029565 -0.180795 0.442967
54 -0.173212 -0.716171 -0.020284 -0.445755 0.028442 0.036749 -0.181163 0.472237
55 -0.174190 -0.713151 -0.033166 -0.462754 0.053735 0.053478 -0.191002 0.451224
56 -0.177789 -0.725483 -0.017427 -0.442634 0.039371 0.053853 -0.176404 0.458551
57 -0.172807 -0.722518 -0.014974 -0.446183 0.038037 0.031052 -0.184680 0.460744
58 -0.189744 -0.719882 -0.034824 -0.449690 0.052301 0.041009 -0.178055 0.454108
59 -0.177722 -0.711833 -0.024466 -0.455787 0.031788 0.034460 -0.161338 0.474489
60 -0.165893 -0.717157 -0.015252 -0.455789 0.033535 0.036757 -0.187349 0.461101
61 -0.180498 -0.728765 -0.038573 -0.454912 0.047838 0.030009 -0.170356 0.442357
62 -0.172812 -0.719602 -0.037536 -0.452723 0.046770 0.025685 -0.177682 0.459917
63 -0.174552 -0.714630 -0.034630 -0.446555 0.029064 0.036494 -0.195986 0.466517
64 -0.170445 -0.703380 -0.029301 -0.465350 0.052419 0.033713 -0.176782 0.472928
65 -0.164139 -0.729778 -0.028827 -0.450906 0.030814 0.016674 -0.175692 0.451930
66 -0.182570 -0.715527 -0.032893 -0.451559 0.057195 0.032557 -0.156717 0.469905
67 -0.165264 -0.719315 -0.032227 -0.459544 0.045519 0.032097 -0.170527 0.459209
68 -0.173135 -0.715394 -0.038951 -0.454654 0.048485 0.031126 -0.175443 0.464659
69 -0.168020 -0.718154 -0.029760 -0.453657 0.040378 0.036199 -0.167855 0.467137
70 -0.182005 -0.723695 -0.023914 -0.446240 0.031549 0.040050 -0.170351 0.460238
71 -0.180715 -0.717013 -0.025517 -0.454171 0.034732 0.015957 -0.178877 0.461362
72 -0.171754 -0.725754 -0.023220 -0.450138 0.034347 0.042487 -0.179812 0.453102
73 -0.173487 -0.716853 -0.038539 -0.447156 0.041573 0.025408 -0.193541 0.463420
74 -0.172318 -0.704542 -0.015528 -0.470863 0.053496 0.045868 -0.182969 0.462093
75 -0.185102 -0.731097 -0.030687 -0.437494 0.045522 0.033655 -0.168118 0.455438
76 -0.162276 -0.706383 -0.025418 -0.464729 0.052761 0.036188 -0.170910 0.474096
77 -0.170739 -0.721923 -0.014561 -0.448205 0.044665 0.038907 -0.172026 0.464192
78 -0.173739 -0.717320 -0.034941 -0.457707 0.038727 0.042778 -0.179111 0.457318
79 -0.181371 -0.728954 -0.023601 -0.444356 0.028450 0.031458 -0.174529 0.453279
80 -0.159768 -0.723086 -0.037703 -0.446885 0.019876 0.035347 -0.187285 0.462355
81 -0.175853 -0.723595 -0.025934 -0.441555 0.043166 0.030179 -0.167224 0.468086
82 -0.169263 -0.744759 -0.024614 -0.447342 0.036770 0.026032 -0.164545 0.432272
83 -0.149612 -0.729801 -0.026719 -0.449542 0.045955 0.024882 -0.171577 0.458296
84 -0.172454 -0.714915 -0.024518 -0.474572 0.044342 0.032203 -0.186091 0.442385
85 -0.188353 -0.723755 -0.018329 -0.427084 0.050357 0.025180 -0.180753 0.471300
86 -0.171276 -0.718724 -0.027357 -0.445043 0.064507 0.033344 -0.175903 0.468053
87 -0.178459 -0.729823 -0.024290 -0.455200 0.054152 0.034381 -0.159186 0.445263
88 -0.163076 -0.725749 -0.019953 -0.451212 0.050515 0.029110 -0.167558 0.459597
89 -0.171188 -0.708239 -0.012667 -0.456336 0.055352 0.029273 -0.163063 0.479769
90 -0.179466 -0.720202 -0.027194 -0.449013 0.035523 0.028964 -0.176939 0.461889
91 -0.166390 -0.712114 -0.006500 -0.465595 0.016917 0.053691 -0.175256 0.463145
92 -0.191206 -0.719750 -0.022281 -0.448268 0.019894 0.023252 -0.163202 0.465175
93 -0.180178 -0.713475 -0.019964 -0.451118 0.056969 0.042770 -0.196293 0.459322
94 -0.184470 -0.718346 -0.029671 -0.452261 0.041710 0.037964 -0.167166 0.461957
95 -0.175004 -0.726831 -0.020356 -0.451111 0.031890 0.040733 -0.163273 0.455895
96 -0.164489 -0.718920 -0.031415 -0.453345 0.058221 0.041096 -0.176338 0.461969
97 -0.173668 -0.723782 -0.025054 -0.448516 0.040577 0.020664 -0.173920 0.460285
98 -0.186842 -0.722144 -0.031899 -0.451680 0.047124 0.030759 -0.171022 0.454039
99 -0.172129 -0.719305 -0.024050 -0.443082 0.039203 0.017234 -0.178459 0.471583
100 -0.175121 -0.711014 -0.046532 -0.460039 0.046874 0.040591 -0.182880 0.461195
101 -0.042756 0.274305 0.226702 0.546713 -0.516778 -0.179243 0.514703 0.092375
102 -0.039461 0.296579 0.212416 0.548222 -0.512730 -0.180629 0.508726 0.102445
103 -0.042608 0.290667 0.222746 0.549925 -0.514200 -0.176883 0.508114 0.088291
104 -0.038413 0.286953 0.222838 0.564396 -0.516357 -0.192182 0.488212 0.077934
105 -0.031528 0.277876 0.207633 0.543104 -0.544021 -0.184282 0.496734 0.083989
106 -0.023086 0.280626 0.207482 0.551914 -0.523303 -0.203565 0.501278 0.080588
107 -0.035858 0.283274 0.255785 0.548959 -0.525589 -0.193817 0.477797 0.097931
108 -0.067841 0.302558 0.215162 0.536822 -0.527509 -0.166446 0.506660 0.081910
109 -0.042856 0.289128 0.219928 0.545749 -0.534487 -0.179309 0.495801 0.068642
110 -0.045264 0.280019 0.217811 0.539173 -0.526930 -0.192370 0.511214 0.073416
111 -0.039950 0.284234 0.223393 0.556995 -0.526825 -0.178136 0.489861 0.090696
112 -0.037184 0.279353 0.221398 0.540955 -0.523820 -0.192938 0.509736 0.086520
113 -0.039827 0.296321 0.228596 0.529548 -0.526488 -0.190391 0.508599 0.076283
114 -0.037853 0.297005 0.224382 0.540015 -0.516836 -0.190343 0.508386 0.081151
115 -0.032225 0.280219 0.214682 0.554584 -0.520811 -0.181102 0.507968 0.068655
116 -0.035229 0.271550 0.236159 0.545271 -0.527219 -0.183156 0.503273 0.084486
117 -0.023692 0.271440 0.234240 0.550043 -0.515324 -0.204563 0.501974 0.094665
118 -0.021899 0.275046 0.220744 0.556665 -0.528949 -0.184901 0.494246 0.083735
119 -0.043974 0.288784 0.229595 0.550065 -0.516810 -0.187034 0.497553 0.098747
120 -0.035771 0.270528 0.223813 0.554082 -0.513903 -0.175407 0.517099 0.078624
121 -0.045193 0.276936 0.227343 0.561043 -0.509287 -0.186442 0.503848 0.082539
122 -0.023766 0.281759 0.227834 0.550753 -0.527675 -0.170668 0.495393 0.108752
123 -0.042696 0.280866 0.221988 0.557474 -0.526974 -0.177405 0.495547 0.067046
124 -0.039903 0.292475 0.214224 0.550855 -0.522375 -0.197180 0.496436 0.073000
125 -0.036368 0.284560 0.248322 0.545114 -0.522701 -0.197807 0.487042 0.096624
126 -0.029144 0.280635 0.236057 0.558477 -0.506362 -0.197205 0.502549 0.070199
127 -0.044766 0.279737 0.228858 0.543241 -0.525574 -0.191206 0.501383 0.089912
128 -0.020714 0.293162 0.223186 0.549112 -0.528876 -0.196135 0.487518 0.080240
129 -0.023603 0.281123 0.209442 0.550681 -0.516320 -0.206289 0.506345 0.088148
130 -0.030841 0.296221 0.235948 0.537664 -0.523236 -0.175699 0.504126 0.088082
131 -0.045440 0.296557 0.218221 0.556851 -0.520651 -0.178442 0.489070 0.100878
132 -0.057316 0.299939 0.212724 0.551841 -0.520061 -0.183898 0.495294 0.085870
133 -0.041950 0.292174 0.245023 0.552425 -0.517674 -0.181902 0.488330 0.090132
134 -0.026536 0.280004 0.219850 0.559631 -0.519238 -0.198063 0.494348 0.078463
135 -0.036722 0.288224 0.225997 0.567456 -0.518133 -0.173655 0.486477 0.084969
136 -0.024206 0.295770 0.221302 0.542098 -0.515995 -0.190410 0.509224 0.085286
137 -0.037024 0.288355 0.218779 0.564183 -0.517737 -0.173407 0.495097 0.077919
138 -0.038724 0.276268 0.231963 0.549789 -0.524064 -0.189056 0.500064 0.075181
139 -0.040433 0.306478 0.222305 0.548645 -0.504278 -0.211241 0.494539 0.102551
140 -0.039756 0.290773 0.247114 0.537444 -0.526645 -0.182432 0.497277 0.077707
141 -0.036959 0.272222 0.230350 0.552184 -0.521693 -0.188509 0.502851 0.077475
142 -0.038861 0.285955 0.241373 0.545695 -0.523423 -0.188711 0.495665 0.073541
143 -0.044749 0.293826 0.219939 0.544509 -0.524539 -0.199381 0.492505 0.096667
144 -0.040213 0.281908 0.224010 0.546774 -0.523769 -0.192567 0.502132 0.078842
145 -0.032040 0.288192 0.227560 0.549546 -0.520472 -0.174020 0.501450 0.097510
146 -0.036504 0.288756 0.219405 0.545211 -0.513054 -0.190327 0.513335 0.083261
147 -0.020283 0.280455 0.227388 0.549640 -0.520154 -0.183467 0.506486 0.079848
148 -0.035859 0.292302 0.233762 0.542673 -0.523935 -0.185057 0.498111 0.085241
149 -0.039836 0.300424 0.217787 0.554653 -0.502358 -0.175513 0.512086 0.087679
150 -0.038202 0.276041 0.215771 0.543961 -0.526820 -0.197434 0.504974 0.091512
151 0.390199 0.264751 -0.144799 0.300101 -0.102903 0.340811 0.640159 0.360665
152 0.392647 0.254247 -0.155687 0.302670 -0.083922 0.330317 0.632541 0.386106
153 0.397202 0.245281 -0.150819 0.315787 -0.091263 0.335231 0.638235 0.362694
154 0.391924 0.255125 -0.148474 0.300128 -0.091042 0.330221 0.636160 0.383603
155 0.390410 0.246608 -0.154445 0.295469 -0.116035 0.324247 0.645491 0.374634
156 0.376230 0.257046 -0.142458 0.314747 -0.089511 0.342149 0.640587 0.370930
157 0.395240 0.246302 -0.150093 0.303559 -0.092473 0.325489 0.651007 0.360749
158 0.387872 0.252128 -0.159506 0.301660 -0.084968 0.326715 0.636711 0.387533
159 0.380596 0.260061 -0.170002 0.306898 -0.107001 0.334763 0.631813 0.376464
160 0.371772 0.255922 -0.144368 0.308257 -0.088512 0.328134 0.647396 0.381833
161 0.385615 0.253586 -0.161666 0.306168 -0.101352 0.311234 0.643138 0.382564
162 0.388698 0.266883 -0.165673 0.297442 -0.102845 0.331150 0.635934 0.370295
163 0.391451 0.251732 -0.164745 0.321749 -0.081274 0.330409 0.628358 0.376993
164 0.394521 0.259054 -0.143457 0.316348 -0.089763 0.325655 0.635206 0.372818
165 0.398447 0.253500 -0.170653 0.309200 -0.090047 0.326172 0.621464 0.389277
166 0.395531 0.245839 -0.151959 0.293058 -0.102484 0.309165 0.647612 0.385561
167 0.386068 0.257019 -0.136131 0.296808 -0.100882 0.331962 0.646325 0.374372
168 0.379755 0.253179 -0.148763 0.315593 -0.107127 0.322570 0.639147 0.381995
169 0.410798 0.254449 -0.152913 0.296035 -0.063023 0.324262 0.634927 0.378459
170 0.383938 0.271406 -0.157091 0.302261 -0.097011 0.318366 0.648833 0.362132
171 0.380118 0.249670 -0.157738 0.295014 -0.096297 0.339002 0.647507 0.371214
172 0.401522 0.255110 -0.157097 0.296728 -0.082200 0.337623 0.629274 0.379789
173 0.384877 0.249153 -0.154332 0.285806 -0.093573 0.350426 0.646672 0.366810
174 0.393499 0.257708 -0.156449 0.297586 -0.088727 0.323742 0.637106 0.383569
175 0.388579 0.239227 -0.154917 0.313410 -0.069437 0.327009 0.642449 0.380860
176 0.388830 0.238212 -0.154722 0.292265 -0.087863 0.349063 0.644934 0.370411
177 0.377940 0.238252 -0.173044 0.321095 -0.080534 0.329794 0.640107 0.377311
178 0.395204 0.275862 -0.152177 0.289007 -0.079617 0.316263 0.646809 0.369200
179 0.387064 0.243439 -0.166446 0.291994 -0.080331 0.326700 0.643326 0.388457
180 0.384546 0.258614 -0.160507 0.298093 -0.098721 0.330209 0.638254 0.380092
181 0.380551 0.260876 -0.151848 0.292345 -0.082176 0.330712 0.648688 0.376406
182 0.376617 0.246818 -0.166093 0.303925 -0.099627 0.342950 0.635327 0.382233
183 0.387339 0.258823 -0.162698 0.301433 -0.092491 0.326838 0.636554 0.380878
184 0.381642 0.263891 -0.149298 0.318412 -0.121297 0.321826 0.648561 0.349455
185 0.396212 0.253428 -0.170806 0.305603 -0.097626 0.315296 0.642776 0.366223
186 0.376505 0.275508 -0.143246 0.298604 -0.096141 0.325995 0.651343 0.364544
187 0.382726 0.274932 -0.159175 0.310513 -0.085155 0.332260 0.626875 0.381521
188 0.398222 0.277034 -0.153593 0.301526 -0.074689 0.333813 0.638346 0.354496
189 0.391235 0.263977 -0.171628 0.305580 -0.073050 0.333419 0.636586 0.364239
190 0.388759 0.251634 -0.162298 0.306422 -0.086088 0.332176 0.643832 0.364748
191 0.378821 0.251736 -0.152673 0.311067 -0.095317 0.319573 0.648986 0.375042
192 0.371241 0.251842 -0.164372 0.289922 -0.101311 0.319333 0.654546 0.383424
193 0.401227 0.267324 -0.154381 0.307050 -0.087587 0.318555 0.626368 0.384651
194 0.377672 0.260121 -0.147460 0.312510 -0.085468 0.319249 0.647449 0.376669
195 0.384565 0.240938 -0.151238 0.292771 -0.107571 0.352963 0.637377 0.378242
196 0.392868 0.260294 -0.165185 0.299548 -0.081552 0.330391 0.645473 0.358387
197 0.382573 0.265621 -0.160670 0.294189 -0.085062 0.335936 0.642733 0.370846
198 0.400719 0.276729 -0.143437 0.291646 -0.060256 0.320624 0.634920 0.384265
199 0.382389 0.257312 -0.138460 0.308987 -0.096490 0.326422 0.641162 0.382066
200 0.396213 0.263004 -0.145076 0.296072 -0.101140 0.331379 0.629547 0.385703