1 -0.266058 -0.697846 0.190278 0.294769 0.408315 0.117351 0.270214 0.256168
2 -0.249840 -0.677635 0.204547 0.309641 0.423915 0.101381 0.272449 0.276520
3 -0.261744 -0.685618 0.208598 0.317695 0.410415 0.110719 0.254557 0.267350
4 -0.257890 -0.685557 0.199957 0.297214 0.409017 0.122021 0.287844 0.264853
5 -0.261343 -0.682313 0.213803 0.292163 0.411850 0.116323 0.252911 0.296584
6 -0.251672 -0.681577 0.204015 0.285647 0.430512 0.108308 0.261852 0.288548
7 -0.246489 -0.686212 0.211591 0.295456 0.412501 0.107849 0.271373 0.284358
8 -0.233398 -0.695130 0.226897 0.304262 0.409889 0.104134 0.245898 0.280968
9 -0.269277 -0.681653 0.204256 0.284155 0.422718 0.115577 0.260540 0.283627
10 -0.242259 -0.689323 0.214643 0.295713 0.411681 0.107552 0.273034 0.277544
11 -0.265902 -0.677499 0.218793 0.296965 0.415234 0.095233 0.265415 0.286876
12 -0.258225 -0.687397 0.211954 0.302592 0.417526 0.109321 0.266562 0.258813
13 -0.275035 -0.691817 0.199205 0.290377 0.414084 0.105242 0.255177 0.272189
14 -0.251278 -0.683305 0.213577 0.299348 0.416424 0.105416 0.270205 0.277844
15 -0.280772 -0.685047 0.205561 0.310466 0.399758 0.107516 0.255699 0.276558
16 -0.256663 -0.684674 0.208803 0.288141 0.431958 0.097249 0.266783 0.267403
17 -0.259633 -0.689820 0.215435 0.302516 0.411780 0.107297 0.255670 0.269015
18 -0.262945 -0.675879 0.208841 0.293042 0.415480 0.114612 0.273397 0.289921
19 -0.269535 -0.692663 0.193975 0.295122 0.397927 0.104165 0.275212 0.279119
20 -0.243669 -0.684879 0.220294 0.297459 0.418122 0.120446 0.280727 0.257708
21 -0.263814 -0.676448 0.193604 0.304031 0.423160 0.110480 0.264916 0.285400
22 -0.251847 -0.677420 0.210564 0.301952 0.428801 0.117096 0.268753 0.268988
23 -0.250884 -0.691736 0.209071 0.296119 0.413853 0.097213 0.269521 0.271655
24 -0.257389 -0.681945 0.199344 0.284796 0.421507 0.088234 0.274901 0.294671
25 -0.251000 -0.670145 0.221647 0.306649 0.435240 0.100513 0.262798 0.275944
26 -0.268915 -0.674251 0.204836 0.307150 0.420496 0.115979 0.271306 0.269993
27 -0.254116 -0.677309 0.217543 0.291860 0.421003 0.109405 0.271306 0.285217
28 -0.257864 -0.689628 0.197028 0.291419 0.419864 0.107798 0.260967 0.279577
29 -0.251932 -0.668592 0.226209 0.313504 0.414190 0.111990 0.275948 0.282520
30 -0.257552 -0.688948 0.213511 0.297755 0.417633 0.114227 0.258584 0.265408
31 -0.245261 -0.683558 0.198747 0.295019 0.418669 0.104603 0.284793 0.280580
32 -0.268641 -0.674321 0.220407 0.327988 0.406798 0.109066 0.251988 0.275844
33 -0.250407 -0.677090 0.195145 0.304624 0.431615 0.122844 0.270285 0.271169
34 -0.249609 -0.690618 0.183272 0.283638 0.432887 0.124237 0.269072 0.267353
35 -0.257913 -0.692055 0.203208 0.313933 0.406891 0.101377 0.253120 0.273472
36 -0.265970 -0.676951 0.203902 0.315193 0.421519 0.114684 0.254037 0.273328
37 -0.256350 -0.687781 0.212931 0.303056 0.408573 0.086884 0.259869 0.286438
38 -0.251871 -0.681153 0.213107 0.304756 0.421427 0.094134 0.273514 0.270239
39 -0.259526 -0.685271 0.203920 0.303983 0.418690 0.099073 0.267360 0.269189
40 -0.276785 -0.674603 0.200687 0.304451 0.408050 0.117782 0.280762 0.275919
41 -0.250612 -0.688709 0.203447 0.286723 0.425348 0.121542 0.262809 0.272968
42 -0.264749 -0.700755 0.203076 0.288213 0.398668 0.113566 0.259714 0.274333
43 -0.281392 -0.678642 0.198927 0.290497 0.421871 0.108079 0.269507 0.272051
44 -0.249855 -0.686310 0.205360 0.293931 0.419616 0.103412 0.273589 0.276334
45 -0.265553 -0.684606 0.205524 0.295660 0.412700 0.100434 0.274558 0.274501
46 -0.264777 -0.688501 0.220124 0.305537 0.404278 0.117075 0.253529 0.269496
47 -0.266127 -0.688919 0.187884 0.291942 0.421190 0.120458 0.259624 0.273353
48 -0.247710 -0.683819 0.203648 0.312729 0.422133 0.102245 0.264506 0.270453
49 -0.267791 -0.680224 0.217497 0.284609 0.423114 0.099699 0.267888 0.276670
50 -0.243322 -0.675218 0.206871 0.310778 0.426393 0.118943 0.272155 0.274716
51 -0.242209 -0.681938 0.201950 0.302066 0.423351 0.096855 0.264581 0.292673
52 -0.269042 -0.681405 0.211051 0.309430 0.409695 0.102630 0.269816 0.268011
53 -0.242452 -0.685628 0.216760 0.290165 0.423982 0.135561 0.269099 0.263437
54 -0.249215 -0.699657 0.197361 0.291950 0.410559 0.117061 0.263925 0.268826
55 -0.259108 -0.676335 0.214958 0.309411 0.410568 0.119561 0.259124 0.288940
56 -0.253345 -0.689071 0.193456 0.311883 0.415947 0.105085 0.263045 0.270285
57 -0.253337 -0.683966 0.208963 0.319344 0.405997 0.113574 0.256616 0.280677
58 -0.249188 -0.677792 0.210698 0.302331 0.417799 0.095505 0.275090 0.288710
59 -0.243473 -0.680998 0.224938 0.298670 0.424178 0.115880 0.280401 0.255307
60 -0.263726 -0.676477 0.204074 0.294032 0.429526 0.104057 0.270470 0.276138
61 -0.252602 -0.689749 0.183928 0.288806 0.427189 0.100296 0.261478 0.286845
62 -0.259612 -0.687640 0.212966 0.294022 0.412624 0.106344 0.271669 0.269402
63 -0.261283 -0.680492 0.218839 0.321798 0.408305 0.112703 0.258138 0.266771
64 -0.277344 -0.675184 0.205461 0.312140 0.410549 0.087686 0.288966 0.260424
65 -0.267767 -0.673856 0.208623 0.297625 0.430484 0.107489 0.277064 0.261684
66 -0.243534 -0.692662 0.209876 0.292794 0.409668 0.107701 0.278708 0.272084
67 -0.256235 -0.692709 0.221653 0.285672 0.401527 0.124860 0.248140 0.292185
68 -0.256676 -0.679198 0.210237 0.291890 0.420844 0.130275 0.280291 0.266015
69 -0.242059 -0.689284 0.203077 0.297342 0.424423 0.095290 0.276216 0.266707
70 -0.276576 -0.682704 0.205602 0.282229 0.429366 0.094366 0.267922 0.265428
71 -0.266226 -0.676756 0.214645 0.285125 0.415938 0.111292 0.283365 0.279411
72 -0.265192 -0.687581 0.210925 0.302190 0.404476 0.102372 0.269731 0.272510
73 -0.281311 -0.682688 0.214114 0.282170 0.422165 0.096978 0.269030 0.263309
74 -0.269741 -0.674072 0.203795 0.310302 0.419458 0.093083 0.268496 0.279906
75 -0.250094 -0.670433 0.228368 0.293797 0.422999 0.135009 0.283180 0.268623
76 0.254657 0.602978 0.454195 0.098038 -0.283907 0.415711 -0.311706 -0.071300
77 0.265824 0.613911 0.424695 0.115489 -0.266177 0.426038 -0.319108 -0.067525
78 0.250130 0.609759 0.449525 0.107610 -0.268861 0.430904 -0.294920 -0.083862
79 0.261659 0.611720 0.450752 0.087362 -0.270641 0.416433 -0.304090 -0.085958
80 0.262165 0.614441 0.440334 0.105487 -0.294813 0.401911 -0.309786 -0.065538
81 0.265570 0.611965 0.448333 0.104540 -0.284146 0.402467 -0.303110 -0.091906
82 0.268273 0.608434 0.448611 0.100689 -0.284552 0.426214 -0.273215 -0.095775
83 0.292926 0.605448 0.431439 0.088909 -0.273094 0.421364 -0.307537 -0.082918
84 0.255966 0.609390 0.448981 0.094183 -0.281847 0.407542 -0.318342 -0.076168
85 0.271958 0.610540 0.439277 0.109658 -0.276878 0.422418 -0.295782 -0.075533
86 0.278257 0.594022 0.439234 0.074692 -0.281171 0.433891 -0.310329 -0.087087
87 0.266965 0.621970 0.450487 0.092817 -0.262598 0.417321 -0.288974 -0.060895
88 0.259740 0.602692 0.452301 0.100855 -0.281287 0.423640 -0.303571 -0.061660
89 0.234202 0.617207 0.439963 0.095616 -0.285278 0.424167 -0.307593 -0.074701
90 0.281701 0.602288 0.450991 0.102318 -0.277884 0.417082 -0.297248 -0.067070
91 0.262808 0.629644 0.429192 0.090810 -0.265638 0.412751 -0.307541 -0.080745
92 0.281768 0.618820 0.432680 0.079186 -0.263610 0.418702 -0.303408 -0.085607
93 0.249181 0.605493 0.450706 0.094159 -0.265490 0.430954 -0.309069 -0.086919
94 0.277353 0.602451 0.464651 0.098068 -0.289841 0.392809 -0.304143 -0.061648
95 0.270371 0.599660 0.445875 0.097202 -0.271024 0.430403 -0.307720 -0.075249
96 0.284866 0.612898 0.428534 0.103258 -0.263520 0.433433 -0.292243 -0.078678
97 0.273923 0.614433 0.449495 0.091073 -0.282072 0.407214 -0.294750 -0.069523
98 0.250695 0.619610 0.437216 0.112198 -0.269022 0.427964 -0.293889 -0.087136
99 0.247194 0.615390 0.431423 0.100280 -0.294849 0.426218 -0.295551 -0.089775
100 0.255591 0.611678 0.448224 0.099607 -0.283820 0.415522 -0.299759 -0.081426
101 0.252218 0.610380 0.433090 0.096451 -0.298133 0.423947 -0.304329 -0.075643
102 0.277771 0.617831 0.442390 0.086488 -0.275555 0.413509 -0.292448 -0.074122
103 0.271976 0.611030 0.449349 0.104977 -0.282453 0.408763 -0.296196 -0.071678
104 0.264090 0.616252 0.442531 0.093369 -0.276831 0.429130 -0.284024 -0.066942
105 0.264709 0.628248 0.430851 0.102785 -0.286201 0.413830 -0.281518 -0.081350
106 0.269481 0.617640 0.442275 0.084413 -0.275602 0.413403 -0.300659 -0.076889
107 0.275106 0.623836 0.432905 0.101506 -0.264646 0.402927 -0.312865 -0.084634
108 0.253001 0.607426 0.443135 0.112066 -0.289201 0.417097 -0.308372 -0.073462
109 0.268381 0.604301 0.462897 0.099360 -0.271023 0.406236 -0.304251 -0.087157
110 0.252813 0.614027 0.441834 0.091233 -0.280916 0.425180 -0.300102 -0.075918
111 0.268157 0.612691 0.432143 0.072919 -0.296425 0.417616 -0.303376 -0.079554
112 0.254158 0.614106 0.451339 0.100094 -0.294630 0.412244 -0.285163 -0.080511
113 0.267343 0.601507 0.437029 0.095743 -0.291912 0.419942 -0.312803 -0.084540
114 0.263688 0.605813 0.434404 0.100987 -0.294355 0.422404 -0.306449 -0.074657
115 0.278202 0.612003 0.435814 0.101069 -0.273338 0.417973 -0.303607 -0.079470
116 0.262661 0.611520 0.433836 0.102940 -0.271824 0.433652 -0.303551 -0.064475
117 0.278517 0.607091 0.453842 0.105435 -0.288563 0.397187 -0.295841 -0.090739
118 0.268129 0.600342 0.453238 0.080517 -0.287784 0.415566 -0.302866 -0.092449
119 0.267251 0.606668 0.431851 0.093640 -0.301463 0.425908 -0.297019 -0.069066
120 0.267314 0.608793 0.446839 0.091097 -0.267161 0.430086 -0.295893 -0.077777
121 0.275125 0.612164 0.436143 0.094029 -0.275960 0.421883 -0.302801 -0.068351
122 0.284223 0.612472 0.438190 0.102824 -0.280918 0.402231 -0.304602 -0.089581
123 0.277585 0.609072 0.425511 0.103470 -0.276209 0.421312 -0.314086 -0.088128
124 0.284889 0.606256 0.447493 0.099330 -0.292994 0.402464 -0.294924 -0.079829
125 0.264610 0.623107 0.426972 0.097559 -0.267589 0.425903 -0.302826 -0.072079
126 0.273613 0.603767 0.428316 0.106784 -0.278703 0.435557 -0.306427 -0.066792
127 0.274458 0.614735 0.441433 0.088288 -0.280916 0.410606 -0.298437 -0.086839
128 0.265536 0.620330 0.427409 0.101804 -0.293412 0.415658 -0.292637 -0.084501
129 0.269973 0.607030 0.456271 0.098210 -0.272355 0.411467 -0.307896 -0.050188
130 0.270675 0.618972 0.446389 0.083922 -0.294455 0.402805 -0.288350 -0.072127
131 0.264833 0.600071 0.436137 0.097399 -0.292487 0.427415 -0.308987 -0.079820
132 0.267102 0.592277 0.452447 0.098812 -0.302243 0.414598 -0.304172 -0.087347
133 0.270031 0.622671 0.445205 0.083764 -0.285147 0.396359 -0.297073 -0.086477
134 0.271078 0.622735 0.453481 0.100568 -0.282794 0.402558 -0.279151 -0.054851
135 0.269284 0.623442 0.436210 0.095262 -0.281962 0.415860 -0.285430 -0.074431
136 0.263420 0.613725 0.449401 0.082926 -0.276797 0.420582 -0.293525 -0.073836
137 0.259994 0.603878 0.455495 0.102095 -0.272401 0.421939 -0.299927 -0.087427
138 0.283251 0.606072 0.452610 0.096524 -0.266178 0.405669 -0.310837 -0.078962
139 0.262026 0.617922 0.445657 0.082504 -0.286092 0.402575 -0.306872 -0.077533
140 0.259343 0.619862 0.444178 0.089016 -0.264510 0.423509 -0.295961 -0.079842
141 0.282296 0.610888 0.425642 0.098206 -0.283112 0.419701 -0.305467 -0.081838
142 0.257310 0.608164 0.426176 0.096754 -0.296286 0.419540 -0.322000 -0.073874
143 0.268459 0.604364 0.451729 0.108861 -0.267102 0.426470 -0.295166 -0.080133
144 0.264487 0.610809 0.433530 0.072604 -0.289983 0.426497 -0.301927 -0.081173
145 0.269603 0.605302 0.436994 0.096986 -0.292638 0.428099 -0.295862 -0.064140
146 0.273215 0.617178 0.447685 0.098039 -0.267054 0.411090 -0.300897 -0.059655
147 0.260050 0.607699 0.427700 0.113627 -0.288120 0.420234 -0.316955 -0.084659
148 0.272397 0.607647 0.445130 0.085611 -0.281247 0.409756 -0.313831 -0.074870
149 0.249763 0.622443 0.437464 0.114776 -0.286151 0.410915 -0.300648 -0.067168
150 0.244485 0.609805 0.458459 0.088269 -0.293217 0.403892 -0.305301 -0.089865
151 -0.257494 0.765136 -0.360154 0.240956 0.241258 0.318166 -0.024262 0.021669
152 -0.245866 0.772980 -0.345809 0.249829 0.247779 0.312754 -0.008490 0.027782
153 -0.240879 0.771400 -0.349822 0.255090 0.252171 0.309010 -0.009508 0.017464
154 -0.260955 0.771524 -0.349090 0.237952 0.234516 0.320218 -0.008741 0.023529
155 -0.257081 0.769842 -0.343402 0.241629 0.247257 0.320248 -0.007013 0.034628
156 -0.261901 0.768237 -0.354913 0.232286 0.245930 0.314816 -0.020931 0.035651
157 -0.261866 0.762231 -0.358093 0.248862 0.245043 0.315829 -0.013898 0.016727
158 -0.272044 0.761737 -0.350174 0.240113 0.251557 0.316739 -0.023627 0.036203
159 -0.263374 0.770248 -0.342944 0.233344 0.257495 0.311389 -0.013939 0.042799
160 -0.258615 0.767403 -0.356750 0.243813 0.241508 0.313576 -0.004862 0.028561
161 -0.241574 0.769680 -0.361419 0.237623 0.253886 0.311053 -0.003123 0.030406
162 -0.255893 0.766603 -0.352049 0.240835 0.255925 0.313243 -0.030084 0.019343
163 -0.263529 0.771037 -0.357081 0.228301 0.239443 0.313953 -0.015072 0.017321
164 -0.260156 0.774939 -0.344628 0.242075 0.235156 0.311660 -0.026645 0.035769
165 -0.249807 0.766750 -0.353960 0.231055 0.242656 0.332597 -0.021463 0.032446
166 -0.247683 0.763540 -0.361110 0.241328 0.257568 0.315583 -0.014585 0.029563
167 -0.277652 0.767061 -0.352615 0.228724 0.254459 0.304362 -0.013224 0.017747
168 -0.258842 0.766720 -0.353361 0.244295 0.255102 0.307668 -0.018950 0.022356
169 -0.255577 0.765342 -0.360482 0.248656 0.250021 0.306020 -0.003219 0.031395
170 -0.248231 0.764733 -0.349769 0.241320 0.239434 0.337997 -0.017002 0.033624
171 -0.266198 0.767919 -0.353670 0.233577 0.235718 0.318133 -0.018550 0.051800
172 -0.260829 0.764690 -0.345015 0.257621 0.228481 0.329153 -0.024938 0.025416
173 -0.271709 0.763141 -0.363448 0.232940 0.240089 0.313968 -0.011727 0.032839
174 -0.256473 0.774307 -0.345058 0.248951 0.242742 0.306495 -0.027578 0.002317
175 -0.264796 0.763948 -0.353383 0.254333 0.223150 0.325401 -0.029671 0.011822
176 -0.231690 0.762860 -0.373151 0.248311 0.237296 0.324990 -0.023124 0.031650
177 -0.261273 0.760603 -0.354594 0.251394 0.238119 0.326440 -0.007840 0.030959
178 -0.247259 0.776558 -0.334510 0.242324 0.254600 0.314941 -0.007530 0.033713
179 -0.253651 0.775922 -0.353090 0.236014 0.225676 0.317991 -0.025982 0.022533
180 -0.260617 0.771291 -0.342510 0.242651 0.240694 0.316975 -0.023062 0.045365
181 -0.245199 0.773020 -0.367316 0.230768 0.237636 0.310624 -0.011394 0.032477
182 -0.248186 0.765978 -0.345856 0.234894 0.257794 0.329928 -0.022051 0.033058
183 -0.260889 0.766610 -0.355875 0.227950 0.241174 0.325417 -0.000533 0.039708
184 -0.254379 0.775093 -0.347632 0.235900 0.228395 0.324689 -0.004126 0.020542
185 -0.266568 0.776616 -0.342468 0.225049 0.236996 0.316662 -0.003492 0.037730
186 -0.242223 0.776496 -0.345725 0.251673 0.238901 0.310162 -0.028402 0.037898
187 -0.264240 0.768653 -0.347809 0.235107 0.238890 0.324589 0.001919 0.025958
188 -0.261724 0.775543 -0.343604 0.230022 0.236643 0.319213 -0.014903 0.030677
189 -0.273502 0.767955 -0.342020 0.245710 0.256153 0.301551 -0.020275 0.033640
190 -0.250332 0.786072 -0.346494 0.229370 0.235117 0.301096 -0.000845 0.028578
191 -0.263435 0.776934 -0.335167 0.235120 0.237562 0.317376 -0.031051 0.035079
192 -0.250952 0.769359 -0.342388 0.239072 0.245082 0.329142 -0.013136 0.046392
193 -0.248208 0.761941 -0.348541 0.231263 0.254507 0.341660 -0.016732 0.033022
194 -0.254755 0.774147 -0.353729 0.247072 0.230473 0.308869 -0.011988 0.031083
195 -0.256631 0.776059 -0.338707 0.229228 0.237401 0.327156 -0.013400 0.032172
196 -0.251486 0.767034 -0.342550 0.246604 0.236128 0.335182 0.003763 0.046281
197 -0.259817 0.773237 -0.343566 0.224894 0.268484 0.304912 0.006335 0.029841
198 -0.256857 0.770318 -0.337865 0.258544 0.246879 0.311210 -0.021367 0.037134
199 -0.282915 0.759502 -0.353092 0.244554 0.241087 0.314320 -0.031763 0.026577
200 -0.261703 0.777658 -0.346968 0.221538 0.261392 0.297003 -0.009192 0.025937
201 -0.249262 0.777220 -0.353265 0.237060 0.227976 0.316109 -0.021660 0.020897
202 -0.269376 0.769073 -0.354349 0.248060 0.238406 0.301008 -0.022176 0.030503
203 -0.271969 0.769253 -0.346698 0.234076 0.241073 0.317209 -0.007609 0.022272
204 -0.259686 0.771566 -0.363181 0.224258 0.229851 0.317856 -0.011252 0.032651
205 -0.266389 0.770518 -0.359030 0.233238 0.235695 0.307985 -0.024265 0.032251
206 -0.255318 0.760858 -0.354826 0.243627 0.245315 0.330256 -0.016908 0.033457
207 -0.253969 0.766024 -0.364358 0.227689 0.250198 0.316796 -0.011876 0.031747
208 -0.255031 0.771781 -0.352592 0.245705 0.248764 0.300654 -0.016600 0.045481
209 -0.225276 0.778611 -0.354480 0.225893 0.248149 0.319354 -0.020226 0.048556
210 -0.258040 0.764742 -0.363767 0.248560 0.239277 0.308854 -0.031372 0.029120
211 -0.251142 0.773626 -0.346184 0.254663 0.230908 0.316410 -0.010466 0.013790
212 -0.261407 0.761764 -0.349594 0.232139 0.251576 0.333379 -0.016566 0.023873
213 -0.264946 0.757439 -0.352189 0.243670 0.255172 0.326506 0.003826 0.030724
214 -0.254027 0.762360 -0.364008 0.247158 0.229944 0.326331 -0.022950 0.028213
215 -0.241948 0.774970 -0.346578 0.237704 0.253499 0.314676 -0.023695 0.020445
216 -0.276205 0.762904 -0.346387 0.240573 0.236284 0.326524 -0.012580 0.034980
217 -0.267792 0.763361 -0.346199 0.236341 0.253544 0.323211 0.000678 0.033257
218 -0.265211 0.771152 -0.327614 0.250768 0.242825 0.323736 -0.016367 0.027097
219 -0.246756 0.772752 -0.340577 0.256658 0.238720 0.318801 -0.004770 0.038162
220 -0.263041 0.772693 -0.332281 0.234760 0.249497 0.322177 -0.028711 0.036891
221 -0.272926 0.774778 -0.339398 0.235512 0.229723 0.317162 -0.014546 0.031600
222 -0.255401 0.770171 -0.363980 0.249560 0.221694 0.311687 -0.006218 0.022563
223 -0.272294 0.760275 -0.354447 0.258991 0.228535 0.319609 -0.016261 0.022058
224 -0.273335 0.760763 -0.348380 0.247291 0.258200 0.307831 -0.035656 0.036172
225 -0.246883 0.762080 -0.360198 0.248212 0.239245 0.327998 -0.015981 0.043082
226 -0.052083 -0.616794 -0.184708 0.305123 -0.189342 0.043237 0.632385 -0.228046
227 -0.041852 -0.633182 -0.164531 0.328177 -0.195151 0.041176 0.614122 -0.213620
228 -0.049404 -0.629218 -0.182841 0.300651 -0.201333 0.042498 0.617657 -0.232336
229 -0.040797 -0.630882 -0.169777 0.312353 -0.189655 0.019868 0.623973 -0.219612
230 -0.045123 -0.614945 -0.167937 0.335463 -0.188732 0.026587 0.625353 -0.227323
231 -0.049455 -0.623978 -0.181933 0.321697 -0.189688 0.016528 0.622505 -0.218746
232 -0.045085 -0.627593 -0.180341 0.310054 -0.195471 0.013402 0.616896 -0.237674
233 -0.049226 -0.639816 -0.180657 0.316178 -0.185118 0.031074 0.603422 -0.237181
234 -0.036856 -0.633028 -0.176506 0.319931 -0.215237 0.045381 0.606873 -0.218460
235 -0.049336 -0.639872 -0.164969 0.305965 -0.187366 0.026166 0.620114 -0.216724
236 -0.038896 -0.627431 -0.183983 0.315205 -0.186772 0.043489 0.618980 -0.227381
237 -0.043927 -0.626826 -0.174125 0.328226 -0.195038 0.040722 0.613607 -0.225602
238 -0.040083 -0.646436 -0.180560 0.320474 -0.188473 0.039762 0.591154 -0.242162
239 -0.036613 -0.638190 -0.161706 0.322878 -0.181703 0.054795 0.603308 -0.246931
240 -0.050153 -0.638688 -0.160681 0.310861 -0.194506 0.043229 0.612620 -0.228262
241 -0.038582 -0.635294 -0.182970 0.325903 -0.196407 0.026157 0.603076 -0.228609
242 -0.070069 -0.637393 -0.173424 0.325706 -0.180078 0.025796 0.602400 -0.238077
243 -0.047603 -0.624872 -0.180850 0.318254 -0.183092 0.036345 0.625755 -0.216479
244 -0.064781 -0.639332 -0.176478 0.305114 -0.190350 0.045051 0.607810 -0.234783
245 -0.031578 -0.636102 -0.178808 0.320333 -0.185274 0.024124 0.615910 -0.213397
246 -0.033355 -0.638087 -0.176963 0.331309 -0.191771 0.017915 0.604845 -0.218443
247 -0.046877 -0.632727 -0.175409 0.314945 -0.185112 0.044725 0.618640 -0.220267
248 -0.035011 -0.633137 -0.168641 0.300977 -0.192007 0.035886 0.620207 -0.236798
249 -0.046900 -0.636769 -0.173622 0.322613 -0.191414 0.041848 0.605585 -0.230169
250 -0.045490 -0.643367 -0.169728 0.319091 -0.186608 0.041237 0.603945 -0.228276
251 -0.043734 -0.638272 -0.173846 0.309342 -0.200377 0.043843 0.603048 -0.242985
252 -0.050875 -0.639717 -0.180088 0.311727 -0.201905 0.034119 0.607903 -0.217010
253 -0.041367 -0.636896 -0.185499 0.321947 -0.191383 0.033264 0.604127 -0.227789
254 -0.069111 -0.636350 -0.154386 0.310166 -0.199638 0.040029 0.610226 -0.237509
255 -0.048565 -0.636202 -0.170562 0.315348 -0.197588 0.029025 0.611740 -0.224151
256 -0.032026 -0.638741 -0.188786 0.315696 -0.195132 0.017067 0.598524 -0.243067
257 -0.046262 -0.637027 -0.159241 0.319903 -0.199255 0.020319 0.606366 -0.237836
258 -0.046797 -0.624328 -0.181877 0.311875 -0.210613 0.016759 0.617427 -0.227650
259 -0.043691 -0.643470 -0.168261 0.310811 -0.207312 0.020238 0.604279 -0.224905
260 -0.063094 -0.630189 -0.179833 0.329261 -0.177409 0.028758 0.613702 -0.221806
261 -0.063715 -0.627099 -0.179988 0.315853 -0.203036 0.018510 0.615961 -0.222608
262 -0.045256 -0.645147 -0.181785 0.317427 -0.168880 0.029445 0.607782 -0.221686
263 -0.049624 -0.641245 -0.186210 0.302703 -0.184518 0.039753 0.609264 -0.230671
264 -0.036031 -0.615797 -0.197056 0.325897 -0.190259 0.034932 0.626244 -0.211792
265 -0.047339 -0.614500 -0.190727 0.326898 -0.205407 0.017337 0.621529 -0.219360
266 -0.051308 -0.623498 -0.184095 0.326734 -0.203629 0.033305 0.613286 -0.221985
267 -0.045456 -0.629099 -0.202099 0.300548 -0.178668 0.038085 0.622794 -0.223047
268 -0.029358 -0.643062 -0.169962 0.317259 -0.198280 0.041049 0.607996 -0.213096
269 -0.027650 -0.638673 -0.165647 0.315073 -0.194283 0.034119 0.614124 -0.220371
270 -0.037502 -0.636656 -0.186084 0.307334 -0.188942 0.028356 0.607794 -0.241380
271 -0.049554 -0.628677 -0.177249 0.314326 -0.204445 0.021892 0.614741 -0.227832
272 -0.035185 -0.614214 -0.162516 0.317121 -0.183165 0.032873 0.640323 -0.223342
273 -0.051857 -0.636416 -0.189800 0.317904 -0.197277 0.029368 0.605873 -0.219854
274 -0.019132 -0.645562 -0.164490 0.300763 -0.190968 0.023145 0.616305 -0.220301
275 -0.059358 -0.641040 -0.172331 0.311492 -0.179489 0.044744 0.615672 -0.213423
276 -0.064991 -0.636308 -0.171859 0.325680 -0.178280 0.041059 0.611929 -0.217619
277 -0.044468 -0.632465 -0.164968 0.315762 -0.186861 0.025065 0.618850 -0.229280
278 -0.044643 -0.633310 -0.176655 0.325581 -0.184045 0.028068 0.615877 -0.213892
279 -0.046959 -0.643479 -0.187031 0.301622 -0.176273 0.024590 0.608511 -0.236245
280 -0.057074 -0.620256 -0.178372 0.307084 -0.197634 0.021377 0.623865 -0.239134
281 -0.045103 -0.629294 -0.174628 0.320534 -0.191850 0.007963 0.615258 -0.230880
282 -0.060426 -0.632926 -0.169256 0.321243 -0.190864 0.032214 0.609226 -0.235129
283 -0.037030 -0.632413 -0.187458 0.328102 -0.186103 0.019790 0.606945 -0.229089
284 -0.056400 -0.633478 -0.185775 0.323160 -0.174475 0.025069 0.611026 -0.228379
285 -0.051006 -0.644610 -0.189533 0.306093 -0.196554 0.018749 0.611084 -0.199629
286 -0.022022 -0.621132 -0.184600 0.312673 -0.188154 0.021563 0.623453 -0.239392
287 -0.036962 -0.635194 -0.175060 0.312150 -0.192422 0.013332 0.614351 -0.229014
288 -0.040879 -0.625583 -0.184356 0.312398 -0.172153 0.029436 0.620083 -0.245743
289 -0.054965 -0.641052 -0.192929 0.292723 -0.191212 0.021673 0.611341 -0.228811
290 -0.048425 -0.644645 -0.173244 0.312437 -0.180242 0.044061 0.603514 -0.236219
291 -0.036384 -0.641805 -0.182633 0.317300 -0.178979 0.042922 0.609106 -0.218727
292 -0.043045 -0.624135 -0.180250 0.320124 -0.194378 0.018717 0.608489 -0.255423
293 -0.031232 -0.615393 -0.195848 0.327227 -0.186688 0.029524 0.622512 -0.227237
294 -0.019563 -0.631849 -0.188224 0.310701 -0.178540 0.029153 0.619873 -0.226830
295 -0.045698 -0.628653 -0.189608 0.298081 -0.197934 0.023766 0.614956 -0.244930
296 -0.055097 -0.645530 -0.167872 0.305821 -0.191790 0.045676 0.608951 -0.221037
297 -0.036201 -0.634781 -0.186024 0.310935 -0.179311 0.033725 0.614377 -0.231754
298 -0.045754 -0.642320 -0.170901 0.323848 -0.194098 0.022732 0.602206 -0.224506
299 -0.026037 -0.633618 -0.178763 0.316078 -0.192093 0.030032 0.611428 -0.233114
300 -0.040854 -0.634834 -0.188515 0.311737 -0.191411 0.014029 0.617528 -0.210769