122
37 38
43 74
64 114
41 90
66 75
12 107
88 98
2 85
22 27
36 50
91 116
12 52
19 117
93 94
6 26
93 112
26 106
8 64
6 86
28 45
31 44
29 96
69 77
77 88
5 69
102 104
12 15
15 65
6 119
3 23
29 59
72 93
1 14
51 84
14 36
31 49
69 108
68 113
2 5
28 37
67 89
43 110
16 91
80 97
19 120
52 102
24 30
20 22
62 73
77 82
3 4
10 25
55 78
43 121
1 9
4 81
49 56
40 57
32 60
9 42
3 46
68 70
1 21
91 101
22 28
74 80
7 62
4 16
23 67
11 32
9 76
79 115
9 13
16 18
5 8
107 111
16 71
8 54
1 24
31 105
28 35
31 41
27 99
91 95
26 68
15 72
19 51
27 40
3 12
16 20
1 2
14 17
51 87
8 29
59 63
43 66
1 3
16 122
5 33
4 19
3 39
76 109
50 58
3 55
27 83
47 61
7 47
1 48
2 6
6 7
5 10
55 100
23 34
48 79
35 92
2 43
2 11
87 103
46 118
9 31
5 53
