564
78 184
252 309
3 53
50 80
255 474
126 216
90 116
67 306
547 553
97 395
34 149
232 562
143 337
5 304
375 452
198 275
75 278
483 550
251 404
125 274
54 510
156 504
50 420
8 25
211 521
12 161
210 361
114 201
82 89
26 92
116 117
126 312
112 454
30 97
122 162
324 407
7 45
47 263
114 236
52 140
196 269
26 233
76 99
55 86
15 23
19 323
9 302
242 355
41 75
164 358
31 47
124 164
13 342
226 332
73 341
423 450
11 52
138 526
300 426
126 478
25 128
296 372
18 41
282 367
107 146
17 48
202 449
300 484
90 174
340 343
32 129
302 415
162 473
234 289
193 412
153 252
5 259
24 88
4 187
21 417
78 179
85 293
155 481
14 67
436 490
201 205
338 399
72 497
173 418
163 520
188 464
97 163
22 38
33 43
170 387
198 458
269 340
240 374
248 280
196 322
12 109
13 215
48 94
316 558
441 457
357 500
11 281
268 409
387 402
49 69
10 15
155 370
16 77
7 54
171 262
81 189
314 345
192 218
18 224
37 376
12 79
2 18
355 537
18 26
365 535
378 393
100 126
207 241
386 509
88 93
123 188
34 100
35 90
189 229
183 303
178 251
98 134
195 469
139 142
181 394
365 564
2 3
140 191
15 105
117 519
126 300
61 230
63 540
1 22
213 433
63 455
181 476
13 21
131 295
182 451
14 76
143 150
37 59
80 183
82 124
65 197
47 511
15 50
14 462
332 555
113 172
63 265
20 397
12 209
55 98
157 331
42 152
37 120
199 335
1 249
340 456
206 429
359 489
154 324
9 39
10 91
409 434
14 101
15 316
201 253
48 139
121 177
69 517
63 65
215 430
114 485
216 273
72 194
30 49
415 541
27 33
443 475
31 465
11 13
89 250
200 239
72 121
28 276
4 20
222 245
108 496
241 381
293 357
45 294
178 333
32 539
2 6
77 213
282 405
16 217
245 296
483 503
96 203
29 492
351 560
369 552
118 548
11 37
504 523
80 396
261 325
282 353
343 348
55 102
131 135
277 349
429 480
198 493
20 24
87 460
285 298
257 507
32 479
180 226
2 71
15 29
12 82
338 385
13 17
229 307
316 368
136 506
303 329
514 536
140 391
55 313
40 60
171 466
218 299
65 78
24 240
48 58
29 30
160 248
10 12
154 508
257 427
37 123
50 318
54 56
451 524
195 384
238 268
25 42
23 27
33 401
56 72
177 270
10 44
118 533
53 231
209 290
275 292
9 68
159 378
46 122
21 34
333 551
324 356
89 382
241 428
61 170
1 431
342 362
260 264
392 529
447 563
173 261
440 483
361 525
70 95
244 463
10 472
31 181
248 467
6 196
109 176
30 112
76 204
228 443
124 237
26 36
256 459
95 185
199 220
10 28
34 495
46 247
61 154
47 110
42 130
180 238
174 354
134 561
62 113
11 468
41 151
263 437
160 305
20 255
112 366
503 534
99 419
325 363
46 131
32 228
58 211
66 311
358 557
215 326
337 403
40 379
215 400
98 547
47 482
19 35
531 544
8 111
23 207
191 287
156 543
119 530
141 186
85 171
11 14
125 487
359 554
15 155
81 168
45 57
191 315
398 411
14 16
73 156
56 165
1 7
269 545
395 424
208 254
17 31
175 208
79 416
429 491
180 328
105 214
356 514
33 63
92 106
75 327
134 147
188 314
372 516
260 321
199 377
7 9
71 81
49 87
158 286
244 380
167 198
48 114
63 408
6 199
82 132
91 438
357 461
430 513
241 242
98 336
279 453
119 410
43 193
13 32
16 166
181 195
35 334
399 446
147 319
7 19
104 559
223 346
165 235
136 297
211 344
162 257
365 444
28 432
90 104
69 225
55 127
255 347
83 441
87 206
191 330
498 505
121 182
14 532
42 51
390 448
32 74
12 145
18 84
136 527
225 371
75 277
152 173
57 442
14 103
274 279
131 192
104 115
20 288
189 339
115 283
288 470
107 180
307 471
335 413
133 488
129 538
26 64
52 61
11 512
134 546
27 260
291 406
461 502
214 436
127 153
84 350
144 158
264 388
86 212
187 222
209 364
222 244
43 46
27 133
89 125
80 137
8 40
65 190
68 421
124 383
41 83
55 266
410 440
56 258
171 232
48 528
7 119
51 285
203 246
68 221
63 175
214 267
158 178
181 210
36 159
37 55
260 386
230 373
66 73
13 282
165 310
62 223
154 301
109 141
367 375
244 422
31 425
54 66
2 5
169 202
183 494
116 143
33 234
186 351
129 556
101 531
274 360
88 271
7 10
145 243
345 486
146 227
318 498
12 157
83 118
8 70
528 542
143 439
320 359
248 256
94 272
287 352
257 389
2 8
51 317
129 167
131 144
25 338
104 365
1 2
143 501
10 11
32 96
25 107
23 169
6 160
215 320
23 423
283 398
98 447
178 499
424 518
60 219
360 435
63 148
37 62
250 445
397 515
25 284
275 392
145 522
84 414
125 369
222 390
27 308
307 477
47 108
105 136
63 291
103 138
30 85
1 4
179 549
93 200
