17 23 19
127 127 127 127 127 127 127 127 127 127 127 127 127 127 127 127 127 127 127 127 127 127 127 127 0
-127 -127 -127 -127 -127 -127 -127 -127 -127 -127 -127 -127 -127 -127 -127 -127 -127 -127 -127 -127 -127 -127 -127 1 30
0 -28 0 -122 0 58 0 -123 0 27 0 -16 0 91 0 89 0 31 0 -76 0 46 0 0 30
-62 84 -6 18 -87 -21 -59 116 -5 116 99 -48 -40 -31 122 -12 -87 7 91 70 -108 16 66 22 21
-75 -75 -14 9 92 89 -72 40 -56 19 -22 88 -113 65 -110 -39 -59 29 91 -29 32 116 36 78 6
57 32 8 3 58 -76 -33 -126 -10 -49 -100 53 13 89 47 37 -67 14 8 112 -2 -51 67 64 22
59 19 34 108 -109 8 59 120 -105 -72 42 -112 57 3 -19 -126 -22 50 110 73 103 -49 21 21 8
-33 76 43 42 78 119 -89 -31 -34 67 -52 56 -81 21 41 98 108 85 -115 -105 36 -58 120 25 7
18 4 106 -31 -37 -81 -96 -126 -76 -106 15 -77 22 1 62 -72 -46 -11 27 49 -53 94 78 103 10
-111 120 -118 -9 3 112 -17 53 83 -48 -61 113 1 -85 -107 34 -98 93 116 -2 -76 85 -16 32 28
69 -27 -92 15 -49 -39 64 78 55 -52 -74 106 109 -41 -7 -14 50 29 75 -89 -55 32 87 124 24
-34 -61 5 -13 -116 -78 -77 -11 -92 21 -10 -107 -39 102 -27 31 44 -8 -60 -76 -14 44 81 72 24
-110 -11 -88 -66 -76 -76 107 -57 -67 45 65 71 -72 -43 85 11 60 -94 70 79 -19 123 50 117 13
83 90 10 -91 105 -104 -106 -27 -100 -30 -7 65 92 80 29 30 -61 -115 -28 66 89 106 104 88 7
86 89 35 -59 -121 -108 -6 0 89 39 -74 -60 -28 -73 -32 -118 43 -117 21 57 55 39 -101 85 24
-10 43 -39 -54 74 78 -28 122 -110 -106 13 98 -87 -18 43 8 -82 17 75 98 4 -5 -85 80 12
79 25 30 43 112 101 79 88 23 -86 35 52 68 37 -97 -114 37 1 -48 -13 -62 -112 74 4 5
0 0 0 0 0 0 0 0 0 0 0 0 0 0 0 0 0 0 0 0 0 0 0
20 -20 -5.0264805215809751 18.235626267942891 -16.365347983054569 5.6713335090926478 -19.140308844939135 4.0528302738522939 -12.304845492222949 -8.654347804530552 -2.3099077235535788 -6.780263362103728 10.560503006102149 -19.739227075536554 -13.943153864631913 -0.37527756584423599 17.008681449303033 -16.419582652980715 -9.5457315877373361 15.057067216668109 -3.1378037788222386 9.3943738276565192 -19.87291627046444
16.356246492063153 -0.46032113553463461 19.963246963976566 0.2795920042570863 -19.906559869757189 -5.7351249077798272 -3.1857626102910288 11.903099326049656 -1.9121013364735973 -6.7389753663744845 15.053972606019034 -11.506244322873913 0.66001073678684463 13.877547112230133 0.89681683985777383 11.72679015505032 5.9925657848912515 5.3810928815189527 -5.3034374891258409 -0.72134838388323885 -11.728805695732785 -9.108092746744564 -15.677057680939079
-8.0989786140000319 11.339038430360592 12.540276674183893 -4.4404685783078293 -10.009263334735152 1.8785797238288602 -14.170911656627311 19.292177512643292 1.2921325990438532 -16.874823023840008 -18.276311009703544 4.6388095903521744 -15.913634661281723 -11.244115965530517 16.741248164160794 -16.211065840971802 -19.959320731121899 -14.122585620536006 14.660457263533402 -5.8878603082253136 16.346894171605449 -13.973733199563355 -0.45377053582768312
1.1674332737460986 -12.738498986432871 13.546503756815646 -18.901366669599899 -8.1779656942848469 18.542002113880002 2.5455597861470558 10.458210175010354 8.7317594784978958 1.6272941857620964 -0.29420521204868066 -14.370731290511811 -10.887125411826375 -10.338557432138051 3.0603312759855967 19.02384495022951 11.815152123922307 6.9644502369521319 -3.6354012301713468 19.935937521160717 -16.601188595906883 6.5297741115851302 -19.982433738205817
11.843456434175298 0.27934828501404496 14.228587295556267 7.0566726890240439 15.484013907289452 -16.640205164343257 -17.998576364969189 12.163225985249781 -10.20095753075652 -19.850376392112253 14.302395670328806 -13.863468643895956 11.779432273502522 10.100204568400201 16.817791307632405 -8.6822704513424789 11.503138565003582 -9.1548643777453442 8.9952873705694927 0.22466941210565494 -17.028095504450562 -11.024521992509149 -14.145804436295499
-10.801299675539781 -2.790039408605189 16.097677990871475 0.92237388012632593 -2.5744448164757152 18.518440698188869 -7.6971411964961014 -2.9306601503214971 -13.874378754810728 13.870656014349684 15.886155658433303 -12.142555169508507 7.0008219392669488 6.3100849290311309 -0.38164861803117134 18.962502394284982 -7.3568301912433434 10.739561785635274 -7.17150167484888 -13.301187913953299 12.193421681838473 8.1641128153541516 5.7972695471229549
-17.480981877604684 14.747445919056155 5.8491673178994041 -9.5744997401804923 5.9057721569574575 -11.174316580655642 -18.955422741136903 15.349532969821688 12.699074637508822 -19.431668170661535 11.699711345760985 9.9005987394939226 -7.6091098062043585 -17.799831437604361 -1.2623500946367372 3.2680468961551625 8.9185257318862057 3.1806164571172282 15.738385287225071 -13.514902518853745 4.0979351213455644 -14.954269255884874 -3.3164228256173729
10.178903757845799 2.7545102516718885 -17.419307921775797 -11.473054264951831 6.8556742963071073 -16.448428482023374 -1.6653877203438583 6.2385636896895562 -8.4930105305945958 -6.146500670257268 16.778299497837722 -19.400352287020155 13.576478609162912 3.9382772037900793 18.95801849432511 19.793907626708695 2.2829954365616381 -19.127531335485422 -11.861155905823214 -6.7938994580214285 19.646335200133521 -11.19986416837714 -17.836342473413321
0.14668260538942235 8.3051831930254494 11.520625106089067 15.608109039903589 -8.5098427130109133 -6.6718090213178982 3.9771847671775689 19.716145080989854 9.1481625589503288 -2.2058150645269592 -17.853871525089282 19.287921692374248 -10.121331279953655 -12.203363707748833 7.3461889094196522 -8.1271904326087618 -8.4195026420764165 -0.59591903853794648 -2.6326105067759613 -4.0337824552108756 4.0712233628651475 -5.7522277661686196 -10.664468333228672
-13.451224401378617 -13.183224667291459 -16.557815670859185 14.785565651483907 19.67637840685358 18.915454916122343 1.9289661402251603 -3.4911628512970125 12.686253241434777 16.723112750795963 -4.7703804332721766 12.723334068182879 -2.9604835637369646 6.0904372718007274 15.281506394322349 11.905573544020708 -14.520354995076961 -0.6857229019948754 -4.4319173190901608 -14.144537155637437 -16.789889390044522 -0.077742257262517711 4.5660176550749512
11.092939172976667 9.759440106486899 3.6326330687329715 -16.415545615791508 -12.711159727353785 -11.487908573000482 15.902967622386875 -16.840242633998237 -14.888952213607949 -15.209925608248289 -6.4844835078695553 -19.32160261020389 -12.764009022839424 -18.467340238156442 18.020818635179118 -6.3432316514969855 0.32147064144006166 12.685481036996265 -1.0226603295717531 0.043272061339870049 -17.380184372504765 0.25007551134068251 -18.396829721024758
-8.9910913532187298 13.884557821994925 -4.9494899951684204 5.2868423330355228 4.551893668134916 9.8047176935536839 -13.008882520672085 -7.6578300050437029 12.24406925898387 -7.2280431113310541 -7.1861001746786144 -17.347751454307346 12.3228978946929 2.0775137906752583 -16.679664123810657 4.2010835632836603 0.45564936859888405 11.87817227618509 9.527974186614486 12.953484092582222 9.6773629141498745 -9.0866293095329187 -7.6822083434073551
13.165155455991936 5.7847175734580212 11.160201887117442 -5.3930984578607912 14.64018387670513 12.366685332434059 -7.7336280934626664 -11.553324001942617 -10.27756383438177 -9.4561560525639354 -15.807474119710591 18.338348811088395 -1.6705454735617131 -5.5700878336004322 16.597808297262524 3.2349290230157521 0.91414560689212365 7.3434532332884253 15.683548107015206 -16.259935784164647 2.0161619859137083 -8.5226273841636946 17.190154340603605
-14.609194186649667 -11.969291744462245 17.242768894944774 19.32629059239742 -0.89849963578533476 -8.8863039690313705 15.299459012559062 17.750178640742249 15.078553153139509 -10.655663798025842 -1.5686713961405871 11.524590628704633 10.776838235332697 -16.960282404156995 -10.672295174333787 11.765101770148991 8.4023332650781981 1.8479408139590277 -12.05636642519384 -19.848483596310924 2.4411542480471162 4.1065582342899951 -15.387438298386758
-13.767747794245793 -8.0912909178588919 -19.305962575303589 -11.617501257770787 -8.7119926462673227 2.7709893545820599 4.6153087894465337 -0.15738956027680828 1.6867063798453117 8.2004680439221644 -2.5565177430639885 0.27905264181102041 -16.873500974601576 -19.718523679486811 2.0776601297298889 18.679754743024425 16.446009352288208 5.8990123054404684 10.240912130867102 2.6787214500920058 12.399070903151561 17.903389514260077 3.3063253018860017
14.581031533039351 -8.1124377633874403 -10.978703210124255 -7.553302963035101 -3.4943106235379346 15.675730405722184 -3.1871247346534801 19.05467938290505 4.4355875406074148 -10.230818496681739 -11.577219302113985 -19.769403584018455 -3.1698706937042118 14.500395534770767 -9.0790458083676384 -15.098459610089368 1.1168600397539521 10.623176250193612 -11.058773422119121 -12.416951213337292 5.6803553476289323 18.006238404248364 11.559775229710851
-15.29774415453649 18.871973492339748 15.579002056174573 -15.044248268370426 -10.269387052400226 2.3945994562368291 8.7295197629308738 15.47010078822926 -4.4767209846644551 15.212214650820151 -7.0670134561343101 2.0447466263055993 -14.873266894796892 3.5376108703221831 -16.133514833332399 -3.9263332060282465 6.4582059270369783 15.377613759437935 5.384944576645033 10.108381053586946 -9.0365282103865283 -1.3323562243858618 6.1199413109533722
17.205305923107055 8.5621882004445808 -19.147015494420295 11.086312748605302 -17.800631475484288 1.7805432962940451 -3.2086504088678289 13.341842172778684 -14.084106957351658 8.8359303899952621 17.937976640860562 -8.0529689797291493 1.1004041567243874 11.666246661015485 18.636141655322099 -18.2424260013237 -1.7340196813573741 -13.844461056004768 6.2331490083759533 -17.79514568713963 -19.344560399240965 18.20820667754208 10.215742587903836