94 88 84
132 13
34 103
109 79
129 5
89 175
90 18
153 137
179 55
58 42
35 76
191 151
124 68
32 60
194 107
73 183
183 36
142 70
65 56
55 135
86 91
59 199
116 142
87 5
175 54
137 62
98 55
168 92
118 171
30 58
107 2
164 115
189 104
101 61
46 90
160 30
103 113
42 136
9 93
135 166
72 200
45 62
82 155
49 149
127 45
100 83
130 99
62 115
12 135
5 54
54 155
172 124
113 140
50 50
102 75
70 94
185 10
131 124
166 61
79 125
200 14
76 117
88 148
11 170
19 130
144 105
95 129
112 3
126 110
37 195
47 74
178 144
16 123
187 157
83 121
71 44
110 91
139 138
99 36
169 82
104 185
140 126
138 136
18 6
10 93
171 151
93 115
66 128
84 39