987 745 362
878 114
228 254
694 1356
1034 1635
1178 274
1929 1852
1600 835
1878 487
777 272
1444 84
1857 276
1660 98
77 1648
1468 1887
951 864
1505 711
1169 1047
87 1394
1039 1921
1009 1181
536 130
426 1766
206 1035
148 1012
1477 71
1287 1395
54 524
473 1252
1043 1644
1027 1989
1097 818
1023 1579
1107 1504
173 912
379 1453
268 1289
1105 1347
558 332
270 1588
876 541
1431 236
633 431
383 372
636 1036
568 1260
911 1553
853 223
1439 73
1209 222
447 945
1583 819
797 585
760 939
1947 1809
1143 734
404 792
1819 1671
1628 638
429 1323
1355 499
460 1998
373 182
1430 1656
587 357
900 581
1465 405
1348 797
938 1964
1324 1475
1495 263
1475 351
455 864
1008 2000
1006 136
1139 164
1756 1879
1344 1246
952 154
1086 121
1597 829
1900 507
1144 1381
1394 1092
1381 498
1654 1079
1288 1749
793 1478
1607 1831
1191 407
1794 1085
260 1911
1725 432
1615 336
755 19
1513 1511
874 976
1699 997
1618 1212
205 61
1059 1729
46 555
1589 1473
1017 1702
922 1060
530 2
273 474
776 1120
237 16
479 1648
1297 1905
1044 1403
1020 1190
856 322
1973 1072
200 584
1573 34
728 1811
1666 204
1544 1364
1014 1858
1138 79
1934 315
412 680
1836 1693
930 1016
466 204
1309 453
1972 920
1998 1561
1762 410
101 1732
1065 1063
1562 373
753 702
915 1924
497 1437
1817 1092
943 1197
1220 359
816 141
787 1768
852 295
1443 1147
1232 1553
42 414
1049 1538
1452 1090
528 857
174 868
854 1296
1438 442
1830 1828
1638 1997
1185 997
1545 676
821 1518
534 1279
1347 1829
655 27
264 1878
1716 1830
1887 1173
772 1055
45 879
1099 1743
298 1540
1200 1546
1639 1547
1325 750
482 636
194 1709
1785 360
688 726
1488 1262
322 1283
664 545
1069 722
892 856
565 69
689 1023
679 400
840 552
258 722
305 638
1130 1710
975 1924
1595 1753
405 351
1855 290
76 594
802 123
1470 326
1876 329
343 1168
956 886
103 1802
561 1529
1362 1368
1010 1700
142 375
669 1403
591 1601
926 200
1401 1729
1946 284
1396 1535
1744 777
1072 569
995 482
567 899
1453 1060
52 1197
328 1519
1561 1332
70 55
144 1985
970 152
80 1684
562 1149
1689 1196
257 923
406 1908
588 1757
1278 1868
1926 965
925 617
1866 134
893 1945
581 582
676 257
401 1795
1273 702
1089 1421
964 1825
940 77
339 1708
1650 1727
1446 366
1652 840
1832 742
1379 1935
282 1021
1909 119
309 1955
677 381
1706 131
613 143
1546 945
91 76
839 672
836 594
1958 1809
317 1776
1656 1219
1796 913
1002 105
220 1710
1024 1037
377 1976
554 1140
358 720
708 1103
1901 313
514 376
678 1006
738 1657
265 1565
891 1275
897 925
463 1169
1141 1649
976 1832
610 121
1539 741
1670 159
116 1307
123 1505
1757 1003
945 1995
1129 430
1875 403
1030 1537
845 1028
656 1949
49 1721
592 784
1714 1716
1637 1498
719 511
1806 1332
490 1772
1919 1253
263 1605
844 441
1730 1510
415 1829
1568 1232
1843 1345
286 1113
626 1316
598 773
1385 1571
779 1687
1758 307
731 795
1500 359
894 1574
1515 708
1356 749
430 102
1923 285
1358 433
805 346
1067 1320
1780 932
1053 260
803 734
579 1135
518 1368
1634 153
1057 723
1622 1033
1499 13
843 1797
1291 437
1548 1258
1007 1491
119 638
1557 522
729 365
1572 1750
337 903
1504 530
1301 1845
293 1251
81 963
1812 1698
533 1544
329 615
662 856
698 1810
1336 1675
1441 1968
1484 174
1400 1836
1285 1437
872 1979
1928 706
75 682
1449 18
1833 1651
387 1780
454 1354
1427 315
1643 956
215 490
774 1527
1360 237
1945 1009
736 321
1215 1122
559 24
157 465
362 935
1118 1968
440 1382
1455 800
201 1190
1041 1014
18 73
503 1620
1988 1232
1856 1926
1657 485
1088 1639
539 1911
1783 864
113 765
1365 990
1770 1111
338 1969
560 1158
1905 1294
557 648
764 1602
33 1572
935 458
842 75
1081 1301
327 907
690 954
903 399
1760 1843
686 291
1985 1897
697 626
1645 1133
1214 1388
741 2
963 1649
1811 1347
771 1389
1448 230
59 980
1802 1015
153 1120
864 529
1697 911
1931 1838
63 678
1739 403
192 812
250 358
1001 1178
757 1129
187 1238
239 630
646 1918
1387 1067
1134 388
1363 965
378 96
388 1521
1736 1495
1454 1562
261 1173
933 992
241 724
810 773
1732 548
71 1115
1266 1821
398 1032
850 1470
1508 229
1112 1504
1037 1067
1248 1559
1884 1609
1261 930
1952 176
1922 1610
548 1444
22 830
920 832
511 562
1147 884
1279 272
95 5
1687 1562
262 1475
1275 923
353 1057
745 397
1592 1944
1106 1975
1193 962
1372 1848
701 10
1258 211
825 1420
1277 91
363 1718
469 1407
820 401
1507 371
732 1008
849 120
39 78
324 233
1250 584
807 1920
734 244
917 992
395 1176
1611 1967
1159 1542
1653 1701
1004 851
898 677
784 1318
465 1480
1747 1930
1885 1099
227 1901
410 1976
921 73
1902 1008
721 960
969 642
1246 1008
1764 360
420 1610
665 327
452 622
1675 644
1224 1473
333 1070
516 1385
1298 122
1374 78
413 1909
754 764
6 1287
169 1934
1937 1783
1862 1564
1924 1407
1913 346
1318 1208
1103 1737
181 63
233 1069
1751 116
1071 135
1346 1752
221 1789
1391 1130
347 1923
1052 1605
1809 799
991 1277
1481 62
1570 1087
955 589
818 1065
475 1571
1520 959
1565 1979
1276 1038
396 305
186 1186
1703 448
1334 413
1123 723
350 1547
1331 529
710 1043
1460 690
104 271
1719 426
226 351
1046 1171
1314 647
1286 1014
1942 447
100 1650
478 1029
881 1605
1537 564
1733 870
801 491
281 1900
621 1907
1311 177
1486 860
1728 466
487 1260
1619 49
1259 1297
210 524
1180 835
1671 1842
822 1645
642 475
1260 1832
502 255
114 643
158 1108
1028 1514
1367 1272
303 151
468 1859
1195 148
1428 1717
523 1665
28 1105
1847 965
110 678
1033 281
742 325
1464 208
1517 157
834 1739
624 485
1752 1717
1567 1306
1281 1568
1463 1028
1154 1749
1895 41
660 1800
814 1901
164 1784
1683 935
1498 1851
243 1327
1893 1979
1181 1987
910 851
1681 339
1970 1753
183 743
1094 1722
1419 1027
1155 1508
540 1770
483 1403
794 516
1891 81
1954 113
1389 1491
130 22
855 881
1995 1285
1854 1680
1042 1263
1016 1875
1307 570
1343 456
1256 1926
1792 1065
733 1709
1166 641
861 1973
1873 1130
72 1157
873 904
1063 1543
1918 1799
1755 872
1692 1169
1829 1274
1231 463
1960 1052
307 1594
126 761
1371 936
83 962
461 1592
495 28
1412 1105
79 496
637 321
1015 1651
1805 1010
394 1188
1963 1085
1047 1362
1980 883
484 884
726 1185
806 471
634 2000
319 1917
928 777
1921 1894
1724 98
527 1963
284 1603
718 1292
93 961
1165 1643
968 901
1317 1424
315 42
1158 1114
869 766
601 1869
1930 1509
1981 1621
74 1080
1322 1688
1377 1274
1409 1551
1313 1233
1916 967
86 1009
725 1167
1533 1880
1734 1281
1332 1422
1994 1057
989 375
950 57
953 1169
932 1774
1684 111
73 805
1179 183
407 1897
1864 683
1240 1323
403 548
11 1698
1514 1985
599 1502
1029 1949
848 886
623 5
1613 451
522 619
1189 1882
545 740
1640 1573
819 1913
1910 1800
1608 1405
1270 502
1835 270
1506 1563
2000 1771
590 1577
643 672
661 1247
652 974
1969 1988
543 1480
1698 73
1479 1292
355 162
1599 1496
1315 996
1807 544
280 896
857 1623
790 221
1742 746
391 508
674 1492
901 51
1915 1580
595 1719
178 1176
1075 1478
785 987
570 145
582 1932
1766 1421
190 946
1252 176
62 1637
1282 1048
1194 1896
1665 821