2002
6539 9808
6083 6515
9131 8837
1529 7844
1884 6813
1626 9839
5541 8905
6072 8050
9693 3479
5967 5648
9600 8789
5944 5544
6543 4044
1894 3318
3470 9149
2492 8119
8387 4797
842 5537
7075 9514
7321 2635
5457 8683
4620 6858
4815 2671
3198 4575
5457 3333
225 8840
5768 3831
9087 9180
3328 956
2555 2172
7052 2317
5654 660
9136 3316
8839 5451
6265 5280
3301 9416
9398 3398
262 7646
5015 5502
57 1478
3601 5743
966 1060
6568 6069
6495 2147
8703 5203
2215 9129
6519 152
4592 9430
3239 2967
8769 126
225 1245
59 2721
9591 3337
7825 6912
6996 7673
6980 5815
6748 8407
5571 1257
7155 5567
9162 1006
5504 5739
1323 6186
8797 3275
3568 7318
7077 2586
1322 4424
2147 6329
4058 2659
2693 8181
2793 9448
404 3982
4168 3550
6022 948
3302 8283
7941 1848
4287 2790
1576 3858
6483 2805
8366 7393
801 7860
9050 9048
3483 9711
1569 7785
1740 801
6633 2191
1998 5048
7305 1524
5239 3289
1106 4172
4982 908
1467 1803
9763 5139
9511 6738
7219 4260
2462 6502
2752 496
6338 9209
2264 8075
1118 3911
8947 3536
1611 3767
8419 6206
9485 3544
2120 3492
2145 9839
8694 6185
2156 6780
5078 3898
2103 4612
3628 407
9591 8460
2668 4964
2183 7347
8254 1472
5442 8279
1428 9642
8105 4753
279 5854
3337 1969
5500 3299
6548 1379
4655 4932
567 8100
2208 2337
8869 237
383 1605
700 7991
3490 5115
424 6895
1044 2446
5923 169
4421 2666
7507 9804
2202 7921
7689 9962
1199 8385
8395 535
1147 2941
1477 3148
1666 4479
4225 3167
9986 1394
3286 6219
2207 6168
6924 8376
5500 4557
7940 3276
8941 7479
3804 2030
3044 8763
8135 5120
721 1427
4970 6229
6603 4535
3370 8979
249 6427
2045 8763
1955 3339
6666 4773
7901 2899
2972 236
3644 749
10000 2746
2622 5543
8661 3614
3697 6131
8106 4425
1421 82
310 870
7261 3043
1565 2416
3418 910
5177 5664
1741 846
5438 533
4470 3331
1405 7548
4636 4370
5418 8119
6185 5382
3253 9716
4708 1123
8459 2116
8937 4607
3397 1479
5793 1652
7334 1271
2042 419
7627 4834
9161 257
3597 3458
1222 3632
4008 3005
3804 4904
1642 8183
7680 9965
9787 9012
3987 2589
1418 6416
9942 8399
400 7568
9890 9590
9515 6588
5731 7733
2541 8341
5232 359
9985 4191
172 9484
6023 4122
5998 3089
8292 8745
8791 1475
8941 4983
1387 3520
8519 873
4192 313
7397 3018
1000 9121
7 4466
3313 4241
1653 4715
5756 7107
3513 911
5555 5176
5185 215
1725 1970
2393 5608
2305 8324
5836 6124
2435 5015
5956 7797
2998 9851
9292 9053
4397 1461
9796 3363
2898 5857
2565 5826
4651 5119
7744 5370
8635 2149
714 3558
2442 9695
3198 4605
9041 9862
7889 5879
1051 2262
267 608
3883 8715
6199 3235
6512 6861
267 9470
6984 5935
509 6451
65 4946
3542 3124
5577 1919
3236 7175
4574 9904
9648 4769
1843 7386
7523 336
9348 2636
3961 8023
6360 1837
645 9122
5300 8014
8371 5983
8821 9481
2523 6112
1734 7833
622 3127
8169 6823
7565 5518
6572 9697
7354 405
9737 8831
7363 1290
2647 9277
7903 4757
8420 5622
2083 734
3182 5356
7594 1597
6664 9925
8421 4174
4583 3074
7655 3051
7456 692
6861 4774
824 7804
8047 6546
7821 6790
6421 9014
1209 4201
9222 88
2795 8648
2130 9768
8754 2265
6201 1051
2205 5304
7336 1165
3361 594
1769 4812
4764 1533
688 2773
1226 6467
3578 4767
3565 3462
3046 5379
637 7910
8718 1772
8831 3253
3268 4837
538 75
2054 6101
9050 9950
8468 8646
3813 5560
7241 7900
4720 3663
6061 8932
4619 7202
5918 5243
5877 3100
4063 9280
6001 6977
9665 4600
5273 8060
2845 4068
444 3402
5009 3177
9321 3562
3092 7291
6375 5905
5095 7842
7563 2043
749 1022
7288 926
7712 9763
9561 2461
3178 3759
7408 5327
4143 6962
7415 2197
568 1066
453 5034
6702 6773
9037 4748
3013 7177
271 1891
6185 1212
8472 9350
5776 5050
6061 6813
6407 5436
1043 8517
4074 5081
4631 4932
5354 4426
256 7265
7172 7278
3341 7544
7094 4124
2904 5439
3269 9102
331 5554
1145 270
9708 8647
4051 8975
7839 9899
8004 7021
2620 6587
7132 9286
8318 1067
4773 7515
6448 8894
7319 3841
1145 5688
579 9949
7838 5188
2952 7585
6958 205
9872 5417
7899 6805
7098 9946
418 1724
7848 8660
9936 1766
2476 4689
1981 7598
3693 7501
3328 4130
6604 9841
826 1294
9173 9855
5258 683
9723 4722
981 795
3089 9357
7540 6145
6775 7017
3057 3209
6795 8133
6724 1995
2970 9835
3856 5461
7651 1165
4896 3799
3048 2985
7204 2248
5950 8328
5302 6907
1180 9279
5080 7908
2506 6916
4741 7759
9842 7104
4213 4566
9107 40
7259 2835
4346 8196
409 7400
4627 4220
9905 5749
9430 251
8049 9553
6593 6113
1264 8414
9305 7884
1217 7966
3340 1054
1794 2518
3440 2901
6775 9633
3426 2730
5713 3256
8038 4424
6095 170
7770 4139
9980 7441
8644 8337
8983 4525
5281 411
4039 1913
7768 5986
5785 2841
7137 3515
9029 5832
8647 1881
4576 5197
3533 6287
7936 8319
9621 8525
7446 380
4560 2115
6390 1013
1476 6718
9034 4868
6859 9665
7292 1263
4821 5749
8586 5680
2874 3138
7117 3535
448 9653
2347 6261
8860 4822
2827 2132
6968 3433
2304 5514
4228 9667
945 6833
3449 3318
9088 6536
6988 7359
8224 1880
2587 5729
1764 1830
4522 2298
3548 4100
9846 724
8608 5905
8441 6412
4019 847
139 9598
3035 476
5933 156
4611 7523
1825 1852
1199 5784
277 2097
5386 3617
380 8093
7842 4716
8362 7238
5254 4115
1444 8127
2166 2434
6975 970
3261 32
1014 2898
5239 2083
6628 2606
7997 2495
7527 1
589 3985
4932 5463
2893 7439
5603 8118
9114 234
2247 6084
4738 8652
1715 5328
1952 5707
5902 2244
763 520
6753 4397
8758 1992
5978 7156
8867 8018
454 5570
5672 3608
6254 8509
42 4091
88 6081
6011 9782
1089 7977
4523 690
919 9781
7304 8436
7760 6862
470 5681
7528 6496
3766 2544
6629 9898
4536 1460
5559 873
7877 8606
2439 9666
8571 1518
6251 8246
8662 8185
3300 1429
5700 7532
7634 676
2720 8931
383 8553
2804 3851
2338 4057
8917 3617
6396 7572
9441 6420
801 1329
6051 3743
9393 8013
3569 4930
2465 7971
34 4537
9267 6629
6677 3981
1159 8978
3024 3453
3877 4082
638 1689
6509 9631
9930 2040
7385 8270
5622 2619
3329 2604
7985 9214
4555 3661
1897 3000
6470 8599
7726 4546
373 2765
5550 8609
2139 3857
5038 9651
6393 4085
5495 2419
3631 3
8965 8937
2528 4970
6128 3172
933 9406
2556 8003
1400 6741
9282 575
8445 445
2503 5447
6143 2318
2804 1968
5347 9392
9124 6117
3066 5854
3047 196
2740 4390
286 6537
9767 7617
4712 7682
296 425
192 7958
5203 5597
1297 3109
7782 1918
7312 3719
8152 2856
1392 5683
7607 3842
5522 2580
8728 9437
2658 7643
6370 3826
5692 2486
9062 6137
2428 3258
9655 6694
8054 5253
9352 9315
4615 3961
2561 2901
7828 9869
3713 7932
9572 7421
902 9645
8078 2520
5861 1639
7695 6851
6790 4879
3320 8865
5348 6787
9529 1917
4555 5867
4240 936
6084 6993
6291 6905
4763 5949
5828 2420
8601 2536
2708 6128
8100 5646
575 1556
8402 8070
1 6806
9045 5684
6071 1448
1608 2692
7361 3225
8065 2768
4506 5516
7224 1455
1622 6441
2860 236
5124 8081
2062 1612
6391 9883
4540 9931
7748 5941
2632 3525
3121 8476
2456 8693
7834 577
4980 8363
670 640
7918 5086
7452 2706
6407 8732
2985 5635
48 5006
4194 6115
3794 6771
4043 4651
5190 9028
1821 9174
4274 2612
6944 8865
8415 7418
2214 7281
2172 1271
4518 2993
9043 541
3996 7515
625 3323
7805 5978
1423 2643
8448 1646
7996 5458
9013 1766
7026 7800
9091 6014
4399 9311
6422 1131
5645 2910
8690 7502
6974 961
861 4449
7491 3254
4065 2911
6311 7973
1829 6943
4682 5961
2104 9491
3027 4527
3336 8685
370 3233
1461 2109
8359 5989
9176 2489
4958 5351
927 8400
758 6026
4178 661
3237 5625
4029 8576
534 8734
4079 6148
4160 2279
6385 8411
8867 2231
1205 2407
3943 4460
1759 7157
8528 508
3551 9120
749 2337
8524 5889
8607 6330
9365 5631
3466 6999
9981 9779
5877 9250
6220 9855
6707 2034
2584 7100
956 3922
6062 2469
6793 4173
1862 2004
9868 5398
4315 6017
5468 4407
9718 4994
1858 6391
3451 5436
6687 4523
5647 3701
5744 5188
4621 112
5905 5863
2564 7646
2731 1019
4896 2726
9555 7070
3605 6828
7514 1430
5576 3524
387 9865
4527 6644
4762 6108
941 8994
3899 6779
1522 9833
5770 2564
2976 3303
6428 8450
3375 8403
9208 7559
9480 2042
1815 6416
2157 6312
3420 9562
2921 2598
6001 9614
1655 1625
1343 8647
7130 7243
5558 2241
8306 5236
9814 5498
3231 7290
5042 1596
837 6608
783 190
632 3734
2779 7596
5547 3906
4029 4245
8083 6158
8902 6323
1722 9471
2114 3068
6244 9085
7058 2716
1318 8544
1253 9462
8282 269
5322 2870
6473 6433
9250 6375
7543 1610
5300 7885
6829 8893
9362 5908
356 9660
2510 6399
7080 1471
4357 8093
8200 7871
767 215
4777 9324
2595 8077
2530 2565
659 5005
1517 4570
6296 5083
3766 2305
889 9213
9012 6900
3994 5742
9773 6419
7677 432
5182 9043
8847 5733
5524 6348
864 9886
48 2998
9159 1238
4920 9504
3444 6975
5605 2710
4095 9312
504 3236
5482 2447
4629 5931
4782 7341
5646 462
329 8321
1412 6414
5313 4787
789 4353
2630 6350
3225 5834
3099 2385
8179 533
1467 3957
5369 6156
4794 5346
1527 1222
1400 3419
5598 1978
4814 6732
680 5004
8667 3468
3096 6629
9301 1490
9369 6096
6230 6106
8812 2241
8368 3265
4551 547
4502 8048
2825 7128
5271 2436
9277 1685
1596 8451
300 7492
3626 7769
3071 1170
1026 6401
6173 3193
1312 439
1602 8674
5154 9270
9954 6110
9227 8921
1009 6742
4846 1009
8649 3606
470 680
8062 9688
8975 6329
2358 1855
3752 5267
7909 4964
7353 3854
2235 750
2632 1265
1388 2330
3064 6336
7224 6314
4781 4775
3260 7283
5544 1812
6027 1526
4409 4761
9085 5089
1404 8321
2272 7898
7377 7222
3113 3427
6574 3419
3273 8285
5334 9029
1180 3912
5304 2998
2408 9523
6877 5682
3940 53
188 7999
7475 9700
8885 7709
5840 9273
5933 8134
3478 7604
3144 1324
742 7594
1704 3346
2435 488
4283 9129
2666 7341
249 4488
6441 8461
3087 6152
359 3017
1538 991
4148 9369
5281 2177
5270 4916
9246 4356
920 211
1593 3706
6184 281
1887 1062
6151 7944
131 1532
8506 6852
9590 4247
7452 2109
6479 8721
314 6466
7997 76
437 959
9018 1625
4300 4956
9754 3905
9022 7304
5768 6210
3809 1148
9199 4609
8819 3018
8163 8910
4996 2232
1091 7964
5010 7225
6010 9762
6976 3389
3304 9899
4711 1280
4326 763
3064 518
8304 2934
3037 6028
6927 4897
1106 6343
8551 2771
9645 9053
2704 9804
3805 9263
3450 1759
405 9918
3657 7793
2356 4217
4262 3906
2118 251
3004 6785
3621 5555
3378 6222
7251 5630
3386 3461
7933 5089
1277 830
5312 6852
1515 7638
6220 265
786 400
6884 302
7896 3316
9454 2104
9244 7575
6680 3350
1887 5568
2990 4746
3988 8708
9554 8343
6112 3975
8100 9937
1819 5950
2541 7620
8576 6345
6322 2722
2845 5647
9916 2823
156 4468
6628 2980
3331 58
8918 9877
5027 220
6593 9179
4223 2330
2242 3092
496 4026
6727 1417
7192 7299
7435 4140
9304 2474
3274 219
834 7060
6693 5425
5707 3923
5492 6413
6058 6502
4165 8942
869 4875
2468 9556
1034 858
1509 2315
1038 617
3216 8679
7304 2489
9320 3205
7292 1440
2597 731
8156 628
5771 1613
8379 5292
2290 2069
9040 8181
6618 2425
7030 1807
7561 139
7227 5245
3515 9903
3404 2737
4187 2823
4055 2108
2510 3014
5351 2319
7317 4242
5419 6487
5238 696
4080 4564
2007 1138
1169 1920
8718 4816
2574 9247
2560 6909
7064 7101
4723 5370
738 5746
5037 8665
9496 2991
8628 126
3725 9564
8506 6046
8175 9222
3720 6329
1700 4436
843 8768
4865 1418
9671 3322
1039 2566
4716 6835
1042 2540
8212 7297
9262 5507
8204 8881
4383 7994
8678 220
608 6293
5769 2700
128 1877
3809 3590
1585 4384
6378 7588
361 9065
4179 8658
3017 6816
916 2673
6745 2553
436 6381
5120 2548
8037 1580
639 9822
3254 9983
2743 8319
7825 6287
6260 8582
4424 7851
4451 672
6715 9279
8373 1684
2376 4480
6771 6643
7656 829
3457 9752
3967 3842
310 2467
5379 7920
9692 5811
7757 7313
1712 2430
2003 9449
2106 6048
3822 8073
5284 5687
1995 4981
7135 8186
8221 9909
2334 8419
6707 8437
5860 9930
1004 6385
3259 6673
4513 5091
676 5637
3256 339
3306 2298
5494 4002
3598 5343
9157 5906
8992 5930
8053 8126
5119 926
1441 1355
1859 377
3982 5470
9332 6513
9114 798
6482 1715
9076 4619
9311 6157
4030 6853
1601 1858
8993 5258
4046 2217
3969 6651
820 6758
400 5433
1234 6993
2140 1293
6929 7336
5661 8324
8205 8913
5526 2188
467 1241
7863 9560
8021 5697
7175 9040
9129 9002
7794 9490
3846 5470
1556 8282
386 6010
783 1961
654 4413
5756 959
7233 9716
5086 1610
7289 4191
8386 3968
9749 2061
1933 5464
3142 2904
6922 9728
2731 8919
6814 7941
6974 6197
6157 1712
6232 6192
8513 7504
1376 7077
930 2364
9273 7950
1877 5807
6460 416
4589 3361
4490 7526
1897 7803
6413 2176
1558 7470
183 7291
8082 3439
9516 4887
6024 5032
5918 5563
7769 7508
226 4396
4769 7819
9384 6075
8457 7514
72 1392
4813 9687
971 5058
8956 6466
7557 8513
6852 7532
4912 4090
3673 6003
3181 91
8866 9576
84 9349
8320 1932
532 7792
2318 5167
5497 7446
9065 6484
4758 5282
2947 483
2416 251
3070 4107
9523 436
7637 1291
5176 7937
9084 1145
3377 5699
3184 6548
8109 8584
7629 8875
1029 1354
8672 3082
904 3590
9382 5114
3800 4008
6687 6463
8090 7297
4740 6608
7604 997
3454 6868
2436 2076
5479 6894
2457 5502
2070 6793
8710 9377
2978 9500
735 4618
1849 3196
4414 1560
7143 1375
9125 5780
8536 3939
7272 1221
9633 7540
1343 5934
3139 2888
926 4272
1037 3284
418 754
1680 94
8089 1974
6815 1445
2275 9488
8405 3842
7402 9400
6751 6285
9852 4692
2728 3107
9571 4336
3452 5631
7073 8306
3815 7207
2659 6910
6187 7969
532 6291
8178 8019
254 5330
250 3241
8618 4338
8897 6014
470 6262
8625 8539
8910 8992
4672 298
6753 5624
2949 5572
1306 7580
8992 3714
9073 1742
4224 4254
7756 3981
7997 4032
5151 1995
1505 8329
5474 5507
8253 3508
663 3982
4185 4010
9016 7945
8840 5318
2560 3000
8478 5093
769 6458
566 1066
6132 6319
1985 4311
251 3876
9693 693
318 9088
7633 9574
6903 2579
9610 3420
6592 7505
8798 5988
4704 2778
8459 7030
7455 2569
8386 4839
9829 548
1738 3872
9923 1472
232 3796
6473 7886
5988 4189
377 7544
7243 5038
9113 2451
1797 7072
7114 2352
664 2498
6406 7152
4372 3917
8266 5546
8778 8837
6200 9649
3430 9435
2482 9928
489 3323
2104 5789
1031 9938
4405 457
5188 9472
9731 8968
1814 1216
2316 8793
3892 1758
6810 7738
5909 536
1403 554
3040 214
5345 972
7728 7492
7913 6627
9450 8633
2637 2706
1854 8083
8192 3048
7654 7412
4775 7763
9700 6090
8688 416
2115 357
908 4589
8294 5293
1387 7965
336 6579
8821 4701
8366 5230
7774 172
9735 9510
5299 5728
2602 7728
4698 7482
5308 9269
7962 1080
1020 4992
6894 8372
3150 4188
1378 2208
8644 2568
2520 4869
4232 2932
7573 3271
3313 7176
8435 6686
1808 7212
7271 8234
6248 7261
785 1627
1496 7185
1508 2023
4689 2937
9226 6461
700 4683
9825 9242
9171 973
4603 7493
1545 353
3724 9649
4653 3015
5654 8909
2618 7684
3836 7854
2693 1837
2209 923
7189 6309
8827 1257
3352 9195
7569 5978
4513 7403
8313 3172
660 6736
5688 7891
9890 6472
269 2838
5108 3021
9649 8376
1312 7399
5676 6586
3668 4356
2782 3258
5288 2810
6728 9649
4990 4086
4156 3588
9137 7334
982 1886
4966 3311
2660 7396
5049 632
6271 3703
1435 3892
6026 5857
6843 5924
4770 5372
5680 2369
4269 3776
8803 7174
345 706
2502 7079
5295 3131
1464 2123
8616 2759
6982 6318
5849 51
9989 9396
8457 287
3229 4348
5759 9794
2179 6917
7014 4183
6807 8761
276 556
6223 9971
3023 6423
2227 2603
5806 379
6853 9208
1322 4402
4506 3157
9969 6933
5758 988
1236 1151
5487 8367
1739 1577
7483 2957
4225 5186
1515 5329
4477 668
6693 3446
6679 734
4192 4609
2442 9602
3276 186
1227 5596
1317 60
1948 2663
7895 7005
971 8399
9697 9656
3423 1646
6775 5189
117 2099
5700 1153
7256 5969
2117 8400
8532 8637
675 6492
6079 6758
5493 29
271 4047
9531 5452
2694 791
137 353
4995 4829
6729 734
6730 5453
4663 576
7341 4945
1258 8964
8177 1004
7647 2578
5534 5722
7732 5852
3809 417
3027 3621
6528 2325
8366 459
4833 5638
1553 8716
5456 9972
2157 5552
9877 9277
2059 1089
6090 5966
7481 7657
6111 8601
31 9405
4484 6386
4666 6490
5898 8216
4164 738
4337 277
1202 2313
7667 6905
7451 6508
6252 2275
3529 8147
9416 9251
3204 2478
4433 6110
8134 956
4742 1646
9049 1798
1001 9255
8597 3240
538 6729
6697 4064
8426 3689
3247 3858
3967 5948
439 9419
2561 7999
9290 412
3691 1807
1384 9468
2486 1811
8968 5918
1244 7553
3613 5828
6165 949
4341 5674
5471 3953
6497 1030
4412 7181
215 2671
7227 7200
1911 9700
3348 970
568 575
6909 5862
5108 8723
9763 1639
7892 7773
5045 1600
2642 9088
919 4636
41 1457
6501 1612
9775 4421
2516 5312
9474 4899
4066 9527
856 8971
6034 5506
5044 5323
3216 5219
2736 7064
1629 882
8188 9895
7746 3653
4512 2896
9236 3755
3810 3121
1972 7101
9432 6343
6752 7609
5505 6469
5757 7153
5144 8020
6677 92
8792 7707
3028 4044
8580 3964
4086 5971
5652 310
9487 3950
9820 5679
9124 6082
7682 3118
7448 1642
8588 8687
6667 5730
3571 7954
7848 6586
8713 1180
4074 1111
9479 3084
2990 2428
8858 5782
8474 4410
8712 1024
8360 8379
4218 8641
8433 7851
4748 1948
6152 2064
3001 4394
8840 5261
1781 610
3835 5273
702 4978
4879 1938
1060 9829
31 5288
4932 240
1658 190
5831 8805
3562 3350
2097 4236
1872 4930
5521 9535
7728 4511
7546 2291
2757 8914
3402 967
635 5439
6188 3635
4829 6376
7665 937
2584 411
6486 4810
316 2544
1866 4932
353 4383
7001 1110
220 2715
2516 2851
2629 8596
4970 5904
2145 5140
6910 3722
3275 5632
280 8927
3650 6085
6357 2343
3456 5183
2141 9540
4973 1037
1760 4953
8636 9322
7330 3281
4274 1620
673 509
1800 9086
6148 6673
2491 2124
8103 528
5449 1421
3731 5253
4803 8846
3228 2573
766 1527
5571 213
9642 4587
4870 2412
7438 1627
7035 2146
6979 7849
637 3307
4133 5708
536 262
1217 3935
9903 3375
9875 8546
7615 234
6706 9458
7162 5431
6564 6204
145 9386
2801 3781
3199 7513
8157 4083
9038 6994
5876 6780
1776 9498
8653 1190
8849 5105
2873 5156
5491 8812
1278 5776
3221 5693
890 9037
8968 7131
2167 425
5736 2497
8387 5356
7709 3161
7931 6760
7645 9718
4285 1693
5374 189
1976 9841
51 1902
302 7865
1598 7625
4318 8069
8391 1553
3413 7474
9530 6958
2975 7724
2885 2144
1763 7798
7329 6872
1269 8493
9574 337
7959 916
1949 210
3464 8991
8432 7588
6074 7477
396 5256
1366 6509
763 6704
4489 4123
6567 1693
9753 3854
2266 3019
7156 2372
3074 3826
6727 3050
3838 5624
1791 1390
9575 2504
3668 8175
4118 2223
3976 367
854 5599
7914 3533
9257 9768
7130 7662
7748 2722
6790 8444
1638 2995
3285 501
908 6810
4127 5788
3204 3478
1437 9364
3065 3849
3672 5464
3821 4577
233 4073
5977 8556
5093 7588
9991 8081
6156 1296
9569 4267
2103 4472
431 3883
4413 1138
824 1725
4386 4209
5776 3330
4294 7120
5644 5080
3899 3230
8161 2265
8022 1171
392 2298
4145 9757
813 4378
1570 1997
6811 6568
748 8048
5398 4348
5517 6825
500 8939
7448 5192
6229 3141
5690 5746
3337 6635
2083 6439
81 7931
1442 5213
4400 8444
1772 9369
9598 2469
4442 9550
4392 574
3555 3418
2096 9312
4103 3785
2192 1911
4457 7173
5709 1577
9849 1184
5723 5647
2028 9711
6160 3861
8645 6248
1964 7225
4205 8528
5688 9162
4908 6918
7482 416
2549 4779
489 8347
1722 1229
4324 1512
1655 7453
8746 8648
2898 5773
7251 5060
3259 3877
7508 1341
2293 3871
5298 1946
7866 9338
9760 9589
1470 1524
4676 7840
5807 4386
5054 7555
90 9500
8698 7220
5575 5050
4693 9877
5250 2465
7717 6484
5668 4272
2148 7251
3012 581
4559 8565
2619 5935
6262 959
9227 9117
5386 4965
3196 7761
1082 3206
2727 6883
5087 4040
6061 7885
7808 3030
4902 4244
4787 4357
5770 5839
2767 7293
7360 9632
4188 4686
4140 4379
378 2825
8297 2340
868 4216
837 593
6797 2611
3578 7892
3378 9744
5755 4850
6618 7034
8575 9104
1591 1823
2018 3523
3768 6983
6017 934
3563 4583
7466 9838
9731 5602
4880 6954
6018 4462
4004 2363
8706 1329
2794 1174
9885 8873
9450 4277
8383 3135
1145 4671
5677 976
7356 9129
51 5286
659 1267
6821 2202
5942 1248
5349 422
7496 4228
9246 255
5323 8150
300 1210
594 5833
2562 8769
7382 600
6248 8213
9120 9367
4098 9660
8702 8177
2498 1512
7282 1929
1399 6360
5522 6361
5960 7849
518 6813
5183 2066
7460 3966
6441 6005
8031 9837
2296 9917
7611 2608
9341 6821
2957 9158
792 9015
2602 6047
4755 357
3401 908
2269 259
4638 2353
7453 5294
2233 4559
4514 8727
5487 7313
5445 5773
6256 4206
3941 6913
7386 6084
3412 9046
864 9680
5822 6418
5317 8702
4065 6156
9013 9763
7555 8211
7381 9681
8942 7716
582 7578
7493 5138
1555 5182
4569 2942
4458 2783
4339 5266
2459 8049
7358 2456
4365 9992
5452 5689
7480 6895
4001 76
5669 77
5063 5161
2915 6811
4393 3308
7084 9093
5232 1823
7888 6181
1718 3181
3446 6787
9609 4663
887 3428
5058 6712
7132 1180
7936 3332
5176 2682
8264 4756
7579 1879
8656 3024
3863 2481
5517 8486
7646 2247
9159 1893
9430 3190
8183 7614
1439 1723
6238 1278
951 5088
3107 9324
1455 5
8029 6164
412 8291
4351 2002
4747 6640
217 8957
7841 7854
7166 5768
4594 3218
3243 4398
6346 229
342 8215
5344 9705
3661 4045
4321 4934
1347 5428
5217 3974
7243 8085
1822 8584
3008 9989
1234 4321
1235 4321