50 800
ADD 0 0.000
513.174 -104.541 683.022 110.855
748.528 -638.381 224.165 -905.232
ADD 604057 1000.000
205.719 -858.276 986.353 342.121
29.368 325.163 899.532 895.998
ADD 2634434 1000.000
-27.997 -54.026 -935.492 -195.384
-834.165 -710.499 -874.885 853.669
ADD 4176258 1000.000
-218.027 -391.928 -499.919 545.952
350.805 508.223 -790.325 317.176
ADD 4351055 0.000
-656.173 436.694 -375.279 791.482
63.739 -680.245 -563.159 -602.163
ADD 5504184 0.000
-965.458 -65.137 -136.795 -890.650
549.655 -881.591 -885.374 -78.333
ADD 6386977 0.000
-987.308 573.455 535.413 738.225
-146.507 726.217 -550.806 627.086
ADD 7293529 0.000
872.081 768.292 -669.482 -909.433
583.485 -204.718 -875.420 93.237
ADD 8583746 0.000
-282.987 680.256 -674.470 -136.629
-191.602 440.424 872.747 29.598
ADD 9878119 1000.000
-472.193 -848.096 -788.946 -511.053
-285.208 -172.535 233.020 -368.780
QUERY
ADD 11281627 0.000
-687.095 504.422 941.197 207.649
695.622 -864.040 549.772 278.161
ADD 13684901 0.000
-144.854 847.956 -651.485 576.840
887.913 -949.479 610.998 172.584
ADD 13717366 1000.000
-431.657 -250.372 -987.641 -332.678
-760.106 -946.596 84.730 -820.727
ADD 14713988 1000.000
347.722 -512.657 -120.106 445.886
144.266 196.465 -102.935 428.344
ADD 14876844 0.000
-575.477 -706.837 -307.282 549.589
804.554 503.938 864.767 588.806
ADD 16227913 0.000
191.631 231.677 234.782 -960.520
-742.452 -836.726 -224.068 882.092
ADD 16292851 1000.000
-529.732 217.376 -765.199 -208.724
19.622 154.612 -209.593 452.045
ADD 17292856 1000.000
-337.387 935.389 -86.668 -319.106
-89.111 -142.029 23.114 461.876
ADD 18712629 1000.000
-967.013 -640.149 307.925 206.654
-712.958 973.082 435.649 519.435
ADD 21149918 1000.000
-614.570 665.846 638.926 985.941
333.813 355.200 -35.415 159.319
QUERY
ADD 21752964 0.000
-216.903 -915.968 -148.782 465.417
333.420 -723.711 864.624 826.355
ADD 23061618 0.000
935.225 -307.322 311.857 -787.260
166.534 334.190 -881.054 -848.764
ADD 23584987 1000.000
-831.439 330.850 -412.065 923.753
-162.248 621.117 -85.941 -796.491
ADD 24774658 0.000
-523.048 369.963 -989.904 987.862
61.365 -276.106 -11.963 643.444
ADD 26754131 1000.000
93.202 823.865 988.993 -716.576
-959.277 -61.626 -594.705 616.671
ADD 27119134 0.000
-434.660 -368.064 375.551 -54.037
69.864 -975.794 56.699 951.253
ADD 27555709 0.000
959.115 51.389 71.525 -739.724
553.813 -267.719 336.614 -424.054
ADD 29824649 0.000
-943.487 -993.771 285.201 506.537
-917.059 -869.367 646.716 868.737
ADD 30530757 1000.000
-235.935 -34.854 -225.336 -508.934
203.244 355.476 197.115 -964.934
ADD 30888697 1000.000
782.552 151.895 367.778 -4.907
680.764 534.945 141.273 283.312
QUERY
ADD 33366404 1000.000
-244.189 -925.609 286.061 -853.145
223.779 902.172 928.858 18.239
ADD 33491113 1000.000
720.857 980.393 763.801 -799.206
-132.112 -722.661 146.815 -495.792
ADD 35784450 1000.000
85.811 -689.823 -454.141 575.058
-639.344 -617.236 614.824 369.746
ADD 37561740 0.000
632.801 229.213 965.001 491.373
640.976 746.177 341.677 -572.572
ADD 38206165 0.000
894.807 339.275 12.430 468.088
-239.549 -245.764 -484.696 92.847
ADD 40583465 1000.000
752.892 322.800 -726.247 -921.957
702.514 441.721 355.209 753.624
ADD 42310932 1000.000
476.557 633.995 788.361 776.849
471.021 139.193 -180.662 95.154
ADD 44670378 0.000
118.185 590.237 -279.498 -78.743
-184.590 -666.808 585.877 -517.353
ADD 46750176 1000.000
457.712 396.866 927.982 669.617
-300.952 -720.556 425.013 -568.916
ADD 47828359 1000.000
839.478 -347.891 512.222 -107.829
925.336 875.454 18.089 -598.851
QUERY
ADD 49379305 0.000
-562.404 -402.611 -241.536 -798.750
724.231 184.191 995.819 15.185
ADD 50126019 1000.000
240.106 368.838 -855.972 417.495
-592.593 761.419 -239.173 -435.176
ADD 50754286 1000.000
7.440 430.156 -412.528 -491.852
790.572 -202.374 961.527 -64.338
ADD 53008292 0.000
70.532 412.061 852.761 763.567
-125.176 332.204 636.302 798.165
ADD 53884790 1000.000
975.908 811.743 947.475 -90.186
-337.158 869.025 599.669 933.088
ADD 55170959 0.000
-857.155 -919.351 -336.272 -945.512
-12.222 -343.882 268.718 213.219
ADD 55909890 0.000
274.955 85.590 450.975 598.135
345.018 -397.437 537.023 726.290
ADD 56510105 0.000
-240.549 229.293 472.198 -872.472
-208.092 -30.014 106.843 507.955
ADD 57404700 0.000
-250.574 74.891 -37.550 566.037
-453.623 -567.235 -898.106 734.692
ADD 58900459 1000.000
-226.221 -574.186 -131.683 -298.231
369.653 739.950 -127.828 -461.629
QUERY
ADD 60968015 1000.000
71.078 788.987 -655.158 -664.087
-476.000 -186.532 -140.431 -182.577
ADD 62715760 1000.000
184.769 -154.882 317.403 749.392
-17.617 -819.711 -23.403 509.278
ADD 63881425 0.000
305.655 -603.035 737.045 -397.386
-441.012 -291.979 459.049 51.050
ADD 65936079 0.000
742.332 -711.758 -931.879 718.063
-412.288 119.690 170.979 218.522
ADD 67950700 1000.000
329.564 -709.400 151.278 923.103
-751.513 -979.690 -388.727 150.897
ADD 68222567 0.000
-971.832 993.180 -302.892 -392.800
523.481 485.113 920.301 -712.748
ADD 69893503 1000.000
-285.427 -234.736 -807.487 990.754
-891.581 -939.671 483.895 622.825
ADD 69926803 1000.000
714.505 -296.218 -865.425 -638.574
-286.431 -208.988 958.053 -700.480
ADD 70415797 1000.000
-40.081 -894.659 -647.407 -130.911
-519.354 -599.826 -839.950 -282.976
ADD 72149907 1000.000
-482.283 450.110 165.532 601.449
-898.918 989.056 255.616 10.709
QUERY
ADD 73115416 0.000
-669.802 475.277 554.671 120.626
58.517 -930.959 864.105 -863.671
ADD 75044665 0.000
-173.701 -642.915 -762.529 162.683
-142.316 968.856 376.208 -393.506
ADD 75222620 1000.000
-859.407 381.950 816.146 -146.817
306.955 -262.473 22.164 591.657
ADD 76584562 0.000
641.989 -103.515 -620.488 801.900
-598.113 -702.475 -644.288 472.130
ADD 76763169 1000.000
-597.385 137.223 -208.526 941.585
-902.778 759.818 -464.386 -541.780
ADD 76819418 0.000
34.106 781.718 -720.279 -20.113
-624.499 -358.231 74.215 845.386
ADD 79119068 0.000
55.871 -50.579 150.216 -87.785
-390.148 -207.868 986.110 391.372
ADD 80045349 1000.000
718.812 -322.309 -443.699 841.843
-221.782 528.543 204.117 708.778
ADD 80244744 0.000
-199.164 966.557 450.229 778.026
8.534 160.458 216.354 553.855
ADD 81498567 0.000
-886.405 -729.440 -815.328 168.390
114.068 -550.872 568.560 397.512
QUERY
ADD 81962120 1000.000
226.974 -583.261 -457.567 -12.805
508.771 449.733 795.126 -750.222
ADD 83194428 0.000
-60.339 -495.824 -245.006 364.912
648.909 946.023 334.065 451.489
ADD 85331134 0.000
775.210 743.749 -952.674 -471.746
-365.778 -608.605 -425.911 507.712
ADD 85362299 1000.000
-20.889 317.222 -509.355 935.230
-24.262 -486.758 651.079 -146.124
ADD 86338967 0.000
836.779 -630.691 480.896 388.409
572.244 -500.959 671.849 -143.780
ADD 87356988 0.000
466.266 590.398 91.368 797.941
-53.361 667.217 -410.899 -310.141
ADD 88882571 0.000
-855.318 861.705 398.904 -896.844
-838.469 184.154 170.713 217.110
ADD 89312132 1000.000
-40.168 583.854 829.355 990.515
-554.754 -724.490 -572.412 319.908
ADD 90506917 1000.000
196.128 908.011 -883.658 576.038
533.602 -530.124 752.600 56.889
ADD 92288006 0.000
-444.263 -847.504 -853.713 403.777
669.901 825.561 372.819 807.073
QUERY
ADD 93241615 1000.000
643.332 259.198 464.211 840.132
-420.200 299.827 -618.565 847.585
ADD 95226079 0.000
-977.579 -727.270 387.509 476.766
-84.589 -988.168 730.170 -350.917
ADD 97554628 0.000
134.931 854.305 -210.742 -325.294
528.623 14.491 -27.085 380.960
ADD 100036988 1000.000
351.063 -447.107 -310.968 -139.634
-865.608 -809.920 434.524 -859.850
ADD 100758846 0.000
400.919 -661.001 197.731 -323.316
-523.542 259.908 566.165 -460.705
ADD 101632795 0.000
-271.988 -490.827 -213.786 -129.511
-790.893 -320.627 -263.219 -684.601
ADD 104120330 1000.000
-406.189 -597.590 -311.964 -616.621
473.216 581.666 431.928 876.318
ADD 105856523 0.000
-560.807 744.167 350.923 -287.746
-443.132 -481.392 289.802 442.414
ADD 108146469 0.000
-552.822 -405.172 -260.806 -115.611
658.034 28.963 -613.315 152.319
ADD 109823989 1000.000
317.282 -220.931 695.837 931.267
521.619 623.070 -430.128 197.961
QUERY
ADD 110573890 0.000
-205.003 -981.219 783.546 413.012
30.660 -823.502 153.569 -470.941
ADD 112550961 0.000
-502.458 -217.630 273.788 574.548
907.973 -290.895 -60.192 182.277
ADD 113227885 1000.000
-724.468 -725.681 -991.236 -882.966
-215.300 -141.197 -508.250 342.862
ADD 113850424 0.000
848.407 381.611 347.943 650.735
-641.668 618.900 -217.719 -397.220
ADD 114087463 1000.000
-33.971 -600.999 643.197 76.537
385.482 -521.427 519.482 -625.336
ADD 116037696 0.000
-801.374 930.286 -58.176 528.728
-860.787 306.274 758.744 -825.395
ADD 117050426 0.000
-918.709 -887.600 8.287 -294.895
-677.370 -468.693 -71.523 -653.003
ADD 119173821 0.000
-656.947 -45.430 728.228 326.482
-186.570 -705.969 -202.275 -553.411
ADD 121061355 0.000
959.441 -586.416 390.857 -422.492
887.309 -219.151 -356.755 341.624
ADD 122893828 0.000
621.864 -536.403 658.060 -495.591
-195.650 442.839 556.788 -939.131
QUERY
ADD 123941267 1000.000
-347.645 794.539 603.972 -9.337
655.116 368.901 869.827 -987.994
ADD 126177379 1000.000
545.362 -694.510 964.790 -813.631
-168.841 -409.103 101.597 173.543
ADD 128148362 0.000
-470.133 628.462 -287.517 -673.578
609.322 246.805 596.474 -573.772
ADD 128905669 1000.000
-474.781 287.662 694.086 -200.410
312.855 -697.037 -906.873 635.506
ADD 131244423 0.000
-193.287 -40.510 -629.802 674.512
568.332 916.758 573.191 -59.376
ADD 132782745 1000.000
418.699 646.419 -316.143 993.587
-811.065 447.886 -151.033 -938.935
ADD 134753545 0.000
915.394 -186.528 -536.006 980.272
731.155 -778.208 -530.673 21.520
ADD 135898128 0.000
-315.624 -560.533 -57.443 -465.987
839.311 541.583 -220.139 561.271
ADD 136481408 0.000
27.196 -467.876 943.605 906.629
384.965 426.331 717.740 -885.804
ADD 138897698 0.000
964.315 -389.671 653.845 924.520
-19.075 -304.462 94.939 -136.001
QUERY
ADD 141097326 1000.000
-471.695 536.535 -749.487 -261.848
420.009 425.992 -591.735 -994.374
ADD 143193595 0.000
905.660 336.469 -18.724 -784.686
-72.956 637.290 747.979 -325.130
ADD 145510678 1000.000
641.657 -27.463 -11.085 -247.445
-450.167 -5.499 -300.276 -477.260
ADD 145674947 0.000
699.353 -86.897 -304.293 -784.180
-865.655 -162.196 971.644 85.943
ADD 148131597 1000.000
381.943 802.819 253.423 115.101
605.465 -484.482 71.812 -382.497
ADD 149598469 1000.000
-439.133 -373.974 -707.690 801.778
-262.671 -101.029 333.549 -287.572
ADD 151297470 0.000
-269.098 951.172 739.714 973.135
410.358 -145.063 882.321 745.023
ADD 152508480 0.000
50.612 -248.700 -795.735 -718.340
510.897 -398.595 936.664 -127.460
ADD 152545190 1000.000
-614.552 874.591 -767.423 580.318
978.107 816.647 361.993 94.650
ADD 154116826 0.000
811.007 -685.039 -590.788 -740.011
97.106 417.355 427.031 -814.957
QUERY
ADD 155951474 0.000
-393.412 -621.841 253.904 306.903
737.534 -101.169 826.623 660.104
ADD 158449896 0.000
-286.073 775.357 85.792 -432.976
778.425 -299.272 -436.902 -667.768
ADD 158698778 0.000
-576.999 400.479 555.389 -93.044
46.610 -321.957 -199.805 895.852
ADD 159416067 0.000
640.555 -244.637 -208.595 302.259
512.126 593.189 518.133 -633.678
ADD 161743786 0.000
-585.529 977.003 821.334 -747.846
-5.695 -445.333 980.035 -70.570
ADD 164212447 1000.000
-156.204 -912.878 -637.835 713.116
-601.409 -294.530 -464.909 875.996
ADD 164733336 1000.000
-199.245 -707.246 177.657 -306.110
-641.505 974.584 -952.701 126.946
ADD 166245817 1000.000
-367.665 -34.646 299.037 141.269
-507.073 569.484 -958.360 -213.285
ADD 167554940 1000.000
383.339 184.383 743.833 971.810
890.557 94.531 429.799 507.255
ADD 169880784 1000.000
893.281 -584.947 -444.396 904.519
-644.497 -750.361 -912.168 -604.143
QUERY
ADD 170799524 0.000
-967.996 422.810 580.820 -727.389
-943.860 -222.372 -765.790 390.345
ADD 172415678 1000.000
698.720 62.659 711.750 -96.440
-74.294 -809.285 -26.977 -492.046
ADD 173658203 1000.000
-668.678 707.959 994.832 -262.876
-824.735 -944.995 993.700 63.297
ADD 176055552 1000.000
-706.813 619.238 382.901 656.801
520.743 -704.811 233.363 -715.745
ADD 178012910 1000.000
37.805 -587.897 685.813 682.594
-753.783 -804.936 -397.812 76.300
ADD 180306447 0.000
-528.604 453.142 897.741 -292.622
-179.262 575.771 -341.102 -874.395
ADD 182366313 0.000
588.908 362.953 491.220 908.584
981.823 604.347 855.929 -143.593
ADD 183534331 0.000
-916.859 -669.672 -36.067 166.232
63.615 814.527 139.826 521.887
ADD 185758571 0.000
251.873 -405.670 -881.078 553.470
-914.577 -839.552 -241.587 -773.943
ADD 186244965 1000.000
-556.071 -986.121 -7.648 -338.140
-453.860 -514.902 574.414 42.977
QUERY
ADD 187081623 1000.000
-127.175 581.378 -880.783 -857.463
655.840 -605.624 806.867 -339.309
ADD 188433060 0.000
-849.160 -838.443 -931.414 -610.850
-514.329 -968.042 -772.042 -419.839
ADD 189115693 1000.000
797.524 419.659 538.546 -814.020
-674.548 700.194 -436.893 552.320
ADD 189354087 1000.000
115.815 563.116 -552.861 372.630
-724.449 -397.279 -76.210 -420.448
ADD 191489594 0.000
-534.427 576.578 -266.509 295.220
-591.786 571.773 433.236 67.531
ADD 193869073 1000.000
874.121 599.976 659.900 290.007
523.382 -916.318 671.935 758.878
ADD 194091407 0.000
-896.056 985.498 760.307 727.279
-616.852 -501.084 -686.619 -284.778
ADD 195394300 0.000
-949.878 -667.339 429.383 -575.904
-685.396 -289.162 -157.877 211.297
ADD 197413181 1000.000
-245.112 -649.496 706.261 810.493
415.420 -194.857 -713.363 -585.161
ADD 197836922 0.000
-202.306 250.373 32.211 517.449
354.724 142.626 911.512 819.817
QUERY
ADD 199381705 0.000
289.239 -923.195 -250.499 -508.212
-664.283 -615.261 -806.505 -935.810
ADD 201816997 0.000
511.675 -381.831 -72.626 -788.052
-862.173 641.042 633.419 -194.059
ADD 201855363 1000.000
-276.024 -892.541 -757.250 -702.021
817.166 567.124 345.994 113.160
ADD 202206444 1000.000
614.819 -455.872 -403.686 -977.507
412.228 -400.385 48.785 -110.979
ADD 203003351 0.000
430.631 528.788 376.877 374.214
472.019 320.661 698.574 525.383
ADD 205459231 0.000
-866.948 -481.781 665.349 -269.087
-872.518 983.892 666.849 542.729
ADD 206929048 0.000
-666.285 935.558 -140.025 49.194
487.279 329.441 283.014 796.454
ADD 208621815 1000.000
958.942 -977.551 -953.916 453.264
446.233 -687.120 5.751 -15.123
ADD 208723549 0.000
980.992 143.615 -115.755 716.303
-128.186 -16.594 -682.538 -350.600
ADD 211160517 1000.000
-644.042 -838.724 132.529 570.089
331.423 -771.390 646.904 890.464
QUERY
ADD 211844582 0.000
-350.153 -703.409 895.585 -489.191
620.851 862.620 145.596 -176.348
ADD 214312550 1000.000
-249.383 -821.568 801.133 522.678
170.595 -276.315 -366.442 814.508
ADD 216334287 0.000
174.681 -874.589 -27.485 909.176
589.126 -914.688 766.156 716.513
ADD 216944809 0.000
-243.598 155.729 -825.310 -459.587
843.051 -267.676 -219.878 -158.050
ADD 218414355 1000.000
440.009 -302.715 -209.964 -494.013
152.305 -692.085 102.807 -294.817
ADD 218959289 1000.000
-567.726 -301.468 -733.702 353.628
155.289 -860.613 653.257 -446.715
ADD 219467717 0.000
147.068 -986.946 572.920 935.648
-282.609 -947.593 732.028 -90.116
ADD 219615246 0.000
-727.644 824.154 351.543 282.912
306.726 -812.446 -377.613 770.503
ADD 221309712 1000.000
74.617 -148.630 -15.540 -753.287
-394.954 185.011 -508.052 247.660
ADD 223780545 0.000
530.412 995.849 484.288 -808.713
-263.432 -222.973 -726.606 -219.724
QUERY
ADD 223881644 1000.000
65.266 -985.772 -482.748 777.008
-847.382 -293.705 -873.629 -882.274
ADD 226320430 0.000
400.409 -202.014 -67.996 423.988
334.081 -876.996 -772.756 -435.044
ADD 227550058 1000.000
612.858 876.144 -581.944 -328.827
893.418 -846.355 120.077 -676.313
ADD 229509932 0.000
-873.977 384.071 523.077 558.926
-920.223 -876.928 -447.863 103.287
ADD 229837159 0.000
778.456 -881.374 575.255 -13.457
913.527 13.508 -515.078 -360.722
ADD 230442758 1000.000
-567.315 -425.732 -693.909 -762.958
-893.177 -770.299 -961.479 -150.450
ADD 231024098 1000.000
-818.875 987.164 710.476 328.972
629.993 668.970 -982.517 -610.225
ADD 233357428 1000.000
118.917 -729.652 -857.117 -910.001
-111.436 595.895 -479.849 -621.564
ADD 234371932 0.000
-817.646 438.349 532.497 405.737
-679.281 818.076 119.989 728.465
ADD 236776018 1000.000
-784.743 -905.734 -608.913 363.851
-876.745 -834.851 515.705 -202.248
QUERY
ADD 237797488 1000.000
459.409 883.159 -161.116 -879.517
31.204 859.867 789.959 -458.719
ADD 237923863 0.000
280.018 -980.794 327.811 852.755
-354.492 138.276 -833.044 -817.836
ADD 238392756 0.000
-340.385 -251.520 766.128 -594.537
742.266 -250.254 655.368 -730.273
ADD 240795480 0.000
28.124 113.066 668.651 -361.258
-942.326 62.008 727.186 114.646
ADD 241501970 0.000
388.797 715.350 -54.484 895.760
-971.139 -182.284 603.580 327.949
ADD 242358319 0.000
632.429 927.009 452.836 -412.069
-116.164 -555.380 -418.885 -30.940
ADD 244525764 0.000
85.757 -313.834 -658.467 -937.741
205.305 -786.226 44.278 -77.809
ADD 245394789 1000.000
-245.521 -358.736 252.606 -193.498
799.944 -742.163 713.793 688.983
ADD 247290365 1000.000
324.484 703.322 982.901 -26.300
947.429 711.095 -662.992 154.801
ADD 249403276 1000.000
690.135 -55.039 64.786 -833.311
555.912 315.784 490.625 22.352
QUERY
ADD 250098231 1000.000
242.903 -719.176 -586.879 170.864
469.388 -935.146 36.522 503.071
ADD 250425499 1000.000
-748.678 939.109 -153.278 -308.298
-866.905 293.583 290.530 -138.816
ADD 251925661 1000.000
-917.720 -706.987 627.211 -19.810
-324.146 -71.312 914.194 -641.674
ADD 251998498 0.000
-192.393 222.340 -920.426 703.744
213.548 -434.713 -596.342 486.378
ADD 252966652 0.000
861.311 297.331 853.183 -62.119
311.420 -578.572 -489.730 -662.838
ADD 252977964 1000.000
-273.133 -88.014 -359.923 -757.422
286.454 -842.337 718.570 -875.042
ADD 253037058 1000.000
-845.584 106.500 73.336 -92.556
538.084 692.496 30.286 465.576
ADD 255346411 1000.000
-164.627 17.963 611.017 717.743
462.428 274.743 577.968 689.020
ADD 256329488 0.000
-517.298 64.511 57.473 -547.708
396.031 64.809 -739.766 -711.598
ADD 257785636 0.000
890.497 -111.281 341.112 -329.327
-35.066 -172.912 942.083 874.674
QUERY
ADD 258340858 1000.000
-744.970 -789.709 439.639 -903.546
634.718 -978.700 -237.711 312.535
ADD 258705837 1000.000
-253.101 801.858 755.716 341.555
656.714 209.359 485.301 292.386
ADD 260627145 1000.000
-707.073 895.932 -372.186 -863.501
395.006 156.943 213.654 -731.149
ADD 263071819 1000.000
144.030 -553.839 -643.401 -775.396
-656.444 -103.076 805.240 617.263
ADD 264411634 0.000
-494.022 703.218 738.610 113.709
234.769 -296.578 98.311 -629.898
ADD 265533059 1000.000
-887.656 653.668 165.437 227.267
766.791 853.869 545.341 -1.277
ADD 265932805 0.000
-740.697 79.253 -386.111 -704.641
72.649 294.522 -523.115 601.013
ADD 267536261 0.000
-172.923 979.681 -136.999 -960.234
307.010 849.963 -887.165 -155.193
ADD 269701217 0.000
158.654 -468.648 -299.608 222.369
245.449 327.927 354.407 -309.566
ADD 272149693 0.000
-51.945 -281.663 -490.410 -750.870
-283.918 372.619 -226.408 -614.401
QUERY
ADD 272383352 0.000
420.791 -463.755 -252.743 -995.765
846.639 30.865 26.894 746.704
ADD 273544663 1000.000
-179.588 559.775 -250.377 799.089
718.842 -416.760 -566.067 -162.544
ADD 273778786 1000.000
396.383 759.894 -431.878 -798.816
-852.332 955.743 -64.459 -230.731
ADD 274800701 0.000
178.635 779.799 -420.937 250.945
-13.032 -174.875 -651.622 301.967
ADD 274907909 0.000
-331.285 805.807 592.691 664.578
-897.089 111.863 767.226 401.956
ADD 276426447 0.000
-225.364 -650.060 778.714 578.998
-540.738 277.652 296.261 -532.452
ADD 277731900 0.000
-250.263 526.572 -567.212 540.518
648.487 -541.320 147.200 -627.856
ADD 279709612 1000.000
920.062 784.904 626.555 1.988
-488.051 30.755 -404.767 972.006
ADD 282260317 0.000
-393.177 221.426 -240.387 -889.188
245.896 -228.285 997.018 -80.722
ADD 283561484 1000.000
585.128 -735.753 -346.431 708.065
-802.046 -818.171 -713.611 954.849
QUERY
ADD 283774049 0.000
-743.960 -145.945 -425.135 -760.064
631.658 -899.874 -74.383 60.824
ADD 285216827 0.000
-267.784 463.340 -294.593 -281.104
282.580 -460.184 -969.415 -389.925
ADD 285751831 1000.000
694.235 93.291 -403.580 -906.808
-679.924 -751.035 976.726 -113.382
ADD 287321056 1000.000
-52.733 -930.202 -720.984 261.850
-602.503 912.868 -848.522 181.126
ADD 288214196 1000.000
-560.599 164.760 -79.067 108.917
643.800 -164.193 -926.217 194.418
ADD 290746021 0.000
-508.596 -938.713 -358.098 82.866
678.149 673.479 -729.238 316.031
ADD 291730313 1000.000
345.498 -491.620 535.769 294.425
209.952 -496.209 -932.783 630.518
ADD 293484575 1000.000
586.600 -650.294 806.563 619.080
67.923 838.020 -864.728 25.941
ADD 295110817 0.000
-914.398 -198.648 387.756 962.100
-102.036 -734.305 -828.242 -643.637
ADD 297555712 1000.000
-599.618 428.849 -478.257 433.280
-95.411 67.718 485.818 -694.304
QUERY
ADD 298258067 1000.000
-473.535 695.440 -55.593 -37.520
-409.355 -416.069 463.890 -745.222
ADD 299730207 1000.000
-1.065 -979.746 510.850 467.987
-722.726 -457.822 829.364 534.385
ADD 300452507 0.000
298.000 637.232 257.416 72.266
272.667 -431.955 -520.559 -999.182
ADD 301089403 1000.000
793.728 39.702 906.335 -13.883
551.029 -120.934 246.263 328.452
ADD 301666366 0.000
494.688 -242.682 -122.363 348.547
-446.390 576.819 -240.159 -454.653
ADD 301828661 1000.000
-978.929 -966.357 -713.743 474.234
-503.096 419.320 -820.818 -200.941
ADD 303468037 1000.000
-801.662 -220.014 136.717 930.485
361.401 634.328 527.374 -461.557
ADD 304116355 1000.000
-241.809 -644.262 -390.184 -475.618
515.213 344.314 -415.871 -566.048
ADD 304447073 0.000
-525.429 -218.906 698.432 -302.041
726.324 819.856 -860.591 -316.838
ADD 306815101 0.000
-355.109 -996.936 -891.401 -996.641
831.085 509.813 340.422 56.311
QUERY
ADD 306904780 1000.000
-177.184 931.987 998.661 -397.467
804.658 -250.621 719.883 -651.966
ADD 307161090 1000.000
919.552 564.726 726.998 -430.436
-861.875 662.939 66.676 985.077
ADD 309113270 1000.000
-88.495 -454.489 810.059 -712.739
874.582 449.943 -88.511 -522.755
ADD 311296999 1000.000
836.288 289.669 802.117 250.579
595.438 -250.064 -42.196 -552.086
ADD 312807191 0.000
878.316 908.587 26.777 878.105
851.971 829.251 858.071 -588.138
ADD 314806222 1000.000
-248.928 -873.648 666.527 -398.832
-13.894 -218.981 981.199 -809.528
ADD 317059502 1000.000
918.904 -909.078 443.562 563.239
-390.148 -889.017 590.491 -964.083
ADD 317590384 0.000
950.933 489.774 -199.181 776.850
196.909 949.734 156.378 -853.141
ADD 317910155 0.000
535.691 -5.910 966.429 -306.412
548.334 -708.121 -113.503 782.561
ADD 319699802 1000.000
-859.161 551.294 -367.861 170.863
399.428 -529.587 740.249 568.330
QUERY
ADD 320839860 1000.000
-394.147 350.145 737.976 -427.357
396.797 -334.939 210.573 438.313
ADD 322028237 1000.000
-274.845 -313.211 1.913 156.970
296.738 841.597 705.757 -726.074
ADD 323445173 0.000
146.593 186.481 404.935 598.138
447.095 -277.356 995.873 -259.431
ADD 325008448 1000.000
562.701 499.414 464.182 -819.998
954.902 274.426 184.264 -287.063
ADD 325294888 0.000
-719.133 256.984 -832.160 481.358
-612.144 -668.041 -947.321 20.432
ADD 327818240 1000.000
-841.996 -550.832 -258.707 559.494
793.174 722.240 -947.199 561.664
ADD 329214242 0.000
-569.750 -470.282 624.199 770.484
395.294 -105.615 79.101 342.495
ADD 330007893 0.000
748.378 718.844 342.183 735.154
90.688 797.543 240.856 697.835
ADD 331316522 1000.000
-548.362 230.895 -64.773 104.794
-566.921 818.259 -721.415 -63.198
ADD 332428869 0.000
-262.097 -773.059 527.679 960.614
-952.564 339.378 920.351 -588.608
QUERY
ADD 334788909 0.000
46.100 -42.489 636.327 -513.043
254.615 217.035 -163.919 -737.228
ADD 336588506 1000.000
175.267 -25.818 757.643 604.997
233.196 -121.067 835.025 -625.726
ADD 338049093 0.000
-794.261 -808.268 -190.988 -225.864
41.118 145.646 -587.065 -148.246
ADD 338650616 0.000
979.721 18.320 314.507 641.446
571.485 -584.856 -459.613 -941.554
ADD 339982099 0.000
887.468 591.817 178.314 -942.396
-451.569 -958.762 -617.397 722.709
ADD 340167936 1000.000
-117.700 -186.403 -568.209 -671.101
540.330 197.530 225.876 493.144
ADD 341355085 1000.000
641.322 -73.225 -788.764 124.238
13.279 683.954 -433.646 947.694
ADD 342535607 0.000
-631.284 -680.133 838.647 -811.967
-861.691 -833.038 785.568 -171.936
ADD 342605896 1000.000
-115.017 -115.582 653.976 964.573
12.374 701.291 292.959 -37.874
ADD 343835735 0.000
-982.885 918.246 -80.252 -46.720
857.501 833.990 196.833 -0.152
QUERY
ADD 345230665 1000.000
-167.614 317.875 56.282 -990.251
723.518 995.855 -339.736 -776.514
ADD 347280210 0.000
-809.105 -69.314 866.142 -439.152
806.215 -147.032 131.248 815.145
ADD 347394319 1000.000
817.147 -317.446 461.653 -910.041
723.218 -431.004 447.714 -502.041
ADD 348821780 0.000
-448.369 -588.972 -721.467 155.967
339.969 -747.715 -370.143 935.005
ADD 349388441 0.000
-781.696 745.442 786.612 884.930
-196.129 -700.902 -682.231 -924.927
ADD 351621680 0.000
398.317 -474.011 -190.775 -333.591
691.428 913.677 -589.601 -869.825
ADD 352883898 0.000
-761.425 -960.437 -346.193 -865.702
154.244 469.712 -197.898 141.591
ADD 354668457 1000.000
-608.406 76.784 -407.132 -853.289
862.677 87.223 728.616 -533.838
ADD 354948779 0.000
-77.492 180.061 77.510 835.521
617.099 -167.687 335.064 -716.452
ADD 356448521 1000.000
721.879 133.484 -77.265 697.872
85.597 -683.180 -820.122 541.129
QUERY
ADD 357225010 1000.000
392.855 368.953 246.404 73.677
-875.694 -877.515 -561.594 -608.183
ADD 359006222 1000.000
-366.242 783.256 -347.385 -215.029
677.023 335.894 297.466 499.544
ADD 359582659 1000.000
-276.357 631.035 458.794 797.058
-591.366 176.928 19.860 -797.375
ADD 360531353 0.000
911.039 -708.014 -368.955 890.593
-524.211 -576.314 911.594 -857.409
ADD 360531515 0.000
34.644 81.771 -222.648 736.549
987.812 -240.546 138.677 -112.612
ADD 362160576 0.000
-540.387 -157.786 -368.267 402.109
-887.698 -478.934 -504.994 505.313
ADD 362434391 1000.000
-650.408 564.036 -822.249 21.785
-388.860 552.044 910.245 127.499
ADD 364325652 0.000
244.464 29.777 -661.304 -799.607
-766.616 -274.453 648.859 -250.736
ADD 365196660 0.000
426.501 -255.911 -395.021 936.665
529.399 843.951 622.368 848.267
ADD 367805133 0.000
-42.823 220.055 -834.781 -297.242
288.749 387.002 -451.964 251.660
QUERY
ADD 368439055 1000.000
-905.982 -113.795 -913.871 331.627
111.322 310.717 3.432 -339.344
ADD 370176502 1000.000
555.844 -63.001 793.119 385.420
-478.567 -349.833 -186.912 998.583
ADD 371680975 0.000
-857.875 663.751 311.342 -32.041
-356.556 166.439 -300.692 600.972
ADD 371705900 1000.000
-400.204 436.865 -5.161 333.717
421.585 -126.440 -814.307 -932.637
ADD 374148529 1000.000
-271.675 597.092 293.308 407.303
-927.216 991.922 566.302 -291.818
ADD 374733551 1000.000
-851.391 255.077 -936.039 -462.986
-210.149 981.122 -662.739 285.735
ADD 377067543 1000.000
526.482 856.799 -829.956 962.225
765.863 968.505 -780.484 -736.255
ADD 377225755 0.000
-888.049 -436.707 -811.963 43.264
820.189 -4.561 230.414 -10.543
ADD 378810015 1000.000
-929.405 762.766 775.334 -574.921
229.086 -75.084 -884.011 271.479
ADD 381036072 1000.000
-600.224 606.556 956.925 -896.603
-97.516 438.202 -192.040 495.322
QUERY
ADD 383047326 0.000
-744.198 -89.923 -422.019 519.475
4.197 -742.505 -45.412 121.029
ADD 385445279 0.000
-886.912 -493.047 573.389 948.934
145.169 -11.395 772.251 -588.172
ADD 386490907 0.000
-921.717 403.341 104.770 -157.656
-146.442 353.467 -716.825 498.282
ADD 388705642 1000.000
891.680 -404.976 -831.385 -488.846
462.131 173.788 397.570 -410.767
ADD 390294558 1000.000
-711.236 855.255 -988.725 -52.837
-853.130 435.460 916.483 -724.714
ADD 391091066 0.000
18.311 292.761 -521.493 291.104
-905.767 550.506 -376.130 422.215
ADD 392021778 0.000
953.825 718.144 810.894 615.213
-838.379 197.826 -54.558 -306.450
ADD 392757925 0.000
502.022 -868.165 907.495 -471.643
223.674 729.718 960.571 970.491
ADD 395314944 0.000
-249.176 634.545 -614.615 759.433
246.587 287.186 -72.723 126.117
ADD 397812874 1000.000
-107.396 -66.478 -360.283 -199.118
698.142 -768.364 184.643 81.684
QUERY
ADD 399866340 0.000
703.415 -362.954 431.058 -603.775
-904.250 -269.984 -580.726 -771.515
ADD 401904605 0.000
989.159 729.973 -946.009 75.134
-668.162 -838.894 0.850 139.459
ADD 403714087 1000.000
54.973 -204.326 724.490 -401.394
417.076 957.220 -862.250 70.552
ADD 406016487 1000.000
-578.729 -221.229 938.464 910.316
-74.919 -518.578 -407.000 949.665
ADD 406622433 0.000
787.107 -632.765 -344.289 957.694
-948.430 -845.879 22.269 558.322
ADD 408405444 0.000
625.236 951.697 685.201 -181.579
331.996 235.810 98.600 -998.216
ADD 410450855 1000.000
471.134 -737.031 -34.397 373.816
806.494 -942.129 -645.360 -784.698
ADD 410694663 0.000
-190.084 344.849 -330.439 -606.700
858.554 -901.396 -385.157 -226.254
ADD 411534582 1000.000
243.091 588.258 961.343 444.122
-802.527 -531.430 -351.013 -435.535
ADD 411672130 1000.000
185.208 -676.157 -937.141 -384.497
-381.441 178.671 514.724 948.043
QUERY
ADD 412894470 1000.000
76.374 -318.767 327.763 -691.498
820.046 862.623 863.587 686.613
ADD 414844326 0.000
379.126 562.906 -670.249 -913.126
-209.588 -105.475 746.859 -195.897
ADD 415319932 0.000
-875.522 244.419 178.050 447.755
944.224 -747.267 645.198 452.029
ADD 415956080 1000.000
31.485 -325.758 250.290 248.883
112.234 -334.918 155.154 -160.276
ADD 418397948 0.000
-221.639 -266.130 331.563 -92.107
685.527 -177.770 -577.322 929.871
ADD 420992471 0.000
-966.635 688.599 -824.384 826.044
-474.137 -976.247 731.803 -385.933
ADD 421384232 0.000
839.062 -194.752 -807.910 909.715
-918.179 18.140 996.341 -174.151
ADD 421729282 0.000
779.194 -132.177 -95.842 80.569
-857.398 -520.750 -890.771 751.864
ADD 422576991 0.000
568.703 589.059 -378.157 -598.267
-987.071 494.848 -933.782 -718.400
ADD 424243930 1000.000
-269.535 -390.865 -768.164 458.622
-514.191 918.588 910.003 412.429
QUERY
ADD 426660034 0.000
626.954 787.499 -958.840 668.475
-250.470 977.286 395.497 -741.731
ADD 427989843 0.000
-83.839 -537.427 -890.944 -278.817
519.178 909.736 -633.411 941.016
ADD 429608789 1000.000
161.911 419.449 380.777 779.528
-698.152 743.289 773.867 867.229
ADD 430838421 0.000
-787.796 -710.334 633.851 -591.052
-409.396 -665.032 564.584 -704.074
ADD 432479458 0.000
-429.905 -845.125 -842.334 613.071
351.486 -371.236 -599.194 810.959
ADD 433910868 0.000
369.524 -805.818 -959.875 -83.339
-504.669 53.941 933.190 -425.265
ADD 434049120 1000.000
-752.512 -848.917 -192.700 -712.880
325.026 -612.665 -0.910 316.456
ADD 435213253 1000.000
603.391 -862.682 -58.894 -208.292
-747.758 -936.654 -74.224 908.906
ADD 436890584 0.000
320.465 -803.134 800.325 386.673
-677.575 597.017 390.979 -880.205
ADD 438105143 0.000
-421.859 -666.089 280.484 -559.005
748.650 -403.830 -774.589 -948.012
QUERY
ADD 440713585 0.000
421.397 306.054 -786.361 927.793
397.942 -284.211 -201.793 -746.280
ADD 441447076 1000.000
891.218 678.083 149.560 -898.450
-180.882 919.471 -426.989 518.095
ADD 441528151 0.000
752.333 -347.107 -382.673 204.834
-286.028 576.546 -861.917 -401.867
ADD 441824160 0.000
-560.691 -231.681 -606.917 617.431
641.577 -382.952 27.776 -171.107
ADD 443788376 1000.000
819.909 -779.013 -194.900 -736.098
467.265 -851.663 27.746 229.698
ADD 444616069 0.000
671.534 -868.860 707.020 829.024
297.242 806.451 -188.638 444.319
ADD 445018259 1000.000
-488.010 -899.669 -314.323 461.558
483.010 -102.041 150.068 214.131
ADD 446009172 1000.000
-538.323 -910.165 748.648 517.764
-134.377 220.893 658.958 262.284
ADD 446957643 1000.000
508.280 -299.481 410.546 930.142
287.885 52.611 -46.446 -938.518
ADD 447265509 0.000
-316.337 690.403 622.689 625.406
816.426 981.582 126.259 -560.097
QUERY
ADD 448113680 1000.000
-289.378 431.253 381.564 -542.434
701.921 -507.231 -896.573 -626.487
ADD 449766540 1000.000
363.213 864.563 424.302 -680.379
450.495 -876.783 902.382 -283.508
ADD 452117461 0.000
-388.508 58.454 -703.094 848.536
-4.096 218.388 -325.442 -205.844
ADD 454385708 1000.000
-618.096 -742.820 114.926 -932.909
-840.157 -630.725 981.950 342.525
ADD 454932423 0.000
-94.967 359.173 -564.967 -383.944
-655.879 698.436 -721.475 491.386
ADD 456303553 1000.000
-520.378 -620.947 -879.330 843.312
-379.539 482.532 903.971 223.341
ADD 457254849 1000.000
265.071 -972.273 -145.279 521.930
6.767 -383.557 777.606 -813.672
ADD 459296072 0.000
252.145 -306.621 384.366 522.334
723.290 -161.277 89.716 -658.936
ADD 460044251 1000.000
477.452 -137.287 -439.088 -784.763
879.336 -597.042 150.395 -228.967
ADD 461721012 0.000
823.098 -23.252 -948.235 -820.354
153.100 804.649 -808.382 -290.554
QUERY
ADD 462853892 0.000
-386.824 156.368 955.425 906.070
-740.332 371.854 -590.450 799.478
ADD 464370821 1000.000
667.245 -745.586 819.328 -562.197
751.718 717.591 139.006 -421.375
ADD 464469295 1000.000
-724.110 -496.178 49.496 273.695
-559.565 -610.105 -185.268 -523.252
ADD 464611798 1000.000
924.690 527.608 -15.932 -697.529
904.202 578.197 44.609 -197.420
ADD 465380473 1000.000
-325.760 437.995 -685.350 292.994
-20.505 -453.510 465.246 -296.708
ADD 468057258 0.000
72.048 990.690 402.686 12.025
122.653 481.853 431.101 -4.593
ADD 468373186 0.000
-522.058 -208.094 151.930 -12.515
78.014 459.804 -480.287 -253.887
ADD 471027777 1000.000
-117.620 359.295 151.491 -181.151
849.865 -870.847 779.056 559.914
ADD 472623172 0.000
209.424 372.335 -572.425 549.006
-320.089 -721.571 70.741 408.122
ADD 474209165 0.000
-119.772 -292.318 -487.967 840.737
-440.004 887.234 -981.414 -710.189
QUERY
ADD 475036794 1000.000
-585.488 23.398 598.392 475.376
-386.351 202.107 649.542 -150.948
ADD 477635248 0.000
-481.026 -776.973 787.851 697.106
546.177 723.525 10.809 -243.820
ADD 478644466 1000.000
903.416 469.161 -788.138 -576.167
-67.155 442.306 925.987 212.749
ADD 480468166 0.000
223.828 419.699 -532.640 839.886
-376.529 -465.250 -543.965 -712.903
ADD 480957409 0.000
-106.295 -88.550 827.965 452.254
-249.929 841.355 -608.992 489.299
ADD 483216058 0.000
330.413 6.938 555.849 631.364
-51.300 -718.936 400.372 -928.114
ADD 484908970 0.000
-608.785 -112.961 -570.459 -586.685
-610.197 -880.980 -1.594 220.541
ADD 486208611 0.000
518.720 342.415 492.738 -697.935
-422.841 4.906 360.921 -368.985
ADD 486717924 0.000
-121.080 -671.527 192.353 -991.729
796.719 795.621 930.846 104.669
ADD 489129717 0.000
-25.270 -874.518 92.504 474.396
-413.092 -441.634 159.544 305.833
QUERY
ADD 491330297 0.000
-711.782 -419.265 -541.189 -604.133
-590.535 747.415 -295.882 -116.935
ADD 492302699 1000.000
-291.006 -464.279 -598.622 189.045
-99.356 184.647 863.629 -187.313
ADD 493931229 0.000
141.056 -117.829 -410.888 -663.608
295.161 -921.855 -242.428 903.963
ADD 496330651 0.000
303.323 65.373 -180.441 -590.130
-432.379 -453.014 404.368 501.457
ADD 497964945 0.000
965.225 -751.054 921.569 -734.209
716.786 -546.936 562.342 -938.175
ADD 499436747 1000.000
939.231 234.586 803.771 -984.121
584.561 -228.568 798.681 -6.990
ADD 502005676 1000.000
630.543 336.546 -661.423 602.522
74.141 696.671 435.811 541.777
ADD 502978542 0.000
-438.749 -77.257 97.651 383.805
988.989 713.319 -871.233 718.773
ADD 505275279 0.000
-69.125 830.144 -522.469 -596.809
-333.124 469.875 -38.638 -124.181
ADD 506821277 0.000
729.723 -877.525 -296.436 328.789
908.170 937.740 -898.492 -535.522
QUERY
ADD 508326678 0.000
-532.967 447.429 -443.981 145.645
-67.783 780.786 -195.353 145.092
ADD 509119532 1000.000
-11.672 723.695 656.984 808.630
482.874 41.107 -452.232 128.345
ADD 510538071 1000.000
-874.539 -33.840 527.337 -91.053
0.692 -778.492 549.786 989.854
ADD 511923224 1000.000
-222.032 -260.591 -115.515 869.160
932.611 842.571 -686.405 768.429
ADD 514194784 1000.000
634.457 875.963 -953.628 -368.411
759.560 823.568 -558.520 933.101
ADD 515560884 1000.000
-499.847 -417.823 -519.423 966.148
-587.849 -182.260 964.368 247.847
ADD 516229429 1000.000
387.315 -0.033 706.116 -831.214
-927.302 -967.218 -411.035 -461.439
ADD 517520221 0.000
-517.599 -811.234 632.817 -169.870
411.754 -639.931 671.120 -424.185
ADD 518560241 0.000
-864.506 837.086 788.955 -841.057
-31.159 513.400 -252.057 -922.636
ADD 519791414 0.000
652.610 -404.296 -496.001 832.748
-19.458 348.700 682.557 -429.093
QUERY
ADD 520756373 0.000
-853.459 898.127 -500.589 112.198
803.151 -142.308 867.411 -972.917
ADD 523082658 1000.000
385.931 806.972 296.740 993.707
-492.180 308.523 -531.671 -150.156
ADD 523500136 0.000
-88.847 -390.688 -710.464 -417.264
-261.603 391.428 655.255 211.029
ADD 525662895 0.000
29.909 139.189 948.751 825.354
-796.975 -230.735 56.028 741.938
ADD 525759432 1000.000
496.064 -916.923 579.565 -24.630
-138.505 853.248 -985.007 576.179
ADD 526390090 1000.000
462.392 -48.310 -430.722 -807.922
-813.175 843.658 -156.239 -749.294
ADD 528527904 1000.000
-49.971 286.732 783.817 -932.419
825.935 -255.483 -485.922 919.365
ADD 530743206 1000.000
418.230 -644.569 323.585 -797.359
767.279 -909.237 -292.857 -144.276
ADD 532021117 0.000
644.202 -896.831 -275.203 54.168
-140.308 818.859 -238.906 76.318
ADD 534434802 0.000
-791.698 -159.553 -474.783 236.857
669.437 598.008 875.903 -595.199
QUERY
ADD 535383440 1000.000
200.614 950.573 -996.089 98.760
-61.925 -664.605 -72.323 -117.042
ADD 537952266 0.000
-998.830 489.798 -206.592 513.603
828.510 -538.382 -126.712 806.900
ADD 539097173 0.000
994.976 -562.904 -551.955 -508.270
-940.542 488.638 130.505 -293.637
ADD 540752617 0.000
180.753 -683.943 -212.200 331.509
-91.397 51.755 649.519 233.287
ADD 541161251 0.000
-993.448 -536.348 195.595 -390.526
-307.302 -128.889 65.855 425.584
ADD 542640191 1000.000
-654.481 -913.326 -81.333 607.068
-503.837 -880.576 345.462 -763.109
ADD 542812317 1000.000
-334.680 -383.903 507.256 373.319
-227.366 -202.287 485.449 -193.211
ADD 545427480 1000.000
921.607 572.096 692.608 -444.179
-567.001 -478.526 128.236 161.744
ADD 547518345 0.000
-690.738 71.826 -645.587 226.581
-788.141 703.625 -91.168 623.651
ADD 549216573 0.000
166.771 -416.078 140.058 212.998
740.110 961.832 -916.665 -865.584
QUERY
ADD 551598950 1000.000
601.083 -351.656 857.531 767.066
-792.981 -79.077 835.935 421.397
ADD 552074379 0.000
375.680 879.045 398.331 469.321
859.471 -618.625 -923.925 -206.645
ADD 553085918 1000.000
988.514 758.038 -97.540 -658.426
-669.323 800.124 -530.251 -328.274
ADD 553886985 1000.000
-392.528 -958.418 905.140 -753.753
775.390 770.254 611.066 -578.960
ADD 555427374 1000.000
134.796 -578.098 -610.337 -759.725
851.270 -106.665 -717.668 595.755
ADD 557666429 0.000
-24.747 37.526 -255.273 -280.172
-275.968 -141.098 -542.006 -56.246
ADD 557831458 1000.000
-803.167 -254.025 -622.857 200.400
-575.098 -293.165 -23.529 445.306
ADD 559727625 1000.000
-405.280 -656.151 -1.580 397.010
684.979 74.702 578.833 -42.173
ADD 560667662 1000.000
-65.739 -491.485 -259.983 -250.509
345.469 22.187 838.932 549.515
ADD 560951942 0.000
536.872 818.950 -787.502 408.250
-522.597 678.368 -497.631 603.174
QUERY
ADD 563536915 0.000
-530.458 140.682 401.891 247.056
120.769 -374.100 599.404 789.981
ADD 565465999 0.000
958.091 -752.763 -972.609 768.971
414.757 813.675 222.495 -648.502
ADD 565913700 1000.000
-387.715 573.885 30.778 -700.037
403.350 -167.270 603.835 -877.997
ADD 566058848 0.000
169.843 756.686 276.083 -747.130
736.690 753.205 -239.654 -477.097
ADD 567048200 0.000
-405.151 818.672 375.039 -287.781
32.648 -559.697 355.259 61.526
ADD 567242540 0.000
-146.059 -843.282 -296.227 -176.939
392.947 -22.277 -797.291 194.901
ADD 568246987 1000.000
104.356 835.313 11.563 -757.711
828.141 -350.515 -396.763 -645.430
ADD 569083523 0.000
94.752 -243.333 335.114 -493.070
799.657 119.418 67.916 -896.921
ADD 570204689 0.000
-271.997 767.843 780.285 165.586
-112.617 -360.660 24.172 -6.522
ADD 572423567 0.000
-577.173 823.030 538.467 -283.840
-572.275 -326.688 -78.443 -28.267
QUERY
ADD 572531501 1000.000
-414.248 -139.804 -553.131 -279.775
560.456 -582.715 225.902 -15.145
ADD 572886005 0.000
134.975 996.232 -718.181 638.930
-80.794 -62.384 -638.944 -722.479
ADD 575418504 1000.000
211.776 -129.342 360.975 46.628
-45.365 190.619 -877.519 224.855
ADD 578069499 0.000
-165.412 238.700 -47.037 641.987
472.635 552.438 -44.279 284.903
ADD 580318248 1000.000
906.989 -113.981 387.959 -57.100
-905.284 -990.076 219.601 210.732
ADD 580355673 0.000
-292.106 -851.109 -368.911 -932.600
8.433 -549.355 -256.418 -904.170
ADD 582406415 1000.000
145.902 -905.013 264.503 235.776
-735.750 304.796 -423.821 -875.931
ADD 584678190 1000.000
-76.561 -733.956 971.818 -962.360
772.775 -116.287 907.612 781.014
ADD 585483547 1000.000
-234.172 -432.483 611.837 949.130
85.876 681.940 457.961 -948.255
ADD 586127099 1000.000
-608.656 -18.795 -536.389 56.633
-973.053 205.005 970.087 -697.051
QUERY
ADD 588819009 1000.000
-632.826 -356.585 352.834 -349.095
491.156 599.641 -886.026 669.543
ADD 589853104 1000.000
-197.441 -476.338 77.889 -961.461
-151.971 312.475 525.399 -778.707
ADD 592023228 1000.000
-695.884 880.931 339.663 -989.430
401.099 913.130 -248.233 836.071
ADD 594182481 0.000
-648.254 139.858 -356.105 862.685
-757.826 236.141 126.304 392.556
ADD 596306837 0.000
75.643 51.815 701.643 -812.164
-402.414 502.183 -805.096 -996.661
ADD 598157957 0.000
-58.728 8.219 -444.365 701.714
43.197 -987.385 -859.724 8.912
ADD 600060994 1000.000
637.300 708.751 262.413 967.349
661.481 368.236 -463.035 -532.278
ADD 600712358 1000.000
-524.004 -112.118 -428.743 1.498
-352.043 497.869 570.334 833.516
ADD 601436939 0.000
364.078 574.499 760.894 412.363
393.232 260.375 662.774 331.179
ADD 603011648 1000.000
989.710 118.753 892.139 998.201
718.819 -253.569 -824.185 3.157
QUERY
ADD 603474874 1000.000
830.324 -335.153 -602.469 -370.603
-237.300 -590.157 598.623 6.969
ADD 606166706 1000.000
-836.645 -926.975 490.283 893.580
983.293 179.474 771.835 760.808
ADD 607465530 1000.000
-294.743 -460.147 -190.539 242.339
-246.045 417.457 -343.722 560.008
ADD 607608575 0.000
739.328 -169.884 932.027 265.009
-552.590 -670.120 -503.640 698.202
ADD 609604432 0.000
-633.760 -720.816 -397.225 -29.498
-712.203 -739.220 717.853 627.714
ADD 609951430 0.000
-705.307 -958.288 578.933 737.171
-562.777 -942.419 963.345 -222.728
ADD 612647180 0.000
-333.359 -544.814 -308.203 781.206
-61.955 441.215 471.509 779.934
ADD 614153802 1000.000
-264.530 -986.771 -681.721 138.022
573.346 26.712 -687.026 -228.670
ADD 615937861 0.000
800.869 -892.746 510.970 -98.871
401.205 -824.484 607.181 962.769
ADD 618461924 0.000
415.765 90.172 752.085 -21.896
327.205 -356.304 -543.728 814.413
QUERY
ADD 620781749 1000.000
-763.369 -964.518 136.322 -382.666
-14.336 94.233 -177.998 -501.624
ADD 622597921 0.000
-478.960 -295.468 -104.991 -290.773
887.253 -44.042 978.679 -719.390
ADD 623537892 0.000
473.554 -796.565 167.193 593.324
482.014 505.335 -628.783 -699.358
ADD 624427563 0.000
-247.726 -591.338 -296.443 -438.838
739.084 144.389 718.392 279.629
ADD 625614482 1000.000
394.322 -428.737 833.346 -94.484
508.905 756.339 -632.604 -312.513
ADD 627392061 1000.000
-559.245 636.774 -697.083 -334.993
535.955 311.374 472.351 569.319
ADD 629255791 0.000
393.654 622.612 -962.511 760.741
-100.049 -182.311 337.848 -693.119
ADD 629350517 0.000
439.462 -379.746 69.888 -257.649
793.178 -636.294 216.195 945.873
ADD 631153886 0.000
-781.211 -420.121 -951.812 -201.747
763.235 -294.144 -364.075 522.804
ADD 632289971 1000.000
365.491 455.728 -301.140 -126.170
-521.508 -437.553 -205.175 -814.520
QUERY
ADD 632899637 1000.000
-402.939 -740.696 802.750 854.108
370.576 -408.436 487.048 359.374
ADD 633747648 1000.000
601.615 -283.312 272.679 164.882
828.259 -608.862 -47.168 -747.208
ADD 635451106 0.000
650.851 361.527 967.040 78.845
123.879 -180.445 487.236 -82.749
ADD 637765224 0.000
104.151 -623.259 -393.539 850.205
-102.308 887.307 -667.274 496.794
ADD 639408835 0.000
31.821 -842.140 -742.374 -866.426
839.899 383.709 -273.277 991.498
ADD 639871151 1000.000
-178.601 194.720 -958.271 -973.028
714.555 948.409 -70.341 -744.798
ADD 641740888 0.000
32.887 -807.245 432.452 -151.786
-955.020 584.730 642.522 89.996
ADD 643367683 0.000
-613.828 -115.701 -929.861 746.647
-218.490 -462.057 402.989 -811.967
ADD 643700222 1000.000
366.705 787.566 588.496 142.163
-822.261 355.986 -492.606 787.982
ADD 644501824 0.000
466.326 696.940 156.467 -58.817
993.327 417.167 -657.350 -998.867
QUERY
ADD 646356633 1000.000
423.494 -762.645 -23.623 -473.846
-546.399 673.186 783.201 615.987
ADD 648202214 1000.000
591.906 -13.559 -600.825 -347.302
-731.683 542.886 -32.880 266.110
ADD 649537045 0.000
-751.577 160.722 -557.829 306.295
-443.628 47.475 723.862 -305.777
ADD 652204123 0.000
328.802 910.879 -420.118 867.922
-589.535 -662.627 638.487 524.994
ADD 653904903 1000.000
-648.203 -923.649 542.086 901.308
-912.215 -156.313 572.096 -305.173
ADD 656001100 1000.000
929.159 -450.443 790.339 517.341
-112.784 159.060 149.518 361.897
ADD 657425818 1000.000
436.665 472.412 -461.259 -741.248
-761.180 -27.847 -90.776 -636.049
ADD 658280545 0.000
67.499 -277.377 -955.732 -14.574
-917.674 483.497 364.829 274.235
ADD 660585438 1000.000
-567.880 604.559 -785.209 -846.506
69.169 -921.071 -906.966 507.210
ADD 662133849 0.000
-128.566 922.647 -620.672 210.097
-727.456 714.775 940.433 610.039
QUERY
ADD 663617111 1000.000
317.265 933.073 56.049 419.332
13.938 153.766 -53.661 459.713
ADD 665703225 1000.000
766.015 -827.177 -993.405 -747.893
314.498 -51.734 63.841 -615.100
ADD 667740726 0.000
5.397 -997.737 802.892 -383.288
931.039 266.090 -133.100 286.620
ADD 668547273 1000.000
-175.625 745.273 -184.524 902.008
842.791 -28.070 -13.838 323.957
ADD 670357964 0.000
686.353 -952.295 -739.642 -867.914
704.143 551.681 -831.253 524.086
ADD 670696568 0.000
875.184 -903.011 140.199 -258.231
-738.684 -44.137 -989.221 -169.487
ADD 670832186 0.000
-343.447 -883.563 -933.694 680.639
434.082 620.247 612.288 214.974
ADD 672568010 0.000
-822.725 678.762 -264.752 981.180
280.361 -265.294 -217.314 -442.601
ADD 673044874 1000.000
764.777 542.641 -387.986 732.835
-604.983 -734.415 -760.043 -374.567
ADD 674816286 0.000
570.309 -179.257 -133.528 95.547
872.071 828.241 -557.076 587.888
QUERY
ADD 677101449 0.000
878.764 -693.107 59.379 -790.205
901.165 584.326 214.620 29.277
ADD 678652082 0.000
-321.684 468.432 -894.732 600.945
775.094 -916.507 194.469 -887.756
ADD 678799084 1000.000
-617.652 531.357 -283.922 -580.845
-748.183 817.365 -876.903 -901.162
ADD 680034575 0.000
830.248 908.512 -777.989 -573.359
119.964 -866.019 151.796 -396.577
ADD 680217843 0.000
-314.018 358.926 -467.803 186.306
336.638 -898.479 -524.801 846.081
ADD 681700033 1000.000
476.766 -947.412 -522.005 -664.540
304.243 -779.238 89.932 369.830
ADD 684345555 1000.000
-969.977 -667.575 86.472 388.354
216.059 -219.596 -601.193 151.129
ADD 684435461 1000.000
-26.690 195.790 -556.476 579.611
876.975 260.964 391.760 -946.859
ADD 685699531 1000.000
-216.539 581.088 758.056 126.326
-841.256 83.965 -223.731 -414.994
ADD 685943437 1000.000
713.005 174.229 217.550 209.862
392.324 -116.990 -436.210 975.175
QUERY
ADD 687658677 1000.000
-1.230 783.405 46.226 643.301
698.797 -97.293 552.607 256.567
ADD 687895794 1000.000
-444.949 -428.981 555.665 -768.879
389.172 -560.631 -726.922 978.282
ADD 689363142 1000.000
619.529 583.152 -751.950 844.774
562.752 -986.976 -390.596 325.425
ADD 690736915 0.000
383.522 250.212 -929.854 -908.159
-83.864 265.209 698.512 -19.425
ADD 691418960 1000.000
-845.965 31.507 -113.043 -556.875
96.829 671.617 -765.814 810.235
ADD 692821662 1000.000
724.611 -660.165 428.462 332.298
-683.732 -931.739 517.510 741.209
ADD 693556847 1000.000
-222.653 -342.967 -13.377 -947.851
-130.347 108.678 483.893 83.474
ADD 694404977 0.000
395.852 852.667 853.978 -415.812
110.592 439.342 -609.362 43.079
ADD 694526717 1000.000
995.294 198.322 605.957 369.153
-609.055 446.744 633.367 900.843
ADD 696081410 1000.000
570.455 671.896 370.124 518.373
-453.100 -475.766 -193.441 823.632
QUERY
ADD 698577837 0.000
384.824 -90.635 -794.779 -397.111
298.137 635.633 602.558 -828.454
ADD 699777231 0.000
295.165 366.578 404.228 -361.993
599.079 939.665 175.144 -146.382
ADD 701231817 1000.000
7.452 836.597 124.249 -661.674
922.692 510.115 17.261 143.134
ADD 703551460 0.000
-991.346 -245.799 -647.443 -876.901
-145.613 857.138 532.601 552.427
ADD 705737474 1000.000
-797.109 -59.323 -62.486 691.787
465.550 -373.420 905.433 -202.447
ADD 707333630 1000.000
21.707 631.642 -620.915 -849.537
-27.969 100.403 -645.731 -508.115
ADD 709286356 1000.000
810.775 80.963 -297.740 822.538
642.841 -94.107 211.131 -317.856
ADD 709920851 1000.000
-88.232 955.127 -556.073 -52.869
-898.124 -252.641 -54.278 -721.508
ADD 710864592 1000.000
-619.779 -677.392 -8.764 375.107
-334.849 -888.691 185.293 956.738
ADD 711670926 0.000
-918.300 271.613 -695.267 404.955
248.454 -690.397 -120.395 -685.599
QUERY
ADD 713143855 0.000
-298.880 -211.843 -185.412 -488.568
-660.431 568.240 0.630 625.538
ADD 715847941 0.000
195.118 147.042 -648.576 -316.331
-130.572 -116.783 709.893 384.421
ADD 715879145 0.000
568.272 255.477 -594.612 -120.055
310.832 530.558 -764.223 133.158
ADD 715881047 0.000
-459.715 817.610 163.418 288.268
383.580 143.714 -884.762 314.531
ADD 716370169 1000.000
-585.846 -489.751 831.880 987.099
117.469 -940.075 667.312 219.219
ADD 718415821 0.000
652.148 -941.863 526.430 42.327
701.665 392.220 -222.933 577.429
ADD 719294975 1000.000
-926.112 -810.355 689.908 -633.946
-661.194 -90.547 -469.408 823.931
ADD 721703519 1000.000
-935.678 -810.765 352.755 -957.126
-303.390 656.970 -53.770 989.541
ADD 724098985 0.000
-208.114 -870.037 -644.977 319.161
-755.039 107.921 853.832 -984.280
ADD 726388456 0.000
-789.886 601.874 879.134 -405.184
334.578 -680.752 -292.733 -339.801
QUERY
ADD 727724946 1000.000
-18.512 -275.225 996.037 683.058
-195.960 874.890 -552.405 736.933
ADD 727948254 0.000
-500.714 818.979 984.732 -668.198
-493.594 88.210 167.220 968.854
ADD 728753874 1000.000
-314.739 733.658 -299.905 932.338
118.915 -974.488 986.625 715.355
ADD 731336632 1000.000
373.623 868.991 279.051 -861.849
-409.741 838.705 326.672 -538.622
ADD 733976906 1000.000
828.108 -733.350 -837.542 -286.555
-792.518 -650.422 -492.312 -728.071
ADD 734554082 0.000
-215.789 27.609 -278.320 -823.394
942.577 383.844 534.720 928.767
ADD 735123933 1000.000
-874.427 -23.328 -947.477 523.709
-71.039 -622.978 -818.305 -720.216
ADD 735758303 0.000
-815.148 -0.673 81.505 -222.783
-801.815 419.469 822.442 -362.745
ADD 737336985 0.000
-774.640 -424.962 612.151 -690.841
541.234 289.502 774.334 -606.972
ADD 738346228 0.000
-389.280 982.376 380.124 -208.819
972.350 -733.116 -905.155 -38.255
QUERY
ADD 740154817 1000.000
-145.240 641.689 845.875 953.633
697.479 -599.702 -587.963 2.046
ADD 741751430 0.000
-829.579 -457.807 659.712 -573.281
-357.618 -58.029 565.770 245.245
ADD 742484563 1000.000
-714.455 978.439 254.605 -82.769
-556.332 -20.886 682.165 -529.587
ADD 744923270 1000.000
-280.596 288.630 368.911 443.962
-61.768 -340.198 -832.372 -469.028
ADD 746061669 0.000
310.640 -532.075 -418.799 -380.187
-979.993 908.591 -297.602 -767.923
ADD 746137920 1000.000
357.330 127.842 478.037 309.091
930.229 -140.085 63.076 -361.696
ADD 747053807 0.000
-767.724 -405.677 899.046 957.121
945.721 846.635 -949.936 762.790
ADD 747802831 1000.000
-76.114 -266.567 926.931 701.661
890.259 468.105 428.569 107.098
ADD 750177740 1000.000
363.907 -75.046 -438.825 -148.923
-1.954 315.927 -175.626 265.926
ADD 751213263 0.000
-240.171 -409.818 196.377 -614.077
-419.709 -166.846 -631.582 1.344
QUERY
ADD 753987041 0.000
605.355 -559.811 219.767 -178.693
-31.559 431.285 -176.410 749.235
ADD 755485308 0.000
-853.765 -328.762 757.534 809.148
292.001 874.095 -712.942 372.176
ADD 756829977 1000.000
596.252 -152.362 821.900 125.324
-457.691 -353.169 -992.608 -445.349
ADD 759104334 0.000
32.850 668.072 -450.447 132.931
-893.654 199.299 978.063 -255.227
ADD 759968382 0.000
-336.912 881.879 791.867 179.999
327.449 -177.729 -557.619 66.943
ADD 762643420 1000.000
-59.867 901.645 290.331 299.909
336.290 -737.649 494.291 -919.950
ADD 764401649 0.000
942.148 -457.309 -116.467 475.816
311.514 -826.499 -774.967 708.713
ADD 766412874 1000.000
88.879 -590.744 444.064 -354.057
714.449 250.345 601.972 936.514
ADD 766916954 0.000
607.764 -249.645 -586.968 -379.418
-507.614 404.767 -248.708 -250.264
ADD 766964100 1000.000
-693.412 267.687 -671.288 998.225
-452.188 956.096 772.968 989.086
QUERY
ADD 767378114 0.000
54.971 751.893 510.697 -740.646
714.838 742.806 -941.746 368.820
ADD 770153407 0.000
197.264 103.824 -536.789 -440.099
-379.953 439.188 818.795 873.503
ADD 770664135 1000.000
-400.178 329.038 -996.228 720.356
149.097 -420.914 -442.300 -684.630
ADD 773025335 1000.000
975.945 -668.938 907.197 336.418
-812.783 -541.535 -247.245 464.402
ADD 773226942 1000.000
-601.971 650.809 -581.395 -312.915
-536.315 908.860 311.357 322.566
ADD 773325718 1000.000
485.665 -968.967 549.469 409.627
323.769 661.972 -349.008 -212.695
ADD 773862784 1000.000
-296.248 -342.883 -120.078 -373.947
231.820 -329.789 100.743 51.406
ADD 775428839 1000.000
570.044 -77.179 -436.313 -812.134
-998.543 -663.777 690.428 452.794
ADD 777654922 1000.000
499.973 -464.992 857.521 31.435
793.339 755.103 761.845 856.304
ADD 779723500 1000.000
293.865 685.529 -648.890 -613.420
519.601 644.123 -932.905 -495.838
QUERY
ADD 782435224 0.000
-831.544 -856.643 -997.668 746.999
-357.057 949.568 -931.198 447.254
ADD 784362612 0.000
856.098 907.183 -827.087 725.844
-510.347 856.636 -853.410 415.055
ADD 785316472 1000.000
-905.712 985.452 -898.917 -371.032
156.366 -890.243 -559.694 -851.693
ADD 788053227 0.000
56.946 -95.159 -140.810 788.505
-436.830 1.080 388.874 247.466
ADD 789423906 1000.000
-279.246 246.606 -45.619 113.843
887.695 604.924 -120.743 426.749
ADD 791212448 0.000
710.480 916.451 504.355 -964.624
-40.096 741.245 -749.322 967.716
ADD 793115895 1000.000
-535.739 170.618 -76.054 360.282
239.062 531.047 925.825 -338.866
ADD 794461777 0.000
-0.951 409.407 543.262 -98.587
61.028 -10.276 331.035 57.211
ADD 795869894 0.000
-549.145 687.608 -286.910 945.049
875.887 -200.727 -687.644 -436.804
ADD 795975824 0.000
-6.227 -304.767 51.231 5.253
892.714 372.221 -974.359 -872.824
QUERY
ADD 798699260 1000.000
449.193 -919.727 -604.568 940.981
-506.984 255.355 -948.792 -913.119
ADD 800232775 1000.000
-42.433 -258.337 -481.160 69.982
-480.210 860.376 260.295 -100.688
ADD 801469544 1000.000
-262.594 -597.526 -621.920 -586.632
-236.737 736.845 420.227 -767.214
ADD 802824602 1000.000
759.195 -703.948 -757.292 -460.124
-500.408 -779.089 -434.128 -689.026
ADD 803167843 1000.000
-32.913 135.043 -920.396 -198.413
-337.320 958.474 -781.204 44.443
ADD 803891680 0.000
-58.471 -686.147 609.012 -387.043
-420.733 -986.269 881.791 -511.470
ADD 804891718 0.000
-154.072 611.394 -492.672 372.042
308.046 -377.537 -771.227 567.509
ADD 806645074 0.000
346.768 -111.378 -865.996 -961.339
-436.211 423.953 -754.544 -754.377
ADD 807511768 1000.000
-696.474 -428.889 907.036 -892.897
883.287 -511.694 747.384 204.576
ADD 808486186 1000.000
-29.462 313.389 226.422 613.104
303.183 -516.654 -778.833 615.204
QUERY
ADD 810525551 0.000
516.250 275.574 -857.088 156.690
931.638 -808.783 -802.199 820.773
ADD 812345134 0.000
174.601 963.016 39.996 192.786
795.115 979.006 -675.362 -552.409
ADD 813748818 1000.000
504.001 -228.249 -168.616 247.943
932.425 928.193 278.832 -811.460
ADD 813821341 1000.000
-413.758 754.357 -574.402 -424.759
-917.640 -677.419 -301.774 -999.889
ADD 814183348 0.000
17.480 63.339 -348.586 -731.166
791.482 -298.019 810.541 850.915
ADD 814589011 1000.000
886.901 590.860 998.200 203.683
-183.432 -289.942 -641.861 -643.880
ADD 816036860 0.000
-593.103 -512.978 -936.692 717.048
176.142 975.844 -596.564 548.041
ADD 818760792 1000.000
89.143 142.422 -929.557 -497.858
-78.844 370.660 202.831 -697.976
ADD 821614769 0.000
-318.438 104.774 -532.190 443.763
-696.995 283.574 916.234 -124.144
ADD 822587965 1000.000
349.563 -364.001 667.913 319.459
640.025 -928.578 -768.684 -177.176
QUERY
ADD 822825016 1000.000
-669.055 -65.068 627.654 -548.455
-514.342 999.259 808.169 119.679
ADD 823390910 0.000
355.468 324.145 -230.199 567.214
-913.783 -755.615 490.260 -513.795
ADD 824651202 1000.000
-534.254 183.627 -546.522 -908.723
730.126 419.277 -868.317 324.568
ADD 827033844 0.000
705.908 -826.874 -11.024 990.164
-807.919 -123.687 821.452 -616.061
ADD 827548236 1000.000
22.992 -273.146 217.691 176.111
-424.304 41.871 -522.857 -126.882
ADD 830160200 1000.000
542.842 962.853 788.594 -545.392
-342.158 609.384 878.526 -602.069
ADD 830885190 1000.000
762.891 359.464 442.485 -567.699
-905.304 395.777 322.936 433.118
ADD 831786470 0.000
581.114 -118.556 -171.069 918.498
-243.556 344.085 732.052 -961.729
ADD 833825791 0.000
517.679 -347.923 798.746 563.375
-181.911 643.255 -455.469 -832.945
ADD 834362524 0.000
-392.884 395.558 62.211 870.056
-157.023 369.657 -646.406 20.513
QUERY
ADD 834439768 1000.000
-94.382 -342.320 490.622 633.035
-692.637 -379.513 -903.511 -994.400
ADD 835683232 1000.000
889.333 14.071 858.558 391.873
-103.797 935.650 -486.974 -146.911
ADD 837788379 0.000
-913.974 663.111 -440.304 -956.153
-800.455 -926.467 155.319 -442.229
ADD 839939114 1000.000
-929.392 -672.525 711.210 309.455
969.308 -283.948 -57.087 215.226
ADD 842812791 0.000
970.512 718.601 872.384 -45.723
-928.300 211.206 573.847 -193.075
ADD 844146687 1000.000
-302.192 -775.489 -226.806 -566.394
114.998 -815.030 685.757 -548.561
ADD 846267153 0.000
-436.143 809.267 343.036 331.867
451.023 -593.408 8.536 -386.383
ADD 847880226 1000.000
-537.264 128.628 -657.345 -423.845
505.454 90.724 -525.947 -841.161
ADD 848495053 0.000
-902.699 -958.008 -123.182 196.787
-994.264 -416.359 -360.716 -290.088
ADD 851295870 0.000
759.354 105.661 750.494 -249.399
-483.638 786.373 138.594 132.277
QUERY
ADD 854183692 0.000
-920.595 -675.218 106.058 -869.542
787.325 986.585 965.527 349.070
ADD 855473552 1000.000
60.783 590.013 817.736 871.331
-438.888 814.334 -160.387 500.639
ADD 855903252 1000.000
-173.114 -360.307 -186.983 217.137
-943.187 738.718 -273.538 951.250
ADD 858275818 1000.000
546.766 -323.845 -588.122 279.197
-498.643 -124.080 -423.569 80.935
ADD 859744031 0.000
-936.006 -23.947 711.338 -577.740
-62.218 -440.240 764.512 989.712
ADD 862266554 1000.000
756.998 484.433 449.600 255.968
898.128 -108.342 949.297 493.958
ADD 865107331 0.000
-23.211 742.562 286.264 -302.838
-144.159 394.789 46.726 959.434
ADD 867466999 1000.000
-521.383 -31.442 774.325 959.873
-297.952 -973.072 -245.608 513.688
ADD 869444473 0.000
102.601 25.775 887.400 -514.888
280.379 236.786 472.509 763.265
ADD 869866521 1000.000
-63.908 -200.140 146.528 -285.354
-351.630 303.313 -7.231 -715.596
QUERY
ADD 872365483 0.000
727.776 680.447 310.591 -622.030
-700.449 -277.106 188.952 -876.709
ADD 874816763 0.000
-791.505 669.372 -371.306 -283.062
-419.531 292.202 -636.585 -749.134
ADD 877053182 1000.000
994.469 -541.704 888.356 -594.701
-784.638 838.165 -277.408 860.293
ADD 877727315 0.000
-662.875 833.373 -906.045 394.265
310.147 618.970 396.111 765.423
ADD 880601193 1000.000
48.634 30.544 88.573 457.285
523.816 -90.117 218.886 704.030
ADD 881157747 1000.000
-29.483 466.619 -800.262 415.946
-110.416 755.378 483.745 580.119
ADD 882656556 0.000
466.250 -995.552 853.028 -82.152
668.900 775.305 -250.960 -881.033
ADD 884435968 0.000
555.751 -544.292 86.028 -835.748
-36.815 543.742 912.121 373.750
ADD 884787031 1000.000
84.410 464.067 -943.327 296.762
505.694 -325.947 421.747 534.579
ADD 885305507 1000.000
22.175 479.145 193.457 72.543
-819.946 -105.867 653.601 -673.288
QUERY
ADD 887392555 1000.000
-654.581 -379.174 113.205 -357.788
-102.120 -775.107 -365.608 387.647
ADD 887604751 0.000
-929.654 325.750 221.512 -222.095
688.339 -754.341 871.770 -787.489
ADD 887970321 0.000
346.978 35.414 749.814 -576.691
240.397 -720.990 444.008 -531.187
ADD 891124017 1000.000
-101.033 709.311 123.456 244.476
-425.373 636.195 -995.687 548.843
ADD 893955193 0.000
-421.828 128.973 -455.438 -513.685
933.262 992.819 131.195 708.549
ADD 894673605 1000.000
-754.068 600.524 17.479 -781.649
576.099 240.525 181.406 -740.759
ADD 897014111 0.000
-391.940 -941.082 359.239 -240.346
-882.892 967.925 -195.164 -136.637
ADD 897760379 0.000
597.614 139.708 181.909 -515.433
-156.635 322.810 -224.667 149.620
ADD 899749086 1000.000
574.199 424.866 943.390 735.719
442.241 -296.611 141.120 650.960
ADD 901026549 1000.000
491.234 968.631 980.403 839.476
-438.658 959.704 615.447 222.356
QUERY
ADD 901575878 0.000
-59.720 312.137 286.699 -22.888
-115.214 462.234 54.419 63.623
ADD 903098529 0.000
-612.224 -723.689 302.446 631.582
223.725 741.590 -968.503 868.197
ADD 905042575 0.000
275.319 -528.684 -573.245 306.110
-140.859 527.884 113.149 20.326
ADD 905148394 1000.000
-17.209 991.576 -249.535 425.369
-922.475 -716.838 -682.000 674.617
ADD 907103719 0.000
-639.957 650.429 510.067 -909.676
-384.231 -605.431 406.674 -226.030
ADD 907132820 0.000
835.824 798.018 306.385 344.859
-798.757 443.912 699.991 806.779
ADD 909495427 1000.000
-957.845 -137.968 911.035 645.313
-608.192 271.135 533.297 -366.925
ADD 910280941 1000.000
-748.816 -982.385 610.162 -837.636
-44.406 -787.916 82.063 809.190
ADD 912112356 0.000
-944.880 -845.074 -630.746 5.085
197.784 714.568 77.262 351.057
ADD 912364730 0.000
944.912 116.477 817.111 153.386
-978.701 44.927 -454.434 -539.985
QUERY
ADD 915035825 0.000
575.419 223.434 -632.737 819.387
126.231 941.496 -593.449 745.786
ADD 915284919 1000.000
-275.295 -885.436 -128.416 754.343
-920.092 205.247 -156.416 613.622
ADD 916035348 0.000
980.853 -591.395 92.651 -878.317
-507.733 -525.947 797.866 -116.821
ADD 917509152 0.000
-655.252 -286.345 -922.653 -885.385
-358.703 917.505 -769.244 -709.507
ADD 919395158 0.000
-505.187 956.052 464.717 369.296
-884.384 -633.135 533.990 -317.727
ADD 921170696 0.000
192.877 122.027 183.518 -752.457
-66.596 -335.171 701.827 -204.782
ADD 923714605 1000.000
932.461 553.447 130.635 -326.046
487.247 -59.793 457.283 908.167
ADD 926938991 1000.000
43.825 387.410 -557.020 85.073
-706.780 -18.129 -227.203 439.528
ADD 928253718 0.000
133.139 949.216 -708.214 984.170
-743.114 -903.282 -582.250 189.507
ADD 929848958 0.000
32.167 -287.951 -391.212 -324.301
-307.135 -950.455 562.801 324.222
QUERY
ADD 932548543 0.000
934.924 551.247 -696.595 748.413
-490.697 -867.862 919.778 -213.720
ADD 932972450 1000.000
-393.085 -782.455 707.285 771.025
-506.497 2.596 282.706 440.882
ADD 934254006 0.000
294.426 580.853 -908.275 907.143
-357.519 -925.933 295.957 285.183
ADD 937397991 0.000
-157.487 -880.621 855.336 -142.534
391.688 237.106 -171.331 -410.506
ADD 938762930 0.000
-449.662 656.209 -751.389 874.228
-669.546 479.184 -165.495 264.155
ADD 940822952 0.000
380.396 -126.876 -344.682 516.852
219.295 44.843 -30.755 -863.224
ADD 942882111 1000.000
-928.859 -127.554 886.075 -708.957
735.626 233.233 641.385 91.519
ADD 945125142 1000.000
123.863 277.770 113.814 -970.592
-445.947 -183.251 992.799 -168.733
ADD 946051947 0.000
589.335 309.865 -820.878 458.987
-201.920 -553.031 -327.371 -155.487
ADD 949102200 0.000
988.692 -724.407 898.517 -918.028
701.700 960.418 -375.413 -464.597
QUERY
ADD 951530584 1000.000
701.492 -940.483 620.073 750.486
-555.512 868.901 -977.839 -721.151
ADD 954227546 1000.000
-53.610 -664.584 -71.104 418.311
568.393 -246.043 -312.270 -351.762
ADD 954759576 0.000
-223.798 -520.753 336.998 834.719
-674.111 -896.085 -153.305 552.429
ADD 957772566 0.000
270.166 -784.520 -468.311 -952.467
-670.156 -15.637 340.146 -963.509
ADD 958134037 0.000
-279.776 -821.554 137.043 915.076
956.118 -816.587 276.755 879.820
ADD 959838258 0.000
742.853 -590.002 17.591 -800.240
-443.983 -637.260 -52.608 15.131
ADD 959940893 1000.000
739.272 564.545 -25.855 711.815
-0.931 -398.382 -226.366 -321.921
ADD 962870224 0.000
9.917 -679.298 422.867 489.876
-597.485 166.191 -142.682 -673.595
ADD 963709201 1000.000
3.961 733.076 835.716 -933.317
543.356 38.314 44.064 -218.963
ADD 964600236 0.000
396.938 -490.562 -384.485 -374.337
-358.395 -669.274 386.029 -76.215
QUERY
ADD 965861774 1000.000
-32.484 185.474 789.936 976.919
35.304 -702.583 543.396 -640.754
ADD 968899277 0.000
-434.146 867.517 677.979 -655.390
-447.477 -645.472 349.229 28.795
ADD 970063800 1000.000
412.971 501.271 869.139 -79.189
438.376 -814.674 -122.524 -697.586
ADD 970595361 0.000
934.356 -234.785 -600.508 -661.191
-785.157 -210.300 359.758 939.106
ADD 972005221 0.000
141.181 964.381 -631.295 853.222
-584.491 152.027 -101.725 493.747
ADD 973565932 0.000
-33.296 783.532 743.738 637.836
-768.104 364.316 611.133 -655.207
ADD 975262246 1000.000
304.951 -742.143 -665.685 -304.321
804.166 401.796 111.641 -6.346
ADD 976748045 0.000
360.815 220.474 20.991 887.472
212.418 395.384 -755.958 405.248
ADD 979361775 0.000
222.351 -501.589 -186.059 721.761
-230.903 923.538 -577.810 641.266
ADD 983162894 0.000
820.508 -418.250 705.582 -510.100
259.758 -510.197 984.783 948.207
QUERY
ADD 985119022 1000.000
-286.433 -243.920 -459.317 562.471
-210.789 257.212 883.298 -609.368
ADD 989332017 1000.000
-709.262 -381.449 -952.043 783.421
429.666 690.869 374.469 -893.163
ADD 992671404 1000.000
-488.157 -336.178 -111.839 -878.774
94.374 -593.573 -95.687 -4.663
ADD 995167649 0.000
149.252 993.039 292.177 -988.284
-531.945 216.888 -264.077 571.589
ADD 995452128 1000.000
-927.705 661.687 -410.768 625.482
678.887 734.300 -218.365 -391.801
ADD 997676605 1000.000
-409.277 280.033 -308.266 250.799
-259.025 -725.149 624.114 355.530
ADD 999694984 1000.000
715.264 465.178 -165.713 -381.477
842.552 -509.159 625.476 -650.149
ADD 999783670 0.000
128.743 237.259 425.870 419.040
982.684 63.379 239.100 501.569