1 329 408 272
754
9372
7424
9390
8928
4601
7264
2135
8063
3952
4995
1727
3525
2563
10604
9047
6963
1540
10736
9750
1998
7534
10073
9872
6061
2184
5629
4622
1420
4251
8801
10217
8057
9560
1424
7452
7495
1073
4722
8262
9294
2122
2889
2637
2948
8452
2438
7490
5044
8542
4789
1351
1263
4947
7991
8754
10993
3966
5077
3558
4842
7275
10644
4030
7562
7232
5643
6963
2090
5277
8224
3748
8385
6843
4849
6298
4231
5389
6609
7026
2686
2366
4088
9305
6419
10675
7099
2930
3948
8505
10341
6460
2945
4280
1749
4215
7034
4660
3709
9284
3457
3187
2338
6128
2401
6404
1674
10190
10244
3451
5982
7924
7892
9248
3655
2875
2582
4457
9897
5711
4427
9446
8107
4962
7021
2699
3207
1212
3988
8753
6195
8525
2205
7266
3259
2047
5234
8869
10104
9538
6575
2104
2389
10705
9249
9089
4193
8285
10934
10033
2987
10036
7449
5827
2934
8866
6039
10422
1419
3384
8538
10828
2953
2113
10311
10162
1286
1988
5086
8226
6778
2364
8542
4560
7622
2897
10138
2593
1607
4262
5969
3988
5015
6675
6026
1396
9756
3106
2674
1492
5328
2894
9819
1659
10309
7575
2670
3608
7801
5026
6933
4373
3392
1495
5494
8609
5634
10793
3816
9909
4375
5857
10276
10906
6582
7324
7259
6455
7375
6230
7487
1336
9426
3430
7181
2110
3192
6103
3567
7788
5110
7043
6892
9428
9145
7260
7493
3505
4562
5481
4088
4483
8957
2979
10987
8857
7561
1425
5840
4771
7862
1301
1997
3674
5905
2193
2639
3451
6353
7759
7864
3825
7559
5677
4954
4693
3806
6049
7184
3477
2403
8804
9359
2129
7550
6126
6128
10256
4582
9921
9270
7875
1660
2621
5088
8342
8463
6913
7015
7715
10227
5247
6295
7946
8619
8163
8049
2404
10684
3664
9435
10851
3282
1144
9723
9210
7365
4469
3863
1293
6951
7489
8205
9489
5980
6752
3617
6483
4197
3119
10153
7746
2189
10923
9472
6340
10819
9869
2782
4086
2438
9076
3802
6730
2253
6017
5126
1580
2664
3139
6280
10264
7922
9557
1303
3073
5344
3685
1764
3437
4649
7309
7315
2231
3868
5381
6679
4960
5249
3184
1969
9698
2450
10929
2775
3769
5412
3104
3630
7022
5308
5623
3869
6008
10917
1380
10973
8150
5965
5528
9309
10207
4804
4689
3011
3176
9499
1029
5631
3247
1398
8513
1424
7861
1963
2786
7981
1678
2288
2771
8843
1878
1094
6397
3236
2134
9000
5818
3970
2271
2542
3973
1354
9936
8863
2847
8441
2138
2698
10500
10711
1125
5515
4257
6617
5551
2805
3536
6352
1214
8399
7793
10722
2701
9815
6483
9123
3855
10255
2928
4451
10228
1352
10324
8363
3367
10627
7684
6702
3669
10936
10914
10534
10616
7207
8399
10524
10048
9910
8027
3483
6151
9200
7626
1823
7146
9060
8397
5599
3629
4052
3903
1926
10200
3675
4546
2138
10551
9312
2830
4896
8679
7037
6905
2464
2701
6629
6597
7602
5918
4823
5914
2252
6067
3682
7486
2060
6945
2916
9939
9001
4821
10605
1398
9098
1438
8000
1839
8304
10270
5691
2361
3581
8320
5018
5469
8145
6874
9431
9341
8208
1191
2911
4411
1390
10703
5324
5398
1163
2999
8896
6626
8128
2904
3633
7204
10783
3315
7033
4897
2339
8159
1424
3562
3587
1178
2554
4957
10605
8675
5841
7995
8502
4916
9204
4503
6470
6915
8880
10831
10417
10003
6629
4098
7786
7160
6958
2246
8836
3034
8737
4648
9292
5762
3747
10307
9728
7652
4053
5001
10527
8319
7846
3753
2423
5029
2114
6513
5230
3216
9691
5497
4728
1213
4157
10155
7886
6014
8186
5014
6738
2211
5109
10485
3344
3171
6758
8680
7366
7813
10836
4881
5301
9565
4083
2592
2358
8055
8933
4028
9957
4824
1263
10057
2249
1756
5698
5392
3507
2721
4910
6436
10800
9694
5409
9148
4276
2085
9777
6276
8094
8661
2666
3344
5970
6893
8012
10595
7712
8497
4108
3580
2549
2832
8641
10617
5023
9910
4457
3034
5168
5986
3787
8156
3145
8274
9246
5119
4565
10136
6103
10902
4643
9220
1991
2973
1968
6824
8449
10127
6433
10628
9270
6953
9014
7559
7297
2112
3552
10887
7133
3728
7265
3161
4877
7672
9629
5926
6091
1230
2533
9693
2837
7616
7335
9873
10888
9712
1741
1067
1175
4569
7436
4727
7706
5996
9861
10285
8047
7548
5242
8338
9131
7758
6668
7773
9567
1615
7957
8968
4739
3794
3197
2657
8625
6866
4889
2696
4781
4133
4642
9236
1948
2145
2575
2663
8476
4301
3973
8798
7705
5420
7665
2729
6078