323 6790 658
861 470
548 4290
658 4680
303 1760
647 1620
422 3980
771 3150
693 3690
638 690
411 6270
798 2150
266 3890
703 3720
960 690
753 1120
169 1080
137 1910
969 5400
858 3270
85 2070
29 4210
964 6550
914 1700
419 3230
470 630
404 1690
633 380
157 5180
180 5680
589 1350
772 1490
604 450
120 2450
65 5000
147 4870
126 4300
520 1010
668 1640
418 440
79 5920
198 3620
702 4250
26 5970
168 6760
245 730
202 4350
137 5030
428 2870
156 6000
706 5900
524 2990
132 1700
39 120
282 1950
69 30
848 4560
324 1710
311 590
839 1950
951 4200
842 4370
494 2680
379 130
34 3290
333 3260
556 1970
444 5890
501 5990
900 1620
196 4830
145 3070
380 2150
690 3420
560 5960
77 3100
447 1080
894 540
972 4630
352 5060
820 2910
472 3400
362 1980
210 5060
278 6330
317 6180
537 270
307 6680
162 310
257 4260
228 2070
477 3890
700 4030
729 500
658 5680
244 1160
568 230
986 740
243 6580
803 6140
226 2260
605 6760
993 4990
853 1560
535 1770
187 1000
549 4580
713 3710
983 1830
831 5010
74 360
218 1370
35 4220
87 6280
938 1270
332 4750
194 4370
729 4240
673 3240
301 2540
464 2050
662 4550
393 4480
920 6740
596 1040
768 4640
391 2790
821 1130
354 1150
365 970
651 4740
682 470
729 90
60 2900
27 6170
407 1990
227 5260
554 3500
798 3160
565 4690
116 2230
675 5540
187 3870
770 440
494 3370
111 1470
914 3120
205 5900
875 5680
755 1210
380 2580
556 5200
17 6090
392 6210
490 250
596 2620
879 5530
847 980
279 1230
614 4200
410 5460
272 2890
580 1840
259 770
345 540
740 5600
495 2920
588 1470
56 6200
681 4140
335 3980
979 1770
927 350
819 3320
961 1100
637 3160
861 930
598 3350
201 950
439 1460
501 2390
128 6300
557 950
581 1360
134 1200
165 1570
920 6320
513 390
263 5630
883 4260
63 6580
245 360
876 1750
750 4960
260 2990
45 2700
766 3440
33 5940
13 6380
95 190
157 1240
146 4140
491 4980
323 4450
468 1560
125 480
475 3120
800 3490
164 320
353 6330
807 6570
616 2650
22 2180
578 470
529 5730
343 5600
567 1620
990 1690
297 420
805 770
255 4220
713 4070
224 3730
798 980
773 5690
854 2000
910 1630
480 440
369 1030
396 5090
30 3760
866 80
890 4570
162 3340
617 5100
940 5820
17 3630
929 550
904 1360
260 1140
792 4920
916 2560
582 1660
341 3350
420 4860
523 4150
147 3020
737 3830
70 4870
463 1560
200 720
18 160
485 5200
940 2510
701 3970
200 2350
72 4470
664 1600
470 2270
789 2400
399 1220
598 2970
754 6590
893 60
527 6200
347 1350
340 5540
818 3480
901 3150
156 5970
604 2070
687 3770
290 5360
687 970
568 3970
742 6510
748 2070
307 4560
680 6060
884 2320
189 4630
814 4690
365 3890
79 3840
969 370
82 3550
339 4470
384 5600
883 3310
920 3600
684 430
220 3700
189 2720
874 1070
448 2910
349 5440
568 3380
242 2710
120 570
444 6600
673 2470
555 5530
468 330
329 2530
932 5760
749 4870
290 810
481 1550
750 910
400 6080
34 2060
37 6650
908 880
82 5840
751 4870
384 3050
75 1510
492 4090
170 1710
638 2400
516 1460
47 4180
298 6200
806 4600
983 2880
653 1680
698 4230
503 3490
310 680
95 1400
37 4310
333 3130
436 2680
795 2650
686 4000
478 2770
205 2060
57 6000
583 840
105 2760
694 4650
397 5380
585 740
569 3970
347 2920
948 4120
145 6620
110 5740
545 4280
191 1320
596 2270
300 1280
195 4930
909 2170
107 2060
528 2580
511 5490
611 2290
775 3010
182 510
442 1310
316 510
60 1390
377 6310
996 3800
340 2220
123 3700
519 6510
568 4910
865 2590
824 20
386 3770
726 440
416 2140
494 5080
317 5410
575 1660
385 3250
46 5660
12 1770
105 210
765 1810
303 3820
785 6270
727 6590
837 3810
749 5840
876 4730
712 4020
75 5450
209 560
112 5760
442 5350
186 370
987 690
389 2670
887 1250
482 6470
778 2950
386 3270
214 6010
376 5020
582 2890
211 1440
930 390
443 4730
44 2560
623 3000
476 2560
762 3960
12 4510
484 2320
113 6540
408 6770
71 1130
653 2420
706 4040
442 5080
335 250
160 6270
19 3190
613 160
528 3730
831 5240
605 320
583 1350
205 3090
645 1170
374 2990
373 1990
883 790
488 3470
227 2020
106 6370
190 2080
532 3900
985 6650
348 6770
405 5480
853 5760
148 6770
364 2400
20 5710
505 2160
299 2730
967 3880
224 740
935 4040
881 2510
3 6210
617 880
389 3110
686 6610
530 420
235 5440
78 5700
70 310
597 6110
557 5320
732 2920
753 5070
414 2060
342 5200
305 4410
489 3330
529 3380
279 4050
157 4860
690 1690
566 5270
883 3950
665 5640
633 4980
319 1740
825 3360
803 1730
997 6330
348 2670
177 3220
599 1920
150 2090
276 5150
609 5290
197 4510
49 3900
769 3990
119 6250
990 3200
630 610
973 2540
375 4610
462 1930
234 1330
874 170
415 2680
557 2630
16 1020
512 4510
488 4400
90 2720
728 6400
305 1130
797 1220
724 4300
247 150
760 3860
41 4840
800 4180
707 2260
258 1200
355 1250
272 1290
42 4800
251 6110
418 6110
71 6570
682 3750
339 5770
770 3830
508 170
934 2990
102 1560
504 3340
911 2920
630 2610
284 6220
494 5360
894 400
307 6300
945 6750
670 6030
247 4650
46 3430
336 630
838 2030
471 130
847 4400
281 4060
266 4390
309 6470
997 6750
886 2000
448 1470
573 6790
780 4930
440 3810
350 740
342 5910
711 1620
278 1680
333 1260
203 1540
888 910
180 4440
824 40
223 2550
228 2050
511 5100
582 2220
90 110
846 6310
371 2210
779 3940
591 1640
824 830
218 6340
616 3570
554 4340
687 4800
953 3840
435 1780
293 2660
988 6200
247 790
111 4180
875 6040
535 2900
39 2140
858 870
511 560
745 4820
563 5730
224 190
712 5200
994 5300
854 3260
817 1200
225 5540
272 760
310 6210
383 4060
306 2120
220 6190
948 1870
527 3560
914 4340
523 1380
699 2680
578 3260
981 390
739 390
149 3230
427 140
457 5090
330 4070
280 4610
137 5420
996 3880
481 4760
301 3010
279 780
824 4090
659 6680
138 5270
90 740
842 4530
573 2070
941 1450
686 4080
723 1740
728 4160
344 3350
218 4970
753 4590
341 980
363 3070
85 4160
875 5170
766 950
226 2370
510 310
648 2740
939 4920
773 900
940 6490
890 1070
692 4830
582 170
282 4960
150 1040
114 1880
847 1480
428 2440
235 6100
981 360
262 6290
750 3350
184 3750
557 5310
382 6710
453 3680
425 2720
7 2450
719 3120
64 1010
235 1350
521 3230
237 1400
454 60
