505
1
1 2
1 3
3 4
4 5
2 6
6 7
7 8
6 9
5 10
2 11
7 12
2 13
3 14
7 15
15 16
5 17
16 18
5 19
2 20
14 21
10 22
18 23
23 24
22 25
5 26
15 27
11 28
11 29
12 30
6 31
26 32
16 33
31 34
3 35
2 36
22 37
22 38
1 39
19 40
38 41
4 42
12 43
17 44
37 45
10 46
8 47
36 48
32 49
16 50
35 51
35 52
18 53
18 54
19 55
38 56
50 57
16 58
12 59
59 60
45 61
26 62
15 63
5 64
19 65
40 66
49 67
39 68
9 69
1 70
42 71
13 72
47 73
19 74
5 75
38 76
27 77
34 78
31 79
10 80
54 81
81 82
71 83
77 84
17 85
50 86
30 87
36 88
3 89
33 90
73 91
48 92
81 93
68 94
80 95
84 96
86 97
19 98
88 99
81 100
19 101
68 102
39 103
15 104
58 105
13 106
63 107
43 108
95 109
49 110
54 111
60 112
95 113
101 114
86 115
1 116
49 117
95 118
35 119
117 120
49 121
87 122
28 123
27 124
7 125
51 126
54 127
67 128
127 129
125 130
64 131
27 132
22 133
97 134
15 135
28 136
101 137
43 138
101 139
102 140
5 141
25 142
114 143
25 144
51 145
34 146
37 147
41 148
44 149
37 150
13 151
37 152
4 153
115 154
151 155
34 156
39 157
155 158
42 159
132 160
120 161
29 162
79 163
113 164
89 165
153 166
155 167
64 168
34 169
137 170
109 171
125 172
85 173
83 174
13 175
168 176
58 177
32 178
67 179
51 180
144 181
41 182
103 183
50 184
172 185
120 186
173 187
81 188
133 189
148 190
49 191
156 192
167 193
26 194
18 195
22 196
12 197
102 198
60 199
34 200
191 201
169 202
26 203
152 204
135 205
10 206
100 207
71 208
76 209
118 210
43 211
111 212
24 213
67 214
171 215
103 216
161 217
191 218
144 219
78 220
173 221
200 222
113 223
103 224
150 225
104 226
83 227
55 228
98 229
173 230
143 231
176 232
190 233
158 234
49 235
230 236
43 237
212 238
236 239
62 240
193 241
227 242
187 243
138 244
188 245
118 246
200 247
47 248
219 249
237 250
192 251
95 252
219 253
81 254
3 255
232 256
76 257
35 258
19 259
49 260
53 261
14 262
174 263
218 264
206 265
249 266
241 267
26 268
193 269
50 270
44 271
123 272
226 273
43 274
190 275
234 276
172 277
246 278
55 279
40 280
154 281
192 282
247 283
241 284
55 285
129 286
281 287
122 288
240 289
192 290
245 291
287 292
292 293
20 294
151 295
39 296
46 297
113 298
161 299
59 300
185 301
287 302
37 303
259 304
245 305
280 306
76 307
267 308
236 309
7 310
39 311
185 312
175 313
65 314
70 315
142 316
37 317
255 318
269 319
200 320
172 321
69 322
216 323
273 324
243 325
186 326
93 327
93 328
192 329
300 330
259 331
235 332
88 333
222 334
47 335
134 336
275 337
310 338
12 339
20 340
28 341
150 342
29 343
118 344
224 345
311 346
82 347
279 348
61 349
169 350
116 351
270 352
135 353
158 354
173 355
27 356
262 357
312 358
332 359
179 360
147 361
198 362
12 363
43 364
204 365
359 366
89 367
291 368
149 369
50 370
46 371
362 372
128 373
265 374
53 375
348 376
183 377
151 378
92 379
279 380
104 381
5 382
293 383
324 384
9 385
102 386
144 387
70 388
137 389
282 390
79 391
43 392
143 393
366 394
338 395
157 396
270 397
264 398
63 399
211 400
305 401
348 402
73 403
325 404
20 405
239 406
301 407
123 408
50 409
194 410
193 411
187 412
316 413
344 414
26 415
87 416
314 417
376 418
210 419
347 420
129 421
203 422
151 423
330 424
212 425
100 426
249 427
229 428
183 429
36 430
8 431
94 432
337 433
356 434
170 435
166 436
292 437
206 438
400 439
168 440
267 441
74 442
303 443
7 444
171 445
392 446
279 447
353 448
290 449
377 450
171 451
226 452
196 453
94 454
261 455
429 456
242 457
248 458
454 459
80 460
197 461
126 462
42 463
446 464
347 465
353 466
108 467
278 468
429 469
216 470
306 471
424 472
200 473
445 474
26 475
258 476
243 477
468 478
33 479
255 480
329 481
345 482
422 483
177 484
51 485
167 486
44 487
78 488
313 489
276 490
208 491
265 492
390 493
411 494
57 495
21 496
121 497
7 498
40 499
255 500
5 501
190 502
406 503
212 504
307 505