45 61
790
32
934 479 755 129 828 689 387 876 796 992 980 995 922 683 144 893 52 448 990 809 829 910 325 855 1000 885 136 866 893 337 904 923 935 800 977 808 993 1000 936 92 440 428 803 878 790
826 552 538 929 881 646 286 993 983 845 83 1000 259 879 922 990 60 891 963 996 129 731 342 759 875 228 985 822 901 881 828 905 873 112 469 300 914 815 796 389 923 857 802 829 62
995 44 987 829 61 834 223 238 799 399 551 825 777 487 89 934 728 194 279 131 460 828 495 24 866 857 309 883 492 832 873 226 950 857 649 491 223 919 883 480 18 541 946 462 272
409 606 532 901 881 900 939 252 392 522 82 680 356 805 204 816 837 149 829 656 925 902 610 83 108 286 748 722 797 290 244 201 990 655 934 277 336 713 830 862 396 623 891 810 877
98 803 557 18 790 934 966 987 990 315 889 834 853 496 387 962 377 967 111 967 794 721 963 920 975 582 957 848 700 166 172 777 997 8 689 248 953 871 140 838 493 888 973 938 227
790 837 242 828 981 965 185 834 389 976 791 843 5 150 129 84 949 870 440 992 964 575 968 940 992 797 921 964 328 976 233 837 734 823 918 76 869 350 837 689 884 911 214 989 880
881 806 856 165 930 922 305 239 846 199 977 708 855 562 171 891 877 1000 800 589 128 329 889 988 931 958 653 58 978 988 900 767 946 689 381 138 939 306 809 720 861 934 905 110 997
815 928 667 20 499 350 790 601 790 54 862 1000 818 844 1000 681 507 889 587 933 907 622 850 410 532 905 804 830 957 290 897 899 842 790 905 399 810 889 544 955 234 621 194 230 716
976 5 957 923 225 49 833 580 878 138 838 823 473 820 256 192 976 848 11 11 374 988 657 363 809 70 515 881 863 437 128 853 932 924 667 803 339 332 309 846 752 457 261 655 497
899 663 406 886 324 890 646 877 341 906 453 601 905 641 951 719 966 904 681 739 842 123 894 821 476 676 830 942 6 935 909 561 835 926 932 721 978 688 871 398 545 769 872 480 977
470 950 828 807 898 464 478 707 838 132 17 938 956 874 384 255 884 830 828 813 894 846 225 59 790 195 749 521 878 790 811 371 969 450 926 819 111 386 336 844 812 845 985 854 946
237 872 291 137 146 992 277 19 999 790 223 897 139 727 295 851 839 869 893 628 737 921 318 940 812 470 916 841 189 647 911 818 894 843 985 258 188 877 770 816 487 850 832 819 919
280 317 903 837 750 528 128 54 984 885 207 328 888 898 992 839 411 303 807 959 530 643 819 309 538 925 82 225 618 8 917 879 72 973 177 956 999 872 895 259 671 928 740 952 171
606 941 902 769 276 509 844 994 877 894 408 907 969 936 834 394 910 168 483 856 401 349 849 365 818 312 190 926 950 805 172 907 216 242 953 845 869 294 303 835 886 977 894 133 903
876 943 930 167 964 874 90 713 956 759 1000 914 580 931 176 749 916 509 110 991 471 700 723 926 850 642 971 868 50 824 277 897 793 790 897 954 109 848 988 470 367 904 991 870 729
778 991 960 807 197 688 949 589 827 414 901 971 871 711 894 841 920 891 889 807 363 890 925 208 885 658 88 767 91 1000 129 378 776 170 920 259 121 312 984 481 984 830 914 161 349
852 999 884 920 516 546 846 143 826 955 982 277 996 873 237 683 899 790 750 222 906 796 823 604 493 702 489 445 173 831 405 560 841 608 820 303 529 933 394 469 839 505 318 861 463
756 701 321 154 379 97 390 922 270 816 830 806 836 584 83 247 986 920 790 86 600 921 547 821 874 304 849 522 872 882 43 891 392 484 803 875 960 405 375 237 261 884 80 987 185
592 862 69 821 926 888 802 642 871 879 870 255 137 894 945 552 921 181 647 843 987 842 644 696 953 87 78 896 791 215 259 779 892 347 492 676 915 777 143 776 438 886 264 74 178
379 676 836 227 478 955 962 702 852 907 938 244 800 966 118 860 296 903 326 796 953 789 838 847 361 449 865 839 19 587 888 247 790 894 649 989 336 915 933 738 659 564 145 879 553
933 120 597 854 836 610 856 931 834 203 319 199 469 28 757 868 856 370 989 901 916 605 934 954 986 372 42 901 928 513 433 723 827 828 790 993 873 989 942 799 656 225 935 878 141
848 185 712 791 861 93 993 851 934 904 937 556 351 795 658 566 997 132 465 236 618 796 815 866 952 619 886 734 808 821 444 29 798 660 915 925 974 876 901 924 227 45 721 179 946
258 882 820 937 404 762 870 83 877 124 797 42 857 396 942 835 944 355 537 396 448 876 500 887 834 704 434 456 794 873 400 129 33 1 528 582 979 926 938 795 4 927 846 845 827
51 812 834 713 747 994 982 819 874 794 850 734 649 982 211 959 849 804 880 365 161 833 839 766 657 539 82 824 980 785 682 998 918 920 708 902 998 305 364 854 968 970 21 576 43
915 969 959 923 42 815 367 905 853 411 815 518 919 626 247 534 650 70 921 136 575 546 831 958 922 143 740 6 605 867 898 44 288 814 781 848 904 807 843 545 898 553 824 971 790
873 780 881 177 771 899 535 900 964 939 388 901 942 885 273 949 60 647 827 330 719 958 640 437 272 659 807 821 688 834 934 103 374 221 237 512 916 248 111 442 306 54 251 838 954
744 745 779 869 674 898 842 896 938 202 795 813 803 954 264 896 565 896 303 767 802 865 898 102 726 941 676 25 825 787 343 802 580 28 473 749 995 804 299 973 421 615 183 483 845
267 969 890 877 873 986 205 121 379 919 720 1000 16 419 876 790 279 796 921 950 831 772 868 960 820 859 135 95 808 921 936 997 920 516 820 875 799 455 120 660 88 795 448 541 896
3 798 617 696 879 598 310 922 274 804 952 832 904 948 866 211 718 847 831 512 925 312 858 308 614 876 324 806 190 180 755 796 902 680 983 829 962 454 387 160 859 810 950 820 963
9 790 937 849 39 966 657 757 824 857 792 459 534 970 141 748 231 821 444 315 600 972 766 691 136 834 806 383 806 699 45 812 807 801 636 865 280 160 738 909 513 230 461 625 297
470 891 140 809 833 957 644 6 922 829 278 130 135 761 75 258 791 790 773 869 429 801 839 31 543 905 126 878 658 313 969 875 849 392 170 501 584 424 1 115 999 994 107 895 828
974 695 790 499 994 990 886 480 200 807 790 918 898 954 146 880 888 996 900 35 606 986 399 831 80 977 373 790 965 482 915 30 866 335 349 158 381 679 989 918 841 932 874 365 996
48 640 861 63 842 886 834 872 12 843 980 891 134 497 984 233 910 934 841 137 995 649 357 521 522 819 996 819 211 450 829 966 296 921 163 238 116 580 921 893 979 892 957 137 311
44 269 917 120 651 689 807 380 287 197 638 978 814 234 292 896 991 902 433 948 399 413 878 622 864 979 888 819 422 885 844 804 550 978 957 210 965 341 138 419 660 263 305 744 816
852 916 872 84 255 305 96 171 722 692 830 405 810 883 593 629 831 421 844 62 458 336 14 41 59 649 891 973 925 990 962 402 536 843 926 825 282 417 967 905 127 768 846 976 948
291 522 878 992 116 800 49 828 21 883 140 53 634 898 384 466 799 157 443 115 313 917 891 101 30 762 866 940 84 837 924 945 878 353 304 941 993 852 804 856 647 328 917 272 270
432 849 971 542 917 263 305 76 862 957 879 792 306 115 853 532 812 164 727 815 941 356 13 795 646 259 976 843 849 151 975 495 578 992 831 986 21 739 130 649 871 928 638 641 400
941 867 994 900 837 657 794 192 791 679 941 718 989 170 833 95 670 917 103 422 199 799 152 149 915 836 64 151 1000 492 531 89 402 80 254 959 848 78 302 486 990 717 949 961 18
834 972 315 886 458 827 894 239 887 221 958 912 370 983 921 599 346 885 806 885 678 959 13 994 864 209 692 883 489 983 40 802 537 565 88 131 519 798 22 611 888 856 904 956 632
623 829 828 958 116 59 558 704 50 321 579 880 824 846 904 848 687 998 857 930 885 911 803 122 790 77 875 892 975 434 756 816 939 786 832 454 913 696 905 155 448 280 47 663 276
904 126 475 845 918 821 802 82 918 886 946 723 191 800 970 818 449 573 795 289 792 346 922 864 6 997 859 509 865 471 93 972 901 891 436 869 17 875 278 856 37 500 796 963 869
77 815 318 145 399 25 962 410 138 797 919 793 997 857 738 822 870 976 527 910 985 125 938 892 612 931 999 464 328 622 790 412 832 844 509 431 445 997 950 617 906 695 632 915 564
803 49 851 870 854 684 70 701 131 981 936 987 564 366 931 996 393 411 178 387 160 847 848 878 556 864 938 944 19 528 862 505 496 921 947 834 241 273 830 986 878 875 132 659 45
260 856 324 969 848 458 889 998 1000 267 76 833 793 973 954 43 368 899 953 816 401 703 130 895 792 785 675 54 721 479 653 485 189 942 201 952 963 607 617 136 38 768 906 985 837
325 918 792 890 444 428 519 460 980 580 790 812 922 372 912 627 902 834 530 983 287 820 75 290 410 679 979 91 569 980 955 406 981 244 965 815 796 787 949 674 981 844 949 866 688
290 790 231 410 794 544 94 478 870 487 943 840 658 600 799 991 843 925 376 403 817 82 763 544 998 237 916 647 990 822 959 42 951 969 804 896 822 801 966 27 843 188 42 974 559
809 838 645 301 137 992 439 819 242 121 911 958 125 790 982 541 506 1000 367 609 808 490 746 104 902 869 734 326 640 725 289 984 725 636 936 857 911 302 937 791 386 759 816 1000 526
122 844 590 807 572 809 345 142 207 970 599 453 891 824 886 405 500 905 697 966 839 430 211 688 445 390 795 30 821 791 274 170 189 923 639 970 524 904 860 893 872 820 987 919 967
722 850 254 657 597 382 971 834 988 390 489 912 928 673 854 221 865 158 989 175 997 15 819 876 295 922 950 824 840 567 88 159 888 976 792 996 861 389 742 265 858 930 22 974 985
618 383 386 231 99 104 923 981 584 687 872 852 315 276 479 948 509 860 858 388 888 370 622 838 43 922 199 738 929 134 549 892 570 977 922 204 889 775 822 503 947 23 795 961 380
842 777 877 886 126 973 925 867 790 523 450 508 313 825 942 698 492 165 805 331 928 986 923 984 893 120 988 499 562 977 22 691 808 606 817 943 366 240 664 890 347 974 170 944 360
907 880 625 805 823 671 885 887 512 888 810 178 247 645 629 816 417 844 857 992 905 380 675 990 842 916 792 105 859 976 953 963 572 913 157 927 556 865 747 808 33 398 973 970 203
13 929 225 554 969 364 191 637 944 12 287 224 864 24 999 2 879 871 946 716 545 834 798 126 578 66 21 523 669 874 944 840 884 718 945 702 840 956 161 696 73 658 959 818 374
923 119 535 648 888 36 870 845 891 226 403 892 853 529 793 182 697 461 22 311 822 156 801 689 513 513 753 435 1000 906 863 811 790 515 935 903 204 879 259 899 939 103 815 738 962
581 727 400 802 845 106 213 202 836 850 831 982 908 953 961 817 425 890 532 505 36 828 805 552 796 736 800 614 684 195 217 941 779 311 987 559 332 659 825 286 770 251 228 255 882
606 865 856 497 324 618 851 125 737 783 104 809 678 746 299 995 981 11 438 909 136 998 964 803 652 863 325 411 829 28 662 851 958 874 884 834 872 919 409 64 820 771 934 517 118
525 234 890 764 58 966 930 546 243 955 985 189 491 791 412 10 125 731 562 993 619 972 72 798 368 802 305 882 735 963 815 982 790 812 353 443 51 637 865 875 888 126 340 836 759
852 518 583 964 689 608 72 39 836 893 418 812 862 921 435 957 839 717 472 932 919 805 389 324 955 811 826 905 141 110 954 791 179 632 815 919 847 63 735 636 460 816 792 805 557
895 869 493 337 780 763 337 851 768 758 490 841 748 805 390 843 837 814 897 779 577 917 390 795 892 583 335 348 995 846 201 380 934 813 88 810 855 640 334 688 7 264 308 973 481
181 757 846 940 116 280 907 502 576 8 3 536 908 729 794 893 803 494 888 608 998 293 674 748 949 196 1000 865 974 487 159 732 996 487 533 946 392 168 559 831 905 307 190 415 868
631 531 353 822 745 958 776 944 804 956 842 183 798 23 910 930 875 541 470 689 969 989 268 126 138 377 868 872 527 983 825 518 841 831 852 12 931 738 279 201 819 869 963 809 790
