85
1 1 29 19 24 2
2 3 0 0 0 0
3 1 8 0 0 0
4 1 0 0 0 0
5 1 5 29 22 28
6 2 0 0 0 0
7 3 12 5 11 0
8 2 7 0 0 0
9 2 8 11 10 0
10 3 8 0 0 0
11 3 0 0 0 0
12 1 29 7 18 0
13 2 18 27 0 0
14 1 18 0 0 0
15 2 16 2 23 0
16 1 4 19 0 0
17 1 17 5 0 0
18 3 0 0 0 0
19 2 15 0 0 0
20 1 28 16 9 19
21 1 20 14 0 0
22 3 28 1 27 0
23 1 7 14 26 0
24 2 0 0 0 0
25 3 6 2 10 0
26 3 27 15 4 0
27 1 20 0 0 0
28 3 23 0 0 0
29 1 2 0 0 0
30 3 0 0 0 0
31 2 0 0 0 0
32 3 25 10 0 0
33 3 11 26 20 8
34 3 9 5 3 0
35 1 8 0 0 0
36 3 3 2 0 0
37 3 23 16 9 29
38 1 0 0 0 0
39 1 18 0 0 0
40 2 0 0 0 0
41 3 8 16 0 0
42 2 6 30 13 2
43 3 7 20 0 0
44 1 0 0 0 0
45 1 24 0 0 0
46 1 0 0 0 0
47 1 0 0 0 0
48 1 9 19 27 24
49 3 5 30 15 29
50 3 3 20 2 0
51 1 0 0 0 0
52 3 6 10 0 0
53 2 25 7 0 0
54 3 19 18 8 0
55 3 26 20 0 0
56 1 18 0 0 0
57 2 24 0 0 0
58 2 0 0 0 0
59 1 24 26 29 3
60 3 20 0 0 0
61 1 13 14 0 0
62 1 24 0 0 0
63 3 0 0 0 0
64 1 10 17 23 0
65 1 23 6 30 27
66 1 0 0 0 0
67 1 12 26 0 0
68 1 27 5 21 0
69 2 22 20 28 0
70 1 4 8 22 7
71 1 0 0 0 0
72 3 18 23 0 0
73 2 28 0 0 0
74 2 16 30 0 0
75 2 28 12 15 0
76 3 0 0 0 0
77 2 6 21 7 18
78 2 9 30 4 12
79 2 3 26 0 0
80 3 0 0 0 0
81 2 0 0 0 0
82 2 0 0 0 0
83 1 11 25 9 0
84 3 0 0 0 0
85 1 0 0 0 0