20
259
1 1 74
1 5 88
1 6 73
1 7 42
1 8 15
1 9 54
1 11 66
1 12 98
1 13 1
1 14 58
1 18 30
1 20 81
2 1 40
2 2 48
2 3 68
2 4 99
2 5 1
2 6 92
2 7 99
2 10 56
2 11 41
2 12 1
2 13 14
2 16 21
2 17 82
2 19 33
2 20 15
3 2 60
3 3 96
3 4 57
3 5 15
3 6 75
3 8 74
3 9 95
3 12 82
3 13 50
3 14 71
3 15 96
3 16 43
3 17 34
3 19 42
3 20 39
4 3 69
4 4 84
4 6 100
4 8 47
4 10 76
4 11 25
4 12 32
4 14 40
4 15 97
4 17 22
4 18 8
5 1 61
5 3 4
5 4 32
5 5 28
5 6 12
5 7 33
5 8 18
5 10 27
5 11 74
5 12 1
5 13 58
5 14 36
5 15 33
5 17 33
5 18 44
5 19 65
6 1 51
6 2 83
6 3 56
6 4 6
6 7 41
6 10 100
6 12 15
6 13 13
6 14 64
6 15 13
6 16 33
6 17 82
6 19 70
7 1 46
7 2 94
7 3 52
7 5 25
7 6 76
7 7 17
7 8 1
7 9 43
7 10 74
7 11 80
7 12 7
7 14 65
7 15 51
7 17 97
7 19 15
7 20 98
8 1 6
8 2 44
8 4 6
8 5 58
8 7 69
8 8 18
8 9 9
8 10 44
8 11 10
8 14 65
8 18 54
8 20 19
9 3 15
9 4 6
9 5 13
9 6 76
9 7 1
9 8 32
9 13 20
9 16 21
9 17 48
9 18 93
9 19 13
10 2 20
10 3 88
10 4 33
10 5 35
10 8 87
10 9 51
10 11 29
10 12 24
10 13 10
10 15 29
10 17 18
10 20 42
11 2 66
11 4 48
11 5 66
11 7 25
11 9 21
11 10 37
11 12 16
11 18 47
11 20 77
12 1 18
12 2 67
12 3 85
12 4 41
12 5 98
12 6 15
12 7 30
12 9 22
12 10 30
12 11 80
12 12 65
12 14 98
12 15 2
12 16 82
12 17 52
12 18 43
13 1 15
13 2 62
13 3 66
13 4 50
13 6 14
13 9 89
13 10 92
13 11 98
13 13 97
13 15 90
13 16 48
13 17 38
13 18 68
13 20 30
14 1 17
14 3 45
14 6 86
14 9 9
14 10 47
14 11 46
14 12 57
14 14 12
14 15 6
14 16 39
14 18 36
14 19 97
15 1 17
15 4 26
15 5 28
15 6 19
15 7 5
15 8 13
15 9 97
15 10 71
15 12 2
15 13 29
15 14 57
15 16 34
15 19 21
15 20 26
16 1 97
16 4 12
16 5 34
16 7 30
16 8 71
16 9 96
16 10 36
16 12 76
16 14 51
16 15 60
16 18 71
17 2 62
17 3 46
17 4 8
17 7 81
17 8 68
17 9 9
17 12 74
17 13 84
17 15 47
17 16 90
17 17 24
17 18 83
17 20 90
18 2 7
18 4 74
18 6 15
18 7 20
18 8 66
18 9 17
18 10 64
18 11 34
18 12 56
18 13 93
18 14 60
18 15 18
18 16 30
18 17 18
18 20 43
19 2 1
19 4 14
19 5 20
19 6 20
19 10 29
19 12 50
19 13 8
19 15 31
19 16 13
19 19 92
20 1 69
20 2 39
20 5 33
20 7 32
20 10 29
20 11 18
20 12 9
20 14 63
20 15 17
20 16 14
20 17 21
20 19 65
1