21 23
174 417 2 98 196 636 47 127 570 728 139 558 151 341 100 11 33 90 64 187 229 283 80
6 13 306 4 120 84 8 76 254 60 411 421 111 193 431 53 991 304 304 564 72 336 82
495 35 295 75 49 69 317 852 362 614 914 54 600 0 201 53 610 787 23 118 63 194 316
172 46 102 180 25 158 442 61 241 423 470 8 137 44 70 44 237 588 237 54 207 109 75
29 22 76 132 14 723 585 86 306 96 65 629 574 160 42 287 154 28 54 234 649 321 0
412 65 70 68 75 990 346 590 366 113 301 190 236 220 308 286 47 76 406 170 92 99 119
103 17 609 140 39 91 127 148 88 878 113 304 211 209 228 455 49 52 124 124 721 114 27
416 46 112 81 79 518 3 95 12 218 22 31 128 23 38 463 120 515 607 88 13 26 165
74 202 125 403 604 186 259 779 260 719 276 845 127 607 384 37 162 844 258 12 27 16 119
205 18 88 131 199 350 339 135 332 368 61 320 291 18 297 572 695 110 127 393 166 11 131
13 49 810 664 515 280 54 7 394 223 234 630 291 93 77 771 323 301 22 473 164 213 31
613 319 279 351 398 173 312 20 543 340 4 288 32 287 47 315 367 319 191 158 186 202 327
163 51 126 754 448 667 65 255 152 267 293 226 424 415 129 266 166 591 6 30 554 64 438
27 135 11 174 158 7 269 175 166 715 287 157 381 12 392 460 372 148 749 538 141 375 74
52 141 264 568 433 311 7 286 173 70 7 6 452 280 85 8 187 48 789 219 400 40 38
645 519 53 130 346 220 357 335 49 67 325 264 132 24 143 336 90 28 189 198 48 254 14
99 144 5 136 41 192 524 585 125 112 284 492 414 708 272 20 378 117 271 462 207 136 92
260 323 184 420 36 56 17 800 756 60 318 59 138 857 166 372 513 656 154 159 184 363 18
348 292 73 20 0 262 67 49 284 424 6 542 190 4 456 2 155 628 7 550 50 223 224
358 98 268 98 12 108 642 255 62 248 79 117 342 357 98 736 11 39 280 34 494 40 88
23 0 12 10 56 53 165 8 213 611 377 82 658 39 485 406 72 82 230 212 197 129 404
