26 21
149 326 5 318 112 149 299 470 857 390 292 0 202 49 76 455 264 210 157 55 411
238 28 331 21 331 360 455 18 163 98 105 297 511 134 1 402 371 258 376 201 188
282 71 538 565 33 234 381 67 338 13 101 142 378 38 81 79 145 197 61 227 226
65 172 43 212 9 125 45 69 43 44 80 217 265 267 301 134 24 133 127 379 50
49 18 320 16 591 13 111 16 274 608 451 5 769 552 354 351 131 236 69 14 284
606 646 35 308 145 512 749 90 140 413 340 126 12 478 164 345 540 29 489 841 95
230 25 436 267 235 436 18 23 471 35 139 308 126 22 348 50 460 138 242 6 544
240 300 701 397 748 30 191 287 889 458 27 245 577 95 398 787 629 86 82 7 11
44 297 89 231 29 77 182 393 62 305 195 72 219 11 179 147 2 331 61 1 601
524 213 54 388 152 81 352 362 677 99 88 120 510 337 327 74 375 96 166 99 580
301 462 321 358 264 33 120 87 103 198 147 17 69 609 197 70 659 57 331 44 449
39 672 466 8 439 291 242 198 7 101 70 111 47 230 380 185 711 896 86 259 82
15 5 238 382 473 104 31 735 35 261 8 260 337 544 346 386 47 234 604 232 98
360 355 320 577 451 252 95 366 118 171 369 33 104 31 324 537 210 17 30 338 136
128 396 320 158 194 367 191 53 527 467 710 448 629 149 161 10 323 574 305 365 74
11 53 144 61 868 288 535 14 21 169 605 341 856 17 644 417 48 14 537 58 100
22 75 86 110 175 332 253 426 712 6 33 575 779 635 110 3 106 413 463 915 169
361 460 171 166 10 296 4 108 449 380 263 298 639 136 275 199 107 74 527 165 11
152 347 15 95 766 200 54 167 10 85 690 127 89 202 558 40 104 219 569 754 72
702 93 355 123 405 569 426 579 16 307 107 134 81 319 203 31 468 458 38 227 210
90 476 17 43 192 67 159 479 205 713 124 181 542 197 205 708 6 9 448 247 355
66 201 818 6 759 91 14 671 163 59 304 544 381 497 66 43 43 216 16 444 524
90 35 242 394 341 295 25 346 11 195 222 156 167 252 87 96 175 520 70 740 3
0 93 386 5 693 66 120 335 434 701 476 655 575 153 28 682 563 185 617 2 40
137 14 576 119 321 174 492 318 382 39 410 88 443 84 206 88 564 312 494 99 105
52 58 302 184 154 44 548 111 71 20 39 302 24 532 143 392 360 103 34 192 784
