3500
425 197 494
90 27 134
474 304 133
34 34 330
292 189 345
357 256 221
466 108 99
419 181 425
281 87 294
1 1 329
196 68 200
223 33 499
352 100 68
185 121 257
201 53 353
87 73 353
316 111 158
267 153 148
194 28 312
304 261 348
214 12 464
371 57 258
366 102 46
284 256 130
169 141 120
122 78 251
140 19 355
287 123 371
38 10 135
84 74 244
148 6 67
335 28 187
81 11 227
123 32 64
412 319 99
109 54 136
126 85 217
137 115 89
33 28 354
176 6 207
229 82 382
434 375 75
175 158 358
300 105 203
163 52 439
172 97 61
368 228 270
139 121 21
463 332 432
233 136 267
485 295 171
245 72 233
106 7 231
77 41 178
230 169 364
2 2 185
434 374 434
350 72 258
295 183 290
79 27 44
43 21 451
449 189 446
158 130 428
372 170 321
30 8 166
250 242 18
226 70 469
140 24 320
334 154 404
53 8 386
34 4 386
184 6 108
451 232 305
258 253 65
217 66 486
460 133 45
85 76 162
77 68 401
406 349 14
123 81 221
393 127 107
31 25 24
440 214 285
147 116 8
338 242 409
339 50 243
390 125 292
352 188 430
229 90 210
123 56 302
290 286 312
462 417 378
227 72 303
37 4 34
440 227 49
153 36 217
50 22 110
440 247 344
312 234 7
224 141 198
174 161 71
164 104 165
433 227 231
302 11 163
470 15 243
53 14 144
311 17 306
182 134 60
416 246 2
201 184 400
77 9 412
351 33 383
341 51 72
414 7 442
346 215 308
67 47 216
164 25 305
1 1 203
5 1 253
88 22 374
474 141 464
470 118 99
294 256 351
476 328 72
461 286 51
405 54 213
194 6 285
184 156 7
445 53 58
92 85 225
356 219 386
224 60 495
194 93 21
160 83 244
117 43 106
81 53 139
368 110 205
490 364 485
416 117 417
344 81 213
102 95 472
445 283 400
238 174 140
55 14 177
350 324 176
37 14 29
268 139 423
419 125 2
195 127 373
325 3 200
98 94 83
283 3 467
478 118 110
287 154 32
10 6 186
382 281 158
118 17 277
393 284 447
345 179 493
211 100 465
466 221 65
312 302 277
336 138 386
143 4 196
88 18 352
332 9 496
27 11 5
115 47 45
281 30 387
93 45 274
247 103 289
465 301 468
26 5 241
150 29 14
44 16 280
28 23 71
84 40 369
10 7 301
338 256 443
477 402 423
79 69 181
129 89 210
111 3 20
77 76 229
281 138 469
330 258 328
248 70 132
371 41 65
287 286 426
20 3 312
434 276 228
349 33 70
484 13 367
123 93 122
311 302 465
489 10 79
446 59 346
132 10 212
309 40 375
249 187 33
421 271 423
46 27 67
104 89 268
368 57 394
114 44 49
68 31 433
425 101 313
189 80 83
15 7 23
215 205 430
424 189 437
491 149 454
403 156 375
444 232 174
317 20 29
261 251 443
268 79 439
33 9 30
100 1 449
455 362 4
32 29 476
463 451 346
73 41 190
287 63 422
54 39 146
434 64 208
258 30 427
21 1 273
188 143 226
82 24 83
389 231 367
18 11 14
315 288 44
185 16 86
255 42 141
475 461 155
436 136 155
316 80 343
390 344 489
431 307 400
238 66 391
442 77 298
434 291 53
146 107 424
430 91 306
162 63 58
475 303 291
140 68 176
231 16 335
144 89 233
341 215 337
452 288 223
393 333 131
103 100 25
346 50 197
358 165 141
92 20 145
101 98 289
294 267 21
257 251 387
225 163 191
486 182 472
46 41 68
55 44 486
423 185 191
45 9 345
16 16 455
460 185 273
354 305 198
119 6 119
108 40 280
85 15 188
206 66 380
483 204 285
365 152 127
229 113 268
37 33 260
257 193 40
321 284 198
410 39 76
96 11 294
407 19 187
49 45 138
431 333 415
141 50 293
139 135 444
332 158 354
202 33 25
80 62 451
55 16 87
30 29 148
28 3 104
359 222 392
162 48 443
165 68 378
261 134 51
471 194 105
161 25 173
5 3 302
256 230 276
316 229 425
409 257 26
439 229 194
166 117 437
172 56 460
162 23 343
419 260 214
56 25 467
157 95 408
21 20 481
62 2 435
187 167 478
42 17 294
93 48 293
446 46 285
387 185 348
231 120 467
164 66 157
497 277 63
205 117 160
127 58 286
178 113 81
369 151 184
26 3 213
471 303 162
14 8 328
483 129 75
373 172 178
360 19 418
218 135 465
314 172 281
459 449 3
488 421 180
3 2 244
82 72 351
87 8 42
437 215 287
377 24 23
31 6 423
145 112 109
482 333 289
233 143 108
161 18 259
102 96 415
469 450 147
407 66 427
444 397 254
355 328 215
110 42 347
280 76 365
406 10 247
295 285 499
23 19 483
179 161 284
313 194 396
214 154 460
329 80 274
418 346 90
139 44 131
462 74 197
260 235 201
460 369 155
30 29 283
280 265 29
37 8 258
56 13 34
225 93 456
282 240 24
25 24 421
99 97 70
364 14 463
321 137 222
191 40 174
344 220 305
454 112 393
308 169 105
148 100 117
113 108 412
83 23 352
479 271 414
23 20 368
42 21 46
465 34 234
250 229 139
18 16 262
2 2 9
46 37 325
233 151 237
73 15 304
288 211 157
219 99 302
135 122 494
212 63 347
107 45 370
101 2 451
151 27 318
396 362 335
80 71 117
380 48 5
399 316 79
252 41 224
133 32 429
449 63 82
174 142 442
6 1 446
387 71 45
107 55 233
375 60 370
389 343 362
96 54 291
60 26 466
180 125 433
300 138 152
33 33 237
488 107 362
325 254 66
6 3 222
264 227 354
77 49 480
60 30 275
30 8 347
167 61 198
417 277 136
256 184 263
180 3 33
38 5 361
17 9 42
111 64 447
361 244 47
111 82 342
68 51 123
177 123 448
390 242 196
241 173 490
455 33 213
480 356 256
348 292 271
305 123 273
390 260 30
448 57 22
73 3 335
157 25 274
206 96 474
89 65 431
388 221 145
46 29 394
300 5 263
83 62 268
297 200 367
80 8 428
201 4 68
287 144 100
225 57 434
456 198 135
17 3 397
282 273 46
447 183 264
492 70 465
57 55 277
497 178 325
103 71 430
211 14 199
444 99 137
453 217 161
357 288 211
145 111 473
72 27 280
246 52 361
470 182 393
389 220 451
81 36 102
46 3 40
313 244 249
234 61 205
443 216 260
25 4 301
338 77 56
491 370 483
351 244 232
299 220 148
456 30 128
177 57 120
190 185 291
422 246 358
5 2 51
189 168 419
495 394 452
288 202 409
273 215 254
320 53 113
108 88 114
84 35 249
106 74 342
139 2 377
62 57 66
251 126 462
459 1 405
84 34 430
93 90 3
452 392 157
397 179 328
303 76 213
451 389 337
149 125 299
245 25 337
198 171 151
261 101 122
449 58 461
438 157 272
37 23 68
348 132 479
203 52 234
340 282 289
115 40 419
28 13 298
450 153 245
269 217 387
28 17 463
280 21 465
237 20 483
153 44 12
213 57 439
287 85 68
430 74 456
258 17 478
119 68 43
374 332 22
232 92 260
127 57 70
201 179 14
343 154 284
359 273 434
330 26 97
80 79 426
219 115 319
146 43 175
317 291 97
42 25 390
43 35 76
75 51 61
245 31 264
488 308 167
412 46 196
229 132 249
341 285 250
186 12 440
23 22 212
15 3 498
219 169 113
262 220 461
186 181 133
492 349 206
309 163 97
451 394 296
55 38 89
276 200 455
109 52 114
290 189 455
380 78 135
129 18 36
488 127 39
297 114 111
214 78 193
205 52 90
282 173 441
403 180 398
24 2 262
308 249 471
310 178 199
411 67 451
365 27 72
161 102 253
23 23 81
380 142 38
237 185 434
170 152 147
476 408 455
202 72 51
432 163 343
274 212 151
343 19 5
455 379 273
424 58 342
184 173 250
350 312 35
218 11 3
107 35 362
451 321 431
150 143 225
37 18 145
322 4 255
136 82 449
18 12 19
83 21 303
229 207 89
72 39 76
193 168 399
476 267 82
171 92 162
15 12 267
261 41 464
444 25 445
66 32 89
46 10 92
371 47 4
475 312 398
85 35 236
99 83 442
387 338 29
334 261 23
118 15 245
309 135 203
335 322 402
422 55 242
332 38 420
479 1 46
248 232 478
53 2 16
65 57 17
150 75 373
303 286 32
322 249 91
124 81 18
88 17 210
21 2 34
31 14 299
267 88 198
205 109 339
177 105 259
70 6 340
179 80 68
84 61 467
483 278 178
313 87 469
364 135 14
181 93 226
355 109 241
374 250 108
488 77 321
463 50 127
452 66 276
33 28 374
372 13 11
202 12 267
293 281 300
233 30 303
234 187 281
221 93 259
480 309 97
491 267 80
236 47 217
441 96 236
8 2 74
229 152 445
193 57 377
69 23 7
233 15 158
323 13 456
253 169 135
140 110 28
324 229 414
258 233 416
340 302 111
435 321 487
25 15 438
9 6 258
171 161 254
34 10 65
217 132 256
241 133 177
50 11 153
315 150 478
438 417 79
451 264 239
226 157 129
297 138 122
429 204 337
438 109 494
372 204 201
271 197 18
304 256 163
391 24 309
479 346 109
387 126 39
422 76 451
60 46 152
251 83 199
366 361 258
112 77 394
423 282 291
146 75 430
394 246 78
202 63 338
64 56 455
282 134 272
300 244 483
376 161 411
18 5 61
248 168 45
199 25 121
383 200 439
215 138 322
382 127 179
207 33 368
393 259 103
53 41 278
317 121 320
205 40 331
425 17 130
16 10 118
158 96 349
258 223 333
87 28 391
341 63 473
177 72 173
481 68 462
257 158 135
493 99 121
115 28 3
454 417 269
499 424 175
40 9 226
210 178 443
185 72 321
292 236 296
107 92 7
185 179 287
230 77 389
85 73 248
476 364 319
12 3 66
500 69 270
429 94 44
311 299 417
315 67 493
364 361 406
248 143 451
87 6 330
474 441 200
12 10 499
229 197 193
271 250 496
173 143 325
210 208 478
86 49 10
22 3 383
98 98 98
411 298 353
48 23 214
234 50 291
295 286 240
271 227 446
351 28 440
455 107 140
231 56 495
454 331 196
83 73 419
198 102 436
236 17 259
186 113 20
262 44 400
392 361 57
142 38 461
459 108 50
54 32 439
332 35 256
299 146 343
366 267 98
378 34 100
32 15 326
258 93 311
454 124 51
491 114 246
363 120 451
81 29 347
94 21 282
306 171 442
5 2 127
284 211 306
187 138 302
391 114 349
356 295 471
491 95 384
30 11 364
90 32 477
151 136 469
290 240 45
255 39 109
239 177 75
251 180 171
101 58 249
19 3 334
330 216 78
473 36 354
307 290 131
56 20 127
206 69 492
433 227 476
72 26 323
299 191 209
31 8 54
468 323 387
115 76 429
205 24 254
34 12 459
287 253 411
253 75 217
16 1 102
401 101 422
38 2 73
205 58 129
189 150 404
430 248 358
270 116 265
235 90 276
331 222 417
388 386 369
187 110 457
238 202 297
145 68 279
281 149 198
87 75 248
104 15 7
467 228 232
164 130 458
490 82 395
236 87 151
331 12 176
310 251 466
346 94 122
108 1 221
51 40 117
261 221 146
353 26 59
345 150 144
326 57 253
361 261 295
368 60 314
236 153 418
292 104 291
283 86 414
274 72 426
305 47 475
304 199 282
278 53 15
42 40 145
78 26 421
375 358 255
477 476 186
378 357 176
380 140 321
35 1 444
471 369 437
354 148 395
42 26 98
216 53 336
463 407 307
200 57 494
64 45 73
286 37 315
434 190 11
122 102 316
209 123 260
319 151 137
65 41 82
39 38 165
65 11 278
486 400 38
460 247 164
487 101 231
14 5 15
270 250 147
7 2 64
104 64 286
311 84 406
275 214 221
67 12 210
252 163 12
320 89 221
120 110 453
450 447 66
432 367 81
240 123 175
354 125 473
51 40 428
304 48 270
303 224 253
362 337 300
8 5 416
11 1 81
403 18 349
416 72 404
67 55 74
295 140 101
332 294 83
187 127 25
84 56 187
307 73 200
89 35 366
87 14 407
109 65 382
427 423 313
71 29 370
48 34 108
131 88 13
488 199 18
422 366 385
399 203 361
22 11 74
193 63 170
76 70 91
216 147 165
210 191 30
468 323 197
482 389 61
34 5 365
255 131 496
237 131 274
249 186 239
282 5 403
133 27 106
471 70 337
276 52 386
462 207 421
128 91 431
442 405 278
14 4 153
498 369 129
403 93 317
164 11 293
89 38 256
312 31 26
269 100 298
165 146 97
45 20 25
171 57 111
290 201 240
251 152 72
326 317 87
175 71 485
405 43 365
277 74 315
226 61 296
250 75 325
237 179 389
493 151 262
211 70 179
62 54 497
383 280 202
223 208 453
35 14 127
435 206 475
125 41 51
437 391 361
229 194 190
245 165 21
388 30 42
290 202 320
471 349 28
448 115 398
475 298 457
279 225 227
225 223 478
60 57 143
170 50 290
381 284 417
344 147 261
145 8 137
53 43 15
342 24 80
458 23 257
178 175 228
263 107 386
18 15 375
191 187 278
122 25 292
22 6 474
252 234 166
132 120 383
442 183 204
205 145 181
498 329 286
142 136 499
69 15 157
174 2 382
402 334 485
430 239 289
466 370 407
211 197 303
380 195 192
254 69 266
371 73 100
424 182 476
338 273 460
206 145 383
352 328 271
120 40 18
418 92 269
149 16 421
474 324 435
24 16 401
181 41 406
182 30 211
410 159 214
342 211 295
300 16 317
418 412 151
412 191 300
242 2 119
212 162 34
445 14 337
458 146 423
88 69 135
7 7 29
365 37 463
461 41 32
131 53 437
108 75 255
232 201 191
429 347 484
184 113 158
372 340 90
75 28 237
296 61 47
288 34 43
398 241 480
391 176 439
492 130 500
296 39 402
249 14 222
151 141 64
381 55 27
271 76 457
211 154 64
214 129 304
398 166 309
296 147 159
206 171 98
209 9 119
280 274 138
207 73 289
335 7 171
16 1 362
131 77 47
269 107 321
360 183 90
333 288 421
138 54 204
206 37 499
87 12 140
235 180 147
391 300 220
273 248 70
11 6 453
190 188 89
308 280 486
402 253 468
432 406 329
109 52 480
229 102 180
17 9 237
17 13 3
164 84 412
155 52 398
302 213 484
473 260 197
326 8 205
60 31 36
481 431 269
284 21 41
460 187 416
276 156 374
255 193 420
23 13 111
499 235 497
233 83 138
369 105 286
337 285 325
336 236 32
156 71 277
160 123 245
344 319 72
354 23 326
196 60 342
227 51 1
392 222 182
435 430 281
198 159 143
167 23 199
104 49 148
343 35 285
446 363 258
469 125 196
439 40 483
236 134 479
15 12 211
339 5 220
160 151 171
186 94 461
183 77 11
431 135 423
62 60 492
25 8 63
153 97 21
110 84 214
269 29 247
325 168 494
260 67 497
104 48 156
489 86 366
265 15 6
498 402 79
125 105 32
72 37 124
477 299 30
427 167 70
140 92 1
228 97 455
384 63 324
34 34 178
27 19 115
120 76 371
149 116 470
197 23 233
70 8 383
300 210 154
107 9 10
287 112 198
393 28 182
317 208 278
372 91 358
312 259 365
321 256 42
195 116 13
493 160 193
224 206 470
88 20 253
104 80 14
119 56 223
154 43 358
1 1 170
391 79 461
310 67 101
272 19 114
337 22 123
368 353 70
59 19 40
197 126 246
181 42 451
201 151 122
82 71 66
376 64 493
268 109 453
136 80 89
224 44 411
29 4 473
181 33 80
64 14 312
465 380 391
123 96 384
495 328 495
425 82 147
301 2 177
154 91 120
380 170 246
341 227 260
231 16 330
96 13 440
267 81 306
420 62 482
309 93 283
133 99 491
226 205 116
256 86 157
190 60 81
110 63 365
261 92 64
443 153 124
45 21 264
3 2 175
100 8 399
55 27 109
225 161 167
142 116 213
228 76 188
492 147 484
360 188 5
57 27 75
33 15 47
327 194 306
253 141 480
120 115 126
243 145 336
128 37 408
437 173 312
258 240 99
6 5 188
222 120 3
163 127 259
312 4 32
294 209 409
63 26 76
408 369 295
143 134 495
58 15 442
136 7 349
27 15 211
29 14 435
69 8 390
205 40 409
274 101 162
69 14 500
105 12 224
380 116 127
353 98 152
16 15 121
235 108 481
239 216 168
245 83 231
112 111 286
139 11 299
75 32 230
233 151 185
464 218 219
54 53 131
221 130 136
271 73 451
289 9 291
405 119 158
193 22 142
143 130 45
140 65 213
322 309 302
396 374 19
292 276 354
14 1 126
340 196 283
473 386 468
447 96 87
212 196 320
89 86 110
428 210 8
107 105 338
208 185 395
479 403 329
290 153 213
388 219 396
360 125 432
275 33 455
230 45 248
236 22 75
259 257 204
405 296 168
481 231 466
32 8 208
444 363 380
218 200 473
252 155 18
329 161 49
126 58 334
253 32 98
452 270 29
116 79 198
281 59 101
449 81 202
237 136 218
347 130 29
86 77 85
221 173 462
83 30 23
229 197 311
354 106 112
226 86 365
251 159 51
62 57 212
479 281 443
315 84 321
278 196 418
357 291 187
117 26 79
346 296 469
93 47 319
238 88 199
355 108 89
222 34 457
188 178 454
487 15 138
211 93 96
418 124 194
435 117 76
430 256 365
172 137 288
103 69 486
443 146 166
107 14 481
140 29 301
461 76 267
397 310 456
248 159 104
291 189 243
241 55 185
373 367 70
89 65 273
326 12 364
201 32 204
80 60 282
418 67 173
459 454 73
470 209 196
25 12 305
183 59 202
175 86 333
80 44 374
138 127 447
145 85 108
289 37 86
250 207 281
41 39 35
216 101 407
210 65 34
109 42 347
43 8 67
382 74 491
330 107 3
487 281 3
414 143 455
224 170 451
445 227 442
305 39 477
90 24 150
374 285 220
378 53 435
18 5 331
436 410 24
177 62 319
479 254 369
43 36 388
24 17 154
81 28 157
388 154 321
356 270 155
154 59 258
193 94 432
12 2 43
71 10 40
152 128 156
384 108 499
68 6 187
44 40 17
234 31 256
5 1 107
135 24 102
101 17 430
453 112 450
500 31 363
377 72 269
125 47 366
483 83 381
9 4 403
120 118 462
239 6 292
412 386 324
486 473 351
343 7 319
162 2 213
390 178 122
71 16 196
316 182 228
234 30 171
493 480 200
171 29 345
63 33 259
92 40 307
88 75 45
6 5 248
180 121 324
201 45 187
60 26 318
414 78 3
11 7 414
250 94 193
415 360 9
259 128 386
440 350 166
497 15 305
88 12 424
395 231 78
210 62 375
366 312 360
416 359 376
335 294 6
323 309 135
249 249 354
163 70 324
105 86 260
31 4 41
91 18 377
394 271 187
90 85 466
85 28 445
242 4 444
7 6 463
9 1 149
76 65 167
147 109 20
32 17 90
176 136 313
32 1 1
47 32 440
426 140 297
84 1 306
197 26 43
321 161 273
265 128 155
285 107 37
147 14 356
62 41 260
425 158 321
389 335 342
170 90 392
46 21 110
259 143 391
305 108 198
144 77 490
28 1 234
420 12 108
489 346 446
477 387 143
20 10 222
284 277 446
248 158 330
139 4 102
126 68 354
394 114 39
120 22 335
465 185 237
222 123 340
182 115 489
404 33 450
259 66 462
110 61 190
6 2 426
187 169 151
323 138 371
58 42 299
93 66 303
495 87 253
199 142 353
142 87 257
132 77 342
454 319 43
250 234 447
106 6 399
3 3 308
293 6 258
291 108 343
240 171 62
247 64 483
414 342 143
1 1 211
320 206 68
472 264 231
315 201 396
327 294 312
56 46 315
126 12 491
317 27 39
311 194 198
355 117 19
175 69 316
283 70 92
104 102 37
282 152 261
236 20 342
215 68 127
430 92 181
298 221 6
142 53 471
430 379 139
429 13 333
124 87 195
387 146 302
387 275 72
453 178 475
121 68 31
80 75 360
357 208 141
7 5 437
24 14 466
233 4 194
65 2 461
87 11 316
198 151 450
93 13 259
472 305 320
286 115 302
418 26 132
262 164 285
389 333 5
87 24 485
125 7 68
91 53 376
271 10 389
115 42 360
25 20 275
234 117 138
393 120 50
169 67 103
150 35 251
200 139 36
248 140 243
185 55 81
38 5 281
60 9 111
176 109 80
10 7 11
119 114 354
248 149 338
441 354 21
437 271 296
267 203 489
378 45 245
472 164 63
359 17 481
266 100 263
425 218 43
227 58 385
6 6 2
350 268 443
299 127 203
488 177 350
94 38 26
287 201 305
405 136 368
205 144 142
8 3 72
312 247 447
183 170 177
345 166 105
297 120 274
208 8 479
64 58 265
498 455 451
161 161 133
99 69 486
275 258 421
401 107 70
60 20 108
260 117 279
31 26 276
342 128 10
237 130 160
160 90 472
217 53 492
384 365 70
453 301 396
343 317 146
187 38 232
293 274 170
58 45 196
21 12 364
144 64 462
58 55 460
371 217 274
114 90 342
393 228 279
80 3 315
151 68 102
276 14 335
127 41 54
124 118 110
190 62 86
392 183 174
467 241 117
386 2 416
194 77 208
292 82 317
1 1 285
122 55 211
376 112 172
115 22 123
269 164 227
254 72 470
416 23 4
409 122 106
202 161 172
46 18 25
194 87 11
373 201 215
390 288 415
300 70 44
488 471 129
52 50 322
47 36 104
459 183 164
214 87 337
342 267 139
149 140 412
58 19 276
195 38 212
304 155 32
188 2 76
215 22 2
368 54 469
328 48 363
194 180 111
276 4 49
346 17 4
148 122 366
420 206 69
70 50 457
349 110 20
200 197 216
29 3 390
351 146 28
97 44 37
244 130 221
412 81 6
229 50 134
48 9 279
364 296 102
284 208 6
165 101 311
122 23 257
13 2 347
74 21 210
494 470 271
163 135 135
291 186 167
435 361 366
151 46 40
263 168 77
25 5 317
273 195 190
402 73 259
110 32 52
59 27 82
322 250 487
264 24 305
230 132 366
463 313 214
20 3 289
247 241 378
267 190 305
319 291 191
209 159 449
243 230 446
41 13 70
442 277 111
5 4 88
112 33 167
450 427 449
255 41 476
75 69 370
369 155 237
173 126 180
500 157 479
319 129 484
110 55 83
66 28 159
46 11 264
108 84 209
285 201 159
169 131 18
379 306 198
397 131 288
54 40 466
378 156 217
334 178 153
214 7 16
373 216 34
362 185 313
476 272 28
474 76 172
148 131 143
28 25 228
170 128 411
450 149 77
35 25 286
453 405 283
372 267 381
38 32 430
23 5 487
52 39 50
54 28 124
261 255 478
189 14 42
388 26 300
169 24 1
54 26 245
39 16 398
326 51 491
445 389 281
237 184 359
212 88 135
77 42 44
452 223 337
319 217 344
115 60 137
226 100 125
139 76 218
274 115 131
428 256 320
152 5 190
76 29 444
496 45 367
456 247 476
205 145 496
412 217 99
467 327 186
186 93 255
497 322 374
24 5 491
174 136 421
430 68 445
24 10 212
336 143 264
148 80 433
12 11 149
66 9 471
216 181 220
150 22 477
15 9 487
408 357 178
367 75 214
378 75 399
177 96 429
450 62 377
354 284 53
249 32 491
11 2 54
465 181 173
383 27 98
11 2 401
134 21 53
16 7 291
284 158 339
44 13 240
71 25 61
83 25 43
81 16 397
26 8 468
37 6 41
214 129 326
319 136 346
57 14 244
438 76 168
23 12 493
456 89 164
288 8 10
233 154 279
148 36 9
111 36 409
86 76 173
427 184 214
404 106 448
380 233 370
39 1 267
149 42 285
312 202 40
46 23 42
410 281 421
333 178 70
46 43 187
384 208 220
494 304 380
256 81 236
380 225 184
109 37 276
139 78 164
280 98 146
120 97 18
320 30 186
98 95 388
241 40 45
254 224 484
324 116 437
96 71 51
15 13 458
69 43 93
397 78 312
214 56 300
348 216 92
289 214 447
365 94 328
389 230 348
292 194 337
414 47 169
43 32 41
299 245 9
37 21 361
218 178 218
120 92 260
90 30 470
73 25 18
110 3 385
49 13 460
89 4 377
379 6 488
344 332 326
495 259 360
74 43 169
180 7 241
117 98 221
317 187 112
215 186 228
473 359 260
423 374 452
49 4 200
434 207 249
54 51 286
331 17 99
217 194 355
140 80 100
360 34 484
16 6 15
306 228 308
311 298 392
162 65 226
45 15 499
275 186 86
467 313 411
379 114 401
397 38 257
145 108 324
461 380 278
338 92 77
149 65 26
325 314 422
84 70 38
143 41 68
179 92 481
447 304 249
464 444 99
354 157 299
435 46 348
32 29 357
360 250 50
359 131 203
67 3 49
225 90 17
286 211 339
442 138 498
207 205 88
42 26 431
482 460 61
191 104 427
320 312 118
138 2 441
180 69 382
236 35 440
482 421 7
168 126 398
386 294 197
217 188 443
489 242 281
114 57 30
148 38 83
259 255 273
393 297 441
310 224 168
83 65 496
287 121 397
301 284 278
436 26 446
36 10 370
201 176 5
130 92 356
203 185 84
243 71 112
271 26 229
89 35 146
144 64 281
262 195 271
65 33 453
82 65 294
241 227 458
131 56 453
388 71 344
337 269 228
30 10 471
7 2 371
317 279 203
191 167 435
351 147 216
97 77 480
420 8 273
134 109 274
52 48 288
146 87 316
64 58 385
3 2 435
211 52 176
51 29 30
7 5 68
459 299 71
475 281 422
482 423 78
264 34 143
234 7 260
161 19 258
24 14 465
497 282 262
160 122 291
307 166 494
42 9 9
481 47 133
176 45 330
94 61 30
426 386 151
24 14 470
30 18 492
433 29 3
265 202 328
174 81 179
128 21 194
362 326 20
211 98 57
295 137 83
291 211 347
130 23 63
464 167 94
58 14 162
150 109 476
64 27 12
440 131 93
183 148 10
415 365 100
337 302 176
495 334 51
368 134 24
475 336 235
47 11 117
44 39 188
188 104 31
363 278 115
375 1 171
170 135 252
28 18 138
22 21 437
419 135 420
285 262 151
371 128 12
270 16 320
241 16 372
358 288 20
481 56 233
213 213 123
462 232 182
315 177 122
38 24 190
157 64 458
145 119 272
430 75 380
372 186 389
348 58 332
406 400 103
118 46 158
333 251 322
18 9 119
459 176 90
279 28 88
166 8 43
250 243 338
72 32 202
1 1 280
356 60 85
220 81 466
342 267 122
33 15 121
224 7 462
430 350 189
147 102 113
14 11 424
301 262 305
28 3 137
383 373 60
359 103 13
336 78 53
397 341 336
481 280 167
118 33 206
303 125 300
333 254 457
268 212 448
365 32 142
288 135 346
92 72 353
482 301 429
248 110 186
238 203 416
401 206 206
232 209 166
414 109 187
419 217 148
431 419 407
255 47 232
451 194 432
469 200 419
287 3 50
70 20 360
394 142 70
138 132 116
136 7 218
349 120 397
459 186 236
40 21 428
69 26 140
152 102 5
246 71 227
202 182 414
288 54 147
76 54 37
449 240 135
26 4 226
322 35 68
384 351 113
130 93 435
19 2 52
457 169 47
285 82 430
273 253 124
389 158 461
151 81 401
424 179 419
368 8 109
298 180 372
249 118 310
73 53 213
43 2 500
327 214 419
44 2 387
345 83 361
126 67 440
479 333 92
188 146 19
369 271 145
47 31 251
164 94 235
13 4 56
184 84 329
86 33 76
363 5 294
448 52 379
480 383 468
260 168 255
207 58 372
408 361 80
419 276 450
274 108 470
207 59 383
289 122 289
222 92 436
222 142 325
257 24 344
425 71 288
432 358 122
248 236 178
89 63 126
421 79 224
107 55 155
111 98 401
168 129 118
240 226 163
241 78 106
213 195 490
480 168 383
3 1 274
188 183 212
133 59 371
335 24 395
133 62 188
52 37 398
309 114 493
36 5 479
290 9 349
100 32 194
314 98 337
396 180 8
281 165 392
191 156 154
274 18 38
115 95 436
462 215 290
289 202 179
14 2 353
474 137 310
200 69 191
358 213 196
367 243 364
107 82 408
58 42 237
222 219 131
296 92 485
452 13 91
379 88 181
105 50 46
269 238 174
123 107 272
255 99 221
89 63 273
185 182 229
132 92 438
425 191 19
333 8 130
311 60 264
451 84 149
34 13 353
211 141 463
450 235 320
435 280 286
458 432 187
81 2 309
291 148 486
351 305 380
402 306 161
277 224 230
346 203 191
409 338 457
183 167 103
389 365 28
494 356 324
116 38 364
236 177 347
458 134 486
481 142 226
361 106 97
109 13 164
352 28 233
394 295 184
112 1 444
406 10 194
270 31 151
98 29 346
269 40 62
92 88 280
373 73 75
392 307 265
303 84 24
493 92 109
198 90 183
250 32 129
88 20 23
495 195 175
394 345 270
332 149 185
195 20 79
433 354 318
306 158 354
219 4 118
119 101 425
87 76 206
452 365 475
319 123 74
150 7 381
152 95 280
276 217 387
196 29 367
146 78 395
21 19 375
467 54 261
96 64 65
471 179 271
169 49 261
281 268 169
248 36 456
190 64 31
266 27 114
10 4 173
50 36 375
30 29 481
497 206 449
481 273 60
210 59 25
141 1 460
339 264 195
415 405 407
490 260 333
289 40 335
313 51 256
451 224 255
314 134 10
32 27 497
442 35 256
133 101 337
412 133 74
278 139 448
278 81 449
15 7 39
377 176 296
381 27 194
122 24 297
117 56 343
186 159 348
429 165 236
147 28 57
484 373 179
398 329 87
388 81 269
254 56 438
319 42 343
412 348 115
385 114 340
130 72 463
49 31 331
192 17 402
99 45 162
63 27 348
163 127 100
359 88 366
383 45 27
96 78 294
207 48 176
148 35 93
2 1 261
419 19 91
309 280 297
198 160 442
309 288 70
467 246 71
450 64 354
275 15 309
115 1 144
331 192 158
483 261 386
410 320 37
268 74 228
17 4 396
462 88 162
282 44 43
152 84 100
274 41 212
251 232 433
53 5 375
21 4 94
85 27 382
143 125 52
320 138 262
241 70 178
197 103 40
224 93 478
80 1 379
23 19 340
278 13 258
278 97 65
368 1 247
425 220 453
431 94 211
411 74 161
33 17 197
376 301 27
56 30 337
12 10 321
45 1 158
464 96 257
189 33 434
142 128 326
284 246 465
67 2 52
39 27 36
32 24 239
36 14 409
275 225 455
479 279 58
193 177 111
169 19 345
327 207 149
166 126 268
111 72 219
87 2 33
383 302 134
404 271 81
246 167 112
44 9 217
370 231 153
347 275 436
23 2 405
414 274 211
72 59 260
290 209 461
165 51 407
209 187 55
98 71 498
495 67 420
441 360 176
172 72 349
16 1 46
142 17 344
40 12 26
148 51 59
189 56 205
34 12 166
6 5 333
222 189 164
429 378 75
79 19 190
103 39 207
235 25 496
490 331 455
317 23 277
234 158 444
45 16 383
454 379 306
180 82 144
145 9 241
9 6 449
278 73 256
37 11 94
28 24 56
271 159 133
55 27 416
414 55 201
96 68 121
5 1 226
353 275 416
227 126 390
88 73 298
170 153 283
493 41 280
469 24 314
226 110 87
103 2 150
53 46 50
267 171 95
376 117 400
22 7 207
28 2 40
248 223 339
465 390 438
179 44 217
288 26 33
207 46 207
291 260 500
452 350 403
348 73 474
181 8 495
229 107 112
100 56 313
328 7 324
255 231 163
51 48 222
194 33 324
369 20 178
190 182 170
216 90 444
229 142 492
54 45 156
293 49 400
344 183 283
330 127 293
174 103 92
312 170 3
52 39 87
54 26 367
416 162 311
96 23 269
12 11 4
158 3 366
498 340 258
107 44 224
1 1 134
336 186 383
106 5 268
215 170 10
273 223 215
248 214 249
411 79 405
71 15 124
428 102 275
78 66 323
82 19 293
71 7 460
127 97 185
388 240 452
215 167 109
64 12 447
245 66 299
404 328 447
171 152 499
280 54 149
92 34 138
454 222 210
92 89 423
460 108 356
188 9 260
169 168 66
266 58 392
8 4 377
179 166 226
188 108 69
319 224 165
292 249 287
499 76 477
228 169 290
350 237 209
34 26 114
22 3 461
92 55 112
160 136 180
193 182 262
287 3 321
11 5 39
394 275 491
110 36 135
117 90 94
91 19 282
286 18 439
375 305 104
257 243 93
316 12 368
315 1 94
94 34 492
47 41 396
402 214 350
27 17 293
247 230 359
179 28 123
121 87 122
29 9 433
288 167 194
43 32 148
172 33 30
412 254 380
192 124 413
377 320 332
1 1 322
468 69 160
9 5 472
105 104 287
302 201 120
187 112 450
400 25 22
357 43 65
352 120 417
331 54 363
269 230 61
62 35 35
127 20 375
56 44 15
220 46 478
48 10 44
35 30 307
331 169 353
395 7 192
34 14 171
493 129 340
286 2 104
490 442 101
143 126 355
242 189 345
345 101 35
303 169 253
251 44 467
205 15 225
346 118 73
273 191 85
13 5 499
316 198 286
96 93 346
231 96 264
311 233 351
256 76 175
333 103 479
135 96 320
440 24 47
316 50 317
382 216 102
344 98 199
419 309 114
442 63 346
74 17 219
350 131 472
405 131 30
427 371 334
170 82 393
122 111 74
148 118 291
140 60 366
234 70 139
445 125 36
221 149 258
489 115 45
163 159 203
9 5 432
363 252 226
126 6 387
304 282 366
448 404 10
384 112 257
487 84 83
480 314 400
481 409 114
226 40 87
391 124 105
373 163 302
343 173 466
175 75 2
358 193 107
47 44 212
21 17 50
383 209 100
77 7 470
200 123 394
397 235 83
57 28 23
47 29 215
482 378 385
410 239 12
155 132 162
429 131 316
307 214 134
258 257 333
359 90 18
329 125 247
6 5 150
345 267 467
283 154 167
107 92 21
350 14 383
208 87 441
99 54 340
265 33 214
146 137 150
313 80 51
230 108 181
36 27 351
275 96 469
484 71 497
344 97 241
102 37 253
192 86 32
278 6 23
128 102 196
429 170 325
331 194 119
22 9 436
345 29 243
388 342 100
280 75 55
471 54 315
249 114 415
357 157 242
227 50 365
119 86 30
8 4 373
190 77 381
93 29 265
423 135 26
410 268 333
250 101 230
208 57 473
190 42 247
57 43 31
179 137 62
36 14 424
423 391 238
442 424 114
282 40 44
16 8 88
134 88 69
65 58 311
145 15 143
299 56 449
21 2 289
146 58 424
139 104 57
99 48 435
475 141 52
152 3 64
119 104 30
387 265 490
62 9 307
73 4 363
342 217 373
137 69 467
244 88 328
334 289 304
351 147 209
187 91 495
444 284 431
132 17 49
275 51 399
86 86 366
351 78 270
117 46 60
55 52 282
307 307 429
427 349 250
226 13 419
226 190 241
211 94 393
404 199 274
132 127 412
99 12 75
266 25 40
112 74 26
328 256 493
239 6 22
159 55 405
131 29 279
466 408 55
396 97 455
468 33 36
109 108 114
292 158 379
101 81 252
153 111 369
444 93 239
178 13 418
286 121 288
398 160 173
312 34 299
243 123 383
66 58 3
381 13 49
48 21 41
92 17 173
222 195 42
209 101 69
249 194 331
270 14 68
23 17 336
90 29 110
449 323 230
158 37 393
458 273 292
9 9 223
209 87 229
488 469 460
293 169 144
495 393 42
81 8 330
311 16 62
447 75 141
296 264 57
207 191 125
128 33 7
271 104 15
23 22 82
101 40 120
384 173 259
433 375 368
356 318 478
67 64 45
79 41 105
192 37 156
324 237 471
179 43 368
459 269 373
383 37 465
31 27 21
20 14 81
204 139 81
215 198 463
79 66 91
329 227 476
457 246 27
289 173 291
269 253 70
109 69 169
308 290 214
353 58 211
289 257 136
88 56 218
450 157 282
58 36 92
429 89 354
229 7 231
445 241 332
311 139 264
364 71 476
136 71 149
400 397 44
479 191 120
497 90 108
59 20 471
88 9 103
50 22 171
35 32 427
65 54 361
119 70 213
339 70 307
33 10 268
54 16 249
145 20 429
284 144 380
489 477 348
62 14 135
67 67 291
342 199 92
80 1 121
468 103 328
412 225 428
284 81 338
446 436 267
272 28 176
109 5 262
314 54 64
19 15 488
426 9 34
312 201 100
402 91 151
482 212 229
332 178 407
31 10 403
425 396 267
475 33 304
222 43 498
297 106 148
148 52 210
338 321 349
383 154 96
144 64 245
127 5 110
299 89 161
394 211 496
198 131 415
295 282 203
228 136 251
287 194 438
251 30 407
463 253 270
466 155 75
328 152 218
469 167 330
146 102 241
337 111 78
386 256 23
336 76 36
201 190 60
471 228 67
338 167 440
173 44 318
447 235 232
162 7 204
298 40 454
409 382 174
345 73 157
410 215 290
271 17 1
358 5 498
243 86 343
140 139 44
165 160 34
292 191 30
240 117 184
463 166 426
125 54 72
416 144 120
98 24 238
283 15 228
16 13 306
155 72 217
244 46 278
64 58 383
73 48 403
397 93 332
81 50 444
170 137 202
493 155 158
375 30 199
392 209 81
449 165 17
355 174 16
369 166 78
425 269 270
61 19 296
330 224 481
369 286 54
361 308 117
324 18 252
446 308 499
315 239 470
444 121 209
52 12 227
26 9 470
400 153 398
125 49 86
395 266 138
331 73 110
456 130 353
149 112 439
411 73 265
224 148 413
49 41 153
492 260 107
183 112 80
418 398 97
97 13 98
419 363 13
102 4 181
217 83 168
484 293 111
274 235 96
152 2 138
419 111 66
28 1 80
200 145 491
228 64 200
255 16 193
238 102 22
225 127 131
459 16 210
374 114 210
23 2 79
139 63 364
20 8 81
321 2 423
238 16 393
427 229 172
362 244 458
238 113 269
447 133 487
16 8 285
321 276 42
434 385 477
41 37 44
28 17 46
59 7 427
271 256 69
325 26 47
238 112 483
400 293 151
316 182 117
87 54 239
9 2 464
122 50 17
246 118 151
223 41 323
364 264 115
175 119 425
482 128 333
104 2 417
393 138 351
259 250 201
65 62 162
384 168 185
386 197 434
265 27 221
458 56 239
369 79 290
265 203 16
11 5 117
403 199 122
15 3 224
103 9 101
361 161 448
236 52 137
215 139 64
340 110 153
310 28 373
53 30 11
269 100 307
140 96 27
97 8 204
121 1 372
200 70 226
189 80 318
108 20 237
154 151 25
235 203 209
361 283 50
386 201 406
303 281 36
267 109 382
170 95 278
183 60 47
160 28 258
476 348 371
269 43 119
285 23 372
84 79 147
313 285 28
139 58 385
134 8 139
316 306 313
206 46 90
228 189 69
234 46 149
25 7 145
248 220 162
85 23 361
33 16 482
103 72 26
452 22 490
395 309 8
295 171 344
221 125 203
380 28 429
153 100 60
379 214 7
208 8 226
150 93 392
218 104 95
117 61 96
186 42 62
408 256 151
142 79 303
392 35 285
327 235 78
324 102 105
235 121 260
199 142 218
178 31 362
269 91 412
225 43 208
385 137 433
23 23 294
125 101 7
363 122 51
23 2 472
61 60 73
108 30 77
106 88 454
227 215 56
237 186 15
367 86 368
162 140 154
172 154 431
357 34 359
130 81 365
101 56 31
396 267 389
184 141 232
70 53 294
457 94 371
283 279 99
313 214 145
435 310 145
436 11 257
50 12 43
36 2 201
308 187 91
462 161 378
21 13 166
339 137 460
381 310 248
354 288 259
15 5 145
356 94 358
333 19 34
329 79 184
351 241 308
299 5 408
232 37 362
115 26 329
211 95 493
165 127 277
485 481 155
16 5 200
399 232 98
200 82 305
41 9 51
81 27 91
344 329 204
67 65 70
181 15 302
476 200 289
398 377 66
19 1 383
443 403 23
85 53 225
403 78 335
444 367 224
101 53 312
448 233 476
307 115 147
125 21 450
264 34 230
39 16 396
27 26 434
346 310 242
366 265 283
246 181 190
494 26 79
244 32 248
275 90 113
342 229 157
174 51 379
33 4 30
286 216 20
50 23 320
412 127 328
323 174 248
69 11 353
316 200 243
220 168 196
207 175 20
323 37 18
139 38 224
184 72 456
261 102 456
397 199 144
64 24 373
419 359 75
90 18 311
20 1 306
185 103 38
83 2 26
137 42 309
427 171 236
495 70 176
385 275 99
15 11 97
81 52 421
478 86 436
75 27 41
245 149 99
330 24 45
323 277 375
147 120 29
241 147 165
222 108 296
155 131 468
261 102 424
9 5 173
192 33 18
481 371 467
446 110 149
425 335 59
9 8 368
431 339 16
287 147 35
292 82 26
234 221 208
482 410 20
500 239 14
34 20 467
451 149 46
100 98 452
435 405 489
314 129 140
420 342 229
25 23 63
325 92 468
164 109 65
67 21 308
224 133 221
193 79 136
216 206 400
21 20 300
363 46 14
6 1 333
430 415 126
12 11 227
416 260 194
421 220 222
69 32 2
392 118 472
261 63 233
106 68 385
249 143 448
171 80 17
11 8 107
79 67 83
493 50 205
314 173 201
226 15 352
456 296 38
237 122 357
437 34 216
440 375 378
418 407 111
180 74 284
436 434 261
458 339 279
405 319 386
31 2 18
60 13 320
438 280 236
112 64 376
414 400 297
112 49 477
455 87 459
276 266 25
151 126 403
430 2 52
348 70 282
182 82 143
160 86 481
490 194 361
342 61 162
91 22 122
384 192 38
246 78 215
447 172 334
418 52 256
185 84 58
56 35 273
170 108 321
347 191 266
277 136 155
401 273 61
99 55 482
182 92 113
353 303 337
213 190 69
292 142 52
389 162 26
422 81 409
39 30 380
209 199 354
246 63 46
356 240 157
403 348 389
27 11 291
7 1 180
2 1 114
123 110 347
257 202 172
358 349 343
186 6 440
194 90 422
191 44 310
433 403 398
355 299 204
386 102 160
69 14 117
212 178 423
492 155 372
435 254 220
472 378 328
15 10 97
180 23 94
202 24 101
426 191 429
317 169 307
217 169 44
163 99 68
325 39 261
233 150 360
234 94 387
286 82 319
31 11 445
173 132 131
295 206 180
11 1 13
122 119 141
394 274 483
63 41 416
344 118 310
340 280 426
316 312 384
304 174 29
388 85 220
212 3 491
284 264 168
80 50 290
255 9 48
45 23 78
298 103 458
130 61 249
372 328 265
173 65 295
216 129 119
436 146 33
230 115 485
28 12 42
182 156 346
316 287 451
339 75 261
340 312 268
73 25 72
226 11 454
123 113 400
398 170 104
80 29 22
204 122 186
142 47 16
216 196 179
147 147 490
17 8 432
404 157 384
419 150 319
79 5 417
83 42 488
447 315 365
269 22 283
241 82 127
55 42 189
23 17 350
134 19 480
496 336 367
109 33 479
56 23 353
58 46 129
85 22 286
325 34 131
100 39 161
456 380 266
373 93 189
388 267 264
457 305 356
73 31 421
180 105 235
182 45 295
364 152 366
494 477 402
483 35 88
444 223 16
158 22 170
388 50 478
490 441 131
126 23 258
482 206 495
199 1 229
103 16 18
178 152 46
65 51 497
431 65 406
70 23 74
409 180 261
18 8 173
469 343 200
474 390 333
86 75 161
191 71 363
402 77 207
210 14 175
255 78 307
223 128 39
156 47 222
195 180 302
234 221 436
238 4 167
240 88 369
237 18 250
152 138 390
451 335 432
462 18 209
447 181 420
322 246 76
329 254 472
1 1 306
251 205 455
362 67 272
138 39 323
209 67 428
15 5 283
15 5 381
93 50 131
373 281 178
455 374 174
235 86 48
114 107 245
436 382 33
201 156 268
342 194 293
43 13 334
10 4 265
165 101 292
243 127 142
298 271 401
26 17 9
415 200 469
268 148 206
292 78 41
14 4 94
54 32 110
146 97 286
411 15 330
480 167 233
209 136 277
41 27 440
96 66 485
320 181 126
345 22 326
17 7 192
52 30 320
322 299 60
305 249 304
172 18 342
313 142 50
327 180 484
255 207 372
31 15 423
134 16 329
480 308 469
331 241 261
465 21 234
338 172 436
63 7 309
133 81 412
146 57 187
404 373 36
226 220 397
483 63 182
75 17 37
90 61 155
152 148 292
229 109 293
119 53 212
166 81 475
36 13 98
315 150 377
302 146 383
286 10 25
314 147 375
364 360 87
141 131 36
41 23 353
375 25 341
226 174 77
67 33 66
437 219 197
117 47 118
421 311 424
346 164 292
496 353 285
135 41 453
203 202 322
486 464 270
389 12 5
278 172 39
109 55 1
120 107 248
222 176 163
323 87 213
188 72 13
346 135 122
115 6 3
82 69 129
207 23 88
403 67 252
168 120 278
268 217 456
68 52 126
90 48 110
199 80 365
118 73 444
275 173 268
423 319 107
237 180 287
177 65 369
240 76 93
255 68 255
342 178 467
398 295 427
146 64 369
231 217 329
360 228 480
104 54 462
322 296 164
360 159 36
12 5 298
387 247 109
389 187 90
261 43 479
38 27 275
340 61 423
321 124 117
51 2 176
426 95 126
184 52 6
277 56 123
56 35 469
40 8 208
7 7 118
415 300 102
26 7 204
77 74 207
175 22 17
399 234 476
476 474 377
108 79 169
357 154 137
50 45 484
15 8 311
9 1 494
422 118 440
69 62 498
246 69 357
40 39 497
362 263 186
214 33 75
85 62 159
457 95 108
75 60 360
443 118 82
419 229 233
316 305 455
345 106 445
336 191 415
131 16 265
154 93 172
95 74 423
24 16 486
226 128 379
73 36 471
347 175 372
126 16 410
363 116 25
69 35 207
330 53 411
294 83 117
183 157 459
121 23 273
4 3 293
319 124 303
371 147 73
236 216 392
250 202 180
286 179 148
148 31 225
345 296 415
203 141 393
360 73 41
427 127 96
261 154 410
374 146 389
475 340 431
278 17 495
300 4 409
92 2 225
235 59 296
256 63 494
281 83 417
62 26 41
425 413 209
239 16 366
145 102 89
414 212 299
358 54 359
418 75 373
108 34 249
306 253 317
32 2 330
29 14 276
443 218 478
359 306 460
414 54 371
52 38 266
89 68 470
300 260 56
363 141 8
309 299 483
200 92 499
320 265 452
301 267 337
459 282 199
285 150 416
301 262 203
256 31 146
275 125 281
209 119 355
345 182 399
51 21 236
232 74 156
337 310 170
329 30 148
196 153 378
212 123 79
291 152 110
271 4 126
489 280 498
37 7 72
479 213 309
418 303 61
415 243 233
476 248 199
228 81 183
383 82 373
224 100 86
324 53 413
181 98 154
33 30 428
412 400 263
263 136 489
185 76 326
209 84 465
348 83 337
420 360 322
263 43 177
285 60 147
241 240 26
174 44 84
121 57 20
350 285 71
119 35 374
389 309 426
113 87 220
217 128 208
445 184 113
161 114 471
258 25 146
189 119 144
485 33 263
476 410 140
51 38 255
346 214 212
267 80 210
227 71 245
393 257 498
446 398 78
353 182 280
442 359 190
360 19 326
312 99 177
220 39 148
486 377 443
6000
813200786
954332647
732298144
646810875
17776841
86406165
552466339
531388089
625745610
466817406
85229074
851230390
255290427
276302668
864501617
251858367
9189650
487257393
9540752
943185543
700007815
210376733
103580430
277985819
812965207
247550395
486271799
756619998
61091204
33844739
165991626
666389715
560767547
547504118
353013854
270978890
309391045
904149549
462781739
615179448
247030082
578381236
143055872
798474131
452351165
887845555
585830246
904552958
634107155
154677149
804701936
501195825
815093544
258716638
303754942
249090728
787324684
491766042
124176610
122515156
845019727
537066623
135651586
487067659
929775998
980941670
184131368
439040948
321163202
605300385
53044373
155090441
731883781
759199069
796886364
969190488
331269329
17310269
885724585
337821439
389583573
111682624
527069886
772808560
19670298
404618144
599734067
930084314
420443296
806211728
747614509
781973505
904605525
947243627
297699259
835189783
960253118
741247865
612759220
490831541
850783289
643424654
741721486
226804508
457493279
448741684
825194469
174580935
137623870
798916413
875496485
534297922
155518717
529047316
21959816
315967455
347715705
623541548
713427166
262054996
726523749
387208893
80537964
218962620
403483599
310332728
784423974
673836757
156487017
11278383
580329029
308195421
208595441
94421707
184308028
320501669
885444060
418022549
944054556
526190580
564633690
271534721
704038073
310421178
725989967
47227552
349913407
598227542
295223661
737064182
557086894
310184938
766739035
234546058
440072826
464007046
557572734
102908457
335789753
664997722
885111186
550463516
295961155
811693039
644706799
363071374
260312655
702193148
749295347
691338147
575235016
184909457
958156964
308654932
554635352
662622916
272740266
91021100
460944937
995523902
546936240
572073063
695734442
675114475
471779593
404275741
191918200
628616644
125220188
392489537
782575601
853086352
81967772
358545141
314089567
757568531
383816917
977770706
76685186
32813622
137831142
887717624
616578255
511916956
749973547
835980943
933946991
223735761
91064480
116794445
808948490
749479010
709886173
782640623
476385065
141306505
77296767
755356070
263095967
810179107
237835634
578322682
650311608
781581315
83797532
746883921
825437025
514714196
889054416
269738401
730737453
52093686
586653840
544965039
889115503
837512793
603886770
123939929
711237845
960375447
826980172
110274027
827735665
524641532
850033498
403819737
174623891
751691196
231019972
93743437
602526335
715690227
775637299
953112427
652287897
716813709
529186427
502658327
192012272
494447283
274055641
829278047
680358990
862056442
783784195
641487629
756044285
343983052
205149742
204856066
698477544
243187853
195757475
479416955
795660977
960890181
703808032
351107798
145724077
695919093
730739986
718436757
677654745
883574863
838864455
320140726
680872130
235959941
6692214
992613105
973775868
600141886
655821866
897125110
561532080
352391963
617908438
455475630
452562338
143588138
901608976
746180009
31461499
297410582
127416403
623680247
806156010
193294125
309701985
254653011
79414131
985436662
96911106
992411726
732471341
712334062
196102035
162750011
112027146
61176829
911036223
691476569
808772104
777432037
114358835
716683682
728861172
525821217
25792516
473098552
685783901
122129231
669728848
819343333
998854628
561161199
258083343
863827811
524550964
879404328
628147554
285137451
606368608
330076093
553801997
862499193
798701913
680048879
857386039
929435798
42608006
297782716
203097123
123774721
791304836
469014078
168805044
879961253
265416959
276748519
669509615
50121330
999123791
349388632
791842595
324883544
718702660
537308989
490599170
530564869
820525890
351494680
750132865
997548033
743281732
887312304
840382579
947680011
639929758
98812905
577117408
908947706
390218179
65022433
861386693
702130015
711470075
59213837
763126781
624746918
718959906
679956650
564899463
420283799
467545745
830702514
359775966
537065101
552896715
224492706
55363407
593646755
361049327
730027619
296549619
960761599
8113584
805206461
662726191
634726135
591629734
903469191
638506843
643738398
542886894
770196633
537951273
477320482
552541569
897828761
141809439
328780703
940920426
662199038
176280856
835362353
875610713
820975143
925328559
906098995
63282368
712384684
173194405
164535583
344963985
918131675
972118010
983814242
291314911
750385981
849520715
514366016
584056533
193453486
222491579
650809706
167768304
479785777
381254198
843305566
872948187
122552410
620093095
467416404
917547007
284534999
208287806
775310025
101037178
775672630
876451605
854690797
382660647
410768541
902566434
256849997
935251038
768267672
498478597
220514730
21904142
215427963
132060445
476325320
707405772
762720429
173708997
429296573
170597641
387428831
81172395
202442420
571571882
698476269
456546958
219897027
731434885
810235981
16475457
334492665
441216888
401161836
268235870
635565272
283087850
918552279
896821175
680803074
546076659
113843387
249858387
745581475
858874151
938276369
593616550
208933634
225118038
210105407
489448471
266334861
588311658
553570280
421045603
476505738
15037019
632995394
175177015
576753730
238469762
296936132
892835529
233114641
943242276
395658359
80574
531355581
937820696
169488182
809752809
85985276
855566568
472565378
815866944
551846547
642084038
767146178
356645584
867728981
648308857
321157924
45460536
22508266
662595726
600570054
367881481
863210867
104379357
379976105
151119808
535874975
809772049
701583431
961697345
598540232
627614517
461074891
397669494
938776573
221132054
986735314
355851231
483996328
741094712
906020809
938443398
200410541
468965481
557137689
520864214
980051578
535266173
887943995
916920012
355344228
921010531
986917512
758093292
20310929
923182220
351117733
760364865
154141004
695686614
767892812
206587978
890282201
839793004
39982344
665024324
636792209
409392895
682684094
998502408
429580385
858091923
826360228
864226371
290333660
352402
479216540
426413384
45291351
197070741
959692990
589173607
825163272
561179025
675627659
430029418
203496117
386634525
595201542
837654813
943013585
505499353
485344661
415198420
953245989
647180222
829579063
255463059
734013426
564597941
561055336
573544208
130633606
567079757
598971776
606838539
592316426
552620895
612069820
701196235
352065212
258951143
844324798
161833766
927411245
966249462
409857260
732065397
162771730
652979822
716276830
632011440
457851555
342278508
191561697
559933444
334264510
110984769
318453439
453280550
37235865
917017348
758845395
430204114
240817935
654548152
229295200
148420515
784509095
839078134
938078708
47709357
316481646
74180353
882995166
271680360
175186665
890564565
20214688
639085340
767678070
241890391
621477680
104346234
525439596
84938838
660746352
758301111
899613700
789965531
623646283
669601414
25041870
195555123
456282667
134637415
202141555
723443805
882617535
203467051
671208736
423746024
391868752
559289161
883339007
124816232
135837642
210155644
863192277
937444061
513905094
305125149
738496939
980605337
21577719
293276512
666490839
649838066
428441354
204249854
563447002
768508379
852808955
396979405
106355678
104240307
355674923
791465288
416213132
940750903
272666303
530594166
863759082
651240395
887381306
438692586
66890922
554601873
652383642
5547725
749099271
882784448
360648553
571536386
803578995
286570564
655230249
51491310
829145899
912124942
97624843
155779463
699935436
989227433
915620828
818952665
3397978
545790087
542232902
916188714
232483216
158496234
850811836
665897610
227472219
551376408
297250683
214946670
679550590
651143443
463827094
208061547
857583368
374922639
500791142
75005859
734230854
184025214
764920056
242298407
714175923
256945735
794621812
719012514
169673467
509760630
575095375
905267942
604054167
332966125
208742956
26314448
608278751
23194070
895398203
288094002
792913446
459107619
344806255
825408671
160862952
160355325
519941751
302284622
955627632
913854102
117441707
18960228
745340721
892502343
972637563
362078341
332256881
769883681
769927868
473177807
910974045
639805816
895683520
345193160
858890913
328325466
508882735
616290710
815091490
680743863
606765702
360098828
984148022
501379823
559014291
593738647
946486521
864080700
714612254
556924146
975919114
366343165
164469643
37263683
740698619
409913788
683920104
917042437
643909776
274101647
859649941
759965453
777474816
128608318
956595751
310699755
140240236
626471089
516365179
172419285
443056481
326371947
955320785
342162592
708145038
891290319
146364601
179366166
691274475
363355021
40189618
24136876
645126122
773098873
35959044
162478535
899745344
396672108
425123306
69944030
629437015
262460476
215577868
759069344
173595578
46191689
689704248
322957173
548658287
36384941
244552056
537252778
997823455
603011183
322417641
375653059
433429723
543500195
262490258
534032833
833379578
269804176
174085057
260328897
598201193
906475737
214355434
459494731
566750096
635724100
482115154
283833716
756134363
706659738
656617365
997244092
52512792
287712607
299588635
681574445
814704030
329640289
695060332
39858949
725394804
864010596
224654079
565104259
87174154
944443281
396276968
627162038
478184276
342522426
475744404
52893003
621298399
878929118
119341554
407321976
369084581
959027856
673528129
233633047
579471318
316457096
148612632
254198783
843608793
797105234
778439932
372051563
841076832
95468605
711040461
108069469
630770516
768819319
781128872
217235177
966835133
547909046
661751504
222347438
537647758
972256820
500341324
967597582
578017121
367083946
870671259
414521012
883009915
545189905
130827014
638562182
64583216
267826976
564468959
2108204
220666020
200550100
352924069
632684848
855775448
689346514
377650476
197998411
869282298
351327018
431798793
366941015
174219333
817514408
523655229
447947284
22138209
209442616
543093242
704139800
157788898
420079138
380368746
422521275
803530758
904193722
51134453
853884713
380640506
767756972
89703704
679874819
5342343
851763741
293536796
906789536
885560182
801237899
435706991
753033243
153162204
299644024
519595018
194888622
156053394
912841028
879906506
126233844
104367879
113378926
927929211
873342936
699663066
945920441
616669401
318460266
162360629
480989521
158308605
534896386
929450496
516201964
906695316
367020975
329019126
339627821
80565999
589980581
241099436
854144154
745409264
786715565
853064301
125458536
575942904
718150761
754074841
45350769
682373170
863273176
959207738
529060838
266043999
74316120
862907351
623729699
780180139
268347867
317006466
746335252
822109796
991391629
457961360
7712253
411651911
683650648
659096484
277425093
526437361
38771197
570103133
613793375
877371016
484582315
53960858
776959200
139567398
840803111
557845755
105945775
982318152
904225751
416991804
765854756
205601046
428126957
12066076
627388914
346829538
118164743
824672715
861389892
817130005
379441674
476326808
973939620
338465896
873159619
641039422
990550569
167513829
506144165
622851338
924720592
225662905
645422148
293969506
322972677
924393842
32956068
501383654
216579050
234296810
449001785
837081153
423727136
503456648
397797229
569728787
429515852
874942602
885079591
492838347
388473370
649105232
555004926
476601994
836345003
819493135
923816855
644445939
56394363
452967415
217361996
908536130
533759881
455355705
30742686
206508784
370286390
68639863
508286398
321598878
525481179
696515260
412744965
391687880
600119014
341780980
225745812
496532743
319545292
601791883
508676027
935038863
206983616
450662045
426439746
377989610
568861761
290882993
977704267
840757454
258400440
276745324
102612464
945587237
515575284
17811565
381375956
205051740
199199131
144374158
809049879
991283537
116693227
732855772
808664151
569733979
509996383
206192003
921963962
147519371
642362013
495760773
456341064
268156831
229891079
59676777
803306536
195841994
723513771
210448699
325365184
214488350
78379354
370370520
117679782
135973522
295499255
489391060
774105332
729874759
97589787
964098282
856267388
342280872
540560302
763212945
952975210
464268481
228866204
688161358
476467109
866328884
594656206
978658028
695883287
46388875
248356837
419498646
942087361
689975415
19994849
549985298
937444975
841287976
492953774
517334711
26574140
562904401
57011718
709322154
221816073
526209389
199497580
136086977
726908146
641352762
346979300
283076140
575305215
17784141
195774455
409259488
752273423
424344882
42384426
361235676
570814641
821082030
47904802
909740233
206584228
557540422
125707823
830157407
123997994
253596116
23681551
413686082
826813307
555717266
848641661
498666203
712634027
580625459
849418778
575419458
817885081
481735747
623292126
528259763
420499042
964791506
269921527
938955750
864437826
385602528
583156231
739921042
729224754
355978174
794267726
942023684
865365009
860454734
990339129
578897198
815081236
680558701
354770039
446724595
61418287
554984994
831347189
204623238
507810851
225799743
209355354
226189790
446926015
729702128
761397996
459379714
426501602
761289239
733660147
680862150
995297958
939030220
48459418
349786628
852526521
644821223
496375250
941345038
348277883
204233918
333171686
252749082
619559720
60778342
51114184
691691434
622075943
832143177
428133193
474057577
934775409
27424763
252845093
941181476
373072858
350636762
209502782
16492099
836323300
702685608
288793711
215049921
374484844
73613130
825050949
866401559
74823155
914335651
973658204
354125595
784348217
948259630
674578617
14186248
250893911
350795880
884210858
868672249
560099795
236932239
402145439
99530318
941057325
949665745
451758004
231173580
814785109
646207517
140508825
961999802
20350242
33481621
599201392
604737153
507092449
610525119
829700295
306147204
958574757
281374943
205568729
726263111
662488827
938030262
130015944
776716480
728656553
131962687
541900663
885035082
343736066
241344648
322823249
136984901
805133642
979967503
389620426
289555567
171859725
386343886
594528706
168435538
122157130
396299149
418816696
289221469
204731233
832942119
846606301
605035388
506152707
654613193
933651404
800740248
180416403
290835909
300494944
251336522
32948144
453466165
838933523
267059443
585835832
141169402
547276105
489642059
249702346
206917701
859503939
945152674
820680671
25608708
52266822
609652345
283962021
740013873
784628350
484538514
814759836
139259842
909117242
287421603
504952027
463167801
801077690
430285671
248121069
475265770
387085693
810675246
934785486
549158061
771080431
246318913
215226732
77898791
746661021
164747581
474577362
856712047
249995695
102701405
398815526
737051244
745559857
121969848
431383702
293478470
535940780
532942838
23775104
168170566
533210170
876351750
521864708
628377835
290822012
558004864
879672225
360586797
42136945
213759620
90440287
737255809
213102255
928555402
612676265
255522197
294651012
684534891
336325131
485597808
421409248
51483852
881059756
101945317
657048899
981219181
876939885
910818304
487000009
676676823
356197044
603516481
144103156
962944592
470850186
900218964
245758750
64883167
653543808
154294815
268008435
206746190
412870763
189132323
779715764
974590297
413378813
420380994
68558140
694217161
500683232
220649742
372530485
537900224
378041825
786484283
673348297
246047382
781386323
651481632
844772606
857117333
707720083
79382846
573752280
930161459
131227553
320042643
456970645
903916386
175603743
594407459
701860134
890314736
315816597
913803645
810375936
78858533
713941879
674614177
960725840
252561200
382631154
813674867
603662972
612951117
723117680
361189315
885925012
585574721
699045265
319847267
274456837
69401462
95599769
486099228
812651463
165423311
874992262
759183518
193200965
764092631
777207794
935635107
888803576
789010886
331189538
458524872
316723719
382196689
786663592
528747020
117998267
110938271
124624596
117404307
870472753
575813204
904908126
297472783
28028627
24625447
884352311
100630132
402023967
441390815
475134664
107497789
283347800
699198728
342958031
653144618
576532766
974053839
729623170
215396962
857781645
825324032
780729925
68743713
764400061
600062054
982215287
722319825
955077041
531889521
575861635
614821068
652114255
888000038
561591294
112575055
172453309
141204570
575661693
18644924
73929853
551619075
421630798
198973682
872420460
207810524
521898243
833857743
777520000
361213206
571162373
753206211
976196092
409239526
936852077
422746270
154252626
327601852
572492752
984111588
990597757
1351895
598102422
407937216
910975653
795945990
932841788
48430017
585970067
963338963
337990660
235473609
463952386
209731800
183175324
670587414
124247361
149622572
396074839
679675021
836969624
688370185
322782074
262903138
38765309
812545829
672747022
425520673
231065247
641299875
910131588
631566972
111611884
454551601
902931488
733260428
979593570
385602265
294979573
385088971
797263143
939485536
353639060
878502775
889313149
988951327
729652740
682279591
777941824
578923008
953108321
900155419
153212614
592595043
791399467
282970887
930107047
247239052
33976987
870626673
962461178
843713686
69923308
996393485
375645996
620734237
54119686
372050395
423830098
251157739
179043629
539595435
890538471
393306724
302953374
404275502
276606621
927990679
387176698
687738299
21143416
610365555
930608790
264009599
81291797
694872681
406935254
753018183
138990123
668980522
453646126
102639638
997182942
395467706
479085163
366257490
906358381
47597284
503339257
646061815
67906928
36083803
708584131
689251035
796582408
298639387
927291888
528577128
950216611
100516861
756620983
536654810
273934102
644286424
301201633
170976156
154385805
536429402
668793566
86178160
677739732
261258422
81403112
862440144
450574906
571178865
109205513
254782539
563816884
685875938
119915418
599074500
804653388
215302665
332566631
553250444
944856652
594313164
838890497
359427813
805925779
18256632
357469177
793598914
57169835
335644361
81098960
175324437
236488541
169892334
231543104
49024223
693081929
307151099
131198283
765325590
826478865
955348308
600873359
10530729
559943209
286817950
12942925
420448390
336384224
127873213
637008188
810337853
405253650
6427688
429703921
293616968
939580067
939663529
152965742
192395044
164511520
881973283
204897277
153177047
428450272
94875814
784411109
443306921
862884460
890325607
855315441
226438343
198253264
898710413
158109332
930222730
258222093
413557208
409201291
627038440
576433824
123964228
186807830
615828633
218754537
970138022
857027350
590278948
747003743
323069182
628800282
46674964
104365679
701345054
43824853
416321594
634717587
759457256
423592879
14553395
646784037
605461639
744623543
591842
793895778
821828710
146430679
820900916
399606321
163711391
183601655
368168339
984955533
489336119
583274801
354661755
476765370
329412296
36580584
489406940
44667707
498067835
154352576
523888830
994856047
546453872
918304340
382762539
636200685
939693811
562884205
606721569
817264984
279846598
39464440
830296557
822740682
9018850
790353564
66326156
738225672
982663564
990244848
550058750
999620155
751781050
301207411
6494172
710691612
615528845
23227379
458452475
263868445
24694124
19049460
550771433
971014320
874169066
903323458
100950789
171640771
478098771
291730427
165405012
454639983
871314678
206656633
630650065
499764427
175199498
504138247
138348535
875531581
289672579
822622547
427608720
187118009
116682533
733934681
448212565
224046689
135790034
29960664
393465061
273271094
704504141
174081468
934651483
165085884
269377601
725728406
375691369
887719982
84634230
537323445
321076217
767470711
40314062
522033718
758152004
988471060
551871232
920885175
660252233
630234555
273933611
659375843
662989194
346147325
632683231
928634200
968256568
201369694
670390025
784833238
688902076
175961894
463592403
155111464
954325661
793535039
718021811
318523139
111430487
803534716
986955868
553026178
817859878
236157211
133987871
390660865
414822839
80436167
133838267
149263571
718199383
39158331
659491794
144656392
949883704
248612149
301157640
600861452
917365799
888791319
877924123
854557345
762308342
289627580
506345414
486417350
875039451
511991925
266110360
833172571
953313176
36658093
452821601
782791869
605535119
79641464
375874740
726316354
961925869
86347243
281731502
108193667
372801838
5299512
125663108
932474997
239028197
730854541
784478653
137531122
295125613
771460101
975306902
582552261
873568979
726749377
734273978
372105346
512682918
690757330
97093714
623068059
922364551
758122498
289777394
237775032
310728892
22414870
307376953
625139776
282223012
454808682
307920575
465194325
233394202
648581816
494679661
842943633
625917289
629382022
779226472
221402688
780878816
675338765
881610531
940337000
201357993
199438969
816782386
739398192
919692149
161157165
630928950
383594455
698560881
515907798
215374608
775270826
3775795
511161529
728997722
124413980
394536667
417620720
432719138
191057382
968532290
479393792
500045837
29192837
653503773
343136712
724753814
276286013
648051428
172889940
810638744
764429409
73738851
276857498
529566370
637680760
576791912
221033567
909939405
670423036
304014681
672654804
174043944
76522726
174857308
868739645
356776891
944118146
35185281
721877845
621037988
57987399
737458133
279194903
242075192
15835952
340652484
173087833
113462018
867145012
159897375
811297753
568525909
363231222
93632591
592278341
880994266
869134823
930686040
85546314
202986689
917515419
782427536
866491598
604128164
137875200
105158457
475982524
872892540
900255523
287913036
514746314
427863940
35360962
783371482
147100171
139710364
76213986
467481277
992437436
184065897
750356462
416924305
634835041
835337350
185900665
928132089
641290251
46384024
777771615
706232366
639959886
51183599
17166446
39043800
211699283
300063472
448875789
552061367
350889261
824745663
235242713
108497288
142486427
479743428
853694824
204290330
180389230
601225605
696853503
13255925
334983265
953319108
534791094
788776315
113043771
118905030
968126406
444657820
617237092
715135642
671834278
354507612
531629818
22313837
612318114
516840731
180604402
756859721
50941915
396443829
806578518
226610178
996481789
395378508
356327080
405338015
814648229
955491853
347687246
247864673
557853942
490312480
923999864
287588619
405530451
36486636
556365730
142981176
50210749
281382658
368288082
915020914
797666184
601098425
875601444
162430904
541698824
808911486
332137432
338902849
27785625
886081402
247162376
33851066
620290039
377490549
766583811
819500657
150008240
660206036
746250737
480481139
857049990
681127865
729017207
641641810
265937742
513646828
399864575
296983392
261373689
390110333
837704731
452797090
964259650
360678704
142982645
303600049
836664009
381669167
510917294
40847326
988612080
918882099
452601128
611076844
116464155
113921337
846989175
385906436
561305954
268314780
822348178
858853742
548556596
585674106
605550028
999388140
889271736
341907947
10209844
47673821
325610056
566017015
773017447
19099438
890455832
299325134
359591773
713186224
831732985
377664494
36636897
974107772
473383242
112776879
948350949
478089856
830065516
753397195
227091969
172903020
353689076
636299307
679051322
844125993
699689612
229076208
836494091
767157781
328957543
852986559
260690521
787694617
283157051
573556128
315595577
245448641
969408292
409369422
895143968
99644148
757310348
510210299
793772970
307710886
687107804
31184816
63557574
738865857
694043884
561409092
826467380
192423986
938879419
986933399
28754518
271379894
695400054
916152843
473330918
87812431
529145326
317097205
516783266
16343117
592484735
890572709
941932504
686573937
599238137
113359198
410345857
581216521
629112055
267817937
485684449
200769382
289068544
455504254
414018745
982938397
237827031
910156731
928727980
400672842
439631354
30258793
672859827
311143770
98382129
879397321
973364990
334091715
27776848
762078905
811558796
157306208
984863110
856207209
752268257
902977304
937478041
210129755
874581283
389680815
688254282
507601889
520072478
669363171
579272030
46049240
818740952
362816231
580413368
188352244
624416092
299487675
997593220
133486592
97360283
621704794
926334049
114398501
603733164
222532490
91947275
673026926
549156636
148332611
409457148
568414239
865156365
361801611
958474400
883503032
388156383
11377902
508037810
282233689
860468518
37622092
191886500
836190140
852537546
539966106
964596874
888363777
661379394
592308511
764384969
492484912
130564942
774118976
64277409
713259216
460925585
526739624
898928042
715985725
230311472
111757214
105099683
130151616
771169626
768964193
436166304
376747883
665622068
951745496
405605950
516186457
914442545
676362903
97340829
65855435
400163748
573620462
705652790
538045929
529088572
692439776
989483744
90861187
487810531
479400445
552434681
980494206
559659522
578271350
370548725
703212453
497120128
287222200
714119682
496420519
123672686
412916562
213020810
494421630
428436258
797686496
228564852
190401927
650838759
312203075
839373425
507682548
490097694
243721073
318561506
741571586
54769371
561931533
867064351
593386395
662495945
963064697
200970435
643713082
377877853
10957612
400807831
175260485
80317035
848099954
69508421
110702847
256062056
718372025
616068918
874487179
491623025
633801042
256066648
534045315
856355621
437516439
295750751
568068354
161582585
454120341
686301375
125343250
623425513
598648806
426592058
771704924
686913453
763020954
403344791
793743918
691381899
474691800
200413969
558348141
428725070
669309391
309532138
853111928
100884235
244665728
114591308
834010224
436280756
376775813
602715903
209515351
805260779
509032986
788100058
508570729
495668533
518774801
307693587
665949787
117284062
544201429
180288686
545994568
859897427
393100574
270402820
875180484
397164640
47490393
713932846
443847431
653997562
223555416
192990413
404822219
545297748
269842046
875112
673975477
440175033
683571742
385198259
784113487
853557984
378929799
714648199
307995983
636118739
504762221
326897305
680464494
748777258
974592728
521301479
38514077
219199860
46795954
141286124
529551042
54246557
152237594
364879126
383247064
327379050
302282112
212379806
704187605
103714222
51409618
832882479
684423936
852213029
716397969
259050497
450527320
183641923
700516289
146085516
325397506
741735841
180730142
710003037
13278885
548224817
956402062
291176984
200147415
134327640
937689204
784133740
662335128
541044532
812716311
452537222
489822440
758126205
981953603
456128310
752517631
304750650
181207079
939309121
16254483
662516863
692350351
808834952
835118751
116422294
973575962
82347253
947101322
324071551
355876845
940598020
61601740
422640294
146709732
484940853
287927837
478534024
224854464
263818144
108059764
248204478
831408946
287250745
700804570
568544632
195234434
45008934
280739351
392763815
20865800
886196970
982412007
57519873
59749611
650873822
689986560
235248141
226267511
642268322
280606572
171026606
580006596
557587275
649272957
942703233
645811357
394506751
913179034
612689129
773928682
544477105
521078287
686533542
340241637
651725045
415206038
552455545
86548002
469007746
312728632
945101244
350844503
740593732
109445568
948998385
806030409
996095263
667616796
621013467
417107016
126456414
212612851
74727000
665136966
835009941
552877851
454717833
956700716
963299522
477185698
788485492
501789718
480029787
97345874
344169729
758079924
967777921
403181669
190044980
124438643
883677063
166341002
829661147
594756163
740434429
940522564
85956229
567271413
740845153
102886251
315977627
792262364
477312134
579826672
602891365
945764605
23820357
269386063
787357960
35040784
220449970
426849739
112113317
681637871
225728961
686893562
642333829
440824578
219307864
399565388
251027671
648768057
767401594
448783277
407662412
958226450
34803694
490273044
849584821
433554518
965589550
852781694
311451569
613201694
910501645
445397472
895584255
575333017
346378029
802039257
561145744
579349451
766726226
98432810
626615532
322124733
639454283
538907721
318544527
634418541
738946126
239755038
283880440
393116852
291365537
387554337
777234484
253531006
550094200
628261589
120583075
794134189
81828595
463700355
291693397
274763004
98984150
120931991
357159467
731581400
933240664
898344705
328481521
457501653
907380085
292739243
939423166
794106981
845231242
347677776
689656119
795710641
440597373
222189778
125687672
906463336
16292538
802321596
674789477
932431898
141082068
894118656
822980817
453194447
245320944
30007882
656486307
501739346
344305089
107125539
743012831
604380116
467170217
255336230
813817635
445289306
255598274
735081300
875724849
364035617
178164972
391439578
665614306
403353132
645970116
158384610
116453161
659838515
41880642
558414948
192433420
430251591
369595024
523815178
683148970
450665706
334381604
691469976
454018157
279321154
917676800
55850471
571397000
58490114
595763132
934844992
222880267
311175037
393341174
712142170
227614410
458821708
810135510
721936573
550427269
812271674
120699836
100884783
183028952
380300973
670604563
366768337
511675199
540990757
911798275
875857972
188833401
611880765
383038990
843231480
983294688
85157306
395207421
330454748
740486787
278718592
903439397
492892636
852231074
622266952
141132861
537354405
758282342
908029024
877513745
704209842
523437175
707104754
3512078
168381454
991403972
578462347
67903996
722846260
760188627
958690734
532288704
848378897
808388084
936540324
607976038
69533651
516878297
291228377
239179342
599156087
404626740
457271777
333100177
758718256
301096889
235252486
194844698
545948718
603753131
630082764
761632047
578686112
260811694
889956021
64784119
544120215
645804319
48244020
179628724
22672874
65690517
66592278
509526913
879258412
886138805
790207358
867762513
421847102
502494405
669249301
236630392
704476804
745477027
630204355
552232852
15059510
179328536
328223125
142451350
453761004
633666453
322438215
384629986
201854036
189905522
796560785
835443193
861674946
788792848
122693963
419246974
618335963
239442027
891407898
931658884
73241866
485977095
2206655
910983573
351876159
897597091
991319683
234631095
965267142
953485217
70465252
616161613
700159068
170784627
543657850
456812971
28681141
358770252
362281669
25602049
526796408
695666476
756979515
279145166
928728527
548358078
380690111
479103290
297434951
744067735
216180913
494738322
783782119
460492417
69434515
630957645
370075004
711534285
668465229
117656003
969185864
135772876
445648583
825527697
792603720
2327163
213206873
305281536
451823820
896898796
675542298
485319307
736586148
752245972
193851995
118011864
669590247
290741376
279284230
44833917
982850164
468457971
84757584
180420317
909458803
831010842
405573354
391165391
700552452
892492783
255907383
298878875
67508560
771443345
900039337
995246064
132088813
872711452
516964465
154275068
852381352
928025466
890573850
549377223
484596590
969320027
164837911
81224408
475592406
194611019
185069899
74518416
166975340
156916857
265239136
705275415
259041649
349974744
224361604
155501316
929184265
898305566
13638802
647245259
158361388
870028034
680919257
920887918
703982808
534609323
376829679
603826189
134243355
244402638
152710409
92766871
621035870
170061174
347751604
137940790
236784736
471380547
645086905
399539039
411991816
835399485
820771364
523802179
220932887
407773026
822258397
537997747
572918565
778639885
77609734
187364768
942894822
110090751
382854882
989521545
529212072
863945549
682207479
616350713
990925032
301695320
611782021
206968544
592596745
576051321
58257016
565346140
156560891
484641494
976337385
679555584
68425610
521696157
429772685
903467684
134648995
320648962
556006980
670592132
662816198
366620315
292665307
187627285
738107301
231397604
712787570
802375897
931220061
626596138
525693368
158010792
674580561
129396076
799812583
26305642
249889660
403932662
700394189
67543166
371501428
497323249
566678208
110658254
838945582
451384119
317878936
393498808
358741120
389363919
117326109
262095277
124571925
684768978
43069464
879921864
239093746
326543632
840342435
997191799
395066262
449508173
227045108
243722505
510596823
673153225
250918750
519944499
868468073
891070950
974285325
811730062
700096817
55629424
527347800
71007792
938594395
591630486
213154922
917407185
58524703
868819756
446671268
444255988
83768246
80477885
314774855
240435215
152762978
22185896
647726173
52016876
332826135
894219842
924499311
523236147
553650422
212519140
437166490
518845578
430659137
546716322
47287754
616521830
341183317
864408925
158396368
923265738
559519280
499419613
292512771
245685702
261552477
11253913
562675381
930565387
178177710
463805822
877252398
468420230
971556525
264761287
668979929
896494666
486587010
538031427
50867036
880434669
430929011
809951252
73777889
404887962
908045887
933487783
813394498
387213514
71283297
464510240
902404706
431049139
836538721
851767096
17504199
61761811
332108940
793935836
371129709
5634393
367741917
314368837
278474889
570513613
130580631
209681213
518264983
203172557
283239027
960770045
36926359
832362664
120324769
808660212
105288904
853801945
888340143
840214511
624801261
309190969
260064019
176286422
320407052
523221487
358346296
312068479
329460343
47696492
288408353
479113104
384419771
21365391
321068320
333706679
425939370
917341100
183832330
147965545
667317649
545958657
935447374
439555538
321054793
742454948
801010731
958715298
352828271
897020428
16718253
736192255
998233835
914953515
195884171
263408796
177780819
243757873
272801387
760302981
910462093
19660280
674874985
632497090
347776658
361187057
114790683
963733464
701167803
842715082
523756888
598327471
562154460
764451775
980607101
67236564
682871630
434807597
362187024
826579051
650979047
934401628
874125344
657985596
273269470
83494805
483067398
189700298
917244975
296109270
240769736
115994165
917851180
252569402
439889700
887101537
113104577
464427004
903154467
376479046
639121610
684030291
443174279
551834803
151741953
625471508
425482686
598312659
891760047
505894071
321282711
352751817
144756096
628305045
829897930
510504637
874310772
456582805
211522334
160656389
613364842
831477511
928538366
48642504
861016654
521878105
950295082
550244576
217331034
278091693
467353020
146785215
202736617
862774141
231241115
740572930
10747860
962321418
589078255
985920230
96126436
162216187
199705361
643617493
889901541
915496107
92861790
786758656
691358877
184710554
512432457
927152166
899531581
744522969
241768409
989347733
194197234
630735701
20141358
777781249
5388746
10797084
488376393
110851767
928884805
286809197
588890359
427831173
479060632
282881861
776421864
277053431
338489103
219592812
272940002
305588746
965464570
656691602
140506993
867738329
435943826
130358447
467940047
551145092
67965476
285515518
542210950
636933263
689771107
475945752
224629118
923446517
172798842
186789594
784303393
370287109
810914161
975704300
446721113
814016761
54230791
594064727
652190267
618440792
4201958
979316559
826550154
65626147
866773475
608674537
647757262
964984166
855345197
101325147
241750791
741205830
556283751
34777010
610803570
116392772
213210436
213427503
603983456
115156037
561675808
947681851
855023065
224683848
331798511
906075703
620390950
95272361
740657954
817230437
461647302
858341608
590736476
177123577
314401071
592609990
11562905
555336412
71876812
132591428
328468829
35184655
388273413
257131887
791677563
487508139
410445593
670251174
72451315
374432714
592847400
733135749
756669145
779768507
341995106
500151917
664800517
54074311
624480375
2117655
144334323
242916077
860485554
36938505
480397163
471284524
137880647
582149115
858267903
414803636
69543264
494628100
492373951
606128169
475417956
972814151
529220215
131185873
720331939
337970277
961885034
900247638
995393018
364286127
421996096
464369939
346130857
529035189
211224677
633997477
224517679
247993908
931485485
853835434
484962955
573980389
163493280
248950758
855953006
772210574
645329554
138454801
635535876
665624112
416060765
775292760
126033932
948580122
551992976
658648994
665120115
569778377
66564722
742910914
826960547
556213431
876295830
817477559
382878949
109750819
741028478
986919550
554224123
800053691
480986954
858279470
539801586
702383117
640382619
734645744
917546207
831219533
957249622
678022533
468313481
180800186
607096767
689990620
696564459
470382331
550371740
699956415
684524588
277032864
49391869
30317143
390992071
501929357
896558423
521919202
656544843
634996566
420876066
357169083
512798701
774807979
260912052
534402947
41896266
2043985
240877269
195597761
831115828
563280949
429941446
834714929
833188744
854855272
171414685
969160812
46196837
97929117
118241592
641353769
650817216
137683952
418805429
233153863
475748650
5339450
814084793
165490552
921302014
514146996
662355407
647403894
964566937
69959754
866392659
992500428
232196332
391826290
18322427
223958922
405971602
634364398
221346688
873272120
9432298
565186647
567174009
442802464
259928160
97108746
864139145
105356933
564244868
520285976
458717175
700541316
686645389
261462488
481349456
762757839
918640872
607360623
710587114
407301391
84495301
970015316
970235112
440900992
131621801
632396766
424007157
162062749
988527244
165036191
556577270
631434332
666633758
383975415
458855974
553485059
511669719
270760890
338657913
276521753
468311363
998167652
930810766
496203981
761071885
924875021
418505290
964096930
104836131
101748439
576702316
109942052
686257624
458588613
546087184
669984416
530623481
106530516
810606967
34234495
809958939
212800620
494169238
344956652
99120506
505031941
552289969
630313203
208656756
939366453
836338769
966010666
173146550
992733615
454956034
808058125
480081428
581417261
883868398
780997156
899859387
669525629
513182236
799159724
430381433
930616835
175884445
591313880
145866428
957399502
777090596
107842804
867137094
29462746
324691884
45756969
678611063
954979778
792632348
350517590
764275541
556426137
656218532
99027826
699809144
452361704
30237200
25438339
845358089
259119991
807539880
61617864
227292273
192945260
781612029
459503869
553629684
348147520
424964822
479756001
223475318
594260319
773629872
155634408
283821048
153592296
78453233
230333288
59794560
703781761
158097501
359683995
828080071
944939104
326947803
840937704
364965621
215736343
428369786
395479849
320700786
903140424
372406009
873291548
857758074
831888403
319894248
640752421
475748796
937405378
639850546
490166258
74956798
957026620
449128327
549816872
681790166
68374549
250563582
637851129
363877654
500573443
291940722
477228270
949320079
321609401
434848124
871327477
339833216
603999276
588672500
765040371
583761789
24174052
988939506
159615362
174013766
394113048
868289929
152058691
41746214
86027005
52489307
470536536
874113580
2551544
624599814
956465096
734121920
520793669
674939558
267820529
245553787
744907826
16261063
868777014
608712913
135865072
232359409
608067193
474005639
923697952
725510268
209210193
143203070
712937993
581691882
760347606
743490334
822738738
360463748
713460933
355405919
102286745
170957556
227740583
889275672
209955533
188614269
669372161
806820276
444462166
888777303
216507117
411101175
296772306
904891934
254870179
664075598
353812610
264052658
57431588
876711700
172068479
992434962
982375739
653112352
563125403
492374412
25440190
961941166
2535379
203305213
5955453
85236620
479810689
876201602
408103466
72191523
683332209
164188543
551446252
209958757
636675155
181983775
256350227
466979457
827069068
168879105
754182813
600469625
572019671
186384850
371419824
718599635
577462412
6444939
258288788
478970275
300512084
202739815
819839658
487720401
976436265
83261797
814490863
834362986
727271830
429716832
268857713
234394882
39474242
819078459
538177644
523661354
941094499
650163895
225112763
114590904
891764110
154805342
754239847
926707491
970811668
750414691
836106885
213136484
21771087
973203546
294246729
144079017
157833170
791481240
957294760
887734813
927852918
863978360
457072169
183592380
847519002
954679509
104621243
166621102
744082740
261350609
441707915
536009889
778543408
55441610
624927240
273336283
609765842
562920594
698064930
303183740
976697692
760858555
81763000
614594369
189593030
265846510
216805223
152383159
762802580
459682611
316290833
129718714
525951224
908793087
631642201
144795515
184247301
177393071
70130826
655514291
805629240
160168819
76741563
319304401
512090170
136496443
551060264
444720337
250266288
416082520
864881359
365270797
284486614
887805994
639322181
893134226
545224095
950546832
428099824
537051796
688458000
548574573
396532255
287391536
449280902
70377350
482003545
192461777
268691718
705456358
335528934
984911585
383798754
660928506
302858319
749950316
856678396
498169351
272629899
969544761
148520810
254041953
42500279
495050296
874264124
474886293
322755524
628210499
897847402
479136644
735254839
484680217
883510606
780416828
701826427
978693067
695933381
987089732
9068518
346088000
739656086
402691872
315827485
744950248
702806711
776739286
594847346
785165553
842741217
910467395
829504308
878478765
289095691
240472237
311199406
443327649
143640830
844372638
140053269
286393790
245474652
208801781
316230076
517786484
807621382
345353186
250721163
147121767
173538259
804500630
702847349
812148032
531200462
457087063
108519102
622839910
902556645
939959507
829413917
441291378
570861146
451514363
142117177
15746334
515884213
517945103
156975869
900227733
485918729
728802319
72871376
903970987
943737526
88765859
319025036
268510260
846449714
974113844
602091877
70735594
987375957
308856072
253263747
402154715
964612346
572799344
89351893
634851509
359708399
470396126
40707588
353526175
548813951
738432623
60052733
44607203
357401926
201329080
746895219
247145419
77127330
761837067
350520746
30873647
127693062
634709150
562424869
787410844
760338095
7067276
774006376
457025474
780314333
453698860
190056087
563469868
77492676
448209433
399966788
760815571
948404678
338291117
137053198
658350711
349200493
256968070
978319220
674396551
413082804
992157946
997683860
156080161
422690737
38570408
651214383
76887803
491718597
529836665
660718346
372822082
917906024
774045399
557930098
86886374
115690605
916546269
9762042
234424794
821903849
21201986
222292130
766128244
666227856
984152011
774482818
79028282
926984506
554535728
785466887
828253251
770977694
894297380
578407153
976165223
560599434
605337317
602097451
749701928
520474142
828932965
455562900
224939300
399677144
816366639
406297889
303803394
327333046
427006720
385322829
292683215
490849913
65491145
556733296
826629267
968775884
476608218
285007335
519178178
64782975
751741020
217227058
831205384
638155754
639824496
351701221
345326733
259602784
26067118
741788123
65305127
30383164
93653082
158829989
862847460
218427606
287086704
462771008
882970734
21914309
621777701
103890282
451820170
202711030
801840248
13018105
777728775
292099559
541518759
445710480
672653692
645528809
263696822
249151467
248552799
224151552
523353544
714086644
380609921
236911938
438053014
410927637
426263199
377610086
368498301
30001058
428811122
344370212
289643971
509491716
367545240
660059050
847675480
306268731
730195632
188289157
840569351
582282052
756083062
514277257
949769205
449059127
927462208
250735693
926447046
6506005
583601373
273910710
653577212
178908158
945873550
539598476
852881037
66623855
23062613
35947648
807826391
460154745
65457356
796788038
966955088
978282992
636223613
219304813
957203818
640590137
498631850
307326760
519083688
374743891
223898840
535581362
827963639
471599549
405343010
998961410
241922381
710345996
73890635
96944253
220373684
206212394
904935823
348518871
236624516
611053935
512063186
330671244
310615470
997034699
330826930
451085535
353981954
301378193
278951812
255502491
520738275
904262738
680982663
876769497
93618965
767526500
921498276
158474067
325649999
830184748
521134178
817267999
619524699
977069793
521259354
580462550
735570722
535694730
826109322
241113282
860195722
428069103
827091222
34957685
2423455
525557998
893363160
71986692
29128242
408070915
483510637
125192592
272324270
507267302
714954270
443234759
278029240
742434155
153597320
977193852
854903246
316949397
485948702
606739749
82191180
627199116
375851516
738242346
143673964
889232207
686915119
608854139
493070841
906352763
558271751
673549744
104193917
103447880
208747112
996139991
527540396
769050764
875207318
566647667
683439655
467498620
463122270
206108204
987384718
918592233
904362435
174688860
329771200
691556701
73168042
710890610
938054862
903181384
692709143
628654509
541429260
567506934
897878379
971724499
449450334
454255397
501110084
304829114
342968019
462226847
927699824
328141722
496804823
217594765
902923332
328657427
696586636
315586130
612781169
731284256
219275895
467061074
843339023
512882237
285903032
890119741
367317059
491735556
993446012
407218640
916397405
680614092
378354826
24619371
565384528
969095600
344145014
687975004
793382736
471402687
209531094
266385052
802436959
665728125
717145700
956747866
468717014
749524306
44803072
347106107
675821644
477181238
165968715
878178791
213353948
358488477
52103306
100080218
131997940
911651649
480423970
792913443
707794491
470921825
129981573
68722974
202045136
25603924
739648444
194260258
711104091
736266822
230499713
553145327
455292487
343243379
119181963
633782780
596755143
643426100
101530429
533907982
86400503
224640663
321029647
37814833
537684281
729468238
424185112
770941949
271671089
151324343
804594202
590284880
547161138
598896290
228943846
826518693
21022111
955374719
886560975
776122944
717420575
352372351
844093
315210026
39807804
116209226
530269873
31146338
639192994
176128331
541903461
155530018
483638990
562694779
403973577
449649840
611204966
868363850
191316729
162196542
268780100
843501593
115466492
485607814
911770519
752250862
587448695
970457240
401542921
673310556
662401362
446046489
491607588
842089524
818487653
524844842
882257390
320890089
860461803
931818514
928059624
828256458
531964834
749447760
585803258
347074105
879722201
244005065
897267047
60209125
321571032
642532064
324306908
143391019
825924304
361029350
262318553
960634838
202249348
113079648
217684950
546158698
251116476
675501451
367844625
681564548
26138068
324468776
662510425
439989500
599815935
520216848
404334797
267411076
724805270
100421630
390059912
384327390
851503138
936405320
488226096
995153136
460153783
742887884
365801156
285686955
107559050
655039722
240884358
283736231
125325556
261110205
823214345
87568771
318878568
916979088
122381836
585368033
457861198
164840979
589509345
999334167
935256078
215573085
823742186
321549793
497468291
811971323
869914001
621981889
221651129
889300589
209393145
572017531
439557228
611002698
822759923
283797483
315196527
974705344
645738749
567714544
16402225
724468032
303100138
984165167
832017107
213262019
587657051
713894104
613836115
179262335
367326474
329940985
860277594
745623210
4916365
664237103
626489913
557382340
129579579
287588099
934546386
652354637
530894086
128507370
452716553
352001882
492571510
133183409
480340434
904700516
202045052
517867405
484482904
754890106
577586152
993870130
533349854
198526280
137213844
673119116
313530711
912354170
920449716
505197935
925808233
351441863
785294418
13424501
557589196
399007677
912830576
961861389
109560124
291580116
951855214
32505154
332639865
435275910
378532611
699571177
787650879
990433423
282889427
789093510
849128309
335434670
292961032
538258683
65340162
799467498
67512311
725315395
977283825
435027127
531315958
10393336
2527602
985555464
806210157
153773188
289553486
199116228
393399003
514818612
293787596
617710547
752705654
573852528
766495128
138417763
540435289
147454005
438401198
27529610
488051250
226544414
265281289
407653320
68960042
538628620
445169037
878293201
693335340
150220235
780001927
563936991
15641074
110485404
934756055
932253999
567700810
769515873
15186488
181655707
511447777
197206
113951503
979298406
327961236
540885688
131723643
9277974
949341633
325263294
721525177
979661894
97860820
845769898
400234399
981931289
974120345
272225905
637231615
77503863
45050711
975467525
356479138
243199502
361006168
969792238
690988478
173582583
430448749
120499954
413706700
510564437
4440709
351297376
65823078
815637464
389868714
160811062
123682845
983395654
222689814
401057152
90309716
23530284
90502869
701021287
789917129
346161489
850495547
67481154
584600
404578446
257276755
476850525
422096550
697749821
765415574
631349275
933609706
484506870
860538896
754367227
762453113
269032340
797393118
263731203
834583433
397295199
108494093
621371860
887777937
547186871
104177971
250564110
486349416
140369310
934572367
545362152
258547728
767426605
703602139
441518954
125802872
362497071
933649110
829516100
877070027
678445647
481219951
509764783
607211298
395365291
983451980
40048797
107270487
384484278
228751403
713989246
21059089
646568919
962948880
179695276
979255657
442721247
256354725
379877537
324476066
629144252
780388317
719359774
58597591
252393828
789746279
948844794
489857287
162759936
475202844
533960707
759740594
398469723
976847449
494472924
879843589
405322342
320600976
669465389
539743696
727463665
770247052
434057550
59166941
728772974
230739721
537453339
735867671
158980178
395585213
849338507
28246341
516903171
849647382
995451624
829016474
321198615
581025915
469947395
695403878
774365485
259472002
550017597
903412360
513557457
323366850
335943528
632747600
641319629
787834264
428879952
190611630
2077607
784899987
715960805
975459314
302249711
318072901
774375828
683695675
357830279
434672809
264978316
210100565
493455366
568038880
689459336
292754958
235988441
684618087
293240514
27680389
333555788
547654915
323222765
369301329
41835175
905414668
672374816
709956561
218363403
839874913
796827273
300670059
504934614
907159900
39483458
936349389
620682993
809082521
847532476
302760706
954109972
484242190
349660682
855429890
748326916
476024852
59640580
499178389
39110026
836966537
188962605
91027496
908703055
83401863
533030855
198494680
747602581
459041362
88013909
377182544
915548497
161693963
339693867
873205789
377242843
786210050
516487537
511423564
117987277
39378409
328943419
787421448
73522115
20509246
628622000
886873732
756035296
3978750
392569498
383913391
792413428
881646136
315146098
858594997
966832872
135071732
357357807
725475208
590496411
928036371
156705391
710279180
541754672
497410621
670381124
242854592
290927779
623408557
717218346
699406253
150466523
526261820
950979335
887421371
763349802
79548730
707453505
981379654
817285196
800203615
578614342
765350086
320888706
698705882
875368431
343304735
725117316
417641567
704026583
290012583
409156388
732506616
899472428
20411528
798903792
183864959
728714163
949791561
396510531
531443327
876413890
871233010
104504384
292327354
146237298
488724762
198525666
515869568
975018571
214173601
612321268
187190538
826381749
935428260
167102052
472899681
141736295
235781540
63724581
733817744
274551881
184830593
171076340
392717524
489615264
55612429
910575350
263848237
622219564
202800624
17959532
40536996
58591454
975666495
912744405
710007685
892765409
994681103
387441627
803708541
341446026
781617332
199497277
790776933
504910657
496590618
826918998
100348621
614000825
85420309
529304050
289843320
532301656
456848057
684397614
823020285
927816720
184977146
533819490
992015088
948156134
294061110
802712781
283991417
375872410
683797172
863277253
638343282
896859314
572066276
110399938
776880407
753673500
259334567
553519894
507580876
278667580
728063359
930833813
428014594
799745191
697603796
24839304
510786065
781667616
488518215
628403244
239362821
349651873
110015690
72492383
543816694
230667636
816493002
444614792
563983118
638431226
55909531
91854839
955238807
981127005
781558597
805407084
78983890
29001461
718131956
970364962
120970605
882230075
61280335
556188371
701144711
922242748
742480229
339270508
138459703
930916160
668398000
745322960
569335045
517107807
391341015
940610908
113054668
990683294
936542357
292960217
494759688
417248609
658365698
395044214
792272543
973072990
836468403
13007004
155404088
467998695
689303108
742575088
198223636
111643046
115957852
783817884
51229003
776729754
681004333
948641583
489436479
451995853
237774247
532409861
337930577
724239299
291627455
324849725
10004613
207555829
20157148
417588991
916076809
674819053
117196943
947579630
992325385
300057991
232240225
640011316
20438324
454489254
125472726
130554066
922982579
740961078
969550009
887361146
112052805
178411389
815793182
442747178
598503437
74635767
271594880
565096985
670668138
122068007
9175574
39716651
130215794
862882233
321225144
596926154
749697885
465951628
363716294
805876283
357694847
739322394
379283652
842092820
459679059
673453574
106843842
308347028
75707019
46485756
529106115
913613792
811201878
208988209
308391472
142086095
896828732
319290167
759647290
841633175
128083255
746375748
747379964
901145311
646039601
592200468
273475570
701634049
987224214
55222084
84764082
557304866
804711831
898964304
358470950
417549475
112043562
493925219
178095600
318188924
643114884
251299268
35275051
444938103
884488468
532560130
553640190
20230525
925788548
455011156
415278811
586846368
329386663
751642425
884062086
912990463
748510580
23783977
79431549
989411463
751632101
755369954
311725314
986329492
786870374
807312738
38133567
720276399
179635606
536553376
464015657
249730360
248374043
970096314
884812933
95479350
461347529
760306689
703574859
216151139
683980565
697753982
40158656
248041044
261272859
49399529
891026475
981417533
206242571
528369817
632478601
848694313
713197551
208621869
590752305
89998905
980203679
604112606
292416086
134948277
896497773
187219544
71439376
736069232
642943010
403805911
597981491
34987410
227840317
309338329
417149700
992879188
697992807
455124653
447657965
413877017
107380665
634814479
55903420
685525557
331376772
776304126
907373033
84816776
50267841
954627094
258919127
95630738
652202943
629610555
457350167
632212169
777458754
639683789
257438004
769054133
923126968
420530027
812657250
948103211
966694768
861913319
441648896
230867417
904704959
817259707
652569937
461479331
983256465
808548397
967296949
93301351
318706006
553767703
678676208
234852020
482245562
569144629
659467147
511452516
102279543
447236303
411561090
146655601
625405983
799418796
546276230
859113722
937293732
379966095
643062682
624496415
52402517
248794419
28442723
348198988
579310243
453653741
776755440
749787909
648725703
644097727
229819457
572383266
594770131
636426599
126704751
804708520
731967759
321562200
932195169
407845471
357071806
259187317
14975526
833897640
353862065
568610173
7163633
324749625
111954078
85413756
592923786
96227137
766840030
296240167
236333485
92087919
641041494
244636460
571255825
461717274
781328525
60376993
962596427
343938462
453398496
716587426
561056255
954193901
340767815
636540849
605735029
793024026
649908975
473623320
740679498
102201855
914208706
433535405
178699311
792729619
323719601
569866128
104544029
456981793
88915489
497228432
199469193
225074963
654425687
173590169
719183733
894708038
448643050
430486740
960129869
149627374
847173678
910737469
148500425
316961996
949674352
856382014
834360609
854213608
85484974
547992079
539599808
106395837
601894129
417262455
318473495
543296815
222016326
787876504
607945035
54323101
12085831
967184654
233519715
815024850
487487318
157131417
114711384
303240187
591503030
537880110
613600742
485986064
135342569
665101978
616045466
832481978
383169135
224809004
311987375
284677374
130445831
307164021
699608890
82645158
103705003
611063941
329253744
772907787
699373246
603595141
632938952
208998611
785366400
942792848
255951581
891861080
912136533
115085977
406157715
105251105
586289855
223056886
334743297
266801492
287121063
782374285
581104529
346150703
519698117
484708140
949365705
590352295
854575124
114401914
207527909
352433138
299244452
637482728
929119827
697560330
581486048
314996795
131601741
964376859
145252397
423320647
869374813
148441004
334154054
892101646
874099534
357604663
160283456
137596321
416224453
481959470
327018506
902769600
575269484
493726714
601118546
667641701
821444068
319436273
156461306
265248280
23044362
200385743
422656545
42014711
147853244
749204432
870443525
100775016
385125621
321967480
467253096
917135865
976719250
551925248
735204310
33812765
788447873
501199432
479912934
259473758
603055536
15316667
609705049
536052580
301970598
260882113
112742815
107264076
265912615
10276792
511699985
144137075
858229812
698587747
952875012
788152313
689623362
836557673
642352749
983056704
25225605
8471769
254928660
232954025
335171329
753149541
734577544
1381768
689051873
737272270
556151431
175936668
612941108
176679080
372134902
584500903
715239016
428652259
74320148
729105773
742704443
974929920
920709421
389177362
247976285
878971311
304343681
765895845
613238866
700893048
786716970
141463707
452441520
88260414
553775560
962371991
441230211
919798592
163911995
545351863
941914422
462950993
15543671
525000574
353433680
604208670
884218588
563102540
595064760
321089658
678663007
652135204
830651193
324411886
317709882
480507617
511902083
201949496
997965412
997132560
98385353
905414897
31811245
313173251
145150920
104915889
121979603
515153866
371771965
960528790
277101728
978486208
495731471
430264798
643003308
374585972
83447453
265085004
508566634
399588528
121950222
513167644
386015455
131462326
477423535
475407764
210150680
760071570
524651781
597175336
997325764
580654346
238762570
432015901
754515319
779096496
999611416
868064232
952924445
169859502
270199219
167396514
425164854
48349666
83448071
191451436
864894936
235987109
511642323
95395573
315799320
711737924
130649620
24464224
795358872
759747133
386443066
416462895
467583985
853030891
41461216
937347011
255305643
220831723
424788890
41717037
537896338
211991248
285259566
706095584
73777437
214443213
42001443
448689102
696164642
978694991
142235298
524557872
782603233
970797318
258226268
399844979
900191297
197044457
675519259
176154988
645247347
762207819
990449951
863005527
443186142
748638263
431133468
669789472
746629251
92090461
57770425
148603163
694322759
848297967
951572111
380369608
589172403
541514343
933351591
618765254
857839492
437597048
903642623
867002049
223431635
367398340
609690169
888028843
425220134
450613619
895827071
187774026
520414462
13826703
794976416
229970047
274069205
841970495
903254230
585529330
617110416
765423672
831331635
511454501
967907377
642464329
523207452
918536466
486939434
603171935
79509652
495935778
348601384
524832330
797766991
487614091
313494308
478090115
593353007
643979504
134939011
334698019
558101631
11554145
195082914
349353246
706821985
988638757
105059157
942660635
252007761
168555991
129656840
468542386
616193993
962458667
568372043
185155458
539942281
870890821
605431879
613500446
774694979
431610700
989276827
3849901
950118896
662315373
698598278
159351851
381313151
90253450
203861728
621873962
77720884
401789529
704256852
681655894
218535394
937617293
232746454
895285664
787887828
354687770
762710074
388073489
350886512
866359143
670205150
421041090
693671735
627080051
988182388
666230124
570733005
703998765
417982589
361986474
198312796
758104824
191633410
956759477
681714505
644401764
837069429
849288925
71125099
8320303
217641297
671867129
828146533
210991880
271177612
697204182
993883965
538302465
398903251
584216452
833575171
334945952
541165223
218938983
583597638
879102354
543413063
768529145
954571711
15688033
769341515
48135343
772378581
427459565
900419943
240547444
160102666
851382336
773028803
848291367
82264456
39848497
43368371
472732431
922661601
46482450
432307962
230845566
867354275
777961802
267990454
553009979
257658867