200
293 50 380
250 218 327
228 207 277
407 130 145
130 60 176
183 60 170
97 43 138
102 9 402
461 297 259
419 413 275
178 136 192
196 167 196
352 42 214
422 200 403
438 63 71
34 20 337
216 71 205
107 33 175
265 155 255
75 32 110
438 54 433
452 126 33
400 5 498
125 117 324
249 244 210
225 45 370
176 57 322
131 78 43
416 321 151
295 254 373
468 117 278
286 95 64
137 34 424
339 7 125
398 326 130
400 168 182
343 308 174
310 290 135
282 160 31
285 87 338
332 199 74
332 141 156
172 165 283
382 359 189
328 161 334
492 286 74
268 204 435
210 145 302
473 187 56
134 83 88
463 446 82
144 71 79
352 290 364
94 33 253
33 3 317
43 26 325
214 13 321
245 48 36
152 146 371
206 66 200
380 35 15
353 349 111
481 211 458
282 106 368
178 174 357
293 100 322
395 82 101
138 88 67
141 68 272
35 27 115
132 78 486
408 380 4
27 24 232
378 45 328
287 19 406
352 168 251
477 316 472
218 30 124
436 183 482
359 71 209
202 125 224
279 115 437
467 353 50
264 81 481
93 52 18
319 98 276
48 24 149
151 32 4
354 337 481
500 369 388
93 54 432
22 18 28
283 214 147
500 181 7
275 60 165
228 121 113
90 76 244
149 148 307
191 182 413
230 127 496
472 218 184
306 13 32
492 454 378
232 48 176
208 56 6
399 254 373
392 152 59
380 369 411
462 12 339
301 78 40
316 30 42
306 246 402
385 351 280
444 396 166
6 3 391
13 3 85
330 184 361
475 474 274
396 255 421
120 106 324
134 81 29
226 213 453
17 9 149
204 103 367
63 53 31
226 121 461
495 228 169
173 115 91
345 325 104
93 66 181
78 41 117
97 71 305
345 136 158
181 116 339
324 98 295
47 24 22
26 7 286
67 48 55
289 229 22
19 12 331
313 176 24
122 58 72
396 162 349
100 73 328
238 200 233
268 153 291
481 335 51
40 12 202
324 205 159
491 13 16
234 25 301
464 360 53
477 112 260
308 265 408
275 47 90
439 316 499
412 187 254
183 159 451
361 340 139
321 25 355
450 193 348
396 19 284
259 88 258
169 11 247
100 21 452
371 285 294
187 60 45
29 13 199
193 182 112
483 286 384
327 294 101
363 317 476
3 2 475
60 43 437
31 7 104
179 65 26
459 35 97
111 69 322
10 2 352
475 374 22
134 47 99
323 120 283
47 31 432
203 200 121
54 38 245
400 241 6
409 233 173
318 269 156
486 333 444
9 3 213
353 291 435
124 80 329
313 56 31
156 91 45
27 12 462
66 60 262
283 140 113
228 171 63
415 118 102
270 215 435
500
486744422
844131035
227473519
487762960
326249107
836400283
835273927
315077315
561887695
122539346
417592566
557071742
126899020
777540286
261882355
52524368
77698128
677353833
434929684
989993382
230902788
181877087
489866153
75721016
119888315
609823185
100219901
162571192
476232138
797139452
230757500
703133223
202214776
218998096
744247899
939004965
169364901
304198166
618433972
466098293
568916207
492057833
65984065
242201875
692330911
11620125
392762844
960704031
385079500
946887412
719981196
971748939
88681640
765741897
523106639
607809677
935496999
712760099
600723411
459790912
679202497
35547835
239611151
145574364
845066739
643462205
547443474
550279331
26910699
974612094
805500396
791505625
313504624
528194844
25407108
550785107
289970632
115752270
399294976
856774063
975471848
337619231
754142565
285976010
343315399
62244207
425053563
743967710
376893837
761364224
256481630
900471701
68337996
308149866
648055322
238991465
135235423
977908116
542048663
803337938
896282410
253732711
340723280
847650619
427990361
818500304
864111497
847061960
248766586
587354303
654333170
845093812
52902070
752396269
451916871
622095618
840683467
336452633
321505323
720143585
213486627
884312865
771491394
428791168
72328650
709428622
894577384
177243553
956007673
244562646
850988691
379375944
275923252
831744965
398908027
476314439
250315458
154183219
591208621
633344873
25284348
618365652
947198092
295989473
397345136
163052247
219384290
138656698
2111801
66897574
854710052
736221274
306168576
647411153
694473166
727711009
181327660
914997816
219955463
720668111
524365630
707077217
842449214
30638506
377850447
442072659
191292543
263230278
472657338
897644797
150110706
345268536
130280619
854668954
291949546
342214934
237631391
389020767
733639376
589174595
175634295
405796129
546121055
892962976
588439963
251768869
475221386
286697963
800004667
197922699
907444842
245101672
227859287
680574162
166797687
648185019
633503025
770901259
316812675
746664578
143172928
33357183
412569424
211328764
724669716
40308734
502123174
869385170
817568685
753093577
581405006
411512138
433945100
530054702
726509586
872488175
751143874
522070038
805736608
100882976
379663790
7948528
663849623
345531129
281548155
128892877
862282679
292190155
468925494
182849837
14442112
790702384
359858669
728751317
479696459
155419965
864636043
532267854
735603560
686197674
443697531
699366683
775878318
261279357
943341605
479006163
567831437
319315542
831352227
456672154
160293045
940489804
783748499
60517425
727381182
814115675
430530038
862963137
517964655
942392668
886868278
461628882
874363532
193468871
28038070
76777984
187316073
461536057
406776191
449367497
335003931
174122584
231456965
297653071
437198066
938063377
598548273
599492158
539174740
550133088
641049745
210048604
144177126
640489804
681428791
673397720
922403708
413410112
475668093
316363761
894579161
614825012
960333006
834957639
20875186
531571413
968506443
791764894
704319731
352452107
872670979
339173950
272583509
251085644
880025529
439211043
342536987
55553300
664507049
216676093
601160953
775419857
564189044
689519687
887015653
769522315
824990007
625302803
564820021
553723008
172114238
737860366
643799101
491678154
73601383
859380198
94650677
858365053
948167271
432634987
519294162
923727228
633897241
2411315
613588398
182023897
935436181
135914446
233399263
5469892
831103795
768149700
737364592
864155388
291363226
815627306
624013072
280703881
949440791
380371062
908704471
809592253
936341715
233292944
679189848
116592782
598540271
156417114
986617816
200489455
2320698
401321976
917795770
502015100
891346812
320959105
506696875
612791284
661529073
801942143
139834120
740437853
109160252
171219700
431609308
968953708
217549789
683915934
732795505
144104730
877686662
435464975
776489646
214530671
617735830
542292092
639747459
416989953
129833031
332842506
353223379
753938302
875665584
831394554
385666202
318853149
720815575
978521437
67130797
304276146
970972438
458005302
545463701
325383007
912725631
2787477
508964882
101076806
872550548
779926085
750049205
596371824
288592107
687867309
313639048
830776389
819613348
972286507
453142679
493380831
22716687
752534177
449483806
342738518
906637415
352770792
592498507
617842998
955942049
873170034
594605550
176967928
914184670
45896947
977764337
104172088
228445168
25761072
472829877
210033817
388197705
799307539
839853518
407861960
850223983
502276307
973567590
402184552
465692589
630060288
766920413
940964410
693378447
248015887
18338826
777054223
350082462
137627222
660511647
317434441
100107222
774793477
969343436
465751904
535261932
509090366
258656441
359218356
869144803
425844303
194705930
961719469
981940462
493101685
115549177
191628197
572345692
527438814
298887253
73919826
432409017
330672176
926755728
622575859
799319035
214649938
824242302
771728746
712766448
480044986
48792465
44117263
969682713
773567825
78098539
705824377
110127449
735953641
990811357
171706228