574 591
960 -184
-883 -776
-991 -383
-784 -389
645 103
-76 -450
670 595
-655 -850
-110 216
-702 785
635 -537
10 -202
-28 -735
-916 -277
170 -9
-715 861
374 -350
-738 450
-428 165
532 -287
357 669
613 -283
-403 436
-996 -672
-445 270
-21 536
-975 611
-946 635
232 -933
27 522
-562 776
-665 983
-827 -925
-265 -574
141 -192
-278 907
-753 51
-922 -564
-807 470
-603 348
519 7
56 -396
-600 495
-331 -446
546 -638
-544 -438
565 873
-510 140
-623 -824
-540 -877
187 -327
130 -918
-160 -866
-476 -554
451 365
602 106
895 898
-265 654
-574 601
655 -163
382 668
-810 -100
993 929
-78 -42
-2 -446
-823 -275
-597 -942
-482 -897
187 -5
-682 -326
-707 221
-929 961
-86 688
641 166
-868 948
487 -787
875 -187
-730 183
-315 -281
862 -296
-651 514
-538 548
953 713
588 -360
-927 -853
61 -922
-121 -223
830 675
3 631
634 -512
701 485
964 -603
-798 -981
-333 132
194 391
130 895
985 -217
-279 -598
-710 -165
-612 519
134 464
975 56
476 -326
237 -906
-852 971
652 345
-377 -61
-575 -548
-540 -13
377 -113
727 451
143 797
680 -359
-747 -372
-985 158
-51 -395
105 -439
-533 -43
53 441
-326 642
914 803
357 256
-939 -838
754 -582
-50 486
-311 -772
-215 330
-784 644
-873 873
-602 -365
537 580
681 414
21 833
-773 436
-20 148
-863 190
-895 643
-938 -633
-731 -575
-960 -811
670 655
445 -939
-792 -820
262 369
-175 -515
-909 817
-11 -335
-744 -403
-493 860
-233 652
-63 -581
58 -681
949 523
-693 -372
-242 -679
680 -461
-727 363
763 884
-821 430
36 -301
168 -380
-462 -873
433 541
-767 158
-206 666
405 -570
590 -161
-985 -197
-109 778
291 -788
-276 583
-293 965
700 51
-509 -324
-831 309
-598 525
52 -527
145 837
63 -272
-634 -300
-421 73
498 -407
-357 -827
617 -9
85 -9
45 -579
-480 -80
269 674
-197 277
614 169
238 -339
234 413
-815 890
-387 -518
324 -696
307 -690
-106 563
-805 266
-752 -622
-234 192
180 402
221 -301
579 180
-57 -541
-625 -933
645 932
-569 -787
774 -438
898 -820
-394 -328
-786 -461
-30 398
452 -155
-28 717
-466 8
997 842
98 155
935 -611
-288 303
-345 -518
848 633
466 -891
937 146
548 -956
-859 620
992 34
-815 203
400 967
881 99
-442 -517
-310 -545
-967 -595
-752 -19
703 530
-309 -263
-326 -853
-671 147
-103 245
-99 -660
674 399
409 481
103 -150
813 -746
-24 -785
37 -684
300 -854
-580 648
249 719
787 -662
-73 65
450 410
-568 -647
156 502
-16 -3
571 858
963 888
246 -431
-723 -556
532 -22
-568 480
-775 -82
-558 -963
627 748
-505 519
160 -23
359 -215
-301 -818
-217 -260
-591 -740
-325 -192
446 -499
156 522
934 109
-736 -296
-650 912
-426 879
-120 248
594 419
233 138
-659 -536
572 417
874 48
-338 833
-620 668
382 -999
147 274
-57 -794
97 296
101 -624
-651 664
-317 -175
-125 -423
-259 476
-609 -857
785 -984
498 751
-976 -894
-151 -566
-837 568
905 550
916 -966
-513 984
617 -5
-833 -380
348 -463
561 -423
828 795
-976 340
80 -87
793 -846
145 568
-608 -776
460 -758
406 935
-763 892
39 -291
337 -403
314 306
385 -519
849 414
461 -979
571 -4
-396 -155
-571 608
701 458
-112 534
390 507
777 -621
72 -957
-484 -208
803 208
450 -877
253 681
-832 -477
198 254
127 -500
-237 986
613 -681
184 894
-35 77
523 -358
519 -120
-112 -62
-909 -17
918 590
-801 582
-477 -998
-133 -957
-760 -633
-896 349
-799 152
460 754
-179 259
266 307
418 -946
-880 -250
828 -321
17 250
-552 -206
-634 -810
668 312
572 -82
244 592
-93 -344
-758 989
97 -791
455 878
331 357
-617 939
-627 581
189 -219
-301 -302
485 -50
-537 105
716 244
-592 361
347 108
-807 -966
-438 -537
-735 -2
605 258
-905 -366
393 -27
-28 96
-494 -241
284 462
-706 558
936 652
-816 561
108 297
-757 877
-144 -927
-729 924
365 -170
356 361
705 -388
-18 -403
-746 -198
-927 -794
124 -852
-172 29
29 775
-951 905
713 -772
-97 -286
-946 343
435 688
725 981
607 -780
-371 573
510 504
-346 247
611 -216
768 -943
-105 -323
-799 -843
964 578
-918 -140
114 932
573 -398
841 -741
882 765
491 119
810 -177
-4 -43
154 -46
293 -1
867 -5
-636 -715
121 -736
884 522
-432 -839
-99 -716
-716 -26
167 28
-325 715
-327 -54
-648 -89
-551 -763
952 -89
472 503
582 -558
568 935
481 -917
-484 -323
51 -667
263 -596
-940 395
-387 -885
-172 -873
33 -322
40 34
-386 985
-226 216
968 157
-420 -506
2 -595
-254 817
-574 -653
-480 -259
319 166
-432 -820
35 217
-652 -484
-382 -716
-123 480
224 946
657 -50
624 -915
-399 797
-417 -772
405 741
23 997
507 -373
572 771
-676 131
-636 -868
-51 457
650 643
-809 -592
397 -818
-769 -600
331 442
560 -325
387 771
-699 -363
-174 636
71 -836
-838 -736
4 824
-954 -6
584 840
-132 1000
708 -787
551 319
-281 -88
-630 149
251 -519
243 50
532 -905
465 116
-383 931
916 895
-768 31
651 -598
187 -53
213 -279
684 -122
-135 342
-312 578
-754 800
-368 475
21 468
-307 -523
-890 928
-854 54
955 -83
782 -537
-872 -574
-632 527
979 74
79 -388
-459 134
-851 -158
-618 -704
726 -997
-884 -18
812 78
414 871
344 -53
-22 865
219 186
-710 -3
-165 -684
735 756
115 -715
651 -641
-857 -424
-986 -94
963 -554
352 -915
-997 199
-399 -724
5 -553
-260 -45
812 609
672 577
-187 517
-237 -20
-865 13
-53 474
-486 38
-810 -69
-568 326
725 -890
404 -974
128 -943
148 368
423 -700
-421 -859
223 612
330 -354
955 -810
-427 -506
-860 -77
-7 -69
602 914
-489 633
977 -221
-700 -947
968 777
-161 -402
479 -435
-490 -447
561 -636
82 555
-449 468
-14 731
-335 608
76 -206
851 515
-553 638
281 -34
859 421
-155 -504
149 56
540 -255
322 362
689 -372
-285 581
-359 -467
-398 -91
