832 980
3 13
13 20
5 17
14 18
1 13
13 20
10 11
1 12
8 16
7 20
18 19
18 18
5 14
17 18
7 19
15 20
19 16
14 20
2 15
15 13
16 11
11 18
10 19
13 14
5 20
2 13
10 16
15 13
13 18
17 18
14 19
12 12
10 16
13 14
2 14
14 19
13 10
20 16
6 19
13 13
5 12
7 13
20 17
12 13
10 18
16 17
4 13
16 20
15 16
14 13
18 12
1 15
15 20
8 13
16 20
8 11
5 11
14 12
2 18
5 15
4 11
5 18
6 15
4 20
13 11
18 13
4 14
16 12
2 10
11 12
19 13
12 11
4 20
13 18
19 12
10 10
2 13
6 15
15 12
18 14
17 20
8 15
15 16
9 14
12 18
13 20
20 17
5 18
18 17
18 11
19 15
19 18
5 18
3 18
19 10
14 12
13 11
8 17
14 13
8 10
16 10
14 17
16 16
2 14
12 18
12 18
9 18
11 19
16 18
4 20
11 13
2 17
3 16
9 11
15 18
1 19
4 11
18 18
18 20
13 20
10 12
11 16
14 11
15 12
9 19
6 19
14 11
2 14
9 15
7 13
7 12
4 18
6 10
14 15
7 17
13 19
12 14
15 12
12 16
17 13
17 12
15 19
4 15
11 19
10 17
16 13
4 20
8 13
9 16
16 12
12 12
3 13
9 14
10 18
3 20
2 18
16 13
4 12
16 10
13 13
20 17
11 13
2 11
5 13
12 20
16 10
17 16
18 19
5 10
10 15
19 18
12 13
5 10
16 15
12 15
17 15
14 17
9 13
19 19
7 10
7 13
14 19
14 10
1 13
6 17
20 18
20 17
12 15
16 20
18 17
2 11
15 16
5 16
2 14
1 17
12 17
20 10
10 19
17 18
4 10
19 16
19 20
20 12
4 17
16 13
14 10
17 12
18 17
8 19
11 15
9 10
20 10
1 13
12 17
13 20
2 19
1 12
13 18
3 15
11 16
4 18
4 11
11 10
4 18
11 19
6 16
6 19
6 10
18 17
14 17
10 20
10 10
3 15
17 12
10 16
7 19
1 10
10 14
17 11
15 13
7 18
14 18
4 19
15 14
6 18
1 11
8 16
15 10
19 16
3 12
18 20
19 16
2 10
12 19
19 11
6 17
5 20
18 19
15 18
10 19
9 12
16 15
1 17
10 18
2 11
19 13
5 11
10 10
1 15
8 15
19 10
15 20
18 15
8 16
17 15
10 18
9 11
18 10
20 12
4 16
10 20
15 18
19 13
10 19
1 17
18 12
11 20
8 18
7 11
19 14
17 14
3 19
7 13
17 12
19 16
9 16
10 18
20 12
9 20
9 19
2 15
11 13
3 18
1 17
3 13
2 13
1 12
15 11
17 18
18 10
20 17
4 11
6 16
17 19
12 20
2 17
10 20
12 17
6 12
11 18
8 20
12 16
18 10
16 12
9 15
11 17
16 13
19 13
4 16
20 19
14 12
16 17
3 11
3 10
18 14
12 10
5 20
2 20
13 15
4 20
7 10
14 19
1 20
14 10
5 13
18 19
20 12
1 18
8 13
12 12
13 14
5 11
15 16
1 13
18 20
13 10
8 11
19 20
6 20
4 19
9 12
1 11
20 14
11 12
6 14
7 13
1 19
5 12
16 20
19 15
4 14
10 16
17 20
15 19
13 12
17 20
10 19
4 12
20 18
15 10
7 18
11 12
8 14
14 15
12 12
2 15
7 20
10 15
6 14
1 16
19 16
17 19
19 18
1 20
9 12
20 15
19 10
17 17
18 11
11 16
20 16
1 12
13 20
5 18
20 15
2 11
13 10
18 13
3 14
10 12
10 14
8 13
16 12
12 16
3 15
7 18
7 18
2 11
11 17
4 12
3 11
2 14
3 15
8 12
20 18
6 19
10 16
14 14
13 16
3 13
8 10
14 17
2 14
16 17
11 20
10 10
16 10
18 17
4 13
8 12
19 16
12 15
4 14
19 18
8 12
8 20
8 15
7 16
3 12
1 15
13 17
18 20
9 19
2 17
20 16
9 15
20 17
9 15
3 10
20 13
14 15
1 15
2 15
11 11
14 15
18 13
20 18
6 12
18 13
6 11
3 15
15 11
14 16
19 11
13 17
20 17
8 16
13 12
15 17
20 11
14 12
1 10
4 19
2 16
12 10
16 20
11 17
7 12
12 11
6 15
6 16
12 18
10 14
16 16
13 17
14 14
8 15
8 18
1 18
9 14
12 18
17 13
15 13
11 10
6 11
17 12
5 15
12 11
4 11
18 10
1 11
6 16
19 16
14 10
1 18
18 17
12 20
9 17
18 15
12 15
2 12
1 19
8 17
6 10
9 19
2 16
20 16
2 15
18 19
3 10
14 13
11 15
14 15
15 12
14 10
5 14
4 11
2 11
19 11
4 18
4 14
7 11
10 10
19 10
9 13
15 20
6 12
6 20
17 16
9 10
11 18
10 13
3 18
15 10
11 18
19 16
9 14
6 17
14 13
3 10
4 16
11 14
7 10
17 15
4 20
19 11
17 15
2 20
20 12
10 15
10 20
6 11
13 17
20 20
9 12
18 19
6 15
1 16
9 19
19 15
10 13
15 18
18 13
19 10
11 11
8 18
2 17
3 17
20 20
13 15
14 20
18 15
10 18
10 10
5 11
2 14
19 17
2 10
7 11
14 15
19 16
20 20
17 12
1 13
6 13
15 16
13 15
10 17
20 20
9 11
15 14
11 14
19 18
13 16
1 15
7 13
8 11
2 13
19 17
1 17
3 15
15 19
17 18
3 13
1 17
12 15
11 15
6 18
19 20
14 10
11 14
7 14
18 16
3 20
1 14
20 13
3 19
8 18
19 19
17 17
13 18
9 20
7 12
5 11
18 20
4 11
17 17
10 18
2 18
9 10
8 12
7 13
4 18
18 18
13 13
11 14
17 19
10 11
13 12
6 20
16 14
12 16
8 18
13 19
15 10
1 16
14 12
1 18
5 14
8 18
6 13
20 16
7 16
8 19
7 12
15 20
13 17
18 14
2 13
10 16
20 13
15 12
16 16
15 16
15 14
1 13
8 17
18 19
10 14
13 17
11 14
11 12
4 10
12 14
10 18
3 16
12 10
1 18
2 12
1 14
9 15
6 20
3 19
1 14
11 12
1 17
6 19
11 18
11 10
6 12
6 16
9 11
1 20
19 19
7 17
9 17
13 10
15 15
4 15
10 12
13 19
3 19
8 12
19 11
7 16
15 13
2 11
7 19
20 15
10 18
7 12
17 16
5 17
19 19
16 19
14 13
18 18
2 15
20 19
12 12
6 14
12 17
18 15
15 11
1 12
15 15
1 19
14 13
16 20
1 17
9 12
18 13
13 17
5 18
15 15
14 12
10 17
20 20
14 18
18 11
9 11
18 14
5 20
18 12
9 12
20 15
5 14
10 13
20 16
19 11
5 13
20 14
3 19
4 10
16 11
20 10
8 13
11 19
10 10
13 10
20 18
18 17
5 12
19 15
18 20
8 17
18 12
1 17
2 20
9 12
5 16
15 20
16 17
9 19
19 19
9 15
14 19
3 16
4 10
18 20
17 19
10 11
7 15
8 11
8 19
16 16
8 16
10 13
11 15
16 19
12 19
19 10
7 16
4 18
2 13
5 16
10 12
14 13
8 13
5 11
1 20
4 12
8 13
11 13
6 12
11 17
3 16
1 14
3 12
5 16
14 11
18 13
