767 900
10 10
7 14
4 11
19 17
2 15
4 19
14 17
19 15
12 16
14 18
8 15
18 19
2 14
8 20
9 11
2 20
11 16
7 10
19 18
3 16
13 17
10 14
13 13
15 14
17 18
10 14
12 18
19 14
1 20
1 16
3 12
18 20
5 18
18 11
18 15
13 20
14 13
8 12
9 14
20 17
7 16
20 12
2 14
20 17
17 20
9 10
7 19
7 17
20 16
8 16
18 18
4 17
15 13
4 14
1 16
16 16
19 12
16 19
13 15
10 10
10 17
13 13
6 12
12 14
18 14
11 17
20 17
15 17
8 20
9 18
16 11
15 14
11 13
7 11
3 14
18 20
18 10
1 18
14 20
11 20
1 19
5 18
15 19
17 10
19 14
5 11
8 14
12 20
15 19
4 20
20 14
12 13
13 16
13 20
7 17
5 11
1 14
3 19
20 11
18 10
10 14
20 10
9 11
8 20
20 15
12 15
6 14
2 16
10 18
19 15
20 19
4 16
3 18
9 20
16 17
10 10
7 10
18 16
4 10
17 19
20 13
5 17
5 15
10 18
9 10
6 17
18 19
3 14
5 19
17 17
15 19
17 19
3 19
17 13
15 15
4 10
19 19
4 14
6 19
12 15
9 17
1 18
7 16
15 14
15 11
12 17
5 13
4 18
7 19
4 11
2 10
18 12
8 12
18 19
9 15
17 20
19 11
13 12
20 19
8 16
10 13
1 12
20 14
6 10
13 10
7 10
13 17
8 20
9 11
6 15
1 12
14 16
11 10
6 16
13 16
17 10
19 10
5 19
9 10
12 11
16 13
20 16
14 12
6 14
7 13
3 14
7 13
8 12
6 10
9 15
5 20
7 17
3 11
4 11
18 17
2 18
13 14
1 20
3 14
19 16
6 18
19 18
8 10
15 19
15 12
6 14
14 19
3 17
9 10
5 20
9 18
8 11
3 18
9 19
18 14
3 13
17 14
3 17
18 17
10 10
5 13
5 17
4 10
20 16
1 13
14 11
2 10
13 16
7 15
9 13
17 13
18 18
7 19
1 15
6 15
10 13
11 15
16 17
7 10
16 12
15 14
2 19
14 13
13 13
11 14
9 13
3 15
16 20
19 11
3 14
18 17
5 17
11 19
18 20
1 18
13 18
10 16
3 16
3 20
20 15
5 16
7 16
16 12
11 20
19 17
17 13
20 19
11 12
20 12
16 15
12 13
2 10
6 15
14 19
11 13
17 19
7 10
18 18
19 18
1 10
1 11
11 13
12 14
11 15
13 18
12 14
12 14
7 12
3 19
2 10
20 12
10 19
19 10
20 17
19 10
8 12
7 10
17 13
12 15
1 12
8 16
1 15
14 10
20 14
18 18
1 15
18 12
8 20
5 13
14 10
4 14
10 17
13 11
20 12
2 10
17 20
10 14
13 10
14 16
14 16
1 16
20 18
13 10
11 19
6 20
11 11
8 14
3 18
9 13
15 17
12 13
16 18
20 10
3 19
11 14
8 11
17 16
3 13
14 10
8 13
11 17
11 19
17 19
3 10
12 13
18 16
15 13
14 16
17 15
9 12
14 18
4 20
3 15
14 17
5 19
9 20
19 12
5 12
17 12
14 10
9 11
14 12
7 18
1 12
16 12
4 15
2 15
17 12
3 11
15 15
14 12
16 12
2 19
14 11
13 16
2 10
7 18
20 16
12 20
3 16
9 17
17 14
11 17
3 13
11 14
1 10
3 13
8 11
15 20
2 20
19 14
16 16
12 18
16 13
3 10
8 20
3 15
19 18
12 17
17 12
17 19
14 11
5 15
6 15
8 14
3 16
20 19
15 10
13 10
7 20
8 11
10 18
7 16
20 12
12 11
9 11
15 19
3 13
19 17
1 16
12 10
17 16
19 16
4 19
17 14
19 12
18 19
14 18
20 15
5 11
5 11
9 13
6 18
5 20
3 19
18 14
6 12
15 20
9 15
18 16
4 13
14 13
1 16
16 19
20 16
11 18
3 20
18 10
20 11
7 10
1 11
17 16
6 13
9 19
7 14
8 19
17 17
12 11
8 14
8 18
8 12
13 10
9 11
14 20
20 20
5 18
3 11
4 19
10 11
5 19
2 14
10 17
19 12
2 20
17 12
6 18
2 19
6 17
17 18
18 20
20 19
1 16
19 19
11 18
18 16
17 19
14 20
13 20
15 10
10 10
12 17
15 18
5 13
1 15
20 19
13 14
16 11
14 18
14 14
7 19
13 11
15 17
4 20
7 12
8 11
15 18
2 18
18 16
17 20
8 19
10 11
7 11
2 14
7 17
18 10
18 13
9 14
2 15
16 17
7 20
11 13
4 20
9 12
9 10
5 11
18 11
10 14
14 14
11 20
15 12
20 13
13 15
4 19
19 18
1 19
7 19
7 14
16 14
6 18
19 16
10 20
11 12
13 11
9 17
9 19
5 17
7 17
10 16
20 15
14 12
18 17
13 12
19 12
13 10
12 19
10 14
10 15
4 12
2 15
2 16
6 11
9 12
18 10
11 10
18 13
14 16
18 18
2 18
13 20
4 20
8 15
6 11
15 15
4 19
15 16
7 11
9 11
12 17
5 19
13 18
13 11
1 20
3 10
13 10
3 10
13 17
3 13
9 17
2 13
12 20
10 12
6 17
17 11
2 11
1 18
12 19
9 11
5 15
9 14
12 19
9 10
19 13
9 19
9 13
16 20
7 18
9 11
14 16
8 18
17 15
8 19
12 20
6 15
8 20
13 17
9 12
11 11
5 14
2 14
2 11
17 12
10 12
11 16
11 18
7 11
3 12
15 14
8 16
1 20
14 13
12 20
10 11
19 16
13 17
6 14
20 11
18 10
1 14
1 13
17 12
16 15
17 10
18 11
9 17
2 10
9 18
2 11
8 17
5 12
3 12
6 12
4 19
10 10
2 19
6 19
4 11
19 18
12 11
14 13
2 14
3 10
2 14
10 13
19 20
9 18
15 13
9 14
20 12
13 19
11 14
5 18
4 15
17 19
11 14
10 12
11 11
18 19
9 15
6 16
16 11
9 10
11 19
7 17
12 11
7 15
15 14
20 16
5 19
13 17
19 12
12 15
19 15
6 19
4 18
13 11
9 10
1 18
5 19
9 10
3 16
3 18
6 19
1 13
9 20
1 14
13 17
11 10
16 16
11 20
14 13
17 13
14 17
9 10
3 13
11 12
5 17
11 13
19 18
16 16
2 15
9 15
4 10
10 19
3 10
16 12
13 10
8 14
16 16
20 14
1 15
16 12
16 18
19 18
19 12
3 18
9 14
5 18
3 15
17 20
7 16
5 18
7 18
13 19
1 15
20 19
8 20
12 20
1 20
13 17
7 20
20 18
8 20
18 14
12 10
8 13
5 15
11 10
12 17
14 15
11 19
14 12
3 14
6 10
5 16
13 16
10 18
6 19
