8 8 8
0.0011 -0.2895 -1.1161 -0.0129 -0.3784 -0.4811 -1.5173 -0.4909
-0.2407 -0.6479 0.6359 1.7401 0.2967 0.7075 1.8228 0.4308
1.5427 -0.9007 -0.1371 1.2976 0.6753 0.0320 0.9181 0.3805
0.5164 -0.3552 0.2088 0.3284 -0.4982 -2.0918 -0.0826 2.4552
-2.6721 -0.9133 -0.2273 0.2693 1.1305 1.0424 1.3038 1.3894
-0.6565 -0.0563 -0.4999 0.4364 -0.3758 -0.9231 1.9173 -0.1503
-0.6387 0.8248 -1.2108 -0.5034 -0.7019 -1.9743 -2.6557 -0.0577
-0.6562 -0.6617 0.7693 -0.8990 1.6936 -1.6973 -2.7934 -0.2262
0.3974 1.6597 -0.4937 -0.3761 -0.1697 2.4171 -1.8088 0.3398
-0.0227 -0.9600 -0.3831 0.1095 -0.8552 0.0002 0.6639 0.7495
-0.4658 -0.2774 0.0355 0.8482 0.1630 1.2086 0.5025 -1.5838
1.0230 -0.6530 0.5370 -0.0080 0.9248 0.0466 0.1420 -1.6537
1.3680 0.0251 -0.3955 1.2844 0.5613 0.2397 0.4799 0.0618
-1.0705 -1.2732 0.9201 1.0549 0.5403 0.3091 0.9709 1.1547
0.4226 0.9992 0.8835 -0.5302 0.8141 -1.0199 -2.2582 0.6800
-0.4018 1.9403 -1.2444 0.9393 -0.2408 0.2708 -1.0955 2.4013
-0.2799 2.0308 -0.0819 -1.2186 -0.8069 1.3180 -0.5786 0.0821
1.3959 1.0819 -1.0166 -0.2920 1.5594 -0.5463 0.9606 0.2112
-1.2454 0.3045 -0.5984 0.1231 -0.7908 0.6439 -0.0597 0.9132
-1.0906 -0.1749 1.0653 1.2372 1.0198 0.8607 -0.7324 0.4402