8 8 8
0.0912 1.0913 -1.9470 -1.3863 -2.2965 2.4098 1.7278 2.2046
0.7948 0.9764 -1.1834 1.9164 -1.1233 -0.6640 -0.3784 -0.7916
0.8595 -0.2308 -0.0657 -0.2086 1.3469 -0.6070 -0.1742 0.4241
-1.6460 -0.4835 0.5355 1.1661 0.1617 -0.6728 1.4425 -0.2215
0.0313 0.1819 -0.0629 -0.5416 0.4745 -1.1646 -0.5009 -0.4086
-0.9343 0.0845 0.1437 0.0755 -0.1556 0.5509 1.7020 1.0061
-3.1349 1.1395 -1.8698 -1.7791 0.1278 -1.3510 1.5540 0.6970
-0.8115 -1.6433 0.3307 1.2250 0.0962 1.8768 0.5338 0.7984
-0.3061 0.3780 -0.2265 -1.8857 2.4725 -0.1469 0.1156 1.3304
0.1096 0.2155 0.4291 -1.1513 1.5248 0.3605 -0.6109 0.9302
0.3565 -0.9522 0.1519 0.0006 0.3350 0.3748 0.7138 -1.2008
0.0014 -0.9215 0.4962 -1.3317 -2.1906 -0.4361 2.5451 1.1501
0.0844 2.4862 -0.1944 -0.1862 0.8539 0.3074 -0.0722 -0.4688
-0.0654 1.0526 -1.3096 -0.6687 1.3414 2.5314 -1.8405 0.4050
1.6323 -0.2227 -0.5778 1.2422 -0.5535 -0.7227 -0.5715 -1.3900
-2.3952 1.1540 1.6881 0.2238 -0.2016 0.4996 -0.1813 -1.7498
-1.2104 0.4242 -0.3888 -1.5565 -1.4392 0.9489 -1.5265 1.1369
0.4845 -1.0018 -0.3185 0.1581 0.3609 0.2555 1.4261 0.9273
-0.5106 -0.1716 -0.9104 -0.5229 0.0740 -2.3468 0.0997 -0.0464
-0.2476 -1.3054 -0.5763 -0.7645 -0.0607 -2.4345 -0.3310 0.4726