60 78 1697
28 26
30 15
6 50
40 47
30 21
53 41
20 28
19 26
34 1
27 33
47 37
52 24
28 42
22 11
4 17
23 9
54 36
48 32
7 13
59 10
33 4
56 42
60 38
14 33
10 32
16 40
48 49
7 24
39 41
17 12
60 27
22 14
40 33
14 36
19 10
31 48
7 36
53 26
3 11
31 27
8 8
20 6
20 9
30 1
17 21
29 1
40 47
47 17
55 45
35 18
52 46
4 26
51 20
35 25
22 25
3 31
39 1
59 48
17 26
38 22
54 16
11 19
28 26
47 40
55 41
51 50
3 18
8 42
3 39
34 37
37 1
49 47
2 9
14 46
40 34
5 3
26 17
30 7
16 20
58 2
4 16
18 5
44 11
10 47
1 9
35 44
19 30
9 45
10 5
9 14
49 6
6 25
49 24
14 50
44 24
54 37
33 2
17 7
51 6
23 6
42 26
53 41
58 45
48 41
11 35
18 14
23 24
58 20
38 24
60 38
7 42
57 15
36 7
12 7
47 1
4 14
50 7
16 39
36 39
57 5
21 18
23 24
24 26
39 16
22 16
27 42
18 37
18 16
31 14
41 9
10 22
50 48
8 46
60 36
14 25
40 17
27 31
35 24
18 39
48 24
17 4
55 28
49 43
53 43
27 29
38 48
2 36
25 38
2 24
38 39
44 8
46 11
35 9
18 38
30 4
13 38
39 15
32 14
12 1
39 6
24 45
42 8
32 49
23 43
54 48
46 40
37 36
10 50
55 27
29 42
8 43
3 1
60 15
7 34
38 30
59 4
53 20
21 38
24 10
6 22
25 15
38 15
19 28
8 30
12 1
59 42
16 10
41 5
31 17
31 38
13 1
34 49
44 30
36 38
25 38
37 1
3 30
36 2
8 27
5 29
18 20
13 15
33 46
16 25
17 21
25 38
55 13
22 36
7 24
30 7
45 12
53 35
52 3
31 9
53 18
8 25
36 30
45 29
52 49
22 15
10 14
59 16
13 4
33 7
23 49
3 3
6 35
41 48
59 39
11 6
50 10
25 10
40 3
45 40
18 10
45 15
46 45
24 34
55 37
7 8
16 35
48 44
17 35
25 10
9 28
13 30
11 18
24 12
16 34
25 34
28 8
53 29
29 3
57 20
8 12
30 10
53 38
12 20
18 43
45 9
54 39
60 17
51 49
58 19
45 8
27 31
9 46
12 11
51 35
16 19
6 25
20 38
24 7
23 45
52 17
34 48
54 14
45 18
44 16
18 5
35 50
33 49
32 5
32 30
47 7
52 39
35 43
48 16
51 14
50 41
25 6
7 27
13 14
34 18
16 42
36 44
38 29
27 4
52 50
56 2
14 16
29 4
44 39
7 15
55 36
60 36
19 34
1 31
3 48
17 15
8 3
5 39
53 1
7 29
2 10
13 29
48 27
8 40
45 47
12 21
56 26
49 35
55 28
58 27
7 12
38 27
20 36
16 26
2 48
55 6
58 17
46 40
13 49
60 35
10 21
43 6
46 27
54 28
53 43
28 29
26 7
59 31
3 16
6 26
43 23
42 47
12 28
51 21
36 30
57 11
14 10
21 20
1 8
22 35
13 41
51 19
60 45
34 24
59 28
57 6
1 42
9 34
28 42
52 33
31 44
48 24
54 48
20 31
4 25
33 46
14 36
53 7
37 45
38 4
58 27
59 35
23 22
51 25
33 46
34 39
28 21
43 25
51 48
51 39
36 11
19 45
45 41
40 43
5 31
8 46
13 14
19 24
35 42
12 34
44 19
56 17
32 13
25 50
2 28
51 26
17 20
21 18
39 36
44 1
35 18
31 10
32 42
50 27
27 18
16 37
53 14
27 12
11 33
47 33
34 48
14 24
19 17
30 49
6 12
43 27
36 15
43 22
23 25
15 5
25 42
20 40
48 44
26 14
53 17
51 42
6 39
27 11
9 22
55 38
54 16
3 46
60 17
40 24
13 16
10 19
7 31
55 19
45 6
13 36
53 38
16 7
21 10
14 2
49 10
54 34
49 37
35 48
55 31
55 38
27 10
48 19
29 7
37 49
19 44
52 30
12 30
47 10
24 23
32 23
17 4
29 49
1 2
20 23
45 33
7 20
57 22
28 12
53 1
7 14
12 23
12 23
30 3
38 49
47 18
24 18
50 41
36 14
11 48
9 29
17 26
25 42
39 13
50 42
53 16
28 39
54 49
44 2
51 50
12 20
14 22
54 13
24 42
41 44
55 18
30 2
29 2
4 24
57 14
50 35
15 12
48 43
38 2
8 6
19 30
10 50
49 41
27 16
3 11
18 46
41 11
43 46
55 14
32 35
51 48
1 50
13 29
4 45
19 19
33 2
29 3
46 15
3 48
42 18
58 29
47 15
45 37
9 15
12 34
21 43
8 30
54 39
28 23
43 12
59 29
5 28
7 5
19 42
25 12
3 24
2 35
6 29
58 9
43 9
12 11
12 32
13 31
30 11
39 12
17 12
20 18
47 19
35 47
21 24
60 8
23 24
7 40
21 43
18 18
21 47
26 34
4 34
50 29
47 20
60 3
23 44
47 43
12 39
10 31
13 49
17 35
40 37
29 31
59 14
23 25
20 27
27 15
45 33
55 41
55 3
57 25
44 6
36 38
50 5
40 46
46 43
39 30
41 1
48 49
41 50
42 1
27 15
4 24
28 7
43 12
14 12
23 38
24 43
7 28
16 33
16 43
12 9
17 8
59 32
60 47
46 4
18 5
50 9
43 24
44 22
60 25
18 49
10 17
15 5
52 27
27 18
12 9
51 34
18 23
56 50
24 32
22 32
45 42
30 21
60 47
29 3
32 5
21 12
50 34
50 1
6 6
26 25
26 43
32 6
19 18
43 21
29 19
33 34
21 2
26 13
41 20
43 14
36 47
27 21
3 33
20 26
55 28
1 30
59 30
27 26
8 46
17 43
59 14
48 48
27 18
14 47
52 6
15 12
48 10
30 21
52 14
2 6
5 12
44 44
59 17
42 12
9 16
24 14
18 46
2 7
3 46
23 50
15 16
24 9
56 6
12 43
30 18
51 32
28 19
8 9
13 38
23 48
41 43
46 15
42 20
28 43
53 2
12 46
36 43
43 44
59 36
12 35
49 11
47 46
18 17
12 36
47 18
5 48
42 34
47 6
14 13
20 39
45 37
53 26
52 28
15 23
50 29
39 24
41 34
14 39
14 31
4 47
43 40
21 28
18 6
41 50
51 42
44 25
54 34
23 16
46 30
8 5
53 2
48 20
14 33
49 29
59 41
37 31
46 13
37 34
50 11
22 42
53 18
24 34
57 43
12 21
56 20
54 8
32 14
31 1
15 13
39 7
46 23
26 13
56 50
11 46
14 12
58 39
20 6
59 40
42 6
19 11
20 24
18 37
59 48
32 9
25 1
48 44
15 20
7 44
13 40
59 25
29 27
55 16
4 29
4 41
9 24
49 25
31 9
51 44
10 43
36 18
12 32
17 7
2 7
53 29
16 44
52 13
49 2
43 47
28 19
50 30
54 41
52 13
1 32
37 16
56 12
2 35
48 17
29 29
26 7
47 36
55 50
30 21
16 36
50 39
22 13
18 30
44 18
43 46
2 8
37 17
46 10
3 46
21 21
8 30
37 11
45 34
20 33
5 26
35 38
18 45
24 23
38 37
48 48
58 22
45 42
54 31
12 17
33 26
50 3
31 25
41 41
28 39
60 11
10 14
6 6
57 39
19 37
14 38
19 40
14 44
40 47
56 40
22 16
22 10
49 27
40 27
19 15
34 48
47 9
40 45
37 12
34 20
26 12
48 23
10 49
58 8
1 12
16 42
35 18
26 34
56 48
30 18
11 6
22 29
32 43
35 6
51 37
50 10
39 17
30 48
16 36
38 28
57 45
13 48
17 40
51 16
24 28
54 11
52 30
49 11
57 2
27 18
25 1
60 41
28 44
47 31
4 36
3 18
52 31
47 21
26 37
3 6
25 23
14 18
12 6
13 25
40 33
53 17
36 31
4 13
10 22
16 28
13 8
8 42
49 13
3 7
23 10
2 22
50 22
1 31
49 17
9 45
38 6
17 6
13 45
18 26
41 41
59 21
28 18
41 6
54 6
36 47
40 30
46 42
49 30
28 13
4 13
13 2
11 14
33 1
47 21
27 45
21 48
26 30
25 21
7 42
49 1
6 17
1 43
53 16
20 3
25 18
1 4
54 36
2 11
51 20
33 40
58 14
30 31
53 19
20 49
41 39
3 43
45 41
37 2
6 23
20 41
42 23
55 27
23 42
13 40
50 29
30 11
19 30
59 33
47 23
20 40
39 23
60 21
42 27
1 2
30 25
45 1
3 34
16 22
45 8
58 49
7 24
43 28
51 22
49 23
8 4
39 7
53 16
4 14
8 13
57 8
16 48
38 45
50 24
58 4
38 7
50 13
56 3
36 49
37 48
32 43
28 25
39 33
8 26
54 41
48 3
37 49
28 4
45 12
9 11
10 30
60 30
53 29
47 13
53 19
17 2
56 8
48 1
21 30
59 39
44 12
4 36
17 20
46 15
56 13
24 19
28 12
7 30
3 35
24 14
54 40
40 42
57 8
23 6
41 31
47 27
44 42
35 14
49 48
43 43
28 49
5 48
32 22
13 24
11 27
42 49
38 21
17 26
54 26
33 2
18 10
43 8
47 8
34 36
16 44
50 24
45 15
6 50
29 22
36 36
55 8
25 45
6 49
24 27
41 32
27 32
58 33
51 18
44 5
59 39
55 15
16 17
43 24
51 8
57 30
59 15
37 22
49 10
15 45
2 47
60 5
44 37
43 5
51 8
1 8
33 37
22 3
59 6
33 37
38 22
26 5
15 43
34 18
15 36
18 44
10 9
24 14
32 23
58 22
32 26
8 10
12 14
49 11
1 14
28 2
45 21
13 13
43 20
33 39
42 27
54 33
40 49
24 36
59 31
27 4
9 6
10 2
16 49
15 34
42 10
37 4
51 39
38 45
59 27
48 18
14 39
6 27
52 18
50 38
34 47
14 47
6 10
19 8
2 37
42 19
36 10
42 25
49 37
4 33
59 13
37 42
27 27
9 30
15 36
8 9
24 27
26 50
24 36
11 47
34 10
40 9
5 16
23 1
18 43
57 15
56 21
46 42
46 8
40 17
52 34
39 18
34 39
5 7
54 10
38 27
50 9
34 35
5 45
6 9
30 19
19 18
21 30
21 21
39 22
19 9
56 44
23 3
47 3
49 49
20 30
47 50
40 46
60 34
38 42
9 34
41 40
51 33
55 36
39 26
4 50
30 47
57 47
28 25
35 1
3 18
3 5
11 1
31 13
38 22
18 41
53 16
48 30
33 32
8 45
11 41
15 8
40 32
54 41
26 7
18 18
15 9
37 9
39 49
40 50
51 32
44 19
38 21
42 50
37 19
11 36
11 23
39 14
39 3
52 39
4 8
21 2
36 45
53 1
20 28
18 31
60 11
13 40
40 40
55 36
34 17
53 13
49 8
56 48
33 41
9 33
19 13
39 16
60 37
60 21
37 2
33 28
1 8
52 46
59 37
56 13
17 28
24 34
42 36
35 25
51 34
52 19
48 15
56 25
9 6
40 42
21 38
57 29
46 32
33 15
22 13
8 1
59 21
19 21
42 2
43 5
21 45
1 3
12 47
1 7
60 26
32 2
31 48
23 38
51 16
16 21
47 17
19 4
9 11
58 28
5 49
17 17
2 10
57 31
42 33
13 24
25 32
45 22
40 31
6 8
56 49
22 6
8 48
30 38
34 19
41 23
22 35
15 37
24 39
22 23
25 2
56 18
59 46
33 2
12 44
18 5
8 12
18 26
18 49
28 25
25 40
33 28
22 30
4 44
5 31
31 3
8 8
15 15
32 3
6 13
19 20
60 33
40 42
17 37
44 21
25 14
5 7
30 44
18 47
25 44
6 13
33 28
56 17
53 26
10 9
8 3
20 46
15 22
20 19
29 10
60 5
54 2
27 49
18 1
36 18
19 45
47 32
26 48
53 10
46 3
14 23
14 43
45 3
31 22
60 44
29 31
12 15
58 23
19 16
31 1
60 2
59 3
48 45
41 3
51 2
22 40
32 36
52 43
40 44
29 45
7 42
2 22
17 6
29 6
13 29
16 42
48 30
17 40
60 48
59 43
41 23
58 20
56 5
14 21
14 13
12 23
7 48
42 47
11 41
15 15
53 37
58 36
14 9
51 9
44 11
51 18
32 15
37 3
53 1
33 19
7 45
48 33
6 3
27 42
30 5
45 44
14 13
28 13
8 18
11 48
33 14
9 14
5 45
36 5
56 16
36 5
58 14
22 37
9 4
44 39
49 27
30 3
33 18
30 35
24 12
40 42
16 4
1 27
6 17
18 28
14 31
55 36
17 20
29 44
48 40
6 20
10 8
35 4
26 5
40 28
22 18
31 41
16 46
20 7
47 44
35 39
57 37
18 37
22 4
49 46
3 25
27 50
55 39
59 4
57 19
35 36
56 22
27 30
56 17
33 33
38 46
43 38
45 49
46 22
14 29
34 2
57 26
23 23
45 1
38 9
14 43
10 18
49 33
32 39
59 12
8 17
21 19
3 41
24 2
42 30
45 31
1 34
55 24
56 19
28 19
52 44
52 2
37 12
24 50
58 19
46 43
26 20
22 46
26 13
12 27
51 33
26 8
5 49
57 34
36 13
24 41
30 32
49 46
53 28
22 30
26 30
41 32
22 3
39 22
40 14
35 43
4 21
7 43
39 17
7 31
2 1
16 34
27 9
11 46
21 18
31 6
59 37
28 24
52 42
16 43
38 28
31 25
49 34
58 32
5 9
41 50
3 9
49 13
51 45
27 33
41 6
2 47
46 16
11 39
37 45
11 35
43 11
12 8
34 40
4 40
1 43
23 28
25 25
19 11
39 26
24 12
2 8
41 16
25 14
5 4
60 3
51 27
7 43
56 16
32 25
25 7
43 40
24 48
18 22
18 5
34 4
12 26
39 30
2 35
34 37
11 2
25 3
43 25
51 49
33 30
38 44
45 35
5 48
1 45
6 26
26 12
52 30
17 29
24 21
22 27
53 10
10 8
1 3
56 8
58 2
9 41
49 27
36 42
53 35
58 33
40 38
10 39
2 49
21 27
54 31
13 12
24 10
39 21
31 40
46 27
12 44
6 10
27 25
29 8
3 13
11 29
60 46
44 2
10 47
38 7
43 28
15 13
17 42
1 46
47 48
53 27
58 48
17 8
6 3
21 6
53 32
55 10
34 19
58 36
15 19
12 23
14 40
40 48
28 41
19 48
25 47
4 7
35 36
29 12
10 9
24 9
41 5
48 27
59 26
53 24
58 45
1 26
44 49
47 5
31 33
56 13
38 39
41 43
19 42
16 23
37 23
22 7
31 43
44 19
18 33
1 17
45 35
55 1
55 1
21 12
8 35
13 34
45 4
18 16
58 6
4 35
13 39
7 37
29 40
60 35
43 6
53 10
11 19
24 47
42 42
30 44
22 49
14 32
43 44
40 14
33 44
58 13
42 37
38 19
1 7
12 30
10 44
42 20
17 39
50 47
37 46
30 41
38 43
7 30
19 40
10 18