60 4
70.360 -52.855 -58.684
72.851 -56.829 -57.315
11.024 -76.938 -38.226
-46.058 -33.213 59.899
73.324 -64.720 -56.099
-49.272 39.581 71.599
73.545 -60.328 -52.409
63.436 -50.326 -64.982
74.978 -54.699 -56.586
63.283 -53.980 -53.585
-49.413 34.062 72.861
19.100 -66.024 -32.551
14.563 -75.434 -35.678
-41.820 39.239 65.181
-40.999 43.217 64.417
20.594 -75.577 -35.642
-34.136 -45.177 61.007
75.834 -60.995 -55.692
13.900 -70.797 -32.168
-40.059 31.301 60.551
-47.359 38.714 60.356
-51.615 39.180 69.338
19.038 -72.768 -40.304
10.956 -73.026 -44.124
66.618 -56.074 -56.684
-37.180 -32.786 55.973
-46.037 -30.597 62.732
16.749 -67.221 -37.871
15.255 -74.247 -40.003
-37.434 -42.468 59.191
-42.436 35.812 60.054
-43.592 43.723 58.233
-45.491 -38.590 61.864
20.735 -75.547 -41.658
68.922 -65.483 -58.906
11.829 -72.513 -36.725
-42.639 35.845 69.665
-31.359 -38.586 57.600
19.735 -72.192 -46.833
66.313 -61.153 -64.529
-41.042 -34.106 53.468
-38.259 -40.749 64.712
66.107 -54.638 -53.067
-44.213 36.546 65.224
-45.574 -36.786 58.178
-43.384 -38.306 55.772
64.470 -61.972 -53.517
-32.939 -45.062 55.380
-50.857 39.672 68.730
-39.478 33.510 58.681
15.977 -74.944 -39.539
-39.782 -36.173 64.418
-44.035 -41.296 59.300
-39.433 35.198 69.802
20.375 -71.285 -35.096
11.354 -71.004 -35.547
-42.851 -29.898 52.165
-41.155 39.026 62.659
76.984 -56.425 -61.506
64.554 -51.856 -56.995