120 5
-19.881 26.118 77.271
-56.987 65.454 -46.690
-64.740 61.811 -53.637
-66.714 65.566 -47.286
29.141 -2.885 36.459
25.559 -3.297 36.434
-60.257 52.120 -37.100
-71.311 64.794 -53.067
-75.568 -68.756 -11.938
21.686 -12.462 22.019
-28.529 27.208 74.293
15.761 -14.142 30.694
-50.369 9.650 35.630
-61.703 -62.994 -13.321
19.389 -3.372 36.825
-23.023 19.201 78.418
-33.873 20.832 72.575
-52.461 4.713 26.382
-62.846 68.552 -44.378
-58.536 2.494 34.869
-28.156 32.268 83.971
-49.880 5.493 35.047
-57.888 53.359 -40.055
-69.992 57.608 -48.821
-74.757 -64.756 -19.698
-45.356 -0.961 37.561
-68.280 -66.862 -15.139
-64.595 57.571 -46.842
-72.267 -68.542 -19.032
-61.605 3.285 31.267
-69.595 64.636 -37.543
18.424 -18.945 28.244
-31.192 33.587 76.390
-47.456 8.027 31.832
-31.243 32.724 68.660
-51.299 -1.788 37.185
-62.574 -3.797 42.245
-75.568 -56.419 -17.046
-21.196 22.701 75.787
-34.850 19.747 75.648
-69.755 64.873 -53.118
30.500 -2.195 28.994
30.377 -5.342 29.410
-62.396 -66.182 -11.464
-71.625 -69.554 -14.093
-15.375 33.964 73.522
-58.258 10.697 26.745
27.989 -4.722 37.204
-67.061 -63.394 -16.306
29.342 -9.861 24.696
-73.115 -53.928 -22.935
-53.632 12.115 39.402
-77.675 -56.679 -10.184
-21.573 17.146 68.598
-63.281 56.347 -44.276
-66.694 56.263 -45.756
-54.551 12.090 34.214
-49.567 -3.064 24.768
-26.453 16.425 66.493
-74.944 -57.302 -15.638
-23.520 21.044 69.362
-69.183 58.764 -54.534
-59.863 66.717 -42.648
-23.572 19.131 66.079
-71.579 57.766 -48.052
-61.003 7.032 37.080
-29.858 17.534 69.615
-59.046 3.190 24.711
32.397 -4.933 30.966
-72.737 -65.109 -11.230
22.945 -2.179 21.107
-34.973 26.383 72.391
-60.128 -2.386 26.339
19.499 -14.622 39.488
-61.935 -56.466 -17.270
-44.215 8.621 41.357
-63.422 67.041 -39.265
-52.960 12.411 39.361
-68.139 54.508 -53.436
-15.970 35.056 76.037
-25.812 18.809 67.378
-58.241 -2.325 36.466
-55.467 1.452 27.100
-74.526 -62.187 -20.545
-59.447 -59.027 -8.703
-19.199 27.018 78.387
22.617 -1.417 26.104
34.309 -16.857 27.983
16.151 -16.958 29.019
21.171 -4.111 38.996
-20.444 17.569 83.487
24.245 -5.244 25.022
-67.961 -67.464 -24.622
21.957 -0.986 39.431
-58.563 50.986 -54.117
22.311 -6.545 22.127
-75.215 -64.778 -9.382
-72.666 -56.789 -15.898
-29.566 21.638 72.566
-56.528 -2.658 33.229
23.643 -10.342 31.553
-47.183 -2.504 28.588
-71.369 -63.010 -24.390
22.114 -2.844 22.018
-31.872 27.828 64.327
23.742 -19.946 27.082
-64.081 -61.140 -20.270
29.587 -16.460 26.299
-64.228 53.304 -43.481
-63.048 -71.428 -15.792
-58.752 56.834 -36.446
-30.841 31.422 72.929
-68.173 65.050 -43.034
-66.485 64.452 -52.991
-61.318 -68.522 -8.377
-58.200 -5.261 40.934
-53.573 0.901 28.932
-71.163 64.408 -54.473
-34.054 20.844 79.608
-60.525 -54.762 -25.943