400 8
13.619 -17.174 74.950
9.245 -3.611 72.819
-13.892 76.148 -35.625
1.519 4.671 29.493
-36.819 83.617 -14.951
6.659 9.549 -4.685
21.263 16.886 6.182
-29.061 4.394 13.152
-19.616 70.895 -33.528
-12.446 63.828 -33.306
-70.817 60.053 23.694
1.880 -9.619 61.709
-47.400 62.239 21.682
-33.548 -4.381 22.446
29.040 18.108 1.084
-4.832 -11.269 53.961
-61.232 67.510 17.381
-21.126 84.493 -13.217
18.969 -10.514 48.854
16.241 12.357 -0.606
13.464 21.389 -2.958
18.502 9.706 -12.827
20.376 18.515 5.613
-85.783 27.261 -58.902
1.976 -21.730 64.408
-7.120 12.901 28.256
-88.946 19.552 -57.631
27.768 2.365 -7.671
-55.073 68.613 7.248
-31.973 79.358 -34.764
-68.219 35.271 -73.289
14.862 20.909 21.834
34.230 -83.315 -0.222
35.627 -85.651 2.299
-13.725 83.354 -39.441
-42.176 -2.198 3.842
-89.609 17.949 -64.140
28.998 -87.165 -3.602
-25.315 84.501 -20.078
11.450 23.754 34.104
9.854 -0.319 36.445
-9.702 85.867 -36.745
-79.772 12.052 -75.375
-90.962 17.273 -73.692
-70.426 83.406 16.302
-45.575 15.200 17.863
-9.969 11.235 15.460
-70.528 66.367 15.488
-67.786 16.784 -60.002
-31.699 69.894 -38.075
36.782 -88.645 -2.212
-66.162 25.111 -73.828
-71.984 28.594 -58.503
6.166 8.400 35.673
7.491 24.460 -13.325
8.981 -79.606 6.125
1.024 -21.932 71.490
-35.214 80.758 -37.160
-13.428 81.052 -22.273
-88.956 21.970 -54.901
-43.201 81.898 25.895
-70.791 31.978 -68.020
-21.854 86.423 -13.696
15.184 0.337 40.824
11.496 -87.743 -3.224
16.921 -18.002 51.807
19.145 -18.679 75.416
-78.511 21.789 -61.903
4.937 -21.153 60.713
-49.447 76.531 19.092
9.764 -64.918 -17.785
-28.640 -5.052 22.694
-24.092 64.191 -13.975
10.473 17.383 2.164
-29.614 8.838 16.625
-82.538 27.872 -75.032
-58.894 86.285 12.615
14.828 -1.597 25.106
24.924 9.158 -3.928
-10.141 1.950 30.379
11.768 3.799 6.175
5.527 -20.121 51.171
-54.941 75.494 7.057
-43.527 -3.812 15.777
-86.693 22.596 -59.182
11.094 19.838 20.814
-67.770 25.582 -64.365
-66.351 83.628 5.051
-85.063 11.545 -79.041
19.673 11.064 -14.952
4.683 -30.458 57.345
-14.678 64.852 -28.824
35.890 -76.421 -13.857
14.987 22.769 -1.120
0.241 3.957 39.275
-50.921 64.945 21.335
8.080 -12.559 68.209
-9.823 17.819 23.949
-2.107 -25.100 52.984
4.486 18.042 6.094
-23.328 74.986 -12.645
17.950 18.887 -12.124
-47.750 -2.923 10.311
-3.928 22.848 36.673
-4.597 3.158 37.965
-82.562 19.044 -75.814
-45.924 7.250 0.195
-43.915 74.072 13.495
33.586 -86.585 8.185
-36.677 62.807 -21.407
-38.192 0.431 15.173
-31.949 -0.046 5.864
6.776 24.000 -12.865
-2.748 15.167 22.855
-31.250 1.806 22.122
-74.400 14.047 -69.607
-42.196 17.579 10.788
32.634 -64.723 -2.268
-87.071 30.040 -65.914
25.531 10.050 10.158
-39.031 6.124 11.392
0.568 7.587 24.876
-35.760 69.119 -29.650
16.333 24.965 -9.230
18.161 -11.867 70.705
-88.778 34.301 -81.600
-30.859 69.924 -14.788
21.647 -12.338 54.666
-27.165 63.730 -13.260
-69.430 33.519 -60.673
-77.721 23.608 -67.123
-32.191 16.235 15.860
-59.399 74.689 13.493
-67.271 9.276 -67.202
9.520 -6.631 58.022
-78.567 29.892 -63.041
-75.608 23.477 -71.817
-64.634 79.359 12.021
10.691 23.828 31.090
26.240 -85.800 -14.571
26.288 22.544 -9.132
25.356 -72.939 -3.235
28.805 -67.617 -9.350
-72.549 35.031 -57.700
-10.383 62.315 -37.169
-47.481 7.513 1.454
17.366 23.363 20.847
-26.889 4.000 24.738
-18.078 77.841 -12.985
31.531 -75.503 4.357
-46.347 16.177 -0.608
18.310 -67.568 7.272
9.885 -77.430 -7.907
21.945 -88.421 -6.086
15.444 -4.142 51.484
-50.223 73.539 4.824
35.153 -76.515 -2.223
7.111 -1.083 -1.631
17.435 14.847 41.670
18.068 -0.629 -0.186
-29.541 -4.395 4.569
-28.895 75.958 -21.018
22.131 -9.299 54.508
-86.692 9.424 -70.651
-10.507 72.616 -28.698
-81.943 28.415 -56.274
-42.206 -3.376 17.132
-76.879 25.704 -68.705
16.922 -30.689 50.465
18.070 -85.963 9.213
-36.357 80.202 -20.038
-10.244 -1.691 30.908
-49.303 9.121 3.526
15.631 6.268 5.246
-3.801 7.070 38.991
19.712 -73.976 -5.736
-1.483 -11.062 55.595
32.029 -67.706 -0.751
-43.836 8.556 15.830
-47.185 2.526 24.481
4.527 20.170 -4.181
2.554 -8.867 74.649
28.035 -66.601 4.104
20.760 -67.480 -13.046
-0.790 -4.625 55.237
-26.802 6.300 0.685
13.981 -88.897 -1.025
16.229 19.602 4.924
21.817 -80.447 2.280
31.871 -91.013 6.372
-86.877 16.797 -57.681
17.742 12.528 -7.782
-34.338 76.753 -27.553
-53.735 70.895 19.410
-44.063 13.995 2.510
-83.515 31.578 -58.686
36.538 -71.495 2.190
36.536 -72.703 -1.172
-52.460 83.345 21.305
-87.415 11.979 -63.638
-48.449 73.064 1.897
-33.961 77.309 -16.234
-19.510 81.299 -11.979
-30.750 -1.047 17.184
11.063 -71.100 -6.477
15.013 -2.420 9.515
-47.063 4.215 1.407
12.950 19.137 -1.625
-91.628 30.602 -54.907
-36.276 75.049 -18.247
8.527 9.675 15.705
-30.396 7.228 14.075
18.780 -28.866 61.066
20.510 -1.459 8.830
-29.257 19.267 12.409
5.233 -27.348 60.791
20.551 14.220 3.319
-36.537 12.494 21.617
-26.324 84.429 -20.450
-90.700 13.724 -73.785
-65.822 83.228 0.660
-15.318 69.218 -33.417
-58.749 83.704 7.054
4.177 0.093 11.826
-4.081 16.542 18.938
25.767 -80.011 -15.299
-80.399 24.523 -80.847
6.984 -18.203 58.431
22.020 -76.503 5.950
-80.378 9.127 -73.964
14.927 21.298 36.732
23.191 8.781 -5.626
8.928 23.651 43.174
-10.445 64.249 -33.291
3.272 19.920 23.650
16.371 6.199 32.002
33.019 -78.190 -16.562
26.123 -68.005 6.517
14.250 -4.134 69.345
-55.538 84.070 4.055
-44.032 68.162 7.202
26.050 -72.288 7.278
-0.094 -31.028 72.380
9.568 -0.347 24.650
3.272 -0.849 43.216
16.002 -5.594 69.859
19.271 -80.810 5.428
31.532 20.794 -13.122
-42.006 17.968 1.582
-55.826 67.784 0.893
12.814 -86.634 4.359
10.589 -89.483 -5.051
27.922 21.048 -14.273
19.676 -12.826 64.668
-87.735 21.535 -75.062
18.616 11.065 -14.357
5.957 17.559 7.777
22.314 10.283 7.540
3.347 -4.038 66.086
-34.811 72.787 -15.862
-25.601 68.558 -29.914
-45.358 -0.865 17.744
-15.654 72.010 -24.182
14.252 18.004 38.948
-52.091 67.146 13.393
-43.261 2.747 12.647
-90.828 27.272 -61.278
5.824 2.765 10.395
-65.059 69.081 17.050
-23.184 67.703 -31.971
-89.398 19.978 -71.844
1.662 -23.888 65.363
-28.927 14.279 3.817
-87.418 24.667 -74.438
-43.637 76.048 9.694
12.162 -18.620 70.442
12.275 -25.070 71.903
17.136 -26.043 57.904
28.900 10.167 10.621
-2.014 -10.062 72.331
13.817 15.489 6.441
8.091 -15.906 52.509
-36.655 65.062 -19.431
20.145 -73.357 0.677
-10.082 3.053 35.855
-60.206 83.245 8.615
-65.945 72.240 10.108
8.631 23.267 20.280
-34.859 3.970 -1.501
-24.171 -7.097 26.117
18.094 -4.171 68.405
-50.439 18.945 21.951
9.178 -19.458 73.837
16.633 15.415 0.419
16.526 -14.638 64.482
8.240 22.577 -13.514
20.267 -87.939 4.920
-16.607 67.195 -38.961
9.364 -2.646 -11.676
-45.939 60.930 21.336
-66.281 74.897 23.181
1.172 -31.265 50.310
-12.404 70.042 -14.392
-28.079 86.401 -32.505
-54.214 58.919 13.315
-31.376 -5.542 0.501
-24.314 -5.927 19.942
22.026 -75.605 -2.725
-5.595 14.740 42.767
-10.957 78.802 -15.575
-6.050 0.242 19.966
-67.238 65.911 19.199
-25.095 13.945 20.171
15.099 7.419 -3.975
30.310 -66.243 5.705
-2.391 3.372 30.900
-20.218 66.694 -32.711
-10.237 5.563 35.624
-35.069 78.928 -29.977
-74.198 34.943 -72.709
-57.027 68.039 17.649
-51.407 66.331 1.487
16.226 14.051 21.110
25.699 -75.402 -5.587
-73.208 9.047 -62.435
-58.907 75.432 22.004
-57.106 71.196 5.300
14.182 25.166 10.226
-71.646 21.502 -61.924
-73.483 9.126 -55.768
-3.526 9.763 33.620
7.144 16.372 11.787
14.400 14.665 40.252
34.313 -91.079 9.914
-84.754 27.736 -81.485
9.702 -85.807 9.622
-43.350 58.802 13.011
-43.755 -1.822 18.313
20.295 24.729 1.908
-63.417 70.956 27.895
31.956 -74.759 -9.720
24.599 -71.808 -6.811
-55.697 78.957 4.074
-78.215 24.107 -59.195
-79.565 29.831 -61.836
13.080 -27.166 71.244
13.202 -11.019 57.210
8.777 -14.534 60.721
17.154 7.249 16.292
-9.757 22.408 27.379
-54.868 59.341 3.803
-53.864 65.273 15.213
28.945 8.592 6.635
22.362 -17.000 57.398
-68.866 73.854 14.587
-49.201 -7.018 10.239
-53.786 65.927 0.502
14.713 -78.083 -17.621
-18.219 75.480 -16.544
-62.358 76.858 2.912
31.605 24.646 10.301
-55.011 78.392 7.505
-31.598 0.436 24.099
-59.782 70.420 5.870
-62.372 73.622 26.869
13.821 18.610 35.287
-8.296 10.670 37.968
-89.284 30.596 -75.138
21.004 -24.611 54.407
12.476 11.467 42.336
-58.662 85.186 7.558
-2.258 16.394 39.423
5.079 24.179 23.891
-17.209 76.247 -39.470
-12.577 60.315 -24.348
-3.815 -29.307 73.994
-42.649 2.065 20.399
-14.403 67.459 -18.331
-80.468 11.743 -68.592
-19.355 75.869 -31.522
-50.030 0.308 21.223
-39.034 17.848 14.191
21.705 16.406 -13.620
-4.099 24.365 30.531
-70.848 61.265 21.796
-45.815 2.859 12.426
22.807 -78.346 8.200
7.135 24.658 24.156
-1.601 9.098 26.748
11.196 -9.577 56.914
-39.157 7.259 8.409
22.417 -22.908 59.367
25.231 -66.797 -5.839
-33.114 83.393 -20.367
11.196 -68.132 -12.769
-48.582 12.574 6.645
-76.637 23.532 -66.220
-25.191 2.561 1.254
-15.419 67.353 -27.632
5.329 -21.273 54.185