600 10
14.345 -80.622 -24.009
22.147 -24.228 41.515
28.649 -92.664 -25.042
37.180 30.190 3.508
-17.475 79.820 38.492
35.478 -6.253 37.226
32.417 -73.383 -30.157
-21.884 82.689 50.531
-37.628 85.887 60.961
42.946 -0.786 -29.960
30.940 22.615 2.768
26.853 -62.666 -38.817
-15.519 14.401 -37.889
34.108 23.615 34.963
-2.987 -4.133 -27.050
36.233 -76.916 -26.168
-14.326 26.096 77.729
-26.375 63.786 51.588
46.109 -27.916 44.678
17.715 -83.381 -34.228
22.635 5.414 50.089
44.094 10.411 5.569
-19.268 83.164 32.703
24.435 46.061 76.846
10.750 30.389 77.729
52.100 0.530 49.871
-27.029 -0.605 -35.109
45.884 9.559 39.874
24.814 26.102 29.314
36.043 10.402 7.251
-5.296 0.784 -26.037
61.226 3.578 -34.837
-21.296 29.772 64.642
43.865 14.552 18.001
-37.431 65.961 34.383
-83.953 -78.498 -43.333
25.971 16.382 43.723
48.479 -21.219 44.894
24.825 8.572 48.047
-63.340 -72.302 -20.779
-56.351 -82.627 -35.289
-85.720 -88.921 -44.592
-1.545 37.391 72.893
-22.374 84.731 46.319
-83.068 -59.905 -23.125
25.681 29.366 29.247
4.212 33.166 76.873
31.178 11.868 54.401
-44.839 70.149 36.916
23.458 -24.636 34.006
33.328 20.491 21.878
46.839 5.860 -31.596
25.400 53.119 68.367
-70.319 -64.113 -29.639
35.967 13.062 8.552
-4.539 33.222 59.164
-4.548 47.444 57.249
33.455 19.086 36.587
18.889 -68.976 -25.457
20.355 47.785 76.320
8.966 47.257 82.132
39.662 10.503 16.991
66.152 1.815 -55.511
14.962 60.947 57.130
33.665 27.802 34.719
-34.105 81.643 56.259
4.544 45.707 80.057
-4.544 9.433 -49.339
29.810 -77.042 -51.002
-22.360 -8.903 -28.598
41.215 16.816 43.032
27.327 -19.573 45.918
-61.467 -73.632 -26.105
17.253 10.653 9.372
32.026 -80.436 -30.603
69.322 27.617 -46.426
-69.593 -77.851 -45.890
6.285 55.288 63.481
34.662 37.627 3.996
22.769 34.843 33.523
-3.771 -4.618 -39.750
39.537 11.471 46.780
-4.426 0.045 -36.912
-73.168 -88.098 -44.219
27.042 43.321 68.850
27.686 -8.479 31.622
-46.147 83.313 41.007
-10.506 32.515 63.058
-1.173 30.853 52.374
-22.403 0.942 -23.969
-27.913 90.446 35.008
-1.209 20.997 76.357
42.197 -79.896 -22.484
-78.813 -64.632 -24.965
27.647 14.016 50.491
-68.658 -76.770 -48.043
-4.615 45.685 67.743
23.318 27.900 25.801
-34.791 86.008 43.565
22.194 50.379 67.194
-5.746 20.826 56.199
-14.608 42.454 61.583
4.018 16.982 70.489
3.504 29.082 53.348
27.014 22.899 34.669
38.628 34.258 18.190
40.140 -26.655 56.922
-13.118 -9.232 -29.284
-16.147 25.568 53.181
18.831 56.471 61.202
40.538 -1.527 -55.710
44.486 -10.568 38.191
30.782 33.943 21.971
22.236 -90.015 -51.728
-15.755 72.136 35.559
57.348 9.991 -31.052
-3.791 37.116 63.105
46.802 8.973 50.009
-25.203 6.853 -25.518
42.184 17.835 -37.974
17.832 33.815 73.401
-2.590 5.767 -26.350
54.622 26.078 -31.076
31.679 13.561 55.428
26.581 2.257 48.178
21.944 -31.731 52.414
-15.385 -1.081 -23.138
35.756 -79.189 -44.718
46.509 -5.262 54.336
-16.975 -12.044 -39.094
54.880 7.751 -44.502
52.589 2.820 -30.395
33.517 -10.845 31.464
-5.305 20.984 82.309
48.040 8.590 25.115
36.151 38.520 33.854
-5.871 42.508 70.193
1.301 29.784 70.563
-66.110 -71.635 -21.925
36.851 -61.671 -38.418
40.137 -72.292 -34.594
48.540 7.603 28.309
12.939 53.528 54.047
56.092 0.796 -58.005
-36.136 94.265 45.501
28.828 53.901 62.942
3.452 41.667 75.088
64.119 12.572 -51.371
-23.936 -1.259 -29.042
-79.086 -63.385 -46.372
-18.814 35.908 72.378
43.839 8.302 -36.781
24.785 -11.682 36.603
66.686 29.014 -50.173
28.863 -7.249 51.182
-21.388 70.893 45.372
16.810 58.293 55.361
-81.746 -75.431 -21.233
51.084 12.423 39.080
-27.970 -10.217 -33.282
-78.719 -68.536 -41.790
-30.461 2.279 -51.602
-78.371 -77.101 -35.681
38.627 -0.516 43.020
23.315 25.844 25.415
20.101 54.141 56.959
52.178 -1.109 -49.673
25.267 -85.336 -39.192
37.968 1.733 55.311
-17.868 74.903 51.107
-13.706 35.773 83.489
37.661 14.753 41.387
59.898 -0.591 -49.739
-56.258 -60.309 -48.365
-30.169 10.677 -35.244
5.101 34.597 78.065
22.298 -6.075 30.851
49.943 -36.027 54.825
13.668 60.865 65.025
5.439 36.162 68.725
-17.653 92.911 46.260
-35.971 86.389 37.796
68.376 6.788 -47.229
46.860 18.962 -32.395
43.281 11.901 31.772
-17.616 31.785 66.791
22.725 -61.291 -25.396
34.465 -74.885 -23.693
28.310 17.711 33.707
-2.641 43.942 70.132
29.958 -23.872 35.055
-14.680 11.083 -48.749
47.125 20.338 50.413
46.756 13.286 -37.141
23.874 9.757 35.019
26.962 12.239 43.436
24.987 -18.362 48.578
-40.958 72.502 52.281
-60.071 -70.967 -29.966
-23.187 21.508 80.020
53.586 20.341 47.314
-3.647 22.192 74.837
33.494 -21.336 50.613
-43.314 69.447 54.051
18.837 14.722 6.970
15.142 -83.242 -48.153
64.993 16.659 -52.960
-38.464 67.586 41.428
30.048 -31.010 40.400
-0.854 26.400 76.671
-0.800 40.006 67.729
-1.749 44.660 63.037
-9.076 43.317 55.630
24.560 -85.693 -35.037
-0.920 -5.726 -28.249
38.619 -6.966 50.820
50.803 -8.499 32.951
35.610 23.455 13.082
-39.184 79.086 41.458
22.886 56.097 62.289
14.389 51.914 68.656
-16.940 62.947 50.225
-18.827 70.009 54.456
-81.036 -75.969 -21.492
45.523 8.596 44.083
18.613 40.313 15.669
-12.552 -0.035 -53.388
42.292 17.268 27.550
59.002 13.749 -46.121
19.600 14.155 6.397
43.371 17.275 -35.374
25.176 9.467 37.695
43.370 29.227 9.171
48.194 10.002 24.148
18.166 13.903 8.129
-73.508 -76.000 -22.741
12.084 30.186 52.859
-13.586 45.470 59.300
-12.345 30.392 78.799
-8.570 -15.981 -26.090
29.516 23.374 23.783
4.735 51.369 77.793
33.485 -72.368 -42.279
-15.128 -17.165 -47.587
20.032 13.524 3.324
24.726 29.220 54.605
-3.031 -10.893 -40.627
-78.275 -78.386 -49.335
19.062 14.761 10.490
68.569 26.823 -32.512
23.468 -10.132 46.359
12.167 49.478 82.046
-7.235 5.579 -53.139
13.610 -81.177 -25.709
69.494 17.867 -31.426
-13.096 47.307 62.756
59.034 14.306 -35.560
-71.530 -63.616 -35.694
21.684 60.986 71.640
-43.162 84.222 47.347
-24.760 31.072 72.252
16.278 28.046 6.837
-7.601 29.499 54.074
68.894 10.394 -37.308
69.891 18.623 -46.019
-9.852 -3.942 -52.284
11.642 40.154 60.886
-36.002 94.589 38.093
-74.204 -73.022 -51.355
-25.396 92.978 56.123
15.666 33.253 7.334
-66.009 -75.004 -48.713
31.527 -34.627 50.556
-27.043 13.078 -52.321
51.992 14.432 40.147
40.370 -28.969 57.459
-66.153 -76.793 -20.313
-19.969 27.191 66.836
36.367 28.481 19.621
39.924 -79.394 -52.475
36.562 16.997 30.842
-36.119 85.177 57.992
47.741 -20.494 56.444
18.934 44.041 59.551
28.061 -73.133 -50.664
45.056 23.077 26.125
-5.371 32.298 77.866
-70.084 -88.404 -31.297
40.523 18.929 21.955
26.499 -23.070 43.381
30.582 25.312 45.813
47.568 24.690 32.779
19.311 39.485 65.711
47.947 -1.996 -45.004
30.926 13.026 32.976
-21.129 27.909 59.984
41.320 -82.599 -30.945
14.646 -67.654 -47.364
27.985 -91.152 -27.656
52.043 -30.859 48.621
13.995 -61.584 -30.355
24.334 11.571 32.231
45.626 19.531 29.956
23.845 29.536 30.593
37.373 8.559 40.127
-9.889 8.435 -45.955
-57.451 -79.324 -42.761
31.517 15.536 38.360
-26.323 41.583 57.774
-21.409 13.854 -33.906
58.618 27.874 -50.479
-65.002 -82.170 -50.756
14.386 -72.312 -34.731
-75.217 -64.936 -37.774
10.310 55.828 66.420
-20.998 14.728 -27.082
19.729 27.878 29.343
3.730 55.205 63.088
53.415 14.502 -60.150
-71.947 -83.069 -29.447
64.033 17.793 -59.463
20.060 28.038 10.563
-39.334 64.163 31.962
29.777 -61.858 -45.838
13.114 -71.659 -24.864
35.634 19.893 52.195
-55.883 -60.027 -41.398
30.043 23.985 14.924
38.622 12.375 24.167
29.017 -68.874 -24.765
22.614 41.260 74.369
63.906 7.971 -38.263
47.418 -34.278 36.116
-25.072 -15.486 -41.908
50.458 -33.864 49.167
43.921 -28.163 55.439
44.031 16.578 31.342
20.132 56.364 76.098
-77.910 -74.501 -33.771
-12.641 -15.170 -33.677
52.760 -26.721 58.964
-3.964 12.179 -46.733
-41.973 89.220 44.856
-27.486 64.400 37.153
-18.818 -9.738 -29.166
8.670 45.368 77.756
19.918 -92.064 -46.478
29.762 -33.043 38.819
19.276 35.128 21.757
-29.731 -5.148 -29.307
52.321 16.714 -55.908
40.517 -66.755 -24.857
16.038 17.207 24.299
21.251 48.287 55.101
48.815 -24.764 31.942
-77.759 -83.903 -28.526
-28.092 81.228 34.357
60.698 5.985 -30.459
43.445 -24.719 36.667
43.435 6.685 34.005
-4.719 23.826 80.468
-28.381 10.726 -29.941
52.613 -10.059 31.797
-64.510 -74.756 -20.363
-69.795 -66.324 -29.801
41.908 -89.578 -50.556
-24.078 79.275 30.359
35.274 -81.128 -22.550
-27.313 78.067 54.966
-44.840 84.519 46.166
13.957 -64.625 -29.377
-11.452 -10.874 -37.039
38.906 -31.398 46.815
-77.222 -87.055 -33.894
-30.488 9.262 -25.063
23.939 -16.344 47.677
-27.742 -11.951 -46.046
31.858 18.069 46.042
35.827 -86.544 -28.314
-28.269 -2.791 -28.885
36.589 -14.259 53.691
-61.179 -59.745 -19.725
-1.190 -3.363 -49.153
41.656 -10.635 40.803
-67.022 -63.466 -30.075
-45.094 88.732 46.018
-9.448 -14.071 -43.264
26.317 48.115 66.350
3.399 32.496 75.344
44.271 -83.048 -39.178
1.415 50.850 66.593
-16.224 76.756 55.535
-21.072 27.225 74.275
-77.130 -86.513 -35.216
66.583 14.016 -35.175
-17.076 19.762 62.516
23.332 4.715 33.520
-5.947 20.055 53.147
-0.440 14.185 -28.722
-73.609 -79.224 -38.199
1.580 33.195 65.570
-16.323 8.107 -44.561
60.213 17.781 -42.839
37.090 18.213 31.899
-2.329 39.872 75.551
-34.752 74.804 34.768
1.947 38.350 68.038
41.684 8.827 3.406
-43.418 71.668 46.596
14.800 35.751 79.734
8.392 39.083 68.581
33.432 -24.187 59.172
45.762 5.283 -35.135
35.992 -22.465 38.206
10.238 43.793 69.559
31.990 -22.861 52.558
15.074 -62.238 -51.888
36.768 -66.263 -39.221
41.832 22.647 54.516
-16.912 42.010 70.896
-14.502 -7.970 -24.308
51.698 13.240 -30.453
38.131 14.777 -44.073
3.569 45.692 57.692
-61.610 -76.835 -41.055
25.044 -8.398 42.419
36.703 35.322 14.399
40.474 -32.784 43.026
-41.669 68.432 51.670
-8.778 44.906 71.242
27.836 -62.812 -38.245
29.756 -85.304 -44.190
-61.530 -89.820 -44.826
27.269 -68.455 -48.158
59.477 25.534 -45.160
44.927 22.349 -41.967
31.438 8.904 9.875
-80.480 -59.904 -22.375
56.916 3.550 -43.434
-82.775 -80.606 -19.860
38.130 32.658 33.626
32.320 -34.642 37.246
2.188 39.526 80.492
31.808 -84.315 -23.761
33.583 18.350 27.493
-66.935 -87.071 -45.885
42.141 -71.397 -32.333
45.797 1.129 40.543
45.933 5.520 -53.663
66.492 3.445 -39.881
-58.358 -72.734 -36.868
31.466 -16.940 30.703
14.198 34.588 31.962
-42.563 88.373 32.186
50.862 5.678 32.659
31.408 -34.384 41.299
-61.507 -84.550 -50.252
34.504 -71.115 -38.876
-2.475 14.590 -23.820
-10.793 19.360 54.900
-5.724 38.532 61.422
27.929 7.788 25.049
22.219 -81.478 -21.749
-13.504 7.571 -29.889
64.280 25.378 -56.057
19.744 34.042 21.453
-29.614 76.987 56.522
-24.139 82.612 42.208
38.896 11.612 -52.399
47.392 26.049 54.713
-66.229 -61.817 -23.630
26.606 26.826 39.768
53.960 1.932 53.787
13.457 36.075 29.689
-14.728 36.062 70.386
-42.223 69.867 36.371
14.821 -63.475 -40.332
42.580 18.826 -57.376
48.942 11.271 -59.247
-22.757 92.545 59.142
33.662 10.030 35.905
27.720 34.132 20.338
46.739 -3.608 52.816
27.465 54.640 65.265
-15.579 40.860 82.818
-0.453 49.979 62.135
-30.277 1.972 -39.190
-20.750 28.751 59.637
51.389 11.809 39.325
34.670 27.634 25.679
2.857 37.088 53.255
33.989 -31.456 45.810
37.505 -79.654 -44.212
40.662 -88.418 -52.435
-1.953 32.578 74.300
-33.621 94.535 60.567
-16.852 69.497 47.939
3.290 60.942 73.832
19.447 33.320 21.070
-55.422 -73.881 -22.414
30.109 -28.285 30.196
-25.672 3.249 -45.313
-27.799 3.177 -32.317
-77.815 -87.085 -25.833
44.279 -18.583 56.118
-22.782 42.502 83.528
60.191 19.187 -48.774
-63.980 -70.680 -21.125
38.645 -2.441 -53.968
27.691 48.459 59.553
-6.117 35.504 69.714
22.121 11.461 27.330
25.863 36.303 82.450
44.068 28.000 -36.442
-17.140 64.096 34.937
-2.869 21.481 55.906
-17.024 22.265 60.812
-10.428 36.740 53.358
47.599 -26.517 59.785
26.917 -5.808 33.224
29.294 -78.481 -52.485
-75.923 -63.695 -41.206
29.959 -92.808 -34.735
-0.672 6.784 -36.382
21.870 35.501 10.984
-70.742 -72.198 -30.039
-71.855 -68.194 -43.021
10.681 29.766 58.232
26.087 38.846 68.878
40.611 -88.630 -51.084
-15.194 -15.453 -35.617
-1.011 42.336 81.119
-79.770 -76.530 -43.364
30.184 -88.611 -47.315
-85.317 -75.552 -40.364
-26.347 90.420 59.581
30.189 8.949 30.483
42.167 -92.710 -38.580
17.850 -62.176 -27.482
42.814 35.362 28.542
-16.772 -10.142 -40.923
59.650 26.037 -39.612
56.320 23.849 -28.920
42.860 15.990 42.113
-25.704 17.266 66.610
-31.535 0.491 -48.906
-42.834 72.763 48.863
22.163 60.621 57.663
36.851 26.952 19.369
58.191 -2.546 -52.123
41.902 11.805 -48.474
55.224 3.446 -60.165
-33.868 81.586 53.908
-0.330 38.752 80.054
43.106 29.310 4.920
-19.441 87.006 31.586
-21.821 69.511 48.609
-57.548 -60.989 -44.413
26.782 -10.465 38.735
-70.202 -59.432 -33.365
-15.086 34.042 56.820
-24.593 94.031 38.998
-18.251 46.374 59.001
56.186 2.244 -28.754
-0.539 4.341 -29.600
44.941 27.789 47.604
-22.713 8.314 -49.050
55.233 18.275 -59.643
-22.563 70.530 30.340
18.434 -61.784 -49.001
34.657 -5.198 40.913
13.667 44.936 77.242
-2.840 -1.107 -47.397
45.315 -8.390 53.412
35.961 -20.288 45.946
-29.147 -4.641 -37.730
31.244 -67.831 -21.217
-6.449 24.237 73.595
34.133 -13.105 38.845
-20.925 66.826 56.491
17.954 15.372 21.095
13.324 -78.901 -43.987
-25.997 34.619 79.635
-22.624 -7.466 -40.549
-42.586 68.167 34.787
-24.993 72.721 56.577
-77.447 -84.413 -22.856
-45.004 72.930 46.693
-28.323 14.456 -53.121
18.867 22.272 16.620
13.645 28.997 17.140
35.251 10.944 29.664
28.856 5.436 41.976
33.199 -82.682 -25.999
40.144 -33.403 54.927
43.347 -14.145 31.391
43.008 28.940 -50.397
-55.465 -62.943 -49.193
28.787 43.886 83.292
-39.295 92.508 59.432