1000 1
607468173
-190937225
-827312187
-742974523
825517099
-488832316
-451179502
378229298
-10058286
176263119
-960327436
801422663
687231559
-44827885
-845643345
555294082
719882985
536209249
657048807
-860251201
-94796628
928800361
854398101
-992170960
512050313
-410589954
291962778
-655615754
563568660
85276947
-502182063
-259579532
971913027
295159650
-756738618
-391943356
-871049365
478484530
589797567
320555890
-59353874
962126760
-958925374
794585995
796080611
497105190
296799447
146351601
-507175455
-37800072
228158357
942791724
249369072
69835698
186078565
-453819799
-120835156
311054313
-846203091
873536333
-268693589
701300588
682150560
478585598
459690911
-29566571
-19670423
-449293771
805302626
851720236
-244830798
288271144
681415769
-581787095
616727180
-724964382
-349689049
-643716833
-870764771
-603876569
383426568
-456536667
-753132304
-953673879
625363373
80120882
608503947
42024903
-960963584
-309222574
298544219
-392645980
-497042614
39623342
57724199
311481003
-703823659
-594482477
26994980
126239061
-163712318
971703489
919925733
-212002679
842552158
133484216
-768526085
-787727050
-356094554
-359427865
533213953
236806324
-64029990
-579648911
892943089
-357198789
-296143226
-490782976
-861557739
-738378212
-376575905
476738427
-136733473
111525021
-981207029
-151367039
-196502895
198668083
-475303031
696641479
702502021
-42567663
-729189520
901540721
-684020151
-193032165
-381613455
606561399
944338940
-719761495
598379022
742513445
-445598312
-520642475
-769362448
498090610
-462634880
-598521980
-890771738
-315351473
752372833
-771039313
163788616
681667993
59531756
-874967729
-180675100
-624995609
462197680
939011682
-820909910
-87628032
-355615890
181741656
427332716
690959635
723158399
75706816
345860769
805973584
522178471
139924686
335498717
947820774
-128416592
980178742
329415716
-726127037
-454502811
73395453
591705320
578321327
399923988
554623906
247925506
-173200663
227994512
523192115
-946064946
12547843
452846809
506603464
455791625
912034342
405310921
-675592534
444393638
-255316741
-910815126
753218728
812361881
-986763066
579825193
-637729947
-993750793
-80011642
-174586969
-512158908
602675314
201573827
-350487753
626887778
-989956903
-300350369
786018100
365582145
-816057427
697200969
913188084
697461868
-64950721
885108614
467918839
726803052
-992151471
802663170
-165201022
-660230097
247864136
-590789225
-883459337
689426330
789855599
-311120534
-186646740
551881841
-812823024
-607367861
527963523
-715984098
514176311
508028553
782581798
-32064010
59130469
-700031618
761492403
550211070
376081095
161041861
-965407703
573414926
248232028
-987960231
-17485114
-354607603
-881251814
946610440
-11397923
-710551770
743468759
609452184
605210232
103055317
-335517870
473119846
-178563218
-701999629
698914171
-539103059
-185923711
805592927
606517611
-545321527
449615355
-201364292
-273609726
604578601
37015032
-184868564
220104022
-18606880
844997019
-48377292
800451258
-239917386
158131398
-62507550
-577528117
-745906856
583238120
726560382
-593605461
-915109140
-394456735
402408346
545490255
-633241967
883601692
897775198
469653206
-3719550
747918329
717629348
-447330596
949493276
-458410964
-944297487
468138422
-645316393
457945693
387865244
255726681
-254477457
-251498343
511056750
661612937
-110428450
23284865
587345526
270595102
-554974082
825068595
581067746
91462586
-677516563
407497890
842892390
948377895
-953572686
384290236
-17477894
-761468647
428888865
850267520
-107642282
241371018
-715288875
244434123
594738517
466441994
-643080996
-490412631
187256566
-730234938
255796074
341629362
150076244
-611929994
735854996
549169452
779407378
-397286950
-64108599
-86741355
407162470
-538782087
83960809
302693121
-719720454
731671145
-691896420
645767282
-307990969
158546948
-239478594
-801575045
897480302
219679533
-585382316
699399987
92139259
204765624
-700953683
-360130676
-133922852
231874958
447436355
-279990387
89138763
-576350852
490867693
903198203
952498313
201872897
-610233843
549416891
380785708
-40288022
-509808345
37426656
-964815624
885800641
-696588811
441617251
695153349
-538008719
-629984994
-721727274
161379890
10325367
-558082772
250036839
567492332
-276281524
650393328
-145153956
-983023361
-388412090
-867702091
93042567
858978855
336989177
61261020
124062281
58536544
207737395
160291187
-95880061
418386717
309732279
-687401081
420636392
283141578
-330353971
-857227447
-675022877
212309972
-285387140
-942872879
976885016
-771780519
-59592861
-237381347
671692686
876105625
-740898107
-747240760
-984237311
-826646492
-239419753
-567285456
-507036415
349956116
939470656
108749277
-804086568
316216166
97106822
-639114548
662314829
-87218137
706051172
898486875
919142327
-321532566
-449550060
-558026751
-548361503
-427826474
662032253
-292791452
314945129
-745957933
-656107152
832723242
-181700408
-404378853
-174481097
-131461729
558331674
-469504367
-388263831
419166415
724700182
-161819649
-274665557
58178636
888716179
-873358715
-470080653
-924020109
-968683523
-750260492
112798164
871148530
985764108
-143585461
318127561
-972550212
204796930
-726881146
654538570
-932478566
893779905
218243747
701223263
755870055
-247221345
-999218287
-654599242
-4921034
-447787856
844253998
204346837
544295715
-758015616
278566735
615123477
906878922
40532615
668761609
-363149225
-691949238
143237414
687299551
121800176
-36961828
329412649
-491283569
-558023104
-40591212
71680557
-922606729
720535437
-538386922
734066620
483673310
-773840792
783941894
486625548
325602551
407320874
-55502996
459342725
929241806
996719840
-64707563
-13560559
496550379
-544516465
79039213
-285299793
104925341
-251275071
-3527237
-743820457
-133635189
-301543461
490216853
429939876
-411705752
702714290
-34355438
-679273556
-634630805
184281643
-767892615
-542999269
859342234
256798750
-121596009
925247822
262006080
448800741
-752227475
283365214
495931969
342377128
-238921907
-95426791
-320839034
-303951608
561493924
-980393558
655191180
444953968
77222805
422347973
-172842610
424459275
414846616
736165195
746582433
450729244
905921759
-730999372
-527935395
-645483312
-515317414
-508486321
-900040672
-845745118
-999901802
921851974
-329992607
846933154
773360995
147295963
-98784733
319499810
486164997
-680393112
-415130209
348148398
-919458856
-170773750
-418511230
510958492
673038728
-269900533
118328172
-377815732
2379539
634800931
980209856
-747620543
-810537268
616186604
-598417205
-946638267
-637412156
-684921612
-521864816
207183868
936235778
-799669204
906102900
513277747
788612289
338066236
-114474939
-441629714
928333157
-808662821
-478784492
-983837397
573003943
-160068992
438147933
-994536777
901190537
190113101
-132289925
498042006
514298736
292286414
-531502872
-560773486
-360076449
534401444
-503613393
-912335762
368523944
-486108861
772344771
995213136
-15185832
-942180632
45242014
-542626300
833376724
-327994299
-740516765
306564158
-367929767
-153858371
99711331
917269248
-402279878
701068688
883058131
-749966370
491589868
-801659357
-123874478
-298129283
40950845
149131424
-305590413
-194092974
-766997304
784701608
250364092
303463072
217897056
34394190
-695066646
44486877
-362248194
-709788951
-567780113
11269786
-963888501
-148088578
482955093
-782606522
193050023
-417998717
167480084
405420467
-375076052
510763254
-970314522
-13413086
733769902
-488331632
869308052
101133280
162900981
-663215837
851050032
235859223
-350115223
-954209969
894762440
505986692
-750878711
-542267228
996582884
220392255
797628602
144993762
-829262142
797947824
308655967
-96919606
-131807182
281682921
-936044021
-166370763
789679472
-756946146
687687030
702835407
490941236
-592061491
-718424816
734167933
-70595765
380667200
788322871
-568763401
332998014
532649834
912911043
-760634382
-608149744
-809352083
166233951
-650120517
345247268
14633930
-352087841
-284091993
-116154017
824243320
473500698
2708686
-597473865
147783974
843269586
-154398128
4181720
224364371
705864149
143314040
-568190474
628937382
-143466965
37258582
260927931
-728375026
104703675
-10111228
120777244
-351216194
-398512618
655839080
-734316921
562586964
-704870814
216998075
935349639
-262733862
708326309
131891319
-154506945
-366892651
618108030
-776915783
780426298
-643370035
429149152
-533402348
-659140942
538287757
203777705
-601641249
985209826
913922195
-874125413
158102112
496529671
-213736279
-461743405
-569470166
454244453
-811799051
949682305
-260311810
392378370
-572596542
-947647581
792465280
-897776835
-506739390
554153588
681144508
628617052
870084236
-79498586
-457082956
-534150808
-982193014
-975588677
-81921425
-354248465
711894348
785360301
-40089209
-1295309
59363890
-757467856
870066886
866689370
243290302
-348405303
397053582
-657975347
60335039
-218112437
204251937
398970023
272398331
618104324
-219815362
918014229
59437707
-910441169
720579082
-61478592
819792154
761515242
-697982725
-608347541
-154396082
808594542
-374125567
-466662132
370779055
-58899942
340450820
536597942
-432237720
-986943876
937682055
971345310
-514859238
-349872968
880946785
727803615
-849941736
-947027962
372717581
-508840239
4749726
823618204
378918888
396811578
206257905
-78271249
257690138
954220366
-194345097
432046907
600207176
107263301
-887701684
513997993
-362508682
818510618
-929612145
64473803
955692084
855723973
-352878482
-871295304
-282204592
-665161111
-805228147
-306754072
847169688
586274201
599420690
-699627924
60345994
-615991967
961723178
827414457
871336220
-92451624
889208027
-833868391
302935612
-245432292
-471935190
-1858110
-883315014
-101260477
-613691217
-471215404
802939929
-576811010
-842710899
102408376
-202635788
633699806
-745211345
-606101163
280867270
875819954
447778224
969757031
-274555846
-835079214
780631763
-312784908
-500111710
-812695399
280127270
-559149843
-645146115
-62084199
-534408900
980556066
-424785784
-390906171
-624897812
460262084
-885793034
-731583537
-969596695
239545280
-701695314
-920133843
496266010
145379880
-929814561
-637279543
733663836
-982826506
-245479929
-792655592
324622943
942986431
-292460387
573033767
-795934353
-531903711
607738788
-800556529
922426
-404086848
910472428
-119206608
-330210060
-445275852
188023207
-856375370
-20572998
591553893
823366569
-801934862
-323493841
-45561014
209168988
-365116440
464990932
-831363835
-278076275
-208285082
-590511693
687620143
98784926
748739563
-412297175
-534312051
-108124442
331441962