100
627 906
185 374
42 129
291 858
542 610
886 949
769 989
713 908
645 705
933 993
534 828
307 325
205 439
16 466
707 733
652 944
106 483
566 723
342 351
84 911
56 824
808 855
821 970
358 997
925 996
722 942
73 722
646 696
857 967
64 880
0 358
488 777
956 969
937 983
923 928
351 614
768 898
612 724
649 937
3 337
909 944
285 548
25 307
285 535
592 746
365 448
926 991
565 953
950 984
430 748
927 927
746 788
307 442
198 434
663 894
491 951
626 659
676 896
650 853
281 616
110 795
294 365
392 509
220 479
417 973
55 578
94 427
900 957
335 826
369 846
0 874
390 823
632 806
643 953
482 528
348 576
859 950
917 921
315 746
21 248
811 969
79 304
724 891
26 524
277 623
414 546
771 823
353 878
26 535
589 815
584 609
443 967
302 305
794 870
5 80
52 228
637 898
766 786
302 692
841 867

