15
0 0 0 0 23 0 0 0 0 54 0 63 50 0 0 
15 0 0 0 -1 -1 0 -1 0 35 0 0 0 10 0 
0 0 0 97 -1 0 19 0 -1 -1 0 0 0 0 -1 
0 -1 -1 0 0 0 -1 0 65 0 46 0 0 -1 -1 
0 0 0 63 0 38 53 0 0 0 -1 0 -1 0 0 
0 0 48 0 0 0 86 57 76 -1 0 0 0 0 40 
24 73 100 9 73 0 -1 37 0 -1 0 28 0 96 0 
0 0 0 0 32 97 0 0 -1 0 0 0 0 67 -1 
0 0 0 0 0 0 0 -1 0 0 0 -1 0 0 0 
21 -1 53 0 0 0 0 0 0 48 25 0 -1 -1 0 
-1 0 30 93 -1 82 0 0 0 0 48 15 0 0 15 
87 74 0 76 0 0 0 0 4 0 0 0 -1 53 0 
23 0 0 -1 14 -1 0 0 30 0 0 0 0 6 -1 
14 -1 44 0 0 68 7 -1 -1 0 0 13 0 -1 0 
0 0 0 96 66 79 -1 67 0 -1 0 32 0 0 47 

