100
99
0 1
0 2
0 19
1 3
1 40
1 52
2 58
2 77
3 4
4 5
4 6
5 7
5 15
5 35
6 8
6 10
7 11
7 12
7 24
7 43
7 68
8 9
8 16
8 20
9 13
9 17
9 31
9 42
9 49
10 14
10 25
10 44
11 38
12 18
12 21
12 26
12 33
12 62
13 23
13 36
14 30
14 37
15 66
15 81
18 27
18 88
19 22
19 45
20 34
22 47
23 29
23 99
24 53
24 59
24 61
25 28
25 46
25 96
27 84
27 92
29 54
30 39
30 50
30 51
30 70
30 79
31 32
32 83
34 41
35 65
37 63
38 57
39 98
40 72
43 64
45 56
45 71
46 48
50 55
51 60
52 67
53 69
56 76
56 78
56 86
59 85
60 90
61 80
63 75
63 87
63 91
66 74
67 73
72 82
73 89
81 94
83 97
88 93
93 95
24
66
67
86
80
66
97
19
96
37
42
93
44
16
91
49
30
29
96
93
68
63
82
52
13

